1 2
3 4
5 6
7 8
9 10
8 11
12 13
14 15
16 8
17 9
18 19
20 8
21 22
23 22
8 24
25 26
27 8
9 28
22 29
30 22
31 32
32 33
34 8
35 36
8 37
38 22
22 39
40 9
41 42
43 44
22 45
46 22
47 48
36 49
43 50
9 51
52 53
54 8
55 56
57 22
58 59
59 60
61 59
62 55
63 64
65 66
67 65
65 68
69 60
70 71
72 65
59 73
74 75
14 76
55 77
78 77
79 77
77 80
77 17
81 45
74 82
74 45
83 84
85 83
78 86
86 79
86 80
86 87
88 25
47 89
90 91
90 92
93 94
95 96
97 98
98 6
99 100
101 90
102 90
103 90
104 90
90 105
90 106
107 93
108 109
109 110
111 112
113 114
115 116
117 46
118 117
119 120
120 96
120 121
93 122
30 122
123 124
125 126
127 125
128 129
130 131
82 132
133 132
132 87
132 134
132 135
136 137
138 139
140 141
55 141
141 142
129 93
143 144
145 144
146 144
147 148
147 149
150 151
152 153
105 154
155 33
53 156
156 157
158 36
159 160
161 162
152 163
152 164
165 166
167 168
160 25
10 169
170 169
171 172
173 169
174 175
174 14
176 25
177 17
171 6
91 178
179 80
180 181
182 183
184 185
116 186
50 178
178 187
178 188
189 190
191 190
91 190
192 193
190 38
190 40
194 190
105 190
195 196
195 197
164 190
195 198
195 199
195 34
200 195
201 202
203 204
205 206
195 207
195 194
10 208
46 209
201 210
53 211
46 211
27 208
212 213
214 215
153 216
217 216
216 218
219 23
213 220
220 221
222 137
223 224
219 225
67 226
101 219
219 164
223 227
29 228
229 93
47 229
10 228
230 231
80 232
78 232
233 234
235 236
235 53
235 237
238 239
240 241
54 242
36 243
242 11
16 242
34 242
25 244
245 10
245 6
245 246
245 247
245 248
245 249
245 250
245 105
245 251
245 185
245 23
252 245
245 75
245 253
254 245
245 133
38 245
255 245
256 245
257 245
258 259
245 260
167 245
261 245
245 187
262 263
58 262
262 264
265 262
266 250
267 25
268 25
269 270
262 271
25 272
273 133
273 274
266 275
256 266
276 277
221 278
278 279
47 280
281 282
283 276
284 276
72 285
286 185
286 10
36 287
288 289
290 291
292 16
286 153
286 151
293 294
292 295
292 296
292 40
292 297
298 53
25 299
300 301
105 302
302 274
16 302
10 302
302 185
23 302
58 302
17 302
251 302
302 151
253 302
29 302
302 303
302 142
302 38
40 302
304 302
173 302
302 45
302 271
305 93
11 306
302 307
260 302
101 302
91 308
309 310
310 27
311 128
312 308
230 313
296 308
308 128
314 197
315 316
317 318
319 317
320 317
10 321
322 323
10 314
324 87
325 326
327 328
321 27
78 324
324 79
324 93
80 324
329 330
25 329
329 134
329 331
332 333
334 332
335 329
336 337
105 337
338 337
337 10
337 67
187 337
337 296
337 339
91 340
341 342
343 344
345 346
340 347
340 348
340 349
340 61
340 1
340 16
340 60
6 340
350 340
340 135
340 351
106 340
238 340
137 340
352 340
265 340
340 353
340 354
355 340
356 340
170 340
357 340
340 105
358 340
359 340
340 251
264 340
326 340
340 360
361 340
340 58
340 362
363 340
340 364
365 340
366 340
367 340
368 340
25 340
340 369
370 340
371 340
372 340
30 340
373 340
166 340
374 340
340 29
375 340
376 377
378 265
378 16
378 1
378 379
380 64
377 381
153 377
361 378
378 264
382 378
378 251
378 357
378 105
170 378
378 45
383 378
84 378
85 378
378 68
378 38
296 378
378 257
29 378
200 378
10 384
378 260
378 385
335 378
378 164
386 378
378 387
388 378
378 187
275 389
389 390
25 389
47 391
60 392
384 260
384 187
384 256
29 384
6 384
189 393
1 394
393 207
393 395
393 67
133 393
393 253
393 297
393 361
396 393
397 398
354 397
6 397
397 91
47 399
400 401
402 137
403 404
405 406
47 407
93 407
397 46
408 397
397 409
397 38
397 410
411 397
412 413
412 189
6 412
412 414
47 415
416 417
418 93
364 419
419 341
91 419
412 420
421 412
412 275
412 422
412 194
390 412
412 119
412 25
412 423
424 425
47 426
427 38
96 427
250 428
429 430
431 29
412 432
433 412
412 434
435 436
437 224
438 103
439 10
225 440
440 91
323 441
442 443
444 445
446 435
447 448
447 449
450 451
452 40
251 452
452 274
453 164
454 38
454 363
455 456
457 456
456 458
456 459
93 460
461 260
461 101
462 461
461 142
145 461
463 461
10 461
464 246
464 91
93 465
408 466
467 25
468 93
47 460
254 464
251 464
464 105
11 464
359 464
464 347
10 464
464 38
296 464
151 464
252 464
464 297
464 29
464 101
464 164
225 464
464 345
469 464
464 271
303 464
470 471
471 472
82 471
471 31
471 33
471 473
400 464
474 38
47 475
251 476
11 476
47 477
478 153
14 479
47 480
481 482
483 188
484 40
484 92
251 485
359 485
47 486
487 488
489 119
47 490
491 482
485 492
134 132
248 245
247 245
242 11
246 245
245 6
265 262
245 251
249 245
245 10
105 245
10 286
282 281
274 273
279 278
276 277
16 302
292 16
293 294
251 302
312 308
306 11
302 274
10 302
302 105
116 186
308 91
159 160
115 116
329 134
321 10
317 320
197 314
10 314
10 337
331 329
332 334
333 332
61 340
338 337
105 337
341 342
350 340
16 340
340 355
340 265
340 60
340 6
353 340
340 354
340 359
358 340
1 340
135 340
251 340
238 340
351 340
356 340
340 105
340 349
340 357
137 340
348 340
340 91
340 170
10 493
347 340
340 360
352 340
340 106
494 341
495 496
172 497
498 497
499 91
10 500
501 251
502 503
502 504
61 505
505 137
506 505
507 331
505 349
274 505
508 509
510 14
511 6
512 513
14 512
326 340
514 105
514 10
325 326
14 515
516 251
517 137
487 517
518 517
10 519
519 6
519 91
317 319
520 505
10 521
251 522
523 10
523 105
524 14
523 6
525 523
526 14
527 10
528 527
411 529
530 91
531 248
531 532
105 533
105 534
10 534
137 535
535 536
10 537
277 538
539 11
540 541
6 542
135 538
538 423
411 538
538 430
543 538
544 538
170 538
538 360
347 538
538 545
546 538
538 61
547 538
354 538
538 238
538 451
538 548
549 538
538 550
538 551
552 538
247 538
538 553
554 538
555 538
357 538
538 556
91 538
557 538
538 264
538 558
326 538
538 356
559 264
264 340
262 264
560 538
561 1
562 559
563 265
293 564
565 188
6 566
14 567
568 1
569 570
571 352
565 6
498 565
197 572
571 354
571 326
573 571
571 170
571 265
277 571
319 574
92 575
576 10
577 571
578 6
578 579
580 581
582 583
251 584
574 251
574 10
584 396
6 585
105 586
61 586
587 586
588 6
589 590
591 592
593 506
593 594
595 586
378 105
251 378
378 382
377 319
596 379
247 586
597 121
598 597
597 599
600 10
6 597
393 189
1 394
392 60
10 384
6 384
378 357
378 170
378 1
378 265
264 378
378 379
378 16
406 405
397 398
397 91
393 396
397 411
397 354
137 402
6 397
6 412
414 412
413 412
91 419
18 19
419 341
412 423
412 189
17 302
17 77
430 429
10 439
440 91
425 424
177 17
601 58
58 340
58 59
262 58
17 9
505 602
9 28
340 362
302 58
461 10
463 461
456 459
223 224
444 445
437 224
450 451
251 452
274 452
512 224
479 14
251 464
10 464
464 11
464 246
359 464
464 91
464 347
105 464
485 359
485 319
485 251
251 476
188 483
92 484
11 476
487 488
603 251
603 58
10 603
603 61
603 506
6 604
378 361
361 340
538 361
501 361
393 361
27 310
27 321
27 8
605 606
319 603
340 366
366 538
341 607
571 608
430 609
451 610
430 610
611 17
612 17
613 560
614 615
208 27
616 617
6 618
619 620
621 91
621 105
197 621
620 352
6 622
92 623
624 625
626 624
622 274
319 624
624 11
624 356
624 61
10 624
105 627
10 627
627 137
624 506
487 628
58 628
137 629
58 630
459 631
364 632
364 340
419 364
196 624
633 10
6 634
104 90
195 196
365 340
538 363
363 454
609 363
340 363
458 456
538 635
458 538
631 458
635 636
263 262
637 523
369 340
538 638
508 638
329 25
88 25
25 412
639 640
457 538
457 631
456 457
299 25
641 25
642 25
389 25
643 25
644 25
592 25
25 272
267 25
645 25
25 538
25 621
25 340
176 25
646 25
25 647
648 25
25 160
244 25
25 495
25 26
25 507
25 649
650 61
25 268
651 25
652 25
25 467
25 653
631 25
368 538
654 655
471 473
200 195
378 200
362 656
563 657
1 658
368 658
340 368
367 340
265 659
13 660
661 573
125 127
188 662
663 664
665 666
664 92
662 264
661 277
326 661
661 457
197 661
661 61
661 553
661 360
667 251
274 667
506 661
661 458
10 667
668 363
668 547
668 251
105 667
61 667
319 667
669 121
25 670
6 671
672 25
672 134
672 6
673 351
674 189
17 675
676 25
670 677
372 340
538 372
1 678
679 680
680 625
61 680
362 681
14 682
683 25
684 451
685 137
686 91
687 597
379 688
597 689
690 691
14 692
591 693
694 430
694 1
695 27
696 697
264 698
699 700
583 701
411 702
264 695
703 25
704 702
705 706
706 264
707 25
708 709
710 711
712 713
713 274
91 714
713 137
16 713
713 6
713 10
27 715
251 716
716 319
717 191
10 718
14 719
720 503
718 326
721 451
430 721
170 722
91 723
1 724
725 726
727 704
25 728
729 6
598 729
356 730
730 10
723 725
731 25
274 732
13 733
734 6
13 735
736 6
737 121
13 738
739 733
740 738
741 738
361 742
91 737
737 398
737 264
737 423
743 326
744 745
742 6
25 746
451 747
743 525
106 743
591 743
743 265
748 743
274 749
10 749
750 331
25 750
134 750
498 751
10 751
157 752
753 696
752 191
6 754
445 755
712 755
756 192
6 756
756 25
757 6
428 250
758 6
245 250
759 106
250 538
270 760
269 270
628 250
250 514
250 761
250 266
538 371
371 567
762 270
531 763
340 371
96 661
571 96
371 764
765 96
96 766
505 96
427 96
95 96
96 597
96 713
96 716
538 370
370 340
120 96
96 586
767 96
768 370
769 770
732 771
771 621
772 771
23 302
773 23
24 8
774 775
23 245
219 23
23 493
23 516
23 571
23 671
680 23
22 23
23 776
23 777
495 23
597 374
580 23
374 340
542 374
340 166
658 374
130 131
166 165
184 185
185 668
302 185
661 778
779 721
22 21
245 185
185 286
661 780
21 524
780 538
781 586
636 782
301 300
183 182
183 783
201 202
538 373
781 784
785 786
340 373
128 743
329 330
128 311
308 128
538 128
128 129
597 128
661 119
128 497
412 119
119 634
571 87
787 87
489 119
119 538
119 120
324 87
661 87
132 87
86 87
743 87
620 87
87 788
789 538
789 519
790 791
792 724
792 574
34 624
34 195
34 8
34 538
793 215
580 215
34 242
34 500
215 214
627 794
795 215
796 215
797 215
580 254
254 534
64 680
380 64
64 63
245 254
464 254
73 59
749 798
799 800
199 195
195 198
33 801
33 155
471 33
802 33
32 33
538 33
801 31
803 368
802 31
31 32
276 284
538 31
803 581
31 471
804 805
374 803
340 30
30 22
30 706
30 806
807 14
122 30
510 30
538 30
340 375
30 808
809 375
30 514
695 375
810 768
375 621
375 811
205 662
29 302
505 29
384 29
29 378
29 586
29 563
812 29
784 29
497 29
29 340
205 206
205 624
29 713
297 813
29 431
464 29
228 29
22 29
603 29
29 730
678 29
464 297
814 815
302 253
124 123
297 393
538 297
815 534
816 297
292 297
817 297
297 818
819 340
819 737
42 41
621 253
505 253
752 253
820 253
253 340
393 253
538 253
245 253
412 390
390 821
390 389
621 822
823 786
397 410
410 519
621 823
410 538
80 743
80 86
787 80
80 179
80 232
621 390
567 390
390 680
574 390
80 324
80 767
80 824
538 80
737 825
77 80
495 826
827 372
235 236
529 828
343 708
563 825
245 75
343 538
343 344
138 139
336 538
336 337
340 336
538 75
74 75
75 340
75 571
252 752
252 680
252 621
252 666
252 743
538 829
830 831
651 75
252 464
829 514
252 816
252 759
832 151
151 302
151 656
505 151
150 151
464 151
252 833
252 340
252 245
151 286
151 834
161 162
161 538
327 328
461 145
145 621
145 144
667 151
538 835
621 835
161 714
337 339
283 276
194 195
836 837
194 190
194 412
107 93
838 839
840 93
760 93
841 93
93 842
843 93
93 844
129 93
93 845
846 93
93 830
418 93
787 93
93 762
465 93
93 305
847 93
848 93
93 468
93 836
93 849
850 93
407 93
93 340
735 93
93 851
460 93
93 324
94 93
229 93
93 852
853 93
854 93
93 814
855 93
856 93
743 93
93 857
858 93
795 93
574 40
510 40
452 40
40 302
292 40
485 40
93 122
667 40
484 40
40 190
40 497
859 40
9 40
40 603
257 737
257 514
378 257
257 527
680 257
505 40
257 732
860 256
256 861
862 256
257 245
256 384
257 571
256 266
642 256
256 245
256 514
580 256
256 863
337 296
505 296
296 806
720 256
296 538
256 752
292 296
680 864
340 865
296 308
296 464
485 296
296 378
296 340
838 866
866 867
538 868
869 870
868 624
39 22
38 340
538 38
38 378
866 600
245 255
871 872
873 340
38 801
454 38
245 38
38 580
695 38
38 505
38 621
474 38
874 38
38 510
787 38
464 38
875 38
427 38
38 190
538 876
38 706
302 38
22 38
671 38
38 397
302 142
538 142
876 340
142 561
586 142
141 142
718 142
877 142
340 142
534 142
278 221
221 220
878 142
680 142
693 142
461 142
879 254
833 221
65 68
378 68
409 737
880 270
256 879
246 879
880 93
397 408
408 743
397 409
118 117
588 118
408 621
435 436
661 881
466 408
882 883
538 881
302 303
464 303
884 538
762 884
884 767
303 624
271 340
271 505
303 724
505 303
464 271
885 813
271 262
271 621
302 271
422 743
422 412
531 886
717 886
601 887
97 511
98 97
888 889
37 8
713 97
275 514
275 538
266 275
389 275
412 275
275 680
158 36
49 36
275 890
891 275
668 275
505 275
892 36
760 36
893 36
538 36
36 287
894 895
814 36
36 896
243 36
36 35
615 36
737 897
898 895
897 668
647 897
340 899
79 324
900 901
79 77
86 79
416 417
902 340
903 295
295 538
295 292
47 850
47 48
47 89
47 460
47 893
47 904
47 426
47 480
47 762
47 486
47 229
47 905
47 906
47 856
47 907
47 477
47 415
47 908
47 845
47 880
47 852
47 909
47 399
47 910
47 391
47 911
47 912
47 407
47 913
47 851
47 914
47 280
47 915
47 842
47 615
47 916
47 917
47 918
919 920
47 921
47 475
47 490
133 245
485 920
695 133
516 133
538 133
571 133
806 133
340 133
133 273
922 597
133 671
133 393
132 133
133 743
923 340
538 924
925 924
924 340
85 597
316 315
734 926
927 926
316 806
85 586
378 84
85 83
378 85
752 928
212 213
586 84
597 84
83 84
220 213
78 324
929 78
538 78
78 787
78 717
78 77
505 70
70 71
232 78
930 70
78 86
70 497
931 485
501 931
174 175
512 175
683 931
531 383
615 932
469 538
469 933
469 340
469 464
491 482
482 481
378 383
934 935
481 936
462 485
485 931
920 485
296 485
485 40
485 319
603 10
937 938
6 604
939 894
894 895
485 51
603 29
58 603
319 603
251 603
603 506
61 603
940 941
942 652
25 652
607 341
30 808
80 824
603 51
603 40
943 944
945 944
914 47
940 946
940 947
143 615
291 615
615 932
47 615
36 615
615 614
297 816
93 853
820 153
820 253
17 612
47 913
613 560
164 816
252 816
645 25
47 905
854 93
948 949
611 17
950 335
649 25
951 952
900 901
610 953
610 46
610 451
430 610
651 954
651 75
25 651
197 621
621 91
363 609
430 609
892 36
805 804
25 644
253 621
621 375
771 621
621 25
621 105
390 621
621 822
823 621
621 271
408 621
621 38
835 621
621 145
252 621
352 620
619 620
621 101
621 433
955 621
6 618
620 386
956 620
87 620
93 795
215 795
261 874
38 874
616 617
10 624
93 855
622 274
6 622
623 92
11 624
506 624
624 356
624 61
624 205
624 34
624 196
626 624
624 319
625 624
624 420
46 624
624 303
868 624
624 240
54 624
149 624
624 261
335 624
629 137
957 788
628 487
58 628
87 788
250 628
856 93
47 856
58 630
390 821
958 323
627 10
768 370
768 810
105 627
627 137
627 959
627 307
960 627
794 627
36 896
375 809
927 926
961 55
633 10
119 634
634 6
933 469
55 962
631 25
631 457
631 458
459 631
151 656
656 362
650 395
650 61
654 655
786 823
785 786
658 1
386 847
847 93
660 13
659 265
963 153
50 658
964 658
658 374
368 658
665 666
663 664
664 92
965 966
93 787
787 80
87 787
252 666
188 662
47 917
967 55
78 787
787 38
661 197
553 661
662 205
662 264
360 661
661 506
277 661
661 61
96 661
661 457
661 458
661 326
661 573
119 661
661 780
778 661
968 661
969 661
970 661
881 661
661 87
274 667
667 61
667 10
261 661
667 151
667 319
251 667
105 667
667 82
667 240
40 667
668 547
669 121
971 972
101 667
668 275
185 668
668 363
251 668
668 897
672 25
134 672
6 672
668 260
671 23
671 6
673 351
23 776
47 906
82 671
671 133
38 671
858 93
420 670
25 670
670 677
973 906
678 45
678 29
678 1
676 307
676 25
93 841
47 910
846 93
167 675
675 17
295 903
817 297
726 725
674 974
674 189
682 14
931 683
683 25
297 818
362 681
481 936
449 684
451 684
682 55
23 680
625 680
680 679
680 61
252 680
680 390
64 680
142 680
864 680
680 257
680 470
680 975
275 680
91 686
691 690
256 862
379 688
400 685
685 976
685 45
137 685
850 93
685 977
47 850
694 1
375 811
693 142
591 693
14 692
978 386
78 929
430 694
861 256
264 698
697 696
692 979
375 695
695 27
264 695
699 700
980 695
695 133
38 695
970 703
703 25
40 859
47 904
583 701
411 702
704 702
707 25
706 705
709 708
30 706
38 706
264 706
711 710
343 708
91 714
101 706
164 706
706 968
714 161
969 706
713 137
713 712
16 713
6 713
10 713
814 93
815 814
814 36
713 96
713 29
832 151
215 793
713 274
715 27
164 713
97 713
23 773
716 251
96 716
14 719
252 833
221 833
833 981
503 720
256 720
716 319
718 326
718 10
718 153
718 400
718 335
191 717
886 717
806 30
718 142
717 78
806 133
170 722
765 96
806 335
806 46
806 316
806 296
869 870
724 303
724 792
724 1
725 723
760 270
723 91
812 982
812 29
760 36
760 93
721 779
451 721
430 721
983 82
400 812
893 36
863 256
704 727
729 6
598 729
888 889
728 25
925 924
984 721
10 730
732 257
732 771
274 732
25 731
985 986
47 893
734 187
734 926
734 6
47 909
987 988
730 164
210 730
730 29
356 730
738 740
13 733
733 739
736 323
736 6
735 93
13 735
67 989
121 737
737 91
771 772
738 990
13 738
738 741
409 737
737 257
737 825
819 737
264 737
423 737
737 398
991 737
992 737
993 737
737 994
737 995
955 737
897 737
747 449
747 451
47 912
746 25
996 323
361 742
742 6
737 3
261 737
265 743
591 743
743 106
748 743
743 525
878 142
744 745
743 408
743 93
252 743
80 743
87 743
743 128
743 326
997 743
261 743
993 743
743 82
743 103
743 46
743 133
422 743
134 750
331 750
400 743
743 164
743 998
993 750
25 750
252 752
752 253
157 752
752 191
798 749
749 274
749 10
217 999
752 103
421 752
928 752
752 256
47 852
93 852
696 753
813 885
813 297
766 96
756 25
192 756
6 756
840 93
751 498
751 10
754 6
757 6
801 38
31 801
801 33
755 167
755 445
755 712
252 759
106 759
256 860
891 275
6 758
757 187
14 807
374 803
368 803
581 803
47 842
842 93
256 879
879 254
879 246
827 372
93 848
1000 1001
581 1002
1003 778
275 890
47 880
880 93
880 270
789 1004
1004 411
175 1005
1005 14
335 1006
1 2
253 340
252 340
340 75
340 336
340 819
142 340
340 876
340 38
873 340
865 340
296 340
93 340
469 340
923 340
924 340
340 133
340 902
340 899
340 271
340 956
340 51
340 1007
1008 340
340 376
340 404
1009 340
340 1010
340 957
340 1011
340 1012
340 947
304 340
340 345
997 340
261 340
340 1013
173 340
340 1014
149 340
340 260
340 400
340 976
1015 340
340 57
164 340
340 210
446 340
386 340
340 946
495 826
495 23
495 25
496 495
493 23
493 10
529 828
529 411
340 307
173 497
497 45
70 497
497 40
497 29
497 128
498 497
497 172
1016 495
341 494
103 1017
307 497
502 504
503 502
791 790
492 501
931 501
361 501
501 251
505 61
349 505
782 636
635 636
91 499
500 34
500 10
323 1018
505 151
253 505
29 505
505 96
602 505
505 520
505 506
505 274
505 137
505 309
72 505
70 505
275 505
271 505
303 505
505 38
505 296
40 505
508 638
508 509
505 976
1019 505
1020 505
323 1021
799 800
508 335
1022 508
507 25
507 331
1023 102
1023 103
97 511
511 6
1024 240
14 510
844 93
512 227
55 512
512 175
224 512
512 14
513 512
10 514
882 883
939 510
38 510
40 510
510 30
829 514
514 30
514 250
105 514
261 514
514 103
275 514
256 514
257 514
642 256
25 642
487 517
173 1025
164 514
23 516
251 516
898 895
517 518
517 137
519 10
519 91
515 14
866 838
838 839
867 866
516 133
796 215
920 919
1026 462
522 251
410 519
789 519
519 6
14 524
647 1027
647 153
647 323
897 647
647 25
23 777
521 10
10 523
183 783
843 93
524 21
523 6
525 523
257 527
528 527
10 527
70 930
523 1028
523 637
523 105
531 248
14 526
797 215
527 153
527 970
527 1029
93 830
830 831
105 533
531 1030
383 531
531 886
763 531
532 531
164 535
536 535
137 535
364 632
1031 1015
91 530
534 254
534 105
534 10
101 537
537 10
386 1032
1033 1034
11 539
534 101
534 142
815 534
541 540
291 1035
25 648
1036 240
601 887
58 601
538 556
550 538
91 538
542 374
6 542
548 538
553 538
538 551
538 347
538 546
538 135
430 538
238 538
277 538
538 552
61 538
538 451
538 247
538 545
557 538
554 538
538 543
558 538
538 544
538 555
538 356
538 170
549 538
538 326
538 423
538 360
538 357
547 538
538 354
411 538
538 361
538 560
538 264
366 538
363 538
538 638
457 538
635 538
458 538
538 368
538 372
250 538
538 371
538 370
25 538
780 538
538 373
128 538
538 119
33 538
34 538
789 538
538 31
538 30
538 80
343 538
538 253
297 538
410 538
336 538
538 75
538 829
835 538
538 296
538 868
538 38
161 538
884 538
538 275
538 876
142 538
881 538
538 924
36 538
538 78
133 538
295 538
980 538
538 421
538 957
469 538
538 1029
538 1020
1037 538
538 1009
538 1038
538 1039
538 956
993 538
970 538
538 82
538 67
538 66
997 538
261 538
173 538
1014 538
947 538
941 538
538 304
400 538
538 455
1040 538
386 538
946 538
1041 872
872 871
47 911
951 538
264 559
562 559
646 25
47 851
93 851
563 265
47 762
884 762
762 93
762 270
953 559
293 564
563 825
29 563
657 563
47 921
470 1042
639 640
151 834
1043 1042
1044 180
309 1044
767 884
80 767
767 96
142 561
561 1
93 857
142 877
935 934
386 767
957 767
371 567
567 14
47 845
93 845
25 641
568 1
567 55
567 390
55 1045
67 1045
153 570
570 569
769 770
1046 1047
47 915
6 566
565 6
188 565
653 25
643 46
25 643
577 571
571 277
775 774
197 572
498 565
571 354
170 571
571 352
265 571
23 571
571 96
571 608
571 326
573 571
257 571
571 75
87 571
143 1048
571 386
571 51
309 571
571 133
578 421
578 579
6 578
947 578
578 941
578 66
173 578
580 215
23 580
580 581
578 207
946 578
10 576
580 38
256 580
580 254
1049 784
784 29
781 784
576 101
575 92
784 164
1050 54
31 802
33 802
307 1051
605 606
93 836
836 837
10 574
574 251
319 574
792 574
574 40
574 390
584 396
574 101
584 251
47 918
371 764
582 583
585 6
588 6
118 588
55 1052
594 593
593 506
47 908
47 907
592 25
592 591
250 761
589 590
47 916
586 595
586 587
61 586
586 247
586 96
105 586
781 586
29 586
142 586
586 85
388 586
84 586
586 1007
10 600
586 173
600 866
597 121
93 849
598 597
6 597
597 687
689 597
599 597
96 597
597 374
597 128
922 597
597 84
597 85
597 51
875 38
597 55
379 596
319 377
3 4
274 452
517 137
77 17
708 709
97 98
177 17
142 141
308 296
291 290
931 501
340 1012
105 337
505 296
505 1019
505 61
535 536
815 534
559 562
580 215
67 1045
47 460
142 461
91 419
487 628
91 714
363 668
6 713
806 46
984 721
798 749
256 752
253 752
301 300
23 773
825 737
194 190
47 908
285 72
1033 1034
61 59
10 9
8 7
8 16
6 5
69 60
60 59
92 90
6 98
14 15
12 13
14 76
121 120
112 111
90 106
91 90
100 99
137 136
90 105
132 135
8 11
8 20
170 169
146 144
156 157
105 154
178 188
174 14
169 10
171 172
171 6
91 190
191 190
178 91
193 192
105 190
216 218
10 208
189 190
197 195
203 204
16 242
238 239
137 222
228 10
1035 291
291 290
340 1012
1011 340
784 1049
615 291
957 788
957 538
957 340
957 767
46 211
46 209
65 72
285 72
505 72
1046 1047
22 46
46 643
46 743
46 397
309 505
309 571
624 46
46 117
610 46
309 310
806 46
462 1026
309 1044
461 462
485 462
1034 1033
412 421
421 578
752 421
538 421
538 980
980 695
45 74
1016 495
45 685
45 302
22 45
678 45
81 45
378 45
1029 527
538 1029
497 45
789 1004
411 1004
14 1005
175 1005
1002 581
621 955
1003 778
954 651
1010 340
955 737
872 1041
1039 538
103 743
103 438
103 752
937 938
103 90
103 1017
514 103
979 692
103 1023
404 403
404 340
1023 102
1038 538
538 1009
1009 340
90 102
420 670
412 420
624 420
340 376
376 377
288 289
757 187
384 187
245 187
337 187
187 178
674 974
485 492
492 501
833 981
313 230
734 187
231 230
906 973
143 615
143 1048
187 378
143 144
67 226
1043 1042
738 990
737 995
240 241
1037 538
240 1036
1024 240
624 240
1020 538
1020 505
667 240
82 743
216 217
217 999
44 43
67 538
337 67
989 67
67 1045
67 65
393 67
647 323
340 1008
948 949
125 126
443 442
132 82
983 82
74 82
671 82
82 667
538 82
471 82
942 652
378 388
388 586
736 323
323 996
323 1018
322 323
958 323
323 441
323 1021
340 1007
988 987
737 994
234 233
586 1007
953 559
953 610
505 1019
658 964
993 750
538 993
743 993
993 737
661 970
8 54
970 703
538 970
54 624
242 54
54 1050
970 527
153 820
153 478
216 153
286 153
647 153
153 570
153 963
153 718
53 211
53 156
53 52
377 153
153 152
527 153
53 298
258 259
737 992
53 235
647 1027
975 680
434 412
340 956
9 51
51 340
1001 1000
51 571
603 51
597 51
485 51
340 149
972 971
412 432
956 538
621 433
378 387
620 956
412 433
969 706
538 1014
624 149
523 1028
149 147
340 1014
706 968
661 969
497 173
968 661
538 173
173 586
173 169
173 340
944 945
991 737
173 302
578 173
173 1025
1013 340
261 538
261 514
245 261
261 661
261 743
340 261
471 472
997 340
997 743
624 261
261 737
261 874
997 538
167 675
755 167
113 114
985 986
944 943
747 449
449 447
684 449
245 167
109 110
167 168
109 108
538 66
66 65
578 66
743 998
346 345
345 464
345 340
225 219
340 304
1022 508
304 538
302 304
658 50
50 178
317 318
464 225
225 440
940 941
939 894
50 43
531 1030
984 721
510 939
578 947
947 538
340 947
941 538
947 940
578 941
386 1032
386 378
940 946
946 578
538 946
340 946
386 620
386 538
386 571
340 386
386 847
386 978
386 767
219 164
743 164
730 210
446 435
210 201
235 237
340 446
340 210
164 713
164 453
784 164
464 164
164 730
164 514
152 164
190 164
164 706
378 164
1042 470
470 680
816 164
164 535
340 164
470 471
101 90
101 464
57 22
340 57
812 982
101 574
101 219
667 101
101 537
621 101
706 101
447 448
101 534
101 461
101 576
302 101
1052 55
1045 55
538 1040
147 148
682 55
77 55
56 55
961 55
567 55
55 62
55 962
55 967
512 55
141 55
597 55
685 976
395 393
1015 340
627 960
1031 1015
650 395
538 455
456 455
976 340
976 505
1 2
400 685
400 743
3 4
3 737
400 340
401 400
464 400
400 812
718 400
335 508
335 950
538 400
378 335
335 806
393 207
624 335
335 329
718 335
335 1006
385 378
951 538
952 951
207 578
223 227
207 195
512 227
260 245
461 260
377 381
340 260
260 384
302 260
627 959
966 965
668 260
152 163
260 378
141 140
307 627
307 340
497 307
307 302
1051 307
307 676
180 1044
977 685
181 180
38 505
303 505
505 271
309 505
70 505
72 505
508 509
505 1020
505 1019
976 505
638 508
508 1022
507 331
335 508
799 800
323 1021
507 25
240 1024
512 14
512 513
6 511
1023 103
511 97
102 1023
510 30
14 510
93 844
227 512
175 512
224 512
512 55
514 30
250 514
514 105
510 40
883 882
510 939
510 38
514 10
173 1025
514 164
514 261
514 829
275 514
514 256
514 257
103 514
251 516
895 898
517 518
25 642
517 487
642 256
137 517
519 91
14 515
866 838
516 23
867 866
133 516
838 839
920 919
1026 462
522 251
10 519
789 519
6 519
410 519
647 323
897 647
25 647
647 153
10 521
215 796
23 777
523 6
523 525
523 10
1027 647
843 93
524 21
524 14
783 183
527 257
528 527
10 527
523 105
1028 523
523 637
930 70
531 763
531 532
248 531
527 1029
215 797
153 527
970 527
14 526
93 830
831 830
533 105
1030 531
383 531
531 886
10 537
535 164
535 536
91 530
632 364
1031 1015
535 137
534 101
142 534
534 815
537 101
105 534
534 10
534 254
648 25
240 1036
601 887
11 539
1032 386
1033 1034
58 601
91 538
374 542
291 1035
541 540
542 6
538 546
548 538
538 550
538 556
553 538
61 538
551 538
538 552
538 238
538 277
347 538
538 545
538 557
430 538
538 543
538 135
538 554
555 538
356 538
538 247
538 549
538 451
170 538
538 423
538 360
357 538
544 538
538 354
538 558
547 538
538 366
361 538
326 538
264 538
538 411
538 560
538 25
538 457
458 538
538 363
635 538
538 638
780 538
538 370
538 368
538 250
538 372
538 371
33 538
538 34
538 373
538 119
128 538
789 538
538 80
410 538
538 31
538 297
30 538
538 253
538 829
538 343
336 538
75 538
538 38
538 868
296 538
835 538
161 538
36 538
275 538
538 884
881 538
538 142
876 538
469 538
538 78
924 538
538 133
538 295
1039 538
538 1029
980 538
538 421
957 538
67 538
1020 538
1037 538
1009 538
1038 538
538 1014
956 538
538 993
970 538
82 538
538 941
304 538
538 66
997 538
538 261
173 538
455 538
1040 538
386 538
538 946
947 538
871 872
47 911
538 951
538 400
562 559
646 25
47 851
851 93
1041 872
884 762
762 93
270 762
953 559
264 559
825 563
29 563
563 657
265 563
47 762
834 151
293 564
47 921
470 1042
1042 1043
640 639
142 561
561 1
1044 180
309 1044
935 934
767 386
767 957
767 884
767 80
96 767
47 845
93 845
641 25
93 857
877 142
55 567
390 567
371 567
14 567
1045 67
153 570
570 569
1 568
55 1045
1046 1047
47 915
6 566
25 643
643 46
769 770
188 565
6 565
498 565
653 25
577 571
571 277
572 197
775 774
352 571
571 573
571 354
170 571
265 571
571 608
96 571
23 571
571 87
326 571
571 133
75 571
257 571
578 6
571 386
51 571
571 309
143 1048
421 578
578 173
578 66
578 579
578 207
946 578
947 578
941 578
580 254
215 580
580 23
581 580
781 784
576 101
10 576
38 580
256 580
1050 54
164 784
784 1049
784 29
606 605
1051 307
575 92
836 93
837 836
31 802
33 802
792 574
574 319
574 251
574 10
101 574
40 574
574 390
764 371
584 251
396 584
6 588
585 6
582 583
47 918
593 594
55 1052
118 588
25 592
591 592
47 908
506 593
47 916
590 589
761 250
47 907
586 595
61 586
587 586
586 781
96 586
586 105
247 586
84 586
85 586
142 586
586 29
173 586
586 1007
388 586
849 93
866 600
600 10
6 597
598 597
121 597
597 96
597 689
597 687
599 597
922 597
597 128
597 374
597 55
51 597
84 597
597 85
319 377
379 596
38 875
377 381
377 153
377 376
1 378
379 378
64 380
170 378
265 378
378 16
378 251
378 357
105 378
200 378
378 361
378 264
378 382
38 378
378 296
257 378
378 29
84 378
378 85
378 68
388 378
378 187
45 378
383 378
386 378
378 387
164 378
378 260
378 385
378 335
256 384
29 384
6 384
10 384
392 60
260 384
384 187
275 389
389 390
25 389
47 391
1 394
189 393
253 393
297 393
393 361
396 393
393 207
395 393
393 67
133 393
401 400
402 137
403 404
397 6
91 397
47 399
354 397
411 397
398 397
397 409
397 38
397 410
47 407
93 407
397 46
408 397
341 419
91 419
405 406
416 417
93 418
364 419
414 412
47 415
423 412
413 412
189 412
6 412
412 390
119 412
412 25
412 275
412 422
412 194
412 434
420 412
412 421
431 29
432 412
412 433
96 427
250 428
429 430
424 425
47 426
38 427
440 225
440 91
441 323
103 438
439 10
435 446
435 436
437 224
452 274
443 442
445 444
452 40
452 251
459 456
448 447
449 447
450 451
457 456
456 458
456 455
454 363
454 38
164 453
463 461
10 461
145 461
260 461
460 93
461 101
462 461
47 460
142 461
468 93
25 467
408 466
464 359
10 464
246 464
464 91
465 93
347 464
252 464
464 297
464 254
251 464
105 464
11 464
464 29
151 464
464 296
464 38
464 303
271 464
464 225
469 464
464 345
31 471
33 471
471 473
164 464
471 82
400 464
101 464
471 472
470 471
47 480
14 479
153 478
47 477
476 11
476 251
47 475
38 474
484 92
484 40
188 483
481 482
487 488
489 119
251 485
359 485
47 486
47 490
491 482
894 895
51 485
485 492
462 485
931 485
485 920
296 485
40 485
485 319
506 603
61 603
10 603
937 938
604 6
894 939
30 808
824 80
603 51
603 40
603 29
58 603
603 319
603 251
940 946
947 940
941 940
652 942
652 25
607 341
932 615
47 615
615 36
614 615
943 944
945 944
914 47
252 816
816 297
853 93
153 820
820 253
143 615
291 615
950 335
17 612
47 913
613 560
816 164
610 430
649 25
25 645
47 905
93 854
948 949
17 611
651 25
951 952
900 901
610 953
610 46
451 610
36 892
804 805
25 644
651 954
75 651
621 25
621 105
621 197
91 621
609 363
430 609
390 621
822 621
621 823
253 621
621 375
771 621
621 408
38 621
621 835
145 621
252 621
620 619
621 101
433 621
621 955
271 621
618 6
620 386
620 956
620 87
616 617
620 352
623 92
795 93
6 622
874 38
261 874
795 215
624 10
93 855
274 622
624 506
624 319
624 625
624 11
624 356
624 61
624 34
624 205
624 868
624 303
624 46
624 626
624 196
624 240
54 624
624 149
420 624
261 624
957 788
487 628
788 87
629 137
624 335
628 58
250 628
856 93
47 856
821 390
58 630
137 627
10 627
768 810
323 958
768 370
627 960
627 307
627 794
627 959
105 627
933 469
634 6
36 896
926 927
809 375
55 961
633 10
634 119
25 631
631 457
458 631
459 631
650 61
55 962
151 656
362 656
650 395
823 786
786 785
847 93
660 13
659 265
654 655
368 658
658 1
847 386
966 965
153 963
658 50
658 964
374 658
252 666
666 665
664 663
664 92
787 78
787 38
93 787
787 80
787 87
662 205
662 264
662 188
47 917
55 967
277 661
61 661
661 197
661 553
661 458
326 661
573 661
661 360
506 661
661 778
96 661
457 661
661 969
970 661
881 661
661 87
661 119
780 661
10 667
261 661
661 968
667 319
251 667
105 667
667 274
667 61
667 82
667 240
667 40
151 667
971 972
101 667
251 668
668 547
121 669
260 668
668 897
275 668
185 668
363 668
351 673
23 776
672 25
672 134
672 6
82 671
671 133
671 38
671 23
6 671
670 420
670 25
670 677
906 973
47 906
678 29
1 678
858 93
676 307
676 25
93 841
47 910
678 45
675 167
17 675
295 903
817 297
189 674
974 674
846 93
683 25
297 818
362 681
726 725
684 449
684 451
55 682
682 14
931 683
680 625
680 679
680 61
481 936
680 390
680 64
680 23
680 864
257 680
252 680
680 470
975 680
680 275
142 680
137 685
686 91
690 691
256 862
379 688
685 977
400 685
685 976
685 45
693 142
693 591
47 850
850 93
78 929
430 694
1 694
811 375
696 697
692 979
692 14
386 978
695 264
699 700
861 256
264 698
133 695
695 38
695 375
27 695
40 859
47 904
980 695
411 702
703 970
703 25
702 704
343 708
708 709
707 25
583 701
705 706
264 706
711 710
706 968
969 706
38 706
30 706
714 91
706 101
706 164
93 814
814 815
161 714
16 713
6 713
10 713
36 814
96 713
713 274
137 713
712 713
713 164
97 713
713 29
793 215
773 23
27 715
716 96
716 319
716 251
832 151
981 833
221 833
252 833
719 14
718 10
720 256
720 503
718 400
153 718
142 718
326 718
718 335
717 886
191 717
806 133
806 296
806 30
717 78
765 96
806 335
806 46
316 806
725 723
91 723
170 722
724 1
724 792
303 724
760 36
760 93
869 870
270 760
29 812
400 812
812 982
983 82
721 451
721 430
721 779
984 721
924 925
25 728
729 598
729 6
704 727
888 889
893 36
863 256
47 893
985 986
731 25
732 274
730 10
257 732
732 771
210 730
730 29
356 730
730 164
987 988
734 187
926 734
734 6
47 909
989 67
735 13
6 736
93 735
323 736
739 733
733 13
738 13
738 741
740 738
772 771
738 990
121 737
737 398
737 91
737 423
955 737
897 737
409 737
257 737
825 737
737 819
737 264
737 261
737 991
737 992
993 737
737 994
995 737
449 747
451 747
47 912
746 25
323 996
742 361
6 742
737 3
87 743
128 743
326 743
743 265
591 743
743 106
743 748
525 743
142 878
744 745
743 993
82 743
743 103
743 46
743 133
743 422
408 743
93 743
252 743
80 743
993 750
25 750
134 750
331 750
400 743
743 164
743 998
997 743
261 743
256 752
252 752
752 253
157 752
191 752
749 798
749 274
749 10
93 852
753 696
885 813
47 852
297 813
96 766
217 999
752 103
752 421
752 928
755 445
755 712
756 25
192 756
6 756
840 93
498 751
10 751
754 6
759 106
860 256
275 891
758 6
757 187
757 6
801 38
31 801
801 33
167 755
47 842
93 842
252 759
848 93
1001 1000
807 14
803 374
368 803
803 581
254 879
879 256
270 880
880 93
47 880
879 246
372 827
890 275
778 1003
1002 581
335 1006
1005 14
175 1005
411 1004
789 1004
10 9
8 7
5 6
11 8
8 16
14 15
12 13
9 17
8 20
18 19
22 23
24 8
28 9
27 8
26 25
22 30
32 31
21 22
34 8
32 33
41 42
22 29
40 9
39 22
22 38
22 46
47 48
37 8
35 36
36 49
9 51
53 52
22 45
44 43
54 8
59 61
55 62
43 50
57 22
56 55
65 72
65 68
69 60
59 60
73 59
58 59
71 70
77 79
77 80
65 67
63 64
65 66
77 17
78 77
81 45
82 74
77 55
75 74
14 76
74 45
83 85
47 89
78 86
84 83
80 86
86 87
25 88
79 86
92 90
93 94
98 6
98 97
95 96
90 101
90 102
103 90
90 91
90 105
106 90
104 90
107 93
109 108
99 100
112 111
114 113
110 109
119 120
96 120
120 121
117 118
116 115
117 46
127 125
132 134
132 135
125 126
122 30
124 123
122 93
141 55
141 142
93 129
87 132
130 131
82 132
132 133
128 129
147 148
147 149
141 140
136 137
138 139
150 151
156 157
158 36
146 144
145 144
143 144
152 163
152 164
53 156
105 154
33 155
152 153
169 10
165 166
162 161
160 25
160 159
167 168
171 6
171 172
177 17
170 169
173 169
80 179
181 180
25 176
174 175
174 14
183 182
116 186
50 178
178 91
188 178
187 178
190 105
189 190
185 184
91 190
192 193
191 190
195 200
195 196
195 197
194 190
38 190
190 40
190 164
195 194
195 34
195 199
198 195
46 209
201 210
201 202
203 204
205 206
195 207
216 217
218 216
10 208
46 211
208 27
53 211
220 221
222 137
153 216
215 214
213 212
219 101
164 219
213 220
219 23
219 225
29 228
228 10
226 67
224 223
227 223
232 78
232 80
93 229
47 229
231 230
53 235
235 236
237 235
241 240
238 239
233 234
36 243
54 242
242 16
11 242
242 34
6 245
25 244
245 246
10 245
250 245
245 251
245 248
249 245
247 245
105 245
75 245
245 253
23 245
245 185
245 254
245 256
252 245
245 257
167 245
261 245
255 245
245 133
38 245
245 187
262 58
262 264
245 260
259 258
265 262
267 25
268 25
262 263
271 262
269 270
272 25
133 273
266 250
275 266
256 266
274 273
277 276
47 280
279 278
278 221
290 291
281 282
284 276
283 276
285 72
286 151
286 185
288 289
287 36
10 286
292 296
292 40
286 153
16 292
297 292
53 298
299 25
292 295
293 294
300 301
105 302
10 302
302 16
274 302
58 302
251 302
17 302
302 151
253 302
23 302
302 185
29 302
38 302
302 40
142 302
302 303
302 271
260 302
302 101
45 302
173 302
302 304
310 27
311 128
302 307
11 306
305 93
308 312
309 310
308 91
319 317
317 320
128 308
308 296
313 230
10 314
317 318
316 315
314 197
327 328
322 323
10 321
27 321
79 324
93 324
326 325
324 87
80 324
330 329
329 25
324 78
329 331
329 134
332 333
335 329
334 332
337 336
337 10
338 337
337 105
337 67
339 337
337 296
337 187
340 91
345 346
344 343
342 341
347 340
349 340
340 348
350 340
340 1
61 340
16 340
340 6
60 340
351 340
106 340
135 340
340 353
238 340
340 170
265 340
352 340
340 137
340 359
356 340
340 355
340 354
340 360
251 340
358 340
340 105
340 357
58 340
340 326
264 340
340 362
365 340
361 340
340 366
368 340
340 25
364 340
363 340
340 369
370 340
340 367
372 340
371 340
340 30
340 374
340 166
373 340
340 819
340 375
340 29
340 253
336 340
340 75
865 340
296 340
340 93
252 340
142 340
340 873
340 38
876 340
340 924
133 340
340 271
899 340
902 340
340 1012
923 340
469 340
340 1010
1011 340
340 957
1008 340
340 1009
340 404
376 340
340 149
1007 340
340 51
956 340
340 261
340 1014
173 340
340 1013
340 947
997 340
345 340
304 340
340 946
340 386
164 340
446 340
340 210
400 340
340 57
1015 340
340 976
411 529
340 260
307 340
23 493
828 529
493 10
23 495
496 495
25 495
498 497
826 495
495 1016
172 497
497 70
128 497
497 29
497 40
1017 103
45 497
173 497
497 307
361 501
494 341
251 501
503 502
931 501
501 492
790 791
500 10
502 504
323 1018
636 635
500 34
499 91
61 505
782 636
505 349
505 520
505 137
274 505
505 506
505 29
505 253
505 602
505 96
296 505
505 151
40 505
275 505
