1 2
3 4
5 6
7 8
7 8
9 10
10 11
12 13
2 14
13 12
13 12
15 16
17 18
18 19
20 21
21 20
22 23
22 24
22 25
22 26
22 27
22 28
22 29
22 30
22 31
22 32
22 33
22 34
22 35
22 36
22 37
22 38
22 39
22 40
22 41
22 42
22 43
22 44
22 45
22 46
22 47
22 48
22 49
22 14
22 50
22 51
52 53
52 54
52 55
52 56
52 57
52 58
59 58
52 58
60 61
60 62
63 64
63 64
63 64
65 37
65 66
65 67
65 68
37 66
37 69
37 70
37 70
71 72
73 74
75 35
76 35
35 76
35 77
78 79
80 81
81 80
82 83
84 85
84 86
87 88
89 90
89 91
89 92
89 93
89 94
89 95
89 96
89 97
89 98
89 98
89 93
89 94
89 90
89 91
89 99
89 92
89 95
89 96
89 97
89 99
100 101
100 29
100 102
100 101
100 29
100 101
100 29
100 102
103 104
103 105
103 29
103 106
103 105
103 29
103 106
103 105
103 106
105 103
106 107
103 108
109 29
109 29
110 29
111 29
112 113
114 115
116 117
118 119
120 121
121 120
122 123
123 124
123 125
123 126
123 122
127 128
129 130
129 131
129 37
132 133
134 135
136 137
138 139
138 140
138 141
138 142
139 138
140 138
141 138
142 138
143 144
143 145
143 44
143 146
144 147
144 147
144 148
144 148
144 138
145 147
145 148
149 150
151 152
151 149
149 152
153 154
153 155
156 157
158 159
159 158
159 158
160 161
161 160
162 163
162 163
164 165
165 164
164 165
166 167
166 168
169 170
171 172
173 35
173 36
174 175
174 176
177 178
179 178
178 178
177 178
178 180
178 181
182 183
182 184
182 185
186 187
187 186
186 187
187 186
187 188
189 190
191 192
193 192
194 192
191 195
196 197
196 198
196 197
196 198
199 200
199 200
199 200
201 202
203 204
205 206
206 205
205 206
206 205
207 208
207 209
207 208
208 208
208 208
208 208
209 209
209 208
208 209
210 211
210 211
212 213
212 214
212 215
216 217
217 216
217 216
122 218
219 220
219 221
219 220
222 223
222 224
222 225
222 225
226 227
228 229
230 231
230 231
232 233
10 234
228 235
236 237
236 10
238 10
239 240
167 8
241 228
10 236
238 236
8 232
242 226
228 243
230 243
230 243
230 243
230 243
244 245
246 247
248 249
250 251
252 253
254 255
254 255
256 256
256 257
258 106
259 260
176 261
176 262
176 263
176 264
176 265
176 266
176 267
176 268
176 269
176 270
176 271
272 273
274 275
276 277
278 279
280 281
280 282
280 283
284 285
286 287
288 289
14 290
290 14
291 292
292 291
292 293
292 294
292 221
295 292
292 296
292 297
298 299
298 300
292 301
301 292
302 303
304 305
306 307
306 308
306 121
306 309
306 310
306 310
306 121
306 309
306 310
306 308
306 307
306 307
307 306
61 311
61 312
61 311
61 312
61 311
311 61
312 313
312 313
313 312
312 193
314 315
314 316
314 316
317 318
319 320
321 321
322 323
322 324
322 325
326 327
327 326
327 328
329 330
330 329
329 330
331 332
332 331
333 334
335 317
76 336
76 336
76 336
337 338
339 340
182 340
339 340
341 342
341 21
341 343
344 345
344 346
344 347
344 348
344 349
344 350
351 344
344 352
344 353
344 351
344 354
344 351
344 354
179 180
179 181
181 179
181 180
180 179
180 181
179 181
179 181
179 335
179 179
180 355
356 357
358 359
171 359
360 359
171 361
171 362
171 363
171 364
365 366
365 366
367 44
367 56
367 368
369 44
369 56
369 368
370 371
372 371
371 6
373 6
374 375
376 377
378 379
380 380
307 381
382 383
383 384
385 383
383 382
378 386
378 387
388 389
390 391
391 391
391 392
391 393
391 277
391 391
391 391
390 391
391 390
391 390
391 394
391 277
391 393
393 391
390 391
395 396
395 397
397 395
396 395
154 398
398 154
398 154
399 400
399 401
399 402
402 399
399 403
404 405
404 406
406 405
407 408
409 410
409 411
412 413
412 414
415 416
148 147
417 147
418 147
141 419
420 421
420 421
422 423
422 424
423 423
423 424
359 358
359 425
359 171
172 425
172 171
426 425
426 171
134 427
134 428
134 429
134 429
429 134
134 428
430 431
431 430
432 433
433 434
433 432
44 435
56 435
44 435
435 44
435 215
435 56
435 436
56 435
437 327
438 439
440 441
441 440
441 442
441 440
441 442
443 444
443 445
443 97
97 443
444 443
443 444
443 97
443 444
443 97
443 446
447 448
109 449
450 451
451 450
452 453
454 455
454 455
456 211
457 211
458 211
456 211
211 144
144 211
56 459
56 211
56 368
456 211
456 144
456 145
456 144
456 145
460 461
461 460
460 461
462 463
462 464
464 462
465 466
466 465
466 467
468 469
470 76
471 472
473 474
475 476
289 402
289 311
289 312
214 212
311 212
289 212
289 311
311 289
347 351
351 347
351 477
351 478
351 479
351 480
351 481
481 351
478 351
477 351
347 351
482 61
482 62
483 484
485 483
485 483
486 483
487 483
483 486
483 487
483 488
6 489
6 490
6 491
6 492
493 494
494 493
495 496
226 497
498 499
500 178
501 178
502 503
504 503
505 503
500 506
507 508
508 507
509 494
510 511
453 512
513 371
513 514
513 515
513 516
517 518
518 517
517 470
517 519
517 520
521 522
522 521
523 522
522 524
523 522
525 526
527 384
528 384
529 377
530 531
530 532
533 534
535 536
537 538
537 384
537 76
539 384
540 541
542 543
542 544
542 545
10 11
546 197
547 197
548 197
546 197
197 546
197 547
197 548
197 549
197 546
197 547
197 549
549 197
546 197
550 551
552 526
553 554
555 554
556 554
553 554
557 545
558 559
560 536
560 561
562 563
563 562
564 565
564 566
567 568
569 568
570 568
568 570
571 570
570 571
460 572
460 572
572 460
573 199
573 199
574 575
576 577
578 577
579 556
580 581
582 581
583 581
584 585
248 585
509 585
586 587
586 588
589 590
591 592
593 577
594 595
595 594
545 595
589 433
589 596
556 433
433 556
597 544
544 597
597 544
544 597
598 599
600 601
334 602
334 603
334 604
334 605
334 606
334 607
334 608
334 609
334 610
334 611
334 589
334 555
334 612
334 613
334 446
602 334
602 609
602 589
602 555
602 612
602 446
602 607
614 615
587 104
616 617
618 619
620 535
535 620
535 620
620 535
434 589
434 556
294 621
622 621
221 621
623 621
624 625
624 133
626 625
626 133
627 625
627 133
628 133
629 420
589 420
630 6
631 6
632 633
633 634
635 636
637 638
638 637
391 637
391 637
637 638
638 637
637 391
639 638
637 638
640 641
642 643
452 644
584 645
584 645
431 646
431 571
431 646
647 620
648 620
649 620
650 620
651 294
651 452
651 652
452 294
452 651
452 652
652 294
652 651
652 452
652 452
653 452
654 78
655 78
656 78
657 78
636 658
659 636
636 659
563 659
660 625
660 133
660 661
662 663
663 662
636 663
664 428
556 428
665 636
666 636
623 636
294 636
293 636
667 636
667 668
667 625
667 669
670 495
671 253
671 253
671 253
507 672
673 636
674 538
538 674
538 675
674 636
675 636
676 636
250 636
658 636
677 636
677 538
250 636
676 636
658 636
250 636
676 636
658 636
250 636
676 636
658 636
678 508
508 679
508 507
508 680
508 595
681 682
508 682
636 679
636 507
636 680
636 595
636 682
683 684
685 686
687 636
688 563
688 636
563 689
563 636
690 691
690 692
693 85
563 167
694 636
337 695
696 697
696 697
695 337
697 696
695 337
292 593
539 698
699 700
701 700
593 292
702 292
702 292
703 704
703 705
703 706
707 617
617 707
707 708
708 707
709 710
709 710
711 297
711 712
711 291
711 625
711 713
681 714
714 681
715 498
716 717
716 718
716 719
716 720
716 721
716 722
716 723
716 724
716 284
716 725
716 525
716 726
716 727
716 498
716 728
716 729
716 730
716 731
716 732
716 733
716 734
716 735
716 736
716 525
736 716
736 525
716 736
716 525
737 663
737 738
739 737
740 741
742 741
743 744
550 745
550 746
550 747
294 636
748 679
679 749
679 750
679 748
679 750
749 679
749 750
748 679
660 636
660 751
14 92
14 99
14 752
498 292
753 754
755 756
757 758
757 512
757 751
757 636
193 759
193 365
193 365
365 193
759 193
507 508
508 507
636 760
636 761
762 636
762 13
762 639
762 493
639 13
493 639
493 13
493 762
507 763
763 507
764 636
765 636
766 767
766 768
766 768
768 766
769 636
636 769
754 770
754 771
754 772
754 773
754 425
754 774
754 775
754 776
754 777
221 778
779 778
780 781
782 636
636 782
782 709
782 783
709 782
709 783
467 636
782 784
785 786
785 46
785 786
785 46
786 785
786 46
787 788
787 509
787 789
787 509
787 789
787 788
407 408
407 406
790 406
790 408
791 792
793 792
794 636
636 517
795 796
194 797
194 798
194 799
194 800
194 801
194 371
194 802
803 804
805 804
191 804
194 804
803 806
805 806
191 806
194 806
803 807
805 807
191 807
194 807
803 343
805 343
191 343
194 343
194 808
194 809
810 811
812 813
812 814
812 811
812 371
538 815
538 816
538 817
538 818
538 819
538 820
538 821
538 822
538 823
538 824
538 825
538 826
538 827
538 828
538 829
538 830
538 831
538 832
538 833
538 834
538 835
538 836
538 837
538 838
538 839
538 840
538 841
538 842
538 843
538 844
538 845
538 846
538 847
538 848
538 849
538 850
538 851
538 852
538 853
538 854
538 855
538 856
538 857
538 858
538 859
538 860
538 861
538 862
538 863
864 636
864 865
148 147
148 138
148 866
814 867
814 868
814 869
814 371
814 870
814 871
814 872
814 873
814 24
814 874
814 636
814 875
814 101
814 876
814 877
814 878
814 879
814 35
814 351
814 880
814 881
814 395
814 882
814 883
814 884
814 885
814 886
814 887
814 331
814 888
814 238
814 889
814 32
814 890
814 891
814 892
814 893
814 894
814 157
814 895
814 896
814 897
814 133
814 898
814 899
814 900
814 901
814 625
814 902
814 903
814 904
814 905
814 906
814 907
814 908
814 66
814 909
814 910
814 911
814 912
814 913
814 914
814 915
814 916
814 917
814 918
814 919
814 920
814 921
814 922
814 923
814 924
814 925
814 926
814 927
814 928
814 929
814 811
814 930
814 931
814 932
814 933
814 934
814 935
814 936
814 937
814 938
814 939
814 940
814 941
814 942
814 943
814 944
814 945
814 946
814 947
814 814
814 948
814 949
814 950
814 951
814 952
814 953
814 954
814 955
814 956
814 957
814 958
814 959
814 960
814 961
814 962
814 963
814 964
814 965
814 966
814 967
814 36
814 968
814 969
814 970
814 971
814 972
814 973
814 974
814 975
814 976
814 977
814 978
814 979
814 980
814 981
814 982
814 983
814 984
814 985
814 986
814 987
814 988
814 989
814 990
814 991
814 992
814 993
814 734
814 161
814 994
814 995
814 996
814 997
814 998
814 645
814 999
814 1000
814 1001
814 1002
814 1003
814 1004
814 1005
814 1006
814 1007
814 1008
814 1009
814 1010
814 605
814 1011
814 1012
814 1013
814 1014
814 1015
814 1016
814 1017
814 1018
814 1019
814 1020
814 1021
814 1022
814 1023
814 1024
814 1025
814 1026
814 1027
814 1028
814 1029
814 1030
814 809
814 1031
814 870
814 1005
1032 811
1033 811
1034 1002
1035 1002
1002 811
1002 1034
1002 1035
1035 1032
1032 636
1036 384
371 1037
371 1037
1038 1037
1037 371
1037 371
1039 636
636 1039
1040 406
1040 405
790 405
407 405
408 405
408 406
408 408
408 407
332 1041
1041 792
1041 332
792 636
538 1042
538 1043
538 1044
538 1045
538 1046
538 1047
538 1048
538 822
538 1049
538 1050
538 1051
538 829
538 820
538 1052
538 823
538 819
538 1053
538 842
538 1054
538 835
538 1055
538 1056
538 837
538 815
538 1057
538 1058
538 825
538 1059
538 1060
538 1061
538 1062
538 1063
538 1064
538 1065
538 1066
538 1067
538 1068
538 1069
27 695
1070 695
1071 1072
1071 607
1071 625
1071 1001
1071 1073
1071 1074
1071 29
1071 1075
1071 1001
1071 1073
1073 1071
1076 636
751 1076
751 1076
636 584
295 291
500 636
500 1077
500 1078
500 1079
500 1080
1081 1082
1083 1084
1083 1085
438 1086
438 1087
636 1088
1089 1090
1089 765
1090 1090
1091 1092
1092 1091
1093 797
1093 797
1093 1094
1093 1095
1093 953
1093 868
1096 180
1096 622
622 1096
751 660
751 1097
751 636
636 122
751 122
751 122
751 122
122 751
122 751
1098 148
1098 418
1098 1099
1098 1100
1100 1098
148 1098
418 1098
1099 1098
148 147
418 147
147 148
147 418
1100 147
147 1100
1101 148
1101 418
148 1101
418 1101
148 147
418 147
1100 147
1100 1101
1099 147
1102 1102
1103 1102
1104 211
1104 1105
1106 1105
1105 211
1105 211
1105 1106
1105 733
1105 1107
1105 1107
1105 1108
1105 1108
1105 1109
1105 1110
1108 1105
1087 199
1087 199
1111 199
1112 199
751 811
1113 1114
1114 1113
148 147
418 147
1100 147
1115 1116
1115 1117
1115 286
1115 1118
1116 1115
1116 1117
1116 1119
1116 1118
1120 1115
1120 1118
1120 1121
1116 29
1115 29
1122 1123
1124 1125
1126 1125
673 636
1127 623
1127 1128
623 1127
1129 1130
1131 1130
517 219
219 636
1132 636
636 1132
670 1133
1133 670
1133 178
178 670
178 1133
670 178
500 199
500 670
500 1134
500 178
1135 1134
1135 178
500 618
1136 1137
1138 636
1139 1140
676 636
676 663
676 1141
676 1142
1143 501
1144 786
1145 636
538 1146
538 291
538 1147
538 104
538 1148
1149 636
1150 636
288 1149
288 383
288 106
288 48
1151 1152
1151 636
73 1153
1154 660
660 1154
167 636
167 751
636 688
1155 1156
1155 611
1157 636
688 636
639 636
636 1158
1106 1159
563 1160
1157 636
76 636
384 636
498 76
44 636
44 751
751 44
294 636
636 294
1161 636
1162 636
1161 563
1161 563
636 1163
1164 1165
646 636
1166 1167
1166 1097
1167 1166
636 1097
512 1168
636 1168
687 636
636 617
1161 636
1161 636
636 1169
1169 636
653 875
653 294
1170 538
1171 1172
748 679
681 679
1173 679
1174 679
681 1174
748 1174
1173 748
749 1175
1175 1176
1175 748
676 744
1177 1178
1177 1179
1177 1180
1177 1181
1177 1077
1177 1182
1177 1183
1177 1184
1177 1185
1177 1186
1177 1187
1177 1188
1177 1189
1177 1190
1177 1191
1177 735
1192 466
466 1193
1194 1180
1194 1183
1180 1183
1180 1195
1196 636
1173 748
1173 1197
748 1197
1198 1197
1176 1197
1179 1194
1199 1194
1199 1179
1199 1077
1194 1199
1194 1179
1194 1077
1077 1199
1077 1194
1077 1194
1199 1194
1199 1077
1199 1200
1200 1194
1200 1077
1200 1199
446 1194
1201 446
1180 1202
1203 1204
1203 1194
1203 1205
1201 1204
1201 1194
1201 1205
1206 1207
1206 444
1206 1208
1206 1209
1194 444
751 660
751 660
1210 1211
1212 1211
1213 1211
1214 1211
294 1215
294 1156
294 1216
294 688
610 610
1138 1217
550 1138
1138 536
1218 603
603 1218
1219 1220
1219 1221
1222 57
57 1222
563 1223
1224 1225
1224 431
1224 632
1225 1224
431 1224
632 1224
1225 431
1225 632
431 1225
431 632
632 1225
632 431
1226 1227
1228 1229
1230 1231
1232 1233
258 1234
258 1230
150 1233
150 1230
619 1230
258 383
258 106
1235 383
1235 106
258 1236
258 1237
642 1238
2 1239
433 1240
433 1241
433 1242
433 1243
433 1244
433 1245
433 1246
433 1247
433 1248
433 1249
433 1250
433 1251
433 1252
433 1253
433 1254
433 1255
433 1256
433 1257
433 1258
433 1259
433 1260
433 1261
433 1262
433 1263
433 1264
433 1265
433 1266
433 1267
433 1268
433 1269
433 1270
433 1271
433 1272
433 1273
433 1274
433 1275
433 1276
433 1277
433 1278
433 1279
433 1280
433 1281
433 1282
433 1283
433 1284
433 1285
433 1286
433 1245
1287 752
1287 636
752 636
1288 1289
1288 1290
1288 1291
1288 1292
1288 1293
1294 1295
1294 1296
1294 1297
1294 869
1294 133
1294 1178
1294 1298
1294 663
1294 1180
1294 735
1294 1299
1294 636
663 1298
1294 1300
1294 1301
1294 1195
1294 1302
1294 901
1294 872
1294 1303
1294 1141
1294 1304
1294 1305
1294 1306
1294 1307
1294 1308
1294 1309
1294 178
1294 1310
1294 1311
1294 1139
1294 1312
1294 29
1294 1313
1294 1314
1294 309
1294 1315
1294 1316
1294 1317
1294 32
1294 102
1294 940
1294 1318
1294 1319
1294 1320
1294 1321
1294 1322
1294 1323
1294 1324
1294 1325
1294 1326
1294 1327
1294 878
1294 1328
1294 1329
1294 1330
1294 1331
1294 1125
1294 1332
1294 1333
1294 1334
1294 955
1294 1335
1294 1336
1337 1338
1337 1339
1339 1337
1118 7
191 35
35 191
35 191
754 191
191 35
1340 509
1341 339
1342 339
1343 339
1341 1344
1342 1344
1343 1344
1341 550
1342 550
1343 550
1341 294
1342 294
1343 294
1341 1345
1342 1345
1341 1346
1341 637
1342 637
1343 637
1341 1347
1342 1347
1343 1347
1341 1348
1342 1348
1343 1348
1341 1349
1342 1349
1343 1349
1341 1350
1342 1350
1343 1350
1341 1351
1342 1351
1343 1351
1341 1352
1342 1352
1343 1352
1342 1353
1342 639
1343 639
1342 733
1341 733
1342 1354
1341 1354
1343 1354
1342 1355
1342 1356
1342 222
1342 545
1341 545
1342 1357
1341 1357
1341 1358
1343 1358
1341 1359
1342 1359
1341 1360
1342 1360
1343 1360
7 1162
659 1106
1106 659
225 556
563 1161
563 8
8 563
563 688
1361 1362
138 1362
461 1362
1362 461
1363 573
1364 536
1365 1366
441 1367
441 722
670 1368
670 221
670 352
1369 869
1369 869
1369 1297
1369 1178
1369 1370
1369 1371
1369 735
1372 291
1372 104
1372 1147
1372 1148
1372 1146
1372 105
1372 1195
1195 1373
1195 1372
1372 1195
1372 1195
1161 1161
1161 1374
1375 511
1376 1377
1377 1378
1379 1380
1379 1381
1379 1382
1381 1380
1381 1379
436 636
786 636
1383 1384
1385 1386
1385 1387
1386 1385
1387 1385
343 106
808 106
1388 106
581 1389
581 501
581 581
581 1389
1390 1391
1392 1391
1391 1390
1391 1392
1393 1164
1393 1393
1393 1394
1393 1395
1396 395
1157 538
1157 1397
1157 1398
1157 538
1399 1400
1399 1400
1400 1399
1401 636
1402 636
1403 1401
1402 1403
1403 1402
1401 1403
1403 1402
1404 1405
1404 1406
1404 1407
1404 178
1408 405
1408 405
1408 406
1409 750
1409 750
750 1409
1409 636
1410 1411
1412 1413
1412 1414
1412 1415
1416 1417
1362 438
698 35
35 698
452 1418
452 341
538 341
406 405
406 408
660 636
660 751
498 132
132 498
1418 538
1143 538
341 538
1418 538
341 538
1143 538
538 1143
1419 36
1419 35
1419 1420
1419 1421
1422 36
1422 35
1422 1423
1422 1420
1422 1424
1422 1421
1422 663
1422 1312
1422 1425
1426 1427
1428 1427
1429 1427
1430 1427
1427 636
1429 636
507 763
102 593
593 102
593 102
1431 501
690 341
695 341
193 593
1205 593
1432 695
1432 275
76 636
1433 813
1433 814
1434 1163
1435 1436
1437 1438
1437 1436
1435 636
636 1435
1435 132
636 132
44 1439
1379 1382
1379 1380
1440 1382
1440 1380
1441 1382
1441 1380
1381 1380
99 122
695 341
660 811
1442 617
1442 517
1443 811
1444 366
366 1444
366 1444
523 1444
1445 1446
294 1197
622 1197
623 1197
293 1197
467 1447
467 1448
1447 467
1448 467
1448 1447
1447 1448
1449 1450
1449 1450
1451 1171
1171 1451
1451 7
1452 1453
1096 961
1096 589
452 1215
618 619
618 688
1454 371
1454 1455
1454 1456
1454 891
1454 811
1454 1454
1454 1457
1454 893
1454 636
1454 1458
1454 1459
1454 1460
1454 371
1454 1455
1454 811
1454 1454
1454 891
1454 1461
1454 1462
1454 371
1454 891
1454 811
1463 769
769 1463
769 636
1464 224
1464 1465
1464 371
1466 371
1464 224
1464 371
507 10
663 663
663 663
663 663
782 1194
782 1032
782 1467
1467 782
1468 7
663 1141
663 1304
663 1203
663 1469
663 636
1469 636
512 1470
512 1471
290 1472
1473 1474
512 1475
512 1476
1477 1478
1478 1477
1479 1427
1479 1480
1479 44
46 44
215 44
46 56
215 56
37 65
65 37
37 65
37 65
65 1481
37 1481
65 42
37 42
1482 1483
1482 754
974 1484
974 1484
1485 1486
1487 1488
1488 1487
1489 1490
1489 1491
1489 1492
1489 1493
1489 1494
1495 1496
1495 1496
1496 1495
1495 1496
1496 1495
1495 1496
1497 56
1498 1499
1498 1500
1498 379
1498 1501
1500 1499
1130 1502
1502 1130
1502 1130
1289 1503
1288 1503
1289 1293
1288 1293
1289 1293
1289 1290
1289 1291
1289 1288
1288 1288
14 1504
1504 14
1505 1506
1507 974
1507 974
1508 1509
1508 1510
1508 1511
1508 1509
1508 1512
1513 1357
1513 1514
660 1515
660 751
751 1515
751 660
1516 286
1517 1516
1517 85
1518 1519
1518 1520
1518 1521
1518 1522
1518 1523
1524 1509
1524 1509
1524 1509
1524 336
336 1524
1509 1524
1509 1524
244 1164
244 1525
244 167
1526 1527
1527 1528
1529 1529
1529 1529
1530 1531
1530 1531
1532 1533
1532 1533
1532 1534
1532 1534
1534 1532
167 1535
1535 167
1536 1537
1536 1537
1537 1536
1538 1423
1539 1313
1539 1481
1234 76
1540 106
1540 383
150 330
150 1541
150 258
150 76
150 384
1542 330
1542 517
1542 258
1542 76
1542 384
1542 330
1542 468
1542 1543
1542 933
1542 416
1542 1544
1542 258
1542 395
1542 76
1542 970
1542 384
1542 1545
1542 77
1542 1454
1542 1546
1542 1456
1542 101
1542 106
150 330
150 468
150 1544
150 258
150 395
150 76
150 384
150 106
150 48
150 45
150 1541
150 1547
1548 1549
1548 1549
1549 1548
1548 1549
1550 1551
503 1386
1552 1553
1552 1553
783 395
783 296
1554 663
1555 663
663 1555
1556 636
1557 1558
1557 395
129 101
129 101
1559 1559
256 1560
99 1561
1562 625
1562 636
1563 1564
1563 1565
1566 1567
1567 1566
129 1568
1568 129
1569 1569
1569 1558
1569 636
1569 1570
1569 1570
1570 1569
1570 1569
1571 1572
1468 7
1468 286
1468 563
1468 1573
1517 85
1211 1007
294 1211
1211 1007
294 1007
1574 754
1574 754
1575 754
1575 1574
221 147
294 147
622 147
56 1094
56 436
436 1094
436 56
571 255
1576 1577
1578 106
1578 48
1578 563
1578 1118
1578 1579
106 1578
538 1418
512 1470
512 1471
900 1580
35 1580
1580 900
1580 35
1580 900
1580 35
1157 538
663 1581
526 537
292 537
526 537
537 526
109 578
581 565
581 566
581 1156
581 611
1582 1583
1582 1584
1582 1585
1582 1583
1582 1584
1582 1585
751 660
660 751
412 330
412 258
412 76
412 384
412 106
412 1235
1586 1231
1231 1586
1231 1586
292 874
292 1587
294 483
622 483
221 483
180 483
180 483
296 483
296 483
292 1588
292 1589
292 1590
292 1203
292 101
292 606
1588 292
1588 1589
1588 1590
1588 1203
1588 101
1588 606
1589 292
1589 1588
1161 578
1591 578
1363 578
642 578
1592 578
1593 1594
292 1594
292 1595
1594 1593
1596 1593
1594 1597
1596 1597
292 1598
292 1599
292 1600
292 1601
292 1602
292 880
292 928
292 1166
292 1603
292 875
292 1312
292 1604
292 1605
292 1318
292 906
292 1606
292 1607
292 754
292 1203
292 1568
292 1608
292 903
292 1609
292 42
292 901
292 1590
292 1610
292 621
292 1611
292 1612
292 1613
292 1614
292 1615
292 1616
292 951
292 1617
292 1618
292 1619
292 41
292 395
292 1620
292 1621
292 1622
292 1623
292 876
292 1624
292 493
292 974
292 1625
292 973
292 625
292 133
292 1626
292 1627
292 1628
292 1629
292 723
1588 105
1588 1599
1588 1600
1588 1147
1588 1602
1588 928
1588 1630
1588 1166
1588 1631
1588 1632
1588 1633
1588 875
1588 1312
1588 919
1588 1606
1588 1634
1588 1607
1588 1568
1588 1588
1588 1322
1588 1608
1588 903
1588 1609
1588 101
1588 398
1588 31
1588 1635
1588 1636
1588 901
1588 872
1588 1590
1588 621
1588 1637
1588 1638
1588 1639
1588 1640
1588 1641
1588 1617
1588 1642
1588 1643
1588 1644
1588 1645
1588 1336
1588 1646
1588 1647
1588 1648
1588 1027
1588 1649
1588 1387
1588 1650
1588 922
1588 1651
1588 1652
1588 1653
1588 1603
1588 1654
1588 1655
1588 1656
1588 1657
1588 1658
1588 1659
1588 608
1588 873
1588 1554
1588 1660
1588 1566
1588 1320
1588 35
1588 1661
1588 900
1588 663
1588 1662
1663 749
1432 1664
1665 1666
1667 1668
1669 383
1669 106
525 383
525 106
1670 383
1670 106
1671 577
577 1671
284 215
877 1672
877 1673
877 1674
877 1675
877 1676
877 1677
877 1678
877 1679
877 1680
877 1675
877 1676
877 1680
877 1679
877 1681
877 1682
877 1683
877 1684
877 1685
877 1686
877 1687
1688 1689
1688 1690
1165 1302
1165 1691
167 1692
1693 660
1693 1199
469 625
625 469
625 469
1694 1165
173 1695
10 782
1696 1697
1698 1697
1699 1697
1700 180
1701 1701
1702 1703
1703 1702
1702 1703
1704 1668
1705 1668
1706 1707
1706 1558
1708 1448
1708 1709
296 1710
563 1711
709 1287
709 1712
1712 136
1712 709
1713 439
1713 439
221 1714
294 1714
622 1714
1715 1716
538 1418
1717 452
705 1718
1719 1718
1718 1719
687 663
1704 636
1720 1721
1720 1590
1720 1722
1720 1723
1722 1721
1722 1590
1722 1720
1722 1723
1723 1721
1723 1590
1723 1720
1723 1722
1722 1724
1723 1724
1721 1724
1590 1724
76 101
76 1554
258 101
258 1554
258 258
258 1725
258 150
258 1542
258 76
1235 101
1235 1554
1235 1725
1235 150
1235 1542
221 1726
221 1727
1728 44
1728 53
1728 368
1728 1729
1728 57
1728 1730
1728 311
1728 312
1728 159
1728 759
1728 1731
1728 1732
1733 44
1733 53
1733 368
1733 1729
1733 57
1733 1730
1733 311
1733 312
1733 159
1733 759
1733 1731
1733 1732
1734 44
1734 53
1734 368
1734 1729
1734 57
1734 1730
1734 759
1734 1731
1734 403
1734 1735
1736 44
1736 159
1736 1731
1736 1732
1736 1737
1736 208
1738 1737
1738 208
1739 1737
1739 208
1740 439
1740 1737
1740 1741
1740 208
1740 159
1430 159
1430 208
1429 159
1742 1743
1743 1744
1743 1744
1455 276
1151 636
1745 215
1745 46
1165 1165
1165 167
1165 168
619 167
619 168
167 619
168 619
167 8
168 8
1635 1635
1635 35
1635 1746
35 1635
1746 1635
1635 1635
35 1635
1746 1635
455 1747
455 1747
294 1157
622 1157
221 1157
1748 1749
1750 1749
1748 1095
1750 1095
1748 64
1750 64
931 636
931 636
526 931
526 526
1751 632
1752 632
632 1751
420 1753
138 1362
138 417
1361 1362
1361 417
138 1362
148 1362
148 138
1671 1362
1671 138
307 81
307 81
81 307
81 307
307 81
1754 1755
509 1756
1757 1756
595 1756
1758 1758
1759 1759
617 1759
617 1758
1758 1760
1758 1761
1762 1760
1762 1761
1758 1758
1758 1762
1762 1762
1763 1764
1764 1763
748 1765
1766 1767
6 625
6 133
1199 1200
1200 1199
1768 387
1768 1769
1768 1770
1768 1770
1771 1772
1771 1773
1771 850
1235 258
1235 106
1774 1737
1775 1737
1775 1737
1776 150
1776 1542
1776 101
1776 1554
1776 1777
1776 1237
76 150
76 1542
76 101
76 1554
76 1777
76 1237
618 619
563 619
563 618
500 439
438 1094
786 1778
786 1779
73 754
1780 754
1781 754
1782 754
754 1781
542 1783
636 132
1784 493
493 1784
1785 1784
1784 1786
493 1786
1787 13
1787 391
1787 639
1787 493
13 1787
13 391
13 639
13 493
1788 1788
1789 85
1790 1791
1792 1589
1790 1589
1793 1794
708 1795
708 1760
712 216
216 1796
216 1373
216 1797
216 1798
500 1373
500 712
500 1797
500 216
216 313
216 712
216 712
1799 1800
1799 384
1799 1801
1799 1800
1800 1799
1800 384
1800 106
1541 258
1541 1235
1235 1541
258 1541
1541 258
1541 1235
258 101
258 1237
258 1541
1237 1541
1237 258
1237 1235
1237 330
1237 384
1237 76
1237 383
1237 1802
1541 330
1541 384
1541 1802
1541 383
1803 258
1803 1235
1803 384
1803 1802
1803 383
1804 1805
1036 468
1036 1543
1036 383
1036 384
1036 106
1036 1806
1036 1807
1036 1808
1036 942
1036 1809
1036 468
1036 384
1036 106
210 1810
210 1811
210 1812
210 1813
210 1814
210 1815
210 1816
210 1817
210 1818
210 1819
210 1820
210 576
1821 1822
1821 1823
1821 1824
1821 156
1821 1825
1821 1826
1821 1827
1821 1828
1821 313
1821 1829
1821 1830
1821 313
57 1821
44 1821
145 1821
750 104
750 1831
199 1832
236 1832
1833 460
221 1834
294 1834
622 1834
1835 146
1835 1836
1835 1837
1835 1838
1835 1839
148 812
812 148
148 148
148 147
148 138
148 866
1840 1841
1748 215
1498 1668
1395 1842
1843 1844
61 1845
61 1205
62 1205
1204 1205
1846 61
61 1846
1847 61
1848 61
388 1491
1849 1850
1851 1852
1853 1852
1852 1851
1852 1853
1829 530
275 1854
275 1855
275 636
275 1737
275 1856
275 398
275 1618
275 1857
275 1858
275 1859
275 109
275 1860
275 1861
275 1862
275 42
663 1304
663 1141
663 1142
663 1303
663 1141
663 1303
1303 663
1303 1141
1141 663
1141 1303
663 1141
663 1303
663 1304
1304 1303
1304 663
1863 1863
1864 56
1864 44
1864 61
1864 1748
1864 289
1864 446
1864 215
1864 436
1864 1865
636 291
636 104
636 1146
636 1147
636 1148
636 105
636 1409
636 1866
636 1867
636 516
636 1868
636 1639
636 1613
636 1640
636 1869
636 1870
636 928
636 1616
636 1871
636 1872
636 1873
636 1874
636 1875
636 1622
636 1642
636 1631
636 1637
636 1876
636 902
636 1623
636 1633
636 997
636 1877
636 38
636 1878
636 1879
636 1880
636 1881
636 29
636 1604
636 1499
636 1882
636 1883
636 1884
636 1885
636 1541
636 1886
636 1887
636 1888
636 1889
636 1890
636 1891
636 1892
636 1893
636 1894
636 1895
636 1896
636 1897
636 1898
636 1095
636 1899
636 1865
636 1900
636 1901
636 258
636 496
636 1902
636 1903
636 1904
636 1905
636 1906
636 1907
636 1908
636 1237
636 1542
636 1777
636 1909
636 1411
636 1910
636 80
636 1911
636 1912
636 1913
636 1914
636 1915
636 1916
636 572
636 1917
636 1918
636 532
636 1919
636 1920
636 1921
636 1922
636 1097
636 1508
636 1923
636 1924
636 1607
636 1925
636 1926
636 1927
636 1928
636 1929
636 1930
636 1931
636 1932
636 754
636 1933
636 446
636 1745
636 472
636 550
636 1934
636 1935
636 591
636 1936
636 1937
636 1582
636 1938
636 1939
636 1940
636 1941
636 1942
636 1366
636 1943
636 1944
636 103
636 1945
636 1946
636 1947
636 1948
636 1949
636 330
636 101
636 1554
636 1950
636 1951
636 1952
636 1953
636 1634
636 398
636 1954
636 1955
636 1956
636 1957
636 1958
636 1959
636 1960
636 1961
636 1962
636 1963
636 1964
636 1965
636 1428
636 1426
636 1966
636 1967
636 525
636 1968
636 1969
636 42
636 1481
636 1970
636 1971
636 289
636 503
636 1972
636 1973
636 1974
636 1975
636 443
636 1512
636 1635
636 1976
636 1977
636 1978
636 368
636 1979
636 117
636 1980
636 1981
636 1982
636 712
636 1983
636 1984
636 1313
636 106
636 1985
636 1595
636 1986
636 1987
636 1988
636 1152
636 716
636 1041
636 1989
636 1990
636 1991
636 1310
636 1992
636 1993
636 1994
636 1995
636 901
636 1996
636 872
636 1997
636 1998
636 1999
636 76
636 2000
636 2001
636 2002
636 2003
636 2004
636 2005
636 2006
636 1862
636 2007
636 1220
636 1221
636 2008
636 2009
636 2010
636 1399
636 1004
636 1326
636 2011
636 2012
636 25
636 1318
636 2013
636 2014
636 2015
636 2016
636 2017
636 2018
636 2019
636 2020
636 1157
636 2021
636 2022
636 2023
636 2024
636 2025
636 2026
636 1330
636 2027
636 2028
636 2029
636 1740
636 28
636 2030
636 102
636 2031
636 2032
636 2033
636 2034
636 2035
636 2036
636 2037
636 2038
636 2039
636 619
636 257
636 2040
636 2041
636 2042
636 1524
636 2043
636 2044
636 2045
636 893
636 2046
636 2047
636 133
636 2048
636 2049
636 2050
636 973
636 2051
636 2052
636 2053
636 1362
636 950
636 1657
636 976
636 2054
636 621
636 2055
636 1765
636 2056
636 2057
636 2058
636 2059
636 2060
636 610
636 61
636 395
636 2061
636 2062
636 676
636 1171
636 2063
636 2064
636 2065
636 2066
636 2067
636 2068
636 2069
636 1461
636 2070
636 2071
636 2072
636 1215
636 1659
636 2073
636 2074
636 2075
636 2076
636 2077
636 2078
636 2079
636 2080
636 2081
636 1211
636 2082
636 2083
636 2084
636 2085
636 476
636 2086
636 2087
636 2088
636 2089
636 2090
636 2091
636 2092
636 24
636 2093
636 2094
636 2095
636 2096
636 31
636 2097
636 2098
636 1387
636 939
636 2099
636 57
636 2100
636 1386
636 1423
636 2101
636 2102
636 2103
636 1593
636 2104
636 2105
636 2106
636 2107
636 2108
636 2109
636 2110
636 2111
636 885
636 2112
636 2113
636 1235
636 2114
636 2115
636 1314
636 1638
636 2116
636 2117
636 2118
636 1854
636 2119
636 2120
636 2121
636 1404
636 2122
636 1170
636 784
636 1467
636 510
636 458
636 100
636 2123
636 238
636 710
636 1482
636 1733
636 1697
636 2124
636 2125
636 2126
636 786
636 215
636 2127
636 2128
636 256
636 2129
636 1800
636 2130
636 2131
636 2132
636 2133
636 2134
636 2135
636 2136
636 1431
636 2137
636 2138
636 211
636 2139
636 1332
636 2140
636 2141
636 904
636 890
636 2142
636 2143
636 2144
636 2145
636 2146
636 2147
636 2148
636 705
636 2149
636 1529
636 317
636 214
636 2150
636 2151
636 2152
636 675
636 674
636 2153
636 2154
636 2155
636 912
636 2156
636 2157
636 2158
636 2159
636 1201
636 1187
636 1077
636 1179
636 1181
636 1180
636 2160
636 1307
636 1183
636 2161
636 2162
636 2163
636 2164
636 2165
636 64
636 2166
636 260
636 622
636 623
636 221
636 523
636 2167
636 2168
636 2169
636 2170
636 2171
636 2172
636 2173
636 44
636 2174
636 2175
636 2176
636 2177
636 1319
636 2178
636 905
636 2179
636 2180
636 1206
636 1294
636 2181
636 1480
636 2182
636 173
636 892
636 2183
636 2184
636 2185
636 2186
636 1768
636 2187
636 2188
636 2189
636 2190
636 2191
636 2192
636 2193
636 2194
636 977
636 2195
636 2196
636 1547
636 2197
636 2198
636 2199
636 2200
636 2201
636 1027
636 2202
636 2203
636 2204
636 2205
636 2206
636 2207
636 515
636 2208
636 2209
636 2210
636 2211
636 2212
636 2213
636 2214
636 2215
636 2216
636 922
636 2217
636 2218
636 1434
636 2219
636 2220
636 2221
636 53
636 56
636 2222
636 2223
636 2224
636 2225
636 1654
636 1608
636 2226
636 2227
636 2228
636 2229
636 1670
636 706
636 2230
636 2231
636 2232
636 2233
636 2234
636 2235
636 2236
636 2237
636 2238
636 2239
636 2240
636 2241
636 2242
636 2243
636 2244
636 2245
636 321
636 2246
636 138
636 2247
636 2248
636 2249
636 2250
636 73
636 1780
636 2251
636 2252
636 2253
636 2254
636 2255
636 2256
636 154
636 2257
636 2258
636 155
636 2259
636 2260
636 2261
636 2262
636 2263
636 2264
636 794
636 2265
636 2266
636 2267
636 2268
636 2269
636 1748
636 1750
636 1564
636 2270
636 2271
636 2272
636 1338
636 2273
636 2274
636 2275
636 2276
636 2277
636 2278
636 2279
636 2280
636 383
636 2281
636 2282
636 2283
636 2284
636 2285
636 2286
636 2287
636 2288
636 732
636 148
636 417
636 366
636 281
636 283
636 147
636 292
636 2289
636 998
636 2290
636 903
636 2291
636 2292
636 2293
636 2294
636 2295
636 2296
636 2297
636 2298
636 2299
636 2300
636 2301
636 1005
636 2302
636 2303
636 2304
636 2305
636 2306
636 2307
636 1320
636 2308
636 1629
636 2309
636 309
636 945
636 2310
636 920
636 2311
636 1420
636 900
636 2312
636 35
636 2313
636 2314
636 2315
636 1591
636 1161
636 2316
636 2317
636 2318
636 2319
636 2320
636 2321
636 2322
636 1299
636 2323
636 2324
636 2325
636 1298
636 498
636 2326
636 1463
636 942
636 2327
636 1134
636 2328
636 2329
636 2330
636 460
636 2331
636 2332
636 2333
636 2334
636 2335
636 2336
636 2337
636 2338
636 2339
636 2340
636 1553
636 2341
636 1351
636 663
636 2342
636 2343
636 2344
636 1587
636 2345
636 32
636 1579
636 2346
636 331
636 2347
636 2348
636 737
636 2349
636 181
636 2350
636 2351
636 2352
636 943
636 2353
636 894
636 2354
636 2355
2356 538
2356 538
538 2356
2357 1754
2357 507
1213 1754
1213 507
507 2357
2358 2359
2360 636
1444 636
1444 2360
1444 366
2361 452
2361 623
173 452
173 623
2362 1161
2362 255
625 2362
625 255
625 1161
625 688
625 623
2363 2353
2353 550
2353 2363
2318 2364
2318 2365
593 1517
866 1098
56 290
290 56
56 1539
290 1539
1539 56
1539 290
2366 2367
2368 1373
2368 296
2368 1796
1797 1373
1797 296
1797 1796
1301 1373
1301 1373
1373 1301
1373 291
1481 1984
1481 1313
751 685
642 2369
1866 2370
446 2371
2372 467
1748 2254
2254 2373
2254 2257
2254 2258
2254 1747
2254 1748
154 2145
154 1747
154 2333
2254 1750
2254 2374
2254 676
2257 676
2258 676
2257 2254
2258 2254
2257 2145
2257 1747
2258 1747
2257 1748
2258 1748
2257 1750
1748 1747
1748 1750
1748 676
1750 2254
1750 1747
1750 1748
1750 676
1750 2373
1747 1750
1747 2254
1747 1748
676 1750
676 2254
676 2258
676 1747
676 1748
782 236
754 236
754 10
2375 609
2375 2376
2375 2377
2375 2378
2375 2379
2375 2380
2375 2381
2375 2382
2375 2383
2375 2384
2375 2385
2375 2386
2387 2388
2387 2389
2390 2391
2390 2391
2392 1211
2393 1211
2392 32
2394 1694
1694 2394
1694 2395
1694 2394
2394 1691
216 2396
216 2397
1176 639
1173 639
748 639
748 1197
1176 639
1173 639
1176 1197
1173 1197
2398 1582
2398 35
2398 1920
2398 1121
2398 730
2398 729
2398 2399
2400 1165
1165 1667
1103 1103
1102 1103
446 2401
550 2401
284 2401
2402 2403
2403 2402
2404 2405
2406 6
2407 1597
317 2408
181 2408
2408 317
181 317
2409 446
795 446
446 803
446 191
2410 799
2410 891
2410 2411
2410 811
2410 1002
2412 154
2412 2413
154 2414
2415 1345
1345 750
1345 104
1345 1831
750 1345
2416 2417
2416 2417
1571 2416
2416 1571
1712 973
1712 713
1409 2418
1409 2419
1409 2420
1409 2421
1409 2422
1409 2423
1409 2424
1409 2425
1409 2426
1409 2427
1409 2428
1409 2429
1409 2430
1409 2431
1409 2432
1409 2433
1409 2434
1409 2435
1409 2436
1409 2437
1409 2438
1409 2439
1409 2440
1409 2441
1409 2442
1409 2443
1409 2444
1409 2445
1409 2446
1409 2447
1409 2448
1409 2449
1409 2450
1409 2451
1409 2452
1409 2453
1409 2454
1409 2455
1409 2456
1409 2457
1409 2458
1409 2459
1409 2460
1409 2461
1409 2462
1409 2463
1409 2464
1409 2465
1409 2466
1409 2467
1409 2468
1409 2469
1409 2470
1409 2471
1409 2472
1409 2473
1409 2474
1409 2475
1409 2476
1409 2477
1409 2478
1409 2479
1409 2480
1409 2481
1409 2482
1409 2483
1409 2484
1409 2485
1409 2486
1409 2487
1409 2488
1409 2489
1409 2490
1409 2491
1409 2492
1409 2493
1409 2494
1409 2495
1409 2496
1409 2497
1409 2498
1409 2499
1409 2500
1409 2501
1409 2502
1409 2503
1409 2504
1409 2505
1409 2506
1409 2507
1409 2508
1409 2509
1409 2510
1409 2511
1409 2512
1409 2513
1409 2514
1409 2515
1409 2516
1409 2517
1409 2518
1409 2519
1409 2520
1409 2521
1409 2522
1409 2523
1409 2524
1409 2525
1409 2526
1409 2527
1409 2528
1409 2529
1409 2530
1409 2531
1409 2532
1409 2533
1409 2534
1409 2535
1409 2536
1409 2537
1409 2538
1409 2539
1409 2540
1409 2541
1409 2542
1409 2543
1409 2544
1409 2545
1409 2546
1409 2547
1409 2548
1409 2549
1409 2550
1409 2551
1409 2552
1409 2553
1409 2554
1409 2555
1409 2556
1409 2557
1409 2558
1409 2559
1409 2560
1409 2561
1409 2562
1409 2563
1409 2564
1409 2565
1409 2566
1409 2567
1409 2568
1409 2569
1409 2570
1409 2571
1409 2572
1409 2573
1409 2574
1409 2575
1409 2576
1409 2421
1409 2466
2466 1409
2524 1409
1409 2524
1409 2522
1409 2523
2522 1409
2523 1409
2440 1409
2577 1409
2421 1409
1409 2440
1409 2577
2578 2579
2578 2580
2578 2387
2580 2578
2387 2578
2581 2582
2583 2584
2585 900
2586 1549
2587 371
2587 1722
2587 1624
2587 1640
2587 2587
2587 371
2587 1640
1582 1555
2588 2589
2590 2591
2590 2592
2588 469
2588 469
2588 2589
2593 708
294 2594
622 2594
221 2594
2595 1113
2596 538
1153 2596
741 501
501 741
741 1153
741 1153
1153 741
526 526
526 2597
2598 2599
2598 2599
2598 2599
2599 2598
2599 2600
2601 2602
2601 2602
2601 1689
1689 2601
2601 2603
2603 2601
2601 2604
2601 2605
2606 2607
1366 2228
2228 2228
2228 1215
2228 1366
2608 1366
2608 1366
167 178
178 167
178 167
2271 2609
2271 1671
2610 32
395 2611
395 2612
395 2613
395 2614
221 2615
221 2616
221 2617
930 1689
1582 2399
1731 2618
1731 636
514 1831
514 104
514 1465
514 869
514 2161
2619 243
535 2620
2621 2622
2623 1480
2623 2624
2625 32
256 2626
178 2627
178 2628
178 2629
178 2630
178 2631
178 2632
178 2633
2633 178
2633 178
2634 2633
2634 2633
1593 636
2635 89
2635 89
178 2636
178 180
2637 2638
2637 2638
2637 2639
8 167
8 2640
8 2641
2640 8
2363 2363
2363 619
339 2642
2643 1173
240 253
2644 2645
244 619
244 2646
2647 2646
2647 619
180 2648
180 2649
180 2650
2651 636
180 297
180 712
180 2652
296 2652
297 2649
712 2649
297 2648
712 2648
688 618
688 619
688 1573
1990 2653
1990 2654
1990 2655
1990 2656
1990 2653
180 180
2657 2657
2658 751
751 2658
109 327
327 109
612 109
2659 2660
2659 2661
2662 2663
2662 2664
2662 2665
2662 2666
2662 2667
2662 2663
2662 2664
2662 2665
2662 2666
2662 2667
2668 2663
2668 2666
2668 2667
2663 2668
2666 2668
2667 2668
2663 2662
2666 2662
2667 2662
2665 2662
2664 2662
2662 2669
2662 2670
2662 2671
2662 2672
2662 2673
2673 2669
2673 2670
2673 2671
2673 2672
2673 2662
275 405
275 2290
2674 612
2674 612
618 2675
2676 2675
2676 128
2675 2677
2675 2676
2675 2362
2678 2675
2679 2675
1075 2680
1075 2681
1075 2680
1075 2681
2681 623
2682 2683
2682 2684
2682 2684
2684 2682
2682 2683
2685 2686
2635 1777
1157 754
1157 2687
1157 2688
1157 875
1157 66
1157 1333
1157 2689
1157 105
1157 1327
1157 2690
1157 25
1157 2691
1157 1637
1157 918
1157 2692
1157 867
1157 878
1157 704
1157 2693
1157 2694
1157 710
1157 2695
1157 919
1157 2696
1157 257
1157 2697
1157 2698
1157 2161
1157 2699
1157 1651
1157 953
1157 2700
1157 2701
1157 930
1157 2702
1157 2703
1157 1332
1157 101
1157 2704
1157 769
1157 2705
1157 872
1157 916
1157 2706
1157 1566
1157 2707
1157 625
1157 32
1157 1501
1157 238
1157 2708
1157 2709
1157 1604
1157 2710
1157 1166
1157 2711
1157 2712
1157 2713
1157 2714
1157 253
1157 1319
1157 1211
1157 2715
1157 398
1157 2137
1157 1871
1157 2716
1157 2717
1157 2718
1157 1614
1157 35
1157 511
1157 2719
1157 2720
1157 1220
1157 886
1157 2721
1157 2722
1157 2723
1157 2724
1157 2725
1157 2726
1157 1589
1157 102
1157 2727
1157 973
1157 1420
1157 1031
1157 395
1157 2728
1157 2729
1157 797
1157 2730
1157 724
1157 2731
1157 2732
1157 1722
1157 1183
1157 888
1157 2733
1157 1899
1157 2734
1157 2735
1157 154
1157 1157
1157 2736
1157 2737
1157 2738
1157 2739
2738 1157
2738 1389
2738 1157
636 1157
2740 754
2209 2741
2209 2741
2209 2741
2018 636
2017 636
2018 2017
2742 2290
2742 2275
2742 147
2742 2170
2742 904
2742 2743
2742 1423
2742 2744
2742 2745
2742 2746
2742 395
2742 973
2742 625
2742 2747
2742 1635
2742 970
14 636
709 14
709 2746
1157 538
1157 636
636 341
255 493
2748 625
2748 713
388 1491
2749 106
1303 2750
1303 2751
1303 2751
1303 2750
1162 7
2752 2753
1689 2753
6 636
6 709
6 751
2754 2304
312 312
2755 312
1748 312
757 636
757 2756
757 2757
2757 757
813 1224
2758 1224
2758 1224
352 181
2759 1163
1163 2760
1468 286
1468 7
1468 563
2761 215
786 215
1444 2762
1444 366
1444 283
1444 2763
2764 150
2765 2766
2767 150
2767 1777
1204 1205
1204 1194
1194 1205
1194 1205
1194 1204
1194 1204
2768 2349
2768 1530
2349 1134
543 1755
1755 543
1755 811
2769 2302
2769 2770
180 178
178 180
180 178
180 178
178 178
2771 2772
2771 501
2771 2772
2771 2772
2771 2773
2771 2774
2771 2775
2771 2776
2771 2777
2771 2778
1671 593
1671 702
593 1671
702 1671
593 1671
702 1671
593 1671
702 1671
2779 159
1774 159
644 2780
2780 644
2781 695
294 2782
1303 501
526 2783
526 2784
581 581
581 1389
2785 2786
2787 2788
2788 2788
2789 2790
2791 2792
2789 2792
785 2786
1528 796
1528 796
796 1528
1528 2793
1528 2786
1528 796
2794 35
41 35
1386 35
294 2795
622 2795
221 2795
642 243
294 243
2017 1209
2017 1194
2796 744
2797 744
2798 744
2799 744
744 2796
744 2797
2800 105
2800 2801
1432 2801
2802 2801
252 2803
252 2804
751 2680
2805 2806
2805 1618
2805 2289
2805 2807
2805 1533
2805 1403
2805 2808
2805 2809
2805 1420
2805 2810
2805 2811
2805 2812
2805 2813
2805 2814
2805 964
2805 1871
2805 2815
2805 2290
2805 2816
2805 1426
2805 2817
2805 1790
2805 2818
2805 2819
2805 2820
2805 920
2805 2821
2805 2822
2805 2823
2805 2824
2805 2825
2805 2826
2805 2827
2805 2714
2805 2828
2805 2829
2805 2830
2805 2189
2805 2831
2805 2832
2805 2833
2805 2834
2805 117
2805 2835
2805 2836
2805 663
2805 1148
2805 2837
2805 2838
2805 2839
2805 2840
2805 1554
2805 1005
2805 2841
2805 2842
2805 2843
2805 2844
2805 1345
2805 903
2805 713
2805 1634
2805 2845
2805 2846
2805 2847
2805 2848
2805 2849
2805 2850
2805 2851
2805 2852
2805 133
2805 2853
2805 2854
2805 2855
2805 2856
2805 2857
2805 2858
2805 2859
2805 947
2805 2860
2805 2861
2805 2862
2805 2863
2805 2864
2805 2865
2805 995
2805 2866
2805 2867
2805 2868
2805 2869
2805 2870
2805 2871
2805 2872
2805 1194
2805 1178
2805 2873
2805 2874
2805 977
2805 2875
2805 2876
2805 2877
2805 2878
2805 2879
2805 2275
2805 2880
2805 2881
2805 2882
2805 2883
2805 1548
2805 1572
2805 2884
2805 2885
2805 2886
2805 2887
2805 2888
2805 2889
2805 2890
2805 2891
2805 2892
2805 2893
2805 1007
2805 2894
2805 2895
2805 2896
2805 2897
2805 974
2805 2898
2805 2899
2805 606
2805 2708
2805 170
2805 2900
2805 2901
2805 2902
2805 2903
2805 2904
2805 2905
2805 377
2805 2906
2805 2907
2805 2908
2805 2909
2805 2910
2805 1595
2805 931
2805 1333
2805 2911
2805 2912
2805 2913
2805 2914
2805 2915
2805 1387
2805 2916
2805 2917
2805 2918
2805 937
2805 2919
2805 2920
2805 2921
2805 2922
2805 2923
2805 1907
2805 2924
2805 890
2805 2925
2805 2926
2805 2927
2805 2928
2805 1838
2805 2929
2805 2930
2805 2931
2805 2932
2805 2933
2805 2934
2805 2935
2805 2936
2805 2937
2805 2938
2805 2939
2805 2940
2805 2941
2805 2942
2805 2943
2805 2944
2805 2945
2805 2946
2805 2947
2805 2948
2805 2949
2805 2950
2805 2951
2805 2952
2805 510
2805 432
2805 2953
2805 2954
2805 2955
2805 1865
2805 1566
2805 2956
2805 2957
2805 2958
2805 1024
2805 2959
2805 2960
2805 2961
2805 2962
2805 2350
2805 1010
2805 2963
2805 1122
2805 636
2805 2964
2805 2733
2805 2965
2805 2966
2805 2967
2805 2968
2805 2969
2805 2257
2805 2970
2805 309
2805 2971
2805 2025
2805 2972
2805 2973
2805 2974
2805 2975
2805 2976
2805 2977
2805 2978
2805 2979
2805 2980
2805 2981
2805 2982
2805 2983
2805 1185
2805 2724
2805 2984
2805 2985
2805 2986
2805 2987
2805 2988
2805 2989
384 436
1097 1985
1985 1097
1745 134
1597 105
2748 1432
2990 2389
699 2389
699 1432
699 2991
699 2992
699 2993
636 526
2994 520
2995 243
133 1373
133 783
1373 255
783 255
1373 295
255 2996
586 255
255 586
255 586
255 493
577 2997
44 30
44 1427
1427 2998
2999 697
2999 697
697 2999
3000 3001
3002 2786
228 229
228 243
2995 243
230 243
556 433
1385 3003
1385 3004
612 708
2363 708
555 3005
3006 3007
3006 3008
3008 3007
3008 3006
596 3009
596 3010
596 3011
596 3012
3011 596
3013 589
589 3013
3013 589
3014 433
3009 433
673 2746
3015 3016
3015 3016
3016 3015
556 3017
3017 556
277 3018
556 632
632 556
428 556
3019 3009
3009 3019
428 3009
3009 428
659 668
3020 556
3021 1152
3022 1152
3021 3023
3021 3024
3021 636
3021 2329
3021 498
3021 1152
3021 3025
3021 538
3021 342
500 199
438 199
3026 199
199 500
1411 199
199 2796
3027 818
818 3027
3027 3028
274 10
274 3029
3029 274
3030 3029
3031 3029
3032 3033
3033 3032
3033 3032
3034 3035
3034 2676
2676 128
2676 618
2676 2675
618 2675
618 259
1451 167
1451 1171
8 167
178 2657
2657 1215
2796 1736
612 1736
612 612
612 3036
1736 3037
612 3036
612 1786
2406 1593
3038 3039
3038 3040
3038 3040
2755 501
3041 2755
2755 3041
933 371
3042 3043
3044 696
3044 258
3044 1554
3044 1725
3044 3045
526 3046
696 2153
3047 3048
3049 636
1539 180
1539 178
180 1539
1167 1167
3050 1167
1171 3051
1171 3052
1171 924
1171 3053
1171 245
1171 3051
1171 3052
1171 924
1171 3053
1171 245
1171 274
1171 1432
255 102
255 102
102 255
2609 2363
2609 2363
2363 2609
3054 2609
3055 910
3055 3056
3055 2185
3055 2770
3055 892
1560 933
3057 3058
3058 3057
3057 3058
339 3059
339 3059
339 3060
1365 1365
3061 1304
3061 1303
3062 14
3062 14
2410 799
2410 1002
3063 799
3064 799
3065 799
1224 813
511 3066
3066 511
716 498
716 1329
716 42
716 3067
716 3068
716 3069
716 718
716 3070
716 716
716 1480
716 3071
716 443
716 2193
716 2082
716 3072
716 3055
716 3073
716 2053
716 3074
716 3075
716 1659
716 3076
716 1324
716 3077
716 1216
716 611
716 3078
716 3079
716 3080
716 3081
716 3082
716 1323
716 3083
716 3084
716 3085
716 3086
716 3087
716 3088
716 3089
716 3090
716 3091
716 3092
716 2160
716 3093
716 2093
716 1771
716 3094
716 3095
716 3096
716 3097
716 734
716 728
716 1215
716 954
716 3098
716 3099
716 729
716 14
716 3100
716 731
716 3101
716 3102
716 3103
716 3104
716 726
716 3105
716 721
716 723
716 3106
716 456
716 3107
716 458
716 3108
716 919
716 733
716 3109
716 719
716 3110
716 3111
716 1420
716 2588
716 732
716 3112
716 144
716 2722
716 145
716 3113
716 906
716 1010
716 3114
716 3115
716 3116
716 3117
716 457
716 730
716 2311
716 3118
716 1116
716 408
716 900
716 1121
716 3119
716 3120
716 3121
716 1322
716 3122
716 3123
716 3124
716 769
716 3125
716 3126
716 3127
716 3128
716 3129
716 284
716 40
716 3130
716 273
716 3131
716 3132
716 2098
716 1625
716 3133
716 3134
716 3135
716 3136
716 2728
716 1345
716 2033
716 920
716 3137
716 642
716 3138
716 3139
716 608
716 3140
716 3141
716 3142
716 944
716 2144
716 1731
716 2818
716 3143
716 3144
716 3145
716 2130
716 1745
716 506
716 3146
716 3147
716 3148
716 1555
716 3149
716 3150
716 2844
716 3151
716 3152
716 3153
716 3154
716 727
716 472
716 673
716 3155
716 3156
716 1763
716 3157
716 3158
716 3159
716 941
716 167
716 3160
716 3161
716 3162
716 3163
716 3164
716 3165
716 1866
716 3166
716 3167
716 2090
716 3168
716 3169
716 3170
716 3171
716 3172
716 3173
716 3174
716 3175
716 3176
716 3177
716 1330
716 1614
716 3178
716 3179
716 1138
716 459
716 3180
716 1738
716 3181
716 3182
716 3183
716 3184
716 3185
716 3186
716 3187
716 3188
716 3189
716 3190
716 3191
716 3192
716 3193
716 3194
716 406
716 3195
716 3196
716 3197
716 749
716 3198
716 3199
716 975
716 725
716 2902
716 3200
716 3201
716 1741
716 2735
716 2938
716 3202
716 2864
716 3203
716 1529
716 3204
716 1146
716 1095
716 3205
716 525
716 3206
716 287
716 1211
716 3207
716 3208
716 3209
716 3210
716 3211
716 3212
716 306
716 3213
716 3214
716 3215
716 3216
716 3217
716 3218
716 3219
716 3220
716 1881
716 3221
716 3222
716 3223
716 3224
716 3225
716 3226
716 873
716 606
716 3227
716 3228
716 3229
716 3230
716 3231
716 3232
716 3233
716 3234
716 3235
716 3236
716 3237
716 2404
716 3238
716 3239
716 3240
716 679
716 3241
716 3242
716 3243
716 3244
716 3245
716 3246
716 2203
716 3247
716 3248
716 3249
716 3250
716 2932
716 3251
716 3252
716 3253
716 3254
716 3255
716 3256
716 3257
716 3258
716 3259
716 3260
716 3261
716 3262
716 3263
716 3264
716 3265
716 1768
716 918
716 3266
716 1025
716 3267
716 2689
716 1652
716 3268
716 3269
716 3270
716 3271
716 3272
716 3273
716 3274
716 2095
716 3275
716 3276
716 2348
716 3277
716 3278
716 3279
716 3280
716 3281
716 3282
716 3283
716 3284
716 3285
716 3286
716 3287
716 1445
716 3288
716 3289
716 3290
716 3291
716 3292
716 3293
716 1662
716 3294
716 3295
716 3296
716 3297
716 3298
716 3299
716 3300
716 3301
716 3302
716 639
716 3303
716 733
716 3104
716 716
716 716
716 3304
221 3305
276 3014
276 3014
3306 3307
3306 3308
3306 1979
3309 3310
3311 3312
550 3313
782 3314
467 3314
782 3315
782 709
3316 3317
3316 3318
3316 709
3319 874
3320 874
874 3321
168 538
168 538
3322 3323
3322 1864
3322 498
3322 1159
3322 601
3322 1651
3322 3324
3322 1633
3322 2984
3322 1420
3322 900
3325 3323
3325 1864
3325 498
3325 1159
3325 601
3325 1651
3325 3324
3325 1633
3325 2984
3325 1420
3325 900
3325 3323
3325 498
3325 1159
3322 3323
3322 498
3322 1159
526 617
408 3326
294 3327
294 539
339 539
3328 1128
3328 294
3329 3227
3330 1929
49 3331
189 3331
190 189
3332 3049
3332 3049
3333 193
3333 193
3333 1205
3333 193
3334 3335
3334 1679
3336 3334
1679 3334
3334 3334
3334 3336
3334 3334
3334 3337
2749 106
1233 106
385 106
3338 215
3338 3339
3338 2596
3338 3340
2596 3338
3341 159
3341 193
1786 3342
3342 1786
3343 3344
1116 730
730 1116
3345 730
1116 729
729 1116
3345 729
1814 2333
3346 3347
3346 3348
3346 1091
3349 857
3350 3351
660 751
3352 1509
3353 1130
3353 1130
1130 3353
1484 1134
1484 1387
85 3354
3354 85
3355 2827
3355 3356
3356 2827
1429 539
1429 539
539 1429
3357 500
3357 438
3357 3026
517 1442
517 3358
3358 517
1442 517
500 3359
3359 500
3359 500
722 500
722 3359
722 2815
500 199
500 178
500 670
1157 538
1546 101
1546 150
1546 1542
1546 2839
1546 133
1546 1746
1546 1777
1546 2900
1546 2815
1546 2
1546 1542
1546 101
2302 1546
2302 1542
2302 530
275 1094
1807 474
3360 1094
3361 474
3360 1807
540 3362
540 3363
540 541
3364 3365
3366 3365
3367 3365
526 501
526 501
3368 3369
3370 2746
3370 709
2660 697
2660 697
697 2660
3371 2660
709 3372
709 3373
709 663
663 3372
663 3373
663 709
3374 663
3374 3372
3375 3376
3375 3377
3375 670
670 3375
3375 670
436 691
436 2651
3378 696
3379 1606
3379 154
3379 48
3379 1984
3379 2122
3379 35
3379 907
3379 3147
3379 3380
3381 1299
538 1157
538 1157
624 85
624 3382
3383 3384
3385 3386
3386 3385
3385 3386
3386 3385
3385 3386
3385 3385
3386 3387
3386 3388
14 1445
1400 220
1569 3389
9 3390
668 3390
3390 668
617 3390
3391 3390
3392 274
2995 3393
1931 2686
1931 2686
3394 2686
651 2680
452 2680
612 1965
612 612
1113 187
1113 1114
1114 1113
1113 3395
3396 3393
3393 3396
3397 3398
297 747
590 136
136 590
1575 1740
1575 436
1575 2127
1575 2127
1740 2127
1740 8
255 3399
255 3399
255 3400
255 3401
1921 3402
3402 1921
3402 42
3402 1921
3402 3403
3402 3404
3402 221
3402 2271
3402 3107
3402 1494
3402 3405
3402 2144
3402 1387
3402 705
3402 3406
3402 3407
3402 3244
3402 1512
3402 3408
3402 3409
3402 2939
3402 3410
3402 3380
3402 3411
3402 66
3402 1425
3402 3412
3402 2350
3402 3413
3402 2202
3402 150
3402 3414
3402 2351
3402 3415
3402 3416
3402 3417
3402 1542
3402 928
3402 2074
3402 704
3402 1386
3402 3418
3402 2263
3402 744
3402 3419
3402 3420
3402 1237
3402 2033
677 1786
677 1157
677 612
1157 677
1786 1157
3402 2054
3402 2844
3402 1910
3402 510
3402 3421
3402 3402
3402 1850
3402 3422
3402 2003
3402 3423
3402 3424
3402 3425
3402 3426
3402 622
3402 3427
3402 3428
3402 3429
3402 3430
3402 1619
3402 3431
3402 1078
3402 1747
3402 2081
3402 3432
3402 3433
3402 2068
3402 1616
3402 3434
3402 3435
3402 2866
3402 3436
3402 868
3402 3437
3402 3438
3402 3439
3402 1985
3402 3440
3402 3441
3402 3442
3402 3443
3402 3444
3402 1900
3402 923
3402 3445
3402 2880
3402 2933
3402 3446
3402 3447
3402 2373
3402 3448
3402 1235
3402 3449
3402 2221
3402 3450
3402 1996
3402 45
3402 1211
3402 2276
1137 1719
2209 1719
3402 1623
3402 3451
3402 2747
3402 1075
3402 3452
3402 3453
3402 3234
3402 3454
3402 3455
3402 455
3402 3280
3402 3456
3402 3457
3402 3458
3402 3459
3402 3460
3402 3114
3402 2902
3402 3461
3402 2102
3402 3462
3402 3463
3402 2043
3402 977
3402 2416
3402 2811
3402 3464
3402 3465
3402 931
3402 1157
3402 2687
3402 3466
3402 3467
3402 3468
3402 3469
3402 991
3402 1940
3402 3470
3402 3471
3402 3472
3402 3473
3402 436
3402 1909
3402 1613
3402 3474
3402 2909
3402 3475
3402 3476
3402 3477
3402 902
3402 658
3402 3478
3402 281
3402 258
3402 3479
3402 3480
3402 3481
3402 2936
3402 2234
3402 1617
3402 3482
3402 2690
3402 3483
3402 460
3402 3484
3402 3485
3402 2762
3402 3486
3402 3487
3488 44
3488 3489
3488 1480
3488 368
3488 44
3488 3489
3489 3489
3488 3489
525 3490
525 3491
525 3492
3490 525
3491 525
3492 525
3490 104
3491 104
3492 104
60 1737
1740 1737
1146 1555
3493 3494
3493 3494
3493 3495
2416 3493
3493 2416
3495 3493
294 2782
526 3496
3497 1526
102 3498
3498 102
102 3498
593 102
102 3498
3499 180
3498 102
1442 2085
1231 3500
545 1455
178 3501
337 3502
2761 44
2761 46
2761 215
2761 1162
3503 292
3504 2275
1555 3227
1555 211
1738 3227
1738 1555
1097 660
3505 3506
3505 3505
3507 3508
3507 3508
3508 3507
1484 3508
751 219
751 617
751 660
3509 1694
3509 500
1694 500
500 3509
500 1694
