635 -0.40606787 -0.12132671
715 -0.38681724 -0.20046797
2804 -0.43964646 0.08368226
1408 0.72579426 -1.11904940
813 -0.43858797 0.04439658
3401 -0.40703126 -0.13092615
1156 -0.43459503 -0.00835420
537 -0.41883480 0.34498744
291 -0.42461563 -0.02117877
1587 -0.41656174 -0.04752207
432 -0.15064266 1.93315316
1293 -0.41355919 -0.03168852
21 -0.33493239 -0.23876761
293 -0.42610383 0.11807681
753 -0.41881639 0.13764477
177 -0.41330364 0.13681499
662 -0.39610032 -0.05742493
1541 -0.35157890 -0.19027365
876 0.03576769 2.51935937
1341 -0.39924296 0.42510136
105 -0.34119979 -0.19705499
499 -0.37667851 -0.16068966
274 -0.30955489 -0.28489274
43 -0.28372182 -0.28288232
149 -0.31291802 -0.24761967
175 1.89195000 3.64354512
220 -0.41701172 0.06218729
34 -0.39836527 -0.08453742
624 -0.39992743 -0.08241737
1340 -0.40647433 0.37913815
257 -0.31539683 -0.23967117
333 -0.44097633 0.17829772
2374 1.52318883 -1.55041998
1176 -0.40597525 0.04094680
394 -0.41780381 -0.01896455
2741 -0.40825916 -0.05530676
750 -0.37177603 -0.16349233
55 -0.31699273 -0.25124670
5 -0.40750134 0.01431134
383 -0.34617531 -0.19153585
132 -0.40984235 -0.04340182
209 0.09454368 -0.61080269
1193 -0.39873018 -0.03368168
179 -0.40806113 0.20745701
562 -0.25113994 -0.32660869
1820 -0.18042383 -0.40282070
75 -0.35239357 -0.19789021
1342 -0.40161260 0.41238813
382 -0.31686049 -0.22958099
1453 -0.42160512 0.09507233
193 -0.40705754 0.20759999
166 -0.31452875 -0.28922292
254 -0.42663239 0.15861041
1234 -0.32788965 -0.23157116
451 -0.41837966 0.10738757
708 -0.39254348 -0.04941190
445 -0.43090877 0.04540981
370 -0.42701940 0.16273335
100 -0.38664957 -0.14160555
1747 -0.34263908 -0.19723690
88 -0.17032271 -0.46079656
13 -0.33202828 -0.27368053
525 -0.42484080 0.00354739
810 -0.41508853 0.13948661
343 -0.16201191 1.74204034
1732 -0.23800644 -0.33660901
1210 -0.42088640 0.00295248
638 -0.42396489 0.20594996
621 -0.42267068 0.08425274
549 -0.43247706 0.13314427
214 -0.36386144 -0.18081425
146 -0.39189562 -0.08844108
28 -0.34735724 -0.21661586
781 -0.42380230 0.02331417
1727 -0.21568856 -0.35394427
103 -0.42531060 0.03398894
198 -0.23934695 -0.33659377
1545 -0.37843605 -0.16571541
2661 0.64110682 4.13856248
555 -0.25410269 1.37916921
675 -0.36005953 -0.15803939
60 -0.27141258 -0.30252361
3321 -0.39883177 -0.07177121
1170 -0.27297640 -0.33363080
3324 -0.39252003 -0.08109829
1863 -0.35523543 -0.19681286
2770 0.03183659 2.55364286
1236 -0.32319982 -0.22603679
611 -0.43110201 -0.10797639
588 -0.35608203 0.77108144
153 -0.38059575 -0.18390949
215 -0.37623715 -0.10416587
482 -0.40392681 0.20814824
210 -0.30567881 -0.29417323
137 -0.30362639 -0.26447384
580 -0.39101676 0.49273566
497 -0.40773522 -0.08702650
618 -0.26821473 -0.33027128
435 -0.35251570 -0.20049105
659 -0.39111191 -0.06931564
1749 -0.35053354 -0.17876944
500 -0.42052157 0.23100771
1035 -0.29935750 -0.26863609
1372 -0.39689061 0.00721459
158 -0.21888590 -0.35585256
3020 -0.43509007 0.03025375
350 -0.28283362 1.10692779
147 -0.35354905 -0.15822833
516 -0.29793600 -0.27922891
77 2.96592278 1.64665182
1517 3.02093438 1.84018979
1733 -0.19372650 -0.37889044
616 -0.31853096 -0.27445758
678 -0.42700003 0.03589578
492 -0.41697542 0.26472557
3378 -0.37704159 -0.13870444
196 2.80794188 -2.20604786
1746 -0.36510763 -0.16796681
2253 -0.34779494 -0.19020994
9 -0.41350780 -0.04598090
524 -0.39699585 -0.11923254
1421 -0.40044512 -0.04108609
1553 -0.38333287 -0.16122830
170 0.10172486 3.01502338
1739 -0.28934161 -0.29452157
1540 -0.31631427 -0.23179485
1735 -0.22626587 -0.34671160
190 -0.41284035 0.15254540
340 -0.43444364 -0.05727183
1302 -0.42066355 0.08907334
1344 -0.43663016 0.06672710
1104 -0.31188556 -0.27318863
1070 -0.41758111 -0.02775090
1164 -0.16462809 -0.42699268
41 -0.38299995 -0.16701797
390 -0.33849309 0.85131614
899 -0.41008358 -0.08518838
31 -0.41551871 -0.07317557
7 -0.15510979 -0.41786980
36 -0.36811441 -0.17312954
669 -0.41877838 0.22077130
338 -0.37316270 0.59325050
2256 -0.38866306 -0.13338428
1419 -0.41103106 -0.07394930
631 -0.27658488 1.25309254
405 -0.07988823 -0.48569417
622 -0.41175341 0.07167421
1115 -0.26770155 -0.31533585
1204 -0.34356225 -0.19634796
404 -0.03193107 -0.51664515
1426 -0.33595020 -0.24514221
1129 3.19659522 -2.13238912
1736 -0.16384009 -0.39976886
1196 -0.41551474 0.17593303
311 -0.29469145 -0.26658346
1431 -0.22824689 -0.37178153
367 -0.26959285 -0.30781897
698 0.76676375 -1.08813740
511 -0.28799279 -0.29425317
577 -0.29518032 -0.29750826
411 -0.29877002 -0.25535823
785 -0.37739950 -0.13204020
601 -0.45125678 0.20117620
1581 -0.32285017 -0.23878944
1443 -0.38221856 -0.10301779
743 -0.27656647 -0.28892135
1112 3.06211461 0.41953149
506 -0.41931505 0.13935047
242 -0.33485830 0.65830136
180 -0.41614273 0.19054128
619 1.70097791 -1.72995950
2397 -0.31721002 -0.25767626
1179 -0.40092031 -0.00681554
2600 -0.19013535 1.69234416
101 -0.41120817 -0.06440022
687 -0.35638263 -0.21790174
437 -0.24667781 -0.32149615
1488 0.49146103 -0.88070116
592 -0.33206575 -0.24658889
45 -0.36834821 -0.17722451
617 -0.23302285 -0.34819005
290 -0.42029116 0.03506014
711 -0.40622751 0.01342913
466 -0.40004093 0.43145019
1554 -0.36351465 -0.20648434
1371 -0.42163793 0.03113440
143 -0.34038050 -0.21400216
747 -0.42153573 0.15588589
295 -0.40268634 0.08728772
104 -0.41006673 -0.06002847
1361 -0.32222453 -0.24015266
641 -0.41433665 -0.05236322
288 -0.29250166 -0.28738429
207 -0.14868228 -0.42071711
56 -0.23042966 -0.35378408
620 -0.41778656 0.03382794
305 -0.42268580 0.03047715
1730 -0.27918184 -0.30970052
192 -0.31753392 -0.22877929
329 -0.31942499 -0.23777423
430 -0.37200651 0.69497291
1287 2.79153492 2.91177985
749 -0.44314157 -0.23851558
84 -0.15413820 -0.43810529
3054 -0.39684966 -0.15257253
694 -0.22372621 -0.37565678
442 -0.38871460 -0.20231296
756 -0.32414597 -0.23762422
595 -0.32984268 0.95446257
1368 -0.42113248 0.08275387
2674 -0.16343834 -0.41428976
1721 -0.41377358 0.14706173
108 -0.25644197 -0.33697170
321 2.53304008 -1.06201247
3385 2.37592791 -1.54918134
3364 2.61380142 -2.17791874
539 2.56782432 -2.17586155
1411 2.57705715 -2.15131323
225 2.53716704 -2.17026528
243 -0.13210263 -0.46085861
1776 -0.33200898 -0.26914834
1480 -0.37908268 -0.11978351
1785 -0.43827108 0.11237089
707 -0.23779643 -0.35406659
235 -0.40967071 -0.02060629
1386 -0.42920688 -0.02353678
1160 -0.32917741 -0.24687544
544 -0.38130709 0.59238866
1834 -0.39269346 0.12775155
64 -0.37338766 -0.15286985
51 -0.13221607 -0.45001115
507 -0.42825995 0.12836422
972 -0.42983034 0.00095257
513 -0.42523657 0.06322447
1214 -0.42106584 -0.02220276
1114 -0.21089857 -0.36278855
407 -0.15416070 -0.43503553
172 -0.40763333 -0.01777934
1670 -0.31277463 -0.25689969
1093 -0.32038417 -0.25762460
12 -0.40461159 0.39884404
3333 0.16865937 2.94728002
144 -0.32820487 -0.24240963
1538 -0.40188960 -0.06063573
508 -0.38037879 0.60512638
1202 -0.39568117 -0.05628439
1775 -0.33713866 -0.21476400
102 -0.38678384 -0.11797964
782 -0.40913853 0.04990791
3345 3.15708072 -1.61031358
296 -0.41067663 0.13970147
1989 -0.41783621 0.08078630
342 -0.41790563 0.09429853
1076 -0.39200212 -0.03734114
1767 -0.34372497 -0.26765239
133 -0.42441039 0.37768632
2672 0.63620405 4.15094849
1137 -0.39993533 -0.24556346
1223 -0.33773867 0.90083710
186 3.16029977 0.32235945
227 -0.09829173 1.83038064
502 -0.40983059 -0.05849092
1288 2.79689886 2.86461580
1403 -0.41811450 0.06755178
535 0.34910680 -0.81070614
721 -0.35082899 -0.21230386
273 -0.32813926 -0.26159193
1589 -0.41771928 0.11339488
973 -0.43014615 0.06398128
121 -0.36919380 -0.24211973
594 -0.43427264 0.23071365
1205 -0.38457566 -0.15297263
748 -0.41809563 -0.01187096
1688 -0.30736005 1.07676182
419 -0.18003746 1.67222568
1479 -0.33288734 -0.26899123
576 -0.23110628 -0.36342582
798 -0.37914239 0.43871756
1744 -0.44512164 -0.09270471
316 -0.42301454 0.12287436
902 -0.42971836 -0.02066362
1165 -0.42058308 -0.02085890
1092 -0.40063339 -0.11244929
873 -0.43327277 0.13130403
930 -0.43402114 -0.01904789
676 -0.44697818 0.00876763
1507 -0.34762724 -0.23835089
2409 -0.39776083 0.29684791
2301 -0.34396937 -0.22739019
1497 -0.28858081 -0.34125968
1385 -0.40815591 -0.08355659
167 -0.41091888 -0.21977535
605 -0.44300417 -0.00863366
181 -0.03987467 2.39042743
459 -0.38824217 -0.16786254
218 -0.37442300 -0.15291703
3008 -0.24005462 1.44424973
252 -0.38971150 0.41351747
927 -0.41846373 -0.06538670
1133 -0.42097901 -0.00294823
1096 -0.40421765 -0.08333692
1001 -0.40916460 0.18637154
1094 -0.37814803 -0.16319943
237 -0.41888840 -0.03001612
1588 -0.42614302 0.01768743
1145 -0.42608037 -0.07308247
1693 -0.18712861 -0.39953033
1634 -0.39721908 -0.08883603
536 -0.43885891 0.00635931
465 -0.13284257 1.82900451
397 -0.39597277 -0.15256444
871 -0.42570698 -0.03811886
3043 -0.22367824 -0.37113921
128 -0.37006023 -0.15515367
1182 -0.40614640 -0.02101091
1200 -0.39674002 -0.07509591
900 -0.42568095 -0.02471500
811 -0.43957864 0.11032027
65 -0.41772745 -0.08988356
1577 -0.28537917 -0.29550221
2257 -0.35383964 -0.17251283
1172 -0.42005942 0.19347597
6 -0.18869788 -0.38726140
1527 -0.19991231 1.42734086
874 -0.42391780 0.01352273
35 -0.40701880 -0.06023242
358 0.02348397 2.61216543
211 -0.30645418 -0.27281720
710 -0.41040425 0.04797804
1574 -0.38560797 -0.14827207
802 -0.41036301 0.19742907
1198 -0.38336755 -0.01046353
1796 -0.39066993 -0.02616778
122 -0.39426550 -0.17787387
1737 -0.28214711 -0.31151773
287 -0.31229064 -0.23840691
636 -0.38729831 0.53218073
427 -0.29956381 1.15299774
310 -0.23867163 -0.33363342
47 -0.31020702 -0.25949383
1117 -0.19751706 -0.37376874
52 -0.24932795 -0.33512208
2785 -0.36378875 0.55183780
538 -0.42765350 0.01936672
440 -0.23709116 -0.34817002
1082 1.38543088 5.47204128
313 3.16789675 3.03319523
2589 1.10134351 5.48199767
1851 3.37436827 2.29955858
1376 1.18650579 6.44669343
2681 1.82178801 4.69913658
297 1.27048995 5.07809876
2636 0.78389547 5.39075762
1390 2.05314922 4.56465317
2598 2.33176932 5.11261427
1742 0.79274822 5.56064266
17 2.54073501 4.54373638
3037 1.36015323 5.75839341
461 2.54522875 4.94055686
408 2.03149731 4.40149429
765 1.04247394 5.49536060
1802 -0.28934668 -0.25836938
1097 -0.33238131 -0.12194017
424 -0.18662194 1.55890408
2415 -0.46092013 0.17394460
1379 0.76892830 4.89871658
1696 -0.37296691 -0.21167148
1568 -0.42701946 0.14859298
1365 -0.38642979 -0.11042195
1770 -0.45237124 -0.00735636
791 -0.36941435 -0.16330372
695 -0.00570679 -0.55333473
2577 2.26115326 -2.06706831
529 -0.28028049 -0.32115023
554 -0.41072099 0.44055643
1722 -0.40655563 0.18298530
2675 -0.07807851 -0.49131246
740 -0.40064697 0.40089521
541 -0.31341746 1.00866317
1162 -0.37224676 -0.19715617
610 -0.44983650 0.09656344
2386 1.77616913 -1.75953886
1151 -0.42462911 -0.06036264
1384 -0.42272732 -0.01113801
1147 -0.44643603 0.07081189
3337 -0.42867725 0.10273846
326 0.08153993 -0.61424548
510 -0.42989349 0.03947606
704 -0.39214270 -0.13367481
1667 -0.19622623 -0.41464886
398 0.02898396 -0.57330973
976 -0.43392483 -0.04120061
534 1.19821578 -1.38846726
736 -0.39112583 -0.07713358
1095 -0.42955634 0.29929774
2274 -0.42864351 -0.02002936
131 -0.39959341 -0.07452724
251 -0.33026918 0.74047476
308 -0.42638550 -0.00724262
509 -0.43866283 -0.02893442
2016 -0.39038909 -0.10441196
98 -0.28261953 -0.35065485
1422 -0.40021926 -0.07172585
72 -0.42847747 0.12198009
623 -0.34629547 -0.23950078
919 -0.43477474 -0.06777843
734 -0.41375479 -0.03685523
712 -0.42451762 0.02731332
1483 -0.42937666 0.07269499
1177 -0.42473574 0.06652908
1074 -0.41418545 -0.00402066
1711 -0.43334594 0.13823008
918 -0.42834258 -0.07482554
868 -0.42487888 0.04715193
2388 1.31301382 -1.45417813
1 -0.31322400 -0.28109197
2788 0.91399692 5.58469256
221 -0.35262787 0.76916314
1178 -0.39571956 -0.02533737
2745 -0.39422049 -0.08726922
255 -0.40174347 -0.07916742
285 -0.17831792 -0.38763281
768 -0.41386999 -0.12089516
932 -0.41708323 0.00619408
2791 0.89238674 5.55409281
1229 -0.21313208 -0.35356412
2679 -0.41785619 0.03813099
1146 -0.43780756 0.01977346
1303 -0.41501500 0.03983141
3487 -0.25579042 -0.33178394
729 -0.30122133 -0.29475942
1565 -0.43823822 0.04913874
1006 -0.42775623 0.07370089
1140 -0.40090524 -0.02803104
3389 -0.29533774 -0.28019160
1596 -0.39254521 -0.00926768
2362 -0.29128115 -0.29965312
1312 -0.39527228 -0.07298942
2289 -0.42071620 -0.09570553
1757 -0.08354517 -0.48415927
666 -0.35898788 -0.18272085
99 -0.37951155 -0.12821752
2659 1.19791804 -1.37902262
732 -0.45524075 -0.00949404
1031 -0.41435695 0.05570702
728 -0.30107444 -0.29785823
680 -0.42445152 0.10032275
178 -0.40638695 0.26046356
2361 -0.36750640 -0.20031358
1418 -0.39564262 -0.05160513
650 -0.41562860 0.15411878
761 -0.42896006 0.18463171
567 -0.06219272 2.30407609
289 -0.34474884 -0.20431938
512 -0.42270600 0.05004070
142 -0.35688933 -0.18654707
3226 -0.31740070 -0.27237220
455 -0.33213863 -0.25154078
2270 -0.36385446 -0.21026272
1467 -0.16953167 -0.39477250
1203 -0.38089949 -0.08839984
1194 -0.39919660 0.02784746
1786 -0.40201772 0.44072411
438 -0.26057133 -0.30592057
63 -0.35213844 -0.17747493
416 -0.35254168 -0.19430240
1311 -0.41177604 -0.02487734
1632 -0.40001646 -0.08465837
658 -0.32070249 -0.23521733
1592 -0.39568622 -0.02389340
3305 -0.37327809 0.29855079
1090 3.04751710 -1.55645927
806 -0.40420390 0.26629715
283 -0.39678770 -0.12830573
1428 -0.36575961 -0.20304856
696 0.67715539 -1.02622735
434 -0.30492516 -0.25522192
1392 0.75513970 -1.10633406
805 -0.41087450 0.23555358
467 -0.30186164 -0.24993308
804 -0.40648988 0.26062970
803 -0.40779596 0.25602355
2760 -0.32054485 -0.25193325
1799 -0.34312443 -0.19174853
2586 -0.41756678 0.10863578
1350 -0.43008975 0.20415189
1650 -0.41138327 -0.05400878
758 -0.21393852 -0.34744603
195 2.62242286 -2.14300556
2685 -0.30973146 -0.28756084
376 -0.43850730 0.14854094
521 -0.37060812 -0.04614432
786 -0.33821031 0.90154727
336 -0.08178335 -0.51080964
3028 -0.31219005 -0.28200242
1720 -0.40652028 0.18082662
433 -0.26017107 1.34937940
1230 -0.06583130 -0.46890645
608 -0.48541970 -0.01502386
1719 -0.40847256 0.18255618
3492 -0.42314551 0.47113368
553 -0.33687365 0.92983873
1124 -0.39475662 0.15995455
1381 0.72317737 4.79921920
1723 -0.40784564 0.18250578
377 -0.26684159 -0.36289868
1557 -0.40300101 0.31849521
1378 0.72898327 4.86399767
1755 -0.39954164 0.49201821
3374 -0.35322348 0.70690780
929 -0.46536999 0.19516422
306 -0.40380581 0.13568299
1447 -0.20448128 1.47054833
173 1.56739516 3.21801485
584 -0.42083164 0.38803598
1718 -0.37842918 -0.07759290
784 -0.42864183 0.00912234
3315 -0.36510857 -0.00104874
1434 -0.40648445 -0.04755865
473 -0.15630787 -0.46051995
2800 -0.29649278 -0.29869777
2826 -0.43243530 0.22680341
135 -0.40033763 0.47328399
1789 -0.42403478 0.08817793
471 -0.40223598 -0.16013470
1163 0.15144054 -0.68341958
1009 -0.43876067 -0.05534048
2317 -0.41512505 0.01461328
276 -0.28379319 1.17077450
1402 -0.43466030 0.01266713
1219 -0.41778652 -0.07468664
1224 -0.30188656 1.10483632
2348 -0.42387062 0.03672401
2208 -0.38494337 -0.08959422
583 -0.45483677 0.09711250
522 -0.38213381 -0.07075300
2349 -0.43062402 -0.05772181
275 -0.31447654 1.01228100
1753 -0.40623672 0.30152617
905 -0.42814135 -0.10031949
1040 -0.39394631 -0.13493814
2667 0.61058135 4.13084850
2227 -0.40004535 -0.09271674
1865 -0.38463244 -0.18816258
116 -0.43641804 -0.00453886
1004 -0.43325611 -0.02048289
570 -0.39068473 0.56768455
1152 -0.41606355 0.28601645
2814 -0.41262257 -0.10360731
330 -0.42193852 -0.04695933
2143 -0.40665646 -0.15716697
2595 -0.42364819 0.25165262
2332 -0.34156350 -0.28324440
1594 -0.43387299 -0.02893165
702 -0.39342273 -0.12934593
2587 -0.32596267 -0.24992837
1830 -0.41952265 0.02314810
1481 -0.42256032 -0.00036249
1783 -0.41646912 0.27766511
1658 -0.40519356 -0.13931950
1441 -0.30887766 -0.26370637
1444 -0.34096142 -0.25261569
891 -0.41824916 -0.07827141
279 -0.36556234 -0.13362656
1516 -0.19029808 -0.39106345
351 -0.39670502 0.47552622
1983 -0.38273386 -0.12227832
2901 -0.42929114 -0.09601227
2032 -0.40593935 -0.15234764
1212 -0.41435898 0.18824179
282 -0.38560077 -0.10702967
892 -0.42978471 0.00984839
421 3.30591203 -1.70223807
1613 -0.42067818 -0.08860993
1321 -0.41117243 -0.10864448
796 -0.42232148 -0.00005041
1870 -0.43314525 -0.02112318
2843 -0.42966985 -0.09776807
557 3.97739177 -2.37352245
558 3.88643607 -2.26557769
355 3.62838711 -2.87470608
356 3.65741196 -2.89393551
3396 3.76252077 -1.12073609
3397 3.76135161 -1.11346411
203 2.22755667 -1.71655817
202 2.20450593 -1.67055590
1843 3.95122652 -1.61870409
1842 4.04828561 -1.71399468
1155 -0.41895537 0.30540741
889 -0.44015135 0.00541982
30 -0.39559007 -0.14352163
3006 2.91271756 -1.96815782
1473 3.82198792 0.64659922
1472 3.84169571 0.65851831
1081 4.04302695 -0.05570371
1080 4.01498273 -0.05915071
277 3.84550804 -0.82456313
278 3.83642848 -0.81808039
2358 3.52910404 -2.74576773
2357 3.54876703 -2.76014020
449 3.73741744 0.68993341
450 3.76033499 0.68813723
1485 3.81420607 -1.32214011
1484 3.81108839 -1.31965172
3047 3.95973240 -1.23927326
3046 3.94528228 -1.23637446
1505 3.65466547 -0.78870781
1504 3.63673309 -0.78469748
1550 3.67968286 -2.76041808
1549 3.71493059 -2.77833574
1486 3.41045964 -2.62264673
1487 3.42901002 -2.63483246
533 2.36346476 -1.52030799
532 2.32403644 -1.48615805
2366 3.92739471 -2.41168521
2365 3.91496902 -2.40020700
3505 4.04358424 -0.38906428
3504 4.07585214 -0.39099480
779 3.83610332 -1.46281008
780 3.83397557 -1.46525526
446 3.86969685 -1.50959371
447 3.86409785 -1.50732323
1839 4.03736478 -1.85251265
1840 4.02584137 -1.85027320
3007 2.90332888 -1.97189199
3310 3.80873023 0.01988416
3311 3.80682015 0.01991599
3 3.36827552 -2.60507890
2 3.37828184 -2.59680167
3042 3.77068532 -0.82583885
3041 3.75280754 -0.82019825
755 2.21686771 -1.37039626
754 2.21419247 -1.39742737
683 3.96773510 -2.64881952
682 3.97690966 -2.65200527
1452 3.76208053 0.57908359
1451 3.77138535 0.57992892
1494 3.76202176 0.49068360
1495 3.77008054 0.49698666
2583 3.77963755 -1.91252408
2582 3.78963677 -1.90722085
302 3.90666589 0.26333089
301 3.92308387 0.26536074
2786 3.75995890 -1.76360922
2787 3.70571882 -1.76393091
2402 3.47351190 -2.71042125
2401 3.45921800 -2.69965756
3368 3.79158994 -1.19664642
3367 3.77509386 -1.19245687
1715 3.92774656 -2.30516972
1714 3.89460895 -2.29260972
1803 3.76687740 -1.40010429
1804 3.78411808 -1.40638087
2643 3.74890829 -0.80752405
2644 3.75307932 -0.80844544
373 3.92866891 -1.64079160
374 3.89213057 -1.63087755
3000 3.89007651 -1.61189453
2999 3.91207489 -1.61539960
86 3.79932674 -2.27061958
87 3.80739604 -2.27173783
117 3.74356761 -2.33601271
118 3.74525144 -2.34024308
2390 3.94524604 -2.09726726
2389 3.92955674 -2.09086427
639 3.68565966 -1.83410410
640 3.67871080 -1.83805259
246 3.49848937 -2.28227748
245 3.49087353 -2.27084621
1226 3.80347133 -0.34448816
1225 3.80508195 -0.34484394
200 3.55309280 -1.29605590
201 3.54605579 -1.29371299
1576 3.94892076 -1.06060699
1575 3.92099211 -1.05454626
2620 3.82299671 -2.27755548
2621 3.81768247 -2.27965079
204 3.75544434 -0.27222127
205 3.77549786 -0.27396030
2764 3.66832717 -2.79742106
2765 3.62657791 -2.78007776
1792 4.01873506 -1.23743668
1793 4.01605640 -1.23518397
3383 3.96969195 -1.55125198
3382 3.97154228 -1.55208816
3031 2.38806663 -1.41775844
3032 2.39228517 -1.43082745
319 3.70022339 -2.97376515
318 3.62675102 -2.92685290
3056 3.79721416 -1.58510859
3057 3.78530169 -1.58568563
304 3.96310668 -1.63599756
303 3.98548776 -1.64031602
423 3.29690201 -1.62853766
2605 3.92716969 -1.81052014
2606 3.91176466 -1.80599542
1766 3.71504127 1.21899253
1765 3.71424354 1.21869502
598 3.77007393 -2.46663785
597 3.78271655 -2.46886143
1536 4.01797529 -2.88609476
1535 4.00417624 -2.87727921
1416 3.48862041 -0.83302409
1415 3.47339363 -0.83454802
14 3.87948133 0.04222827
15 3.88628353 0.04043547
114 2.31907577 -0.46646220
113 2.33829533 -0.50280306
3015 3.77201070 -1.39899843
3014 3.73697059 -1.39026171
1228 3.85068100 0.25808531
1227 3.85617203 0.25951293
163 3.89516696 -2.56005907
164 3.86903820 -2.54313000
614 2.49812461 -1.55503697
613 2.45899941 -1.52647706
1664 3.73671595 -1.83905812
1665 3.73301209 -1.83209783
3349 3.99994375 -0.72117204
3350 3.97003106 -0.71875375
3342 3.58939585 -2.67708958
3343 3.61599227 -2.69115800
1701 2.74834985 -1.86844224
1702 2.71733314 -1.83756167
1476 3.50734121 -2.54716594
1477 3.46462185 -2.55071234
2581 3.99227159 -0.30918091
2580 3.96836706 -0.31008911
1449 3.87883958 -0.84929602
1448 3.89715613 -0.85308442
3308 3.66467473 -2.43914144
3309 3.68608497 -2.44538744
82 3.42405914 -0.80303368
81 3.42232707 -0.80274209
112 3.70910902 -1.27893233
111 3.70530086 -1.27773212
1102 3.71344508 -2.04102260
1101 3.72016134 -2.04382596
1383 2.25824112 -1.81537235
1382 2.27544581 -1.80937202
70 3.96071767 -0.90435054
71 3.94971114 -0.90651070
574 3.72234223 -0.63925723
573 3.73180718 -0.64062445
161 3.88455317 -0.99070582
162 3.87570083 -0.98495187
1498 -0.32539263 -0.30182809
1161 -0.31904131 -0.27556129
1463 -0.41111661 0.36811039
689 -0.39141027 -0.18893850
454 -0.38140617 -0.19408487
3005 2.99823623 -2.02372360
443 -0.38266152 -0.12513899
703 -0.41531534 -0.09788724
585 -0.41399640 0.26101923
709 -0.42099536 -0.05007885
681 -0.43132618 0.04235014
1120 -0.30568985 -0.27613863
24 -0.40326357 -0.12902355
607 -0.44212745 -0.05454097
1754 -0.39641397 0.40244596
457 -0.36853183 -0.22592280
672 -0.39678972 -0.15014309
1622 -0.41538184 -0.08427999
422 3.38502968 -1.71399274
751 -0.37343715 -0.20818938
1806 -0.22101708 -0.38370333
2747 -0.39585938 -0.17844856
1508 -0.30654760 -0.29021102
3356 -0.25422134 -0.31375972
1317 -0.41410219 -0.05018595
1318 -0.41909643 -0.05534944
1298 -0.41050614 -0.07131897
812 -0.42726416 0.35684220
1297 -0.40434313 -0.06480176
606 -0.43942334 0.14640384
1511 -0.38915620 -0.18055593
1984 -0.40441364 -0.11813704
3371 -0.38598107 -0.04340298
1332 -0.43544140 0.01261885
890 -0.41434837 0.14676572
1331 -0.41720435 -0.05872010
1026 -0.42691199 -0.03761849
1410 -0.33843061 -0.25648119
2160 -0.42453833 -0.02470839
1617 -0.42947611 -0.08662519
1633 -0.43061422 -0.02379385
1864 -0.42226256 -0.08584627
2144 -0.38152096 -0.15041334
952 -0.42636191 -0.04471082
1523 -0.35361514 -0.23675019
2983 -0.42139241 -0.01563538
1616 -0.41895763 -0.05159483
901 -0.42370517 -0.08691867
2352 -0.41643392 -0.11858479
1454 -0.39644046 0.49577476
312 -0.28751957 -0.28107128
1603 -0.42500705 -0.05341273
280 -0.38818688 -0.14545971
969 -0.40941069 -0.06846009
256 -0.41533221 -0.07492593
867 -0.42093910 -0.08435240
789 0.01756436 -0.55240198
1450 -0.22669877 -0.36088452
1425 -0.42655382 -0.11688036
2794 -0.41438810 0.12978871
917 -0.42718609 -0.07895754
292 -0.41932582 0.01579867
1606 -0.42014352 -0.04138668
1761 0.05833579 -0.58698509
1612 -0.41134443 -0.09136252
903 -0.41462364 -0.05599249
1607 -0.41128547 -0.07840921
1833 -0.41713922 0.12745235
1478 -0.28753261 -0.29052498
877 -0.43364941 0.01351120
872 -0.42141306 -0.08576443
1605 -0.40708928 -0.07238147
667 -0.30838064 -0.24662146
651 -0.40940112 0.18785039
1567 -0.40212830 -0.08445283
1329 -0.40046313 -0.14381098
1615 -0.41119812 -0.09764215
23 -0.41247127 -0.10878713
1286 -0.38262153 -0.14155809
2372 -0.36871944 -0.17156400
2754 -0.41728322 -0.07597668
1759 -0.03969289 -0.50789577
1119 -0.21092129 -0.36123597
1174 -0.41504333 0.15269155
1319 -0.41154785 -0.06742214
1713 -0.41471828 0.13106293
468 -0.33040155 -0.21185218
365 -0.37198576 -0.13627600
941 -0.41009450 -0.12446828
652 -0.41387987 0.13727984
2126 -0.36122948 -0.20330142
600 -0.38907589 -0.07576545
2608 -0.26757832 -0.32033410
1173 -0.41977018 0.12973423
1105 -0.32618052 -0.21976063
1639 -0.42254619 -0.00337073
148 -0.15252774 -0.42469540
1636 -0.41974817 -0.06029673
1593 -0.40570379 -0.00189557
1429 -0.19486405 -0.37881562
2795 -0.20964401 -0.34030323
294 -0.40616576 0.01823635
1175 -0.41373604 0.21760656
2647 -0.40130122 0.16547347
921 -0.42884260 -0.04404011
1795 -0.38153103 -0.01571382
1232 -0.28762651 -0.27924084
2648 -0.40366008 0.17484694
59 -0.18517369 -0.36752805
387 1.32188134 -1.42071812
61 -0.24835469 -0.31506802
1199 -0.37946744 -0.01295002
366 -0.25244368 -0.31294209
2593 -0.40760012 0.13180738
44 -0.34622475 -0.21779157
40 -0.39516851 -0.11602657
191 -0.41642801 0.00582245
2400 -0.43314753 0.04568633
1158 -0.36657928 -0.14008104
1801 -0.28947481 -0.26950528
3392 -0.07121451 2.01102992
1798 -0.32390850 -0.20210615
1347 -0.38787770 0.49030716
1669 -0.34463303 -0.19538339
1351 -0.38361218 0.51885925
2367 -0.39269354 0.03772481
1724 -0.25927428 -0.31785490
1348 -0.38770623 0.48762785
1356 -0.36915300 0.65246413
1343 -0.38340920 0.51344848
406 -0.02036520 -0.52461013
368 -0.24640916 -0.31156929
1099 -0.33846558 -0.10636847
1359 -0.38328025 0.51405881
1349 -0.38311327 0.50713857
1548 -0.42040009 0.20237574
1346 -0.38388390 0.51040072
1525 -0.02996925 2.31023274
1490 1.05181179 -1.24367667
1731 -0.19814483 -0.37095340
2658 1.44260378 -1.54288860
417 -0.33602118 -0.10680192
1729 -0.17201664 -0.39138173
559 0.93570221 -1.22358906
2752 -0.22489493 1.50453449
1100 -0.33250072 -0.11556489
1678 0.04915378 2.51388075
1394 1.11369442 -1.35239033
1353 -0.38315990 0.50660725
1687 -0.20033424 1.63795409
699 1.10486863 -1.31621213
1728 -0.16759779 -0.39610936
1526 -0.10456972 1.93990395
229 -0.19183001 1.39808202
188 -0.18704381 -0.39266574
3026 -0.34358493 0.84002947
1336 -0.37785720 0.00186900
2994 -0.17474053 1.49457511
3330 -0.21562424 -0.37522445
1547 -0.43326248 0.14776259
1529 -0.39122804 0.33181538
239 -0.31188089 0.77764395
1493 -0.28660711 -0.34830313
1436 -0.37791816 0.09597008
1531 -0.41213544 0.38236148
346 -0.19477216 1.55955079
431 -0.43504793 0.36424463
1088 -0.31385629 -0.26526343
1562 -0.42603783 0.09995541
171 -0.02628097 2.37174670
169 -0.42529072 0.15254909
1705 -0.37586265 0.46971339
1532 -0.43505661 0.21116560
632 -0.25855674 1.39677677
817 -0.39120372 0.55884761
1762 -0.39414232 -0.19395062
2767 -0.40602894 0.22023168
120 -0.41713916 0.13151124
856 -0.39046779 0.53298946
1083 1.25962313 5.11368867
2683 1.67633147 4.40498565
569 -0.23424894 1.39350909
1435 -0.39651820 0.03289480
3013 -0.23997482 1.41885087
1570 -0.43630049 0.27452173
247 -0.38160220 0.59577409
1978 -0.41952712 0.06632022
1439 0.68439987 4.66629935
2638 0.74335347 5.18955810
315 2.99778325 2.85043079
1707 -0.10026282 2.01529215
1136 -0.36953055 -0.04976950
299 1.16699447 4.88127777
272 -0.38295178 -0.21804719
127 -0.06140782 -0.51682472
1389 1.92927848 4.30094046
1837 -0.41266195 0.10396686
767 0.98792952 5.27352300
410 1.91367096 4.17071171
795 -0.31576256 0.85239395
463 2.38596092 4.58615485
425 -0.03969624 2.29954423
2591 1.01658842 5.10266140
1741 0.70131220 5.21053543
1850 3.27656397 1.85201239
2590 1.08664404 5.18688390
1377 1.09486704 6.11885153
1930 -0.33011754 -0.26623585
18 2.38495605 4.19913380
2597 2.20836086 4.85496083
3039 1.27361170 5.46698707
3038 1.26129289 5.47361751
1380 0.67929291 4.66062366
2599 2.18094002 4.81603618
16 2.39512764 4.26299377
1375 1.08582316 6.08762608
1440 0.68057603 4.65955208
1852 3.22838518 2.04080232
1743 0.72001953 5.29397738
1121 -0.42861619 0.16631514
462 2.43092703 4.69889164
48 -0.27196788 -0.32787260
409 1.90793411 4.16759867
314 3.00981106 2.83249508
543 -0.19851566 1.59180686
766 0.96276067 5.18497898
1571 -0.44237792 0.18810961
1084 1.27297565 5.16625462
1391 1.92772319 4.28355654
475 -0.38881990 -0.15731392
386 -0.29952579 -0.32201742
1218 -0.39949662 -0.09346858
298 1.14692860 4.78755180
3033 0.06075432 -0.60212555
83 0.01930094 -0.57153470
2637 0.72918160 5.11961457
2671 0.60691214 4.00161180
339 -0.21798695 1.46930512
1337 -0.39567988 -0.06636013
2682 1.69137927 4.44259167
3048 -0.40393001 -0.12639703
1563 -0.42972924 -0.03222815
96 -0.28996353 -0.34805152
1388 -0.41064049 0.32687129
20 -0.42158306 -0.06530275
160 -0.43130765 0.07823534
764 -0.35870023 -0.23972431
1813 -0.14964061 -0.43655172
565 -0.31621322 0.93664270
1290 2.54352974 2.59367707
2817 -0.44097814 -0.06604243
1446 -0.24790025 1.24618926
575 -0.03162129 -0.51744206
2403 -0.34645042 -0.23956604
224 -0.29694994 1.12202376
1556 -0.42134613 0.18441144
145 -0.39715653 -0.00388345
602 -0.41441372 0.34383769
493 -0.39795401 0.50086163
589 -0.37415180 0.65772316
3354 -0.42056539 0.29448100
2670 0.59403597 3.95037468
1142 -0.41054564 0.33986066
2634 -0.22805113 -0.40914349
563 -0.29341062 1.08048093
1928 -0.39539906 -0.13449044
2411 -0.35562569 -0.23250521
3313 -0.42046400 0.28150940
3507 -0.42414605 0.20626127
849 -0.44793315 0.15274223
909 -0.42496906 -0.06213330
794 -0.40484768 0.37444448
2632 -0.38232037 0.29630283
2288 -0.43475685 -0.03133126
1433 -0.37821754 -0.17717627
590 -0.39659995 -0.13744986
2668 0.61013058 4.02097840
2017 -0.39626809 -0.11263140
946 -0.43745475 0.06850219
378 -0.25983851 -0.36804688
1717 -0.38097855 -0.09529394
2937 -0.44037383 -0.08121942
3355 -0.41775472 0.31479570
2863 -0.43880849 -0.06183090
2931 -0.43711185 -0.08478237
331 -0.40706887 -0.07430408
1220 -0.39391620 -0.11454698
2622 -0.24851789 -0.35077430
564 -0.32446167 0.91391051
91 -0.25769335 -0.37139241
249 -0.39343165 -0.13559694
2129 -0.39589393 -0.17246648
674 -0.44426593 0.06141541
2908 -0.44633287 -0.03884302
2666 0.55636225 3.88396191
2799 -0.36059147 -0.19709138
1828 -0.18667321 -0.39513346
1906 -0.43294176 -0.02681943
1292 2.57506431 2.61663828
1362 -0.21776568 -0.36490063
705 -0.39006459 -0.14370545
80 -0.41015694 0.08619997
2737 -0.43898272 0.16056126
2665 0.55906051 3.90179980
79 -0.42157421 -0.03009686
2192 -0.39481676 -0.18122572
2769 -0.36296328 -0.19855875
863 -0.41390246 -0.11899364
2761 -0.39479729 -0.11126948
644 -0.44949052 0.10711954
1401 -0.42487452 -0.03759503
572 -0.20530691 -0.37137800
994 -0.43669708 0.06379207
3113 -0.39487774 -0.17565431
286 -0.28967955 -0.30811754
673 -0.45201898 0.05939143
2303 -0.39283313 -0.15492545
1208 -0.38274011 -0.13607860
1322 -0.40476821 -0.13234186
1417 -0.42266103 0.26180045
456 -0.33850707 -0.26852024
722 -0.41090021 -0.12722270
1169 -0.45022324 0.06755094
1003 -0.43421029 -0.04864837
783 -0.41265820 -0.04642077
2097 -0.40054896 -0.17054811
879 -0.42920394 0.02082506
154 -0.37916588 -0.18206995
1528 -0.39407538 -0.17309929
936 -0.44060811 0.05651800
515 -0.41780373 -0.02442933
3243 -0.39840221 -0.17015861
3358 -0.34988246 -0.19192102
2938 -0.44210398 -0.01619818
1154 -0.43488055 0.19066786
3106 -0.39346847 -0.19089240
1624 -0.40876714 -0.13103911
531 -0.35586017 -0.24202853
2662 0.57450594 3.96136464
963 -0.44094970 0.06012127
922 -0.42891315 -0.05629188
974 -0.43059739 -0.09407130
684 -0.33259260 -0.21841028
2159 -0.39485786 -0.17305639
39 -0.35783269 -0.23087532
2089 -0.39615286 -0.16595261
2669 0.60521767 3.98617996
1552 -0.40906533 -0.11409673
1880 -0.39720577 -0.16973746
2734 -0.42383743 -0.11430740
923 -0.40449527 -0.17450963
2184 -0.39560739 -0.13902277
2188 -0.43680971 -0.03629769
1326 -0.42727110 -0.00894570
2935 -0.44001582 -0.01227663
2136 -0.42483186 -0.06425237
609 -0.44919385 0.02226436
1995 -0.41085162 -0.13885223
2201 -0.40560905 -0.13667624
152 -0.37317100 -0.17753033
2721 -0.41866705 -0.11708655
942 -0.42484513 -0.06578668
2932 -0.43849206 -0.03672006
997 -0.43362594 -0.03473674
2275 -0.40882184 -0.13877942
2024 -0.43715719 -0.03113946
1127 -0.40275116 0.29759591
3233 -0.39637466 -0.17220750
604 -0.44339179 0.12672727
2727 -0.42476553 -0.10794654
1502 2.55548849 2.63187164
2356 -0.40500537 0.27609479
1186 -0.40551884 -0.01805855
1515 -0.15401954 -0.41355792
996 -0.43379792 -0.04900985
341 -0.43720166 -0.00773379
1578 -0.35978756 -0.21173703
1666 -0.10780464 -0.47873842
2838 -0.43276575 -0.01583694
1138 -0.41350280 -0.02209804
452 -0.39142110 -0.14135680
731 -0.39435839 -0.17074872
2810 -0.43634537 -0.02283616
2092 -0.38934624 -0.18378794
1909 -0.40926788 -0.11811562
911 -0.42841041 -0.04482917
2688 -0.42229970 -0.12340295
1328 -0.40847393 -0.12571418
2789 0.79281898 5.16540017
519 -0.24157162 -0.35052152
2865 -0.43811578 -0.02285535
1184 -0.42564228 0.06969959
1939 -0.40994519 -0.11665915
2073 -0.40598465 -0.13206761
2202 -0.40134906 -0.16366684
1559 -0.41367613 -0.00365020
884 -0.42787327 -0.05297875
1512 -0.33779949 0.84198524
1466 -0.41018449 -0.04260406
2042 -0.40798280 -0.11891956
1908 -0.40995981 -0.12267177
1703 -0.32490994 -0.29613806
165 -0.33585775 -0.27128102
1167 -0.33051878 -0.25105763
2656 -0.41556892 0.07239376
1323 -0.40451411 -0.12947626
1150 -0.41331508 -0.08869980
156 -0.39895272 -0.19136074
940 -0.42954733 -0.09326850
906 -0.41667209 -0.06302031
3279 -0.39632031 -0.17594213
723 -0.41723418 -0.12231718
2220 -0.40156120 -0.13820107
960 -0.43241361 0.17612792
1306 -0.40966090 -0.07391529
1301 -0.37217720 -0.22365123
1412 2.37652633 -2.04234038
1398 -0.38122322 -0.16160679
2233 -0.41044975 -0.12852144
1430 -0.44224800 0.02621973
735 -0.38446204 -0.17793142
2347 -0.39992056 -0.17612913
322 2.33238071 -0.99026501
2879 -0.43700340 -0.03473689
2407 -0.40759760 0.21233505
3384 2.22278233 -1.51203917
1849 -0.39678472 -0.15922042
2152 -0.31107376 -0.32254079
866 -0.44104118 0.00603372
155 -0.31339691 -0.29460996
1637 -0.41436429 -0.07951248
1399 -0.35260680 -0.17843699
415 -0.30287924 -0.23643418
1166 -0.42426515 0.05531288
402 -0.03049916 -0.51988649
3362 2.38708944 -2.07194797
1499 -0.30019869 -0.33992653
3146 -0.38424013 -0.17006100
2002 -0.40232670 -0.13275995
1861 -0.36889388 -0.20158488
2080 -0.40124780 -0.14894400
904 -0.42726843 -0.04689702
944 -0.43116549 -0.05103166
496 2.39571553 -2.08899556
953 -0.43238378 -0.09749069
2646 -0.17004390 -0.41625879
1651 -0.41603020 -0.11729735
645 -0.46252430 0.13825612
2707 -0.44434199 0.02873314
2723 -0.44477622 0.04184176
954 -0.42808590 0.00266990
1779 -0.42192931 -0.00279228
2052 -0.39973962 -0.17497381
2680 -0.40738585 0.05997659
1024 -0.43806424 -0.09013345
733 -0.43519715 -0.10593901
2768 -0.33255530 -0.24733163
2081 -0.39541664 -0.17465555
3060 -0.40963634 0.09844146
1920 -0.41288548 -0.11893241
1289 2.50192224 2.60130990
495 -0.42988568 -0.01543665
57 -0.04832824 -0.52336764
3365 2.37175933 -2.04106061
231 0.00234911 -0.55060024
1468 -0.39876407 -0.07973348
1661 -0.40984845 -0.13675981
2359 -0.39515475 -0.09926971
1180 -0.40715144 -0.04584774
887 -0.43922664 0.02665125
643 -0.40844706 0.30957233
2790 0.79355458 5.14214489
1075 -0.38289539 -0.15300703
943 -0.42641985 -0.10855921
1462 -0.40436003 -0.12237267
2899 -0.42624327 -0.04372435
223 -0.39921310 0.48151916
2686 -0.42332713 -0.08681283
3366 2.38926298 -2.05161687
1899 -0.40461010 -0.12962806
938 -0.42752675 -0.04359068
1103 -0.27911649 -0.30451309
990 -0.42523092 -0.05966551
2732 -0.43822254 0.03656542
950 -0.43668681 0.00557864
2169 -0.40351854 -0.08248667
1023 -0.44475620 0.05722579
334 -0.41306478 0.21637894
3327 -0.40988191 0.27117706
1424 -0.40629927 -0.09326021
939 -0.42891309 0.01925302
458 -0.34956817 -0.23489076
1215 -0.42003756 -0.08362637
226 2.29310126 -2.02353149
2689 -0.42528882 -0.07261112
1460 -0.41456245 -0.02592082
1590 -0.35135602 -0.23711718
3372 -0.39221823 -0.02392232
706 -0.25463553 -0.33215351
2645 -0.09775340 -0.48176027
1141 -0.37857069 -0.08108133
37 -0.37501458 -0.18618768
975 -0.43237112 -0.04156290
1420 -0.40118898 -0.04417073
2398 -0.30009585 -0.25089448
690 -0.36105032 -0.22121630
686 -0.39775516 -0.07292946
1036 -0.40062163 0.32742872
1030 -0.43698133 0.00456007
1853 -0.36512581 -0.20753850
3361 2.38955533 -2.07557541
1602 -0.42059597 -0.01636169
1500 -0.40689468 -0.21827051
1400 -0.42631464 -0.04441332
1546 -0.35779116 -0.18692070
893 -0.43886638 -0.03916347
3025 -0.21414943 -0.34788152
1414 2.41734173 -2.07361383
949 -0.42348887 -0.05014521
27 -0.37326237 -0.18797684
2328 -0.41895342 -0.04346785
2094 -0.40150671 -0.16529220
1964 -0.41514166 -0.10911511
2350 -0.40615942 -0.13515492
571 -0.39591428 -0.14648650
3387 2.27024420 -1.52385424
3369 -0.38816545 -0.05192850
1432 -0.43985733 0.18854775
219 -0.35615142 -0.17463065
324 2.34133295 -0.99689017
777 -0.41540409 0.14748897
915 -0.43494346 0.01691320
323 2.32748394 -0.99314685
213 -0.36708484 -0.20089846
1455 -0.40775854 -0.00905184
3508 -0.28185584 -0.30229225
1034 -0.41161203 0.16001568
244 -0.17353048 -0.41946039
3386 2.21253018 -1.50114465
885 -0.43339479 0.01461294
2393 -0.04888395 -0.52058517
1690 -0.03138733 -0.52829861
540 2.36985341 -2.05958029
3373 -0.38839023 -0.04553435
2053 -0.40634737 -0.12013043
1126 -0.40870996 0.23969499
140 -0.23110615 -0.35114215
1618 -0.41916816 -0.07194860
1313 -0.40823794 -0.08309826
2310 -0.40223985 -0.16525278
3489 -0.41209114 -0.04628853
1919 -0.35907007 -0.19895592
2084 -0.36426958 -0.19450859
542 -0.36434933 0.68926005
2067 -0.40615207 -0.12196527
1653 -0.42146844 -0.06794257
1296 -0.41741631 0.03702159
3363 2.43798999 -2.08171387
1601 -0.41952751 -0.02535321
505 -0.37257787 -0.18871567
241 2.38226832 -2.08376705
2713 -0.44006232 0.03708001
1413 2.42309180 -2.06070312
1764 -0.42605887 0.00644312
1740 -0.33189530 -0.26564155
1039 0.03793717 -0.56697789
1309 -0.41198469 -0.07491704
76 -0.36617855 -0.13598203
1000 -0.42881947 0.02697694
2262 -0.40812469 -0.12220609
875 -0.43191050 0.02834862
2650 -0.37883283 -0.15648187
2391 -0.42188250 -0.00951943
259 -0.35143157 -0.23650356
1561 -0.39609686 -0.10411796
2766 -0.30137435 -0.28051744
2651 -0.40025632 0.20237894
494 -0.42935179 0.08934770
3379 -0.39311365 -0.13285026
1148 -0.36954241 -0.17255024
3344 -0.26712534 -0.33036683
1656 -0.40896629 -0.09342951
2121 -0.38747687 -0.13949054
3491 -0.40791936 -0.03055941
1898 -0.42323937 -0.05967272
1464 -0.44783471 0.05533923
26 -0.25113967 -0.34321740
481 -0.21129690 -0.34243783
2746 -0.40560214 -0.09802663
586 -0.41890881 0.17161446
808 -0.42578044 0.12699367
1132 -0.40679211 0.24761495
401 -0.16228727 -0.41756420
1745 -0.37909146 -0.12274868
1116 -0.20201333 -0.36642285
151 -0.09372293 -0.47204678
2405 -0.39140846 0.03923030
8 -0.36405032 -0.18333262
625 -0.39853940 -0.05309254
3352 3.06446420 -2.06007231
1595 -0.39257263 0.00854056
1427 -0.36719551 -0.19765017
335 -0.31883440 -0.24818503
1628 -0.41212688 -0.07998986
1760 0.09954209 -0.61109865
1325 -0.40888312 -0.08741355
1086 -0.20233107 -0.34737454
1077 -0.38330228 -0.15679623
2101 -0.40997216 -0.13195187
1623 -0.42130192 0.06759479
2360 -0.40906788 0.13851844
3359 -0.24563217 -0.34706024
1335 -0.41451860 -0.02936699
150 -0.07418580 -0.48777040
258 -0.28008400 -0.30666753
1572 -0.23323976 -0.32378336
1641 -0.41056208 -0.08410356
657 -0.40205423 -0.14115401
679 -0.43165012 0.00487095
3332 -0.32981135 -0.18978202
1738 -0.09670375 -0.45055602
1638 -0.41220754 -0.08499898
1831 -0.35415765 -0.19072531
1134 -0.40715517 0.11839096
3490 -0.41907867 -0.02378435
469 -0.30553136 -0.25152342
460 -0.34941619 -0.20250386
637 -0.40799670 0.38309234
208 -0.04867103 -0.49974200
1621 -0.41492573 -0.07240232
1773 -0.13673597 -0.42234221
1692 -0.38564352 -0.02634051
1573 -0.42381624 0.00568972
3347 2.87486719 -1.52965303
1630 -0.41177372 -0.09033111
1543 -0.31906107 -0.22598473
1608 -0.41949888 -0.02812485
1579 -0.39412742 -0.08090572
1586 -0.41172751 -0.08181711
626 -0.39362986 -0.07195455
1300 -0.40201450 -0.01657172
701 -0.38048522 -0.13645456
29 -0.29255939 -0.27933115
3323 -0.38381084 -0.07801328
1091 2.85982306 -1.49732841
206 -0.06925137 -0.48545385
1128 2.97207172 -2.02359962
746 -0.41394019 0.16118045
1668 -0.30659359 -0.22809074
1358 -0.38619297 0.51699255
1542 -0.30962928 -0.24685362
1599 -0.41382933 -0.03041443
653 2.53998307 1.40761083
3322 -0.39153385 -0.06530771
3346 2.83598635 -1.51001482
364 -0.33147696 -0.19102708
514 -0.41692334 -0.01913897
1514 -0.37746228 -0.10168474
1130 2.85444394 -1.95951573
384 -0.30218682 -0.22975240
197 2.45873228 -2.07392563
1407 0.05554840 -0.58004919
1598 -0.41604116 -0.02377940
865 -0.31531404 -0.16556115
1748 -0.32118274 -0.20912584
1360 -0.31054058 -0.23720802
1539 -0.29922259 -0.23289687
1098 -0.34117010 -0.10919114
1520 2.50205716 1.56634543
697 -0.40907449 -0.00660664
1519 2.50497872 1.56906978
3340 -0.24647301 -0.31378381
807 -0.40839034 -0.01865445
403 0.05577974 -0.57975971
185 2.91017271 0.31135960
1501 2.99710893 -2.01373367
78 2.51294445 1.39377694
1233 -0.30875299 -0.22614054
545 2.50283701 -2.04697268
1357 -0.38232322 0.51093862
1522 2.47345589 1.55334346
1518 2.47915822 1.55579923
1113 2.75837160 0.29881593
654 2.49398051 1.38265423
655 2.48153474 1.37377593
3394 2.84164412 0.31439860
656 2.41399707 1.33624134
547 2.53048507 -2.05887083
187 2.85008021 0.28052615
1521 2.48868292 1.56011442
2594 2.71681528 0.24353368
174 1.39698564 3.00940716
548 2.50283040 -2.03826921
263 1.52599996 3.08714421
546 2.48325360 -2.02832514
262 1.50538450 3.04013817
261 1.50113463 3.04662397
269 1.50619790 3.05104156
266 1.51259266 3.03259803
270 1.50691237 3.03816427
267 1.50503388 3.03930096
264 1.49772557 3.02451629
260 1.49899855 3.03090496
268 1.49472419 3.01942689
265 1.49781910 3.03377765
2459 0.64816244 -1.06137377
2501 0.66758880 -1.07519775
2432 0.66353833 -1.07495285
2445 0.65971563 -1.06776150
2519 0.65498195 -1.06499396
2572 0.65923378 -1.07226636
2424 0.65126103 -1.06364873
2484 0.65467266 -1.06680393
2542 0.67630985 -1.08428625
2454 0.66478805 -1.07472597
2538 0.67124543 -1.07944948
2532 0.66078034 -1.07227632
2536 0.66309236 -1.07163918
2453 0.65611213 -1.06879402
2512 0.65978369 -1.07087816
2562 0.65261162 -1.06534672
2493 0.64722261 -1.05962416
2481 0.67342499 -1.07874326
2487 0.67060233 -1.07590278
2496 0.64338344 -1.05269283
2514 0.66700958 -1.07990659
2561 0.67572382 -1.08568659
2420 0.65316783 -1.06599625
2558 0.65526017 -1.06669861
2449 0.65824589 -1.06769555
2433 0.67036791 -1.07883757
2527 0.64948880 -1.06177559
2504 0.63610413 -1.05360060
2466 0.63528427 -1.04961998
2541 0.65234474 -1.06383208
2464 0.65593719 -1.06860539
2521 0.65154985 -1.06115611
2554 0.66109130 -1.07484436
2468 0.67737816 -1.08418993
2524 0.64268097 -1.05662404
2421 0.65767325 -1.06369856
2427 0.65486063 -1.06439331
2506 0.65799197 -1.06977635
2456 0.66146053 -1.07399786
2485 0.64460508 -1.05920608
2530 0.65142084 -1.06645705
2569 0.65237811 -1.06512593
2543 0.64369244 -1.06034009
2463 0.65126264 -1.06195405
2436 0.65440973 -1.06849080
2434 0.65264296 -1.06898035
2502 0.64776970 -1.06145500
2574 0.65047971 -1.06577113
2417 0.65593430 -1.06448661
2523 0.65093398 -1.07237014
2497 0.65548282 -1.06662506
2526 0.65255923 -1.07032267
2494 0.66397750 -1.07272009
2478 0.65521674 -1.06469015
2531 0.64596099 -1.06149628
2467 0.65757230 -1.07368247
2579 2.15071662 -1.98943075
2461 0.64375185 -1.06174740
2525 0.65266145 -1.06942753
3335 0.16791787 2.92789687
2486 0.66491611 -1.07356198
2448 0.65261792 -1.06207138
2422 0.66775645 -1.07479973
2505 0.64695173 -1.05853786
2556 0.65205802 -1.06780682
2567 0.64124455 -1.05413892
2549 0.65235943 -1.06085301
2441 0.63420536 -1.05590709
2510 0.63608273 -1.05661053
2518 0.65561913 -1.07224631
2548 0.64958020 -1.06094447
2442 0.62609201 -1.04413112
2511 0.63562731 -1.05679402
2418 0.65871585 -1.06834997
1489 0.68632234 -1.01221535
2534 0.65141372 -1.06725615
2552 0.64595070 -1.05881616
2509 0.65646834 -1.06659285
2544 0.65824696 -1.06970864
2479 0.65809589 -1.06800305
2489 0.64822953 -1.05927794
649 1.63805175 -1.68998701
2576 0.65468527 -1.06737580
3334 0.16819031 2.95724169
2444 0.64865679 -1.06243550
2492 0.64211333 -1.05685124
2495 0.62909811 -1.04671541
2469 0.65307072 -1.06584447
2507 0.64396790 -1.06054248
2557 0.65674519 -1.06574530
2565 0.63596285 -1.05375745
2458 0.64455863 -1.05850253
2573 0.64924850 -1.06277507
2483 0.63413017 -1.05173661
2578 2.15574708 -1.99224431
2457 0.64411408 -1.06219497
2480 0.66303125 -1.07213489
2550 0.66145221 -1.07244908
2560 0.65516407 -1.06774020
2465 0.64374624 -1.06072196
2555 0.64053411 -1.05185239
2438 0.64888622 -1.06117009
2500 0.64753489 -1.06448488
2490 0.65452719 -1.06454457
2482 0.66935738 -1.07772112
2533 0.64557045 -1.06171707
2472 0.62742505 -1.04667620
2537 0.63986543 -1.05497743
2431 0.67355322 -1.07936070
2570 0.66065970 -1.07195583
2462 0.64507573 -1.06195306
2566 0.65100393 -1.06702719
2419 0.65415663 -1.06724590
2450 0.64082926 -1.05564681
2515 0.66240925 -1.07321696
2551 0.67443304 -1.08290040
2516 0.65600942 -1.06968239
2539 0.62478108 -1.04279050
2446 0.65548480 -1.06570638
2508 0.62544445 -1.05102324
2619 1.21284659 -1.40022848
2439 0.65373047 -1.06814160
2568 0.65478698 -1.06714550
2387 1.83543379 -1.80089596
2602 -0.16645865 1.82400731
2443 0.66364215 -1.07765729
2430 0.66298987 -1.07710791
2601 -0.17191128 1.78988042
3395 -0.03344053 2.21088161
2488 0.63963478 -1.05532646
3336 0.16623768 2.93177533
2545 0.64513388 -1.06574263
2385 1.41821787 -1.48517455
2475 0.66604316 -1.07619923
2571 0.65026204 -1.06084889
2535 0.65375214 -1.06602416
2429 0.65767580 -1.07103051
2455 0.63672000 -1.05227669
2498 0.66334221 -1.07122082
2476 0.65965199 -1.07156264
2513 0.66402363 -1.07616333
2470 0.63861326 -1.05866674
2435 0.65701502 -1.07193366
2440 0.65308482 -1.06990966
2426 0.66719430 -1.07155989
2564 0.63878431 -1.05920027
646 1.62506389 -1.68289803
2559 0.64887275 -1.06588702
388 1.40079723 -1.46811996
2473 0.65076503 -1.06184794
2437 0.66420178 -1.07335005
2522 0.65191588 -1.06440253
2575 0.66982880 -1.07295443
3496 0.02388788 2.59525203
2540 0.67309444 -1.08127195
2425 0.64795907 -1.06235966
2499 0.65685244 -1.06487709
2451 0.63861938 -1.05920404
2563 0.67058979 -1.07862906
2378 1.45582279 -1.50821688
2375 1.42589003 -1.48720155
2529 0.65609869 -1.06564497
2528 0.64004343 -1.05942758
2447 0.62915374 -1.04847418
2460 0.64848400 -1.06387301
1491 0.69390203 -1.01775742
2491 0.66398298 -1.07342783
2517 0.63837686 -1.06004434
2503 0.65943961 -1.06966955
2477 0.66531987 -1.07267511
2382 1.47492996 -1.52488004
2603 -0.16926481 1.79459282
2802 -0.28482778 0.98792859
2660 1.50956802 -1.59098540
2471 0.67180474 -1.07794339
2803 -0.29150129 0.96057182
2546 0.62534749 -1.04342817
2585 -0.40997232 0.28964047
2380 1.42704217 -1.49004714
2377 1.41762411 -1.48072307
2452 0.66696845 -1.07309245
228 -0.05770127 2.00588386
2553 0.65109977 -1.06810820
2751 -0.19151981 1.67689944
1681 -0.01329423 2.28510774
647 1.61084295 -1.67188941
2520 0.67096711 -1.08008603
2428 0.68289893 -1.08640083
2384 1.44439732 -1.50083222
2376 1.40867579 -1.47526761
2379 1.42063717 -1.48512968
628 -0.14776387 1.87138227
2423 0.66085893 -1.07355972
2474 0.64007306 -1.05604887
240 -0.04226661 2.07327091
1338 -0.37294818 0.02250146
234 -0.05770813 2.01908791
1255 -0.18002509 1.75421134
1841 1.17815516 -1.39827028
1283 -0.18377613 1.74058461
1265 -0.17328349 1.78837658
2381 1.46296949 -1.50991600
1671 -0.01732908 2.27359810
1685 -0.01528430 2.28324896
700 1.22700631 -1.40424668
2383 1.42919208 -1.49288618
560 1.06929573 -1.32054520
1259 -0.17599360 1.77058670
2989 1.22750899 -1.40104879
1278 -0.17247896 1.78974905
1676 -0.01350625 2.28798345
648 1.66552425 -1.71087460
1752 -0.15530418 1.84327925
2604 -0.16936353 1.81807036
230 -0.14421344 1.64760093
1266 -0.17615682 1.77896644
2772 0.00672712 2.41672536
1672 -0.01817033 2.26801155
1689 -0.17163751 1.80816866
1276 -0.17365907 1.78920710
1682 -0.01935904 2.25582648
2773 0.01067074 2.44724441
1279 -0.18150605 1.74711465
1674 -0.03034982 2.20459278
1274 -0.18866211 1.73348870
1492 0.68171410 -1.00685874
1281 -0.17573041 1.78742641
182 -0.02361848 2.47233890
2547 0.65425024 -1.06595969
1239 -0.18144045 1.74839819
1251 -0.17774286 1.76352502
1243 -0.17623206 1.77882806
566 -0.06422745 2.26881814
1675 -0.01804086 2.26042478
3011 -0.37854820 0.70659474
1244 -0.17725877 1.77839134
1260 -0.17665742 1.76975474
189 -0.09654406 -0.46186993
1684 -0.02322019 2.24071136
1680 -0.01139306 2.30753573
1275 -0.18051653 1.75035061
2775 0.00461528 2.42481554
1363 0.56491489 -0.95852017
1677 -0.03081666 2.20636618
1263 -0.18195283 1.74831383
3306 -0.36844688 0.32947962
3027 -0.30722465 1.06029524
670 -0.35675565 0.58966378
1240 -0.18258053 1.73825630
1257 -0.18158416 1.75658328
1683 -0.02016778 2.25954060
1262 -0.18444631 1.73911019
1249 -0.17402309 1.77374229
1277 -0.17979261 1.76395566
568 -0.05692042 2.30696908
528 -0.43763282 0.13662939
1280 -0.18191081 1.74494882
1258 -0.18401996 1.73778769
1679 -0.03039740 2.21447238
2774 -0.00293501 2.37173051
1273 -0.17830215 1.77199327
3370 1.26687953 -1.42828479
1256 -0.18528199 1.73955596
2771 -0.01004998 2.34746123
360 0.07598791 2.88577225
1245 -0.18640096 1.72288492
1269 -0.18015063 1.75078639
1254 -0.18048874 1.76919403
3018 -0.21778182 1.56735427
1686 -0.00668625 2.33106940
1268 -0.17690866 1.77318669
361 0.07232891 2.86926988
1264 -0.16929377 1.81246361
1242 -0.18113706 1.75125004
1267 -0.17773975 1.77144066
1246 -0.17957041 1.75244462
1272 -0.17673043 1.76786449
2998 0.82415579 -1.11675283
1393 0.88753526 -1.19643414
1271 -0.18153749 1.74024793
1191 -0.11290564 1.92284194
1241 -0.17462623 1.78929790
2777 -0.00666583 2.36585986
1252 -0.18511042 1.72670753
348 -0.14655500 1.81864141
1437 -0.36961238 0.14692605
1282 -0.17312111 1.80073244
1673 -0.02382374 2.23776875
2992 0.95981717 -1.21514689
1089 -0.29776893 -0.28959370
3501 0.05971949 -0.61346686
3009 -0.37712158 0.70345854
1253 -0.18203583 1.74695579
345 -0.15774416 1.77121015
1247 -0.17974591 1.76037538
2792 -0.16379565 1.62625234
1248 -0.18607002 1.73151888
1564 -0.41643002 0.13520755
2776 -0.00154533 2.38538849
238 -0.24262656 1.11776865
1123 -0.37901743 0.22870506
3307 -0.37303283 0.31087167
119 -0.41475826 0.16216592
3016 -0.23472551 1.50956494
420 -0.15021456 1.84497038
124 -0.38682367 -0.18170470
1261 -0.17323947 1.79683262
1530 -0.38100495 0.40283585
2991 0.98201828 -1.23257575
1284 -0.17837872 1.77747038
3010 -0.37265791 0.73012932
1270 -0.17947033 1.75516045
2684 -0.28669179 -0.29993675
2618 -0.29628465 0.86899175
183 -0.04805569 2.34441537
363 0.07388846 2.87453735
1250 -0.17978186 1.77141968
168 -0.41490721 0.18442735
523 -0.35927019 -0.03944372
3029 -0.28126626 -0.30947732
1838 -0.37493700 0.16903095
1192 -0.11914263 1.89596134
578 -0.23662658 1.50764102
353 -0.14882662 1.82287330
357 0.03928101 2.70480504
520 -0.36257086 -0.04250403
850 -0.41890146 0.35866871
464 -0.12982674 1.83806784
814 -0.41853073 0.34003352
633 -0.23800757 1.51346487
3348 -0.35739286 0.72117744
184 -0.04153382 2.38358172
352 -0.15290045 1.78823124
1285 -0.18796411 1.71939871
3393 -0.28131633 -0.30290253
125 -0.38566825 -0.18424436
2655 -0.41623726 0.12707876
385 -0.28588258 -0.35149038
1533 -0.40870310 0.43154387
359 0.04055257 2.70539661
1763 -0.37951142 -0.21024785
479 -0.24347584 1.31425251
375 -0.43850185 0.13747723
3019 -0.23820372 1.50833412
1706 -0.35682306 0.58067287
1366 -0.20470904 -0.37702628
2784 -0.32933715 0.74108332
477 -0.23903437 1.33863929
3499 0.01975296 -0.52912668
788 -0.33286938 0.92824878
2990 0.97231817 -1.22572332
1835 -0.37472235 0.17722230
478 -0.26079987 1.22552771
439 -0.21290481 -0.37507464
476 -0.25238371 1.29232811
380 -0.39439638 0.17753590
1041 -0.42229641 0.33535034
271 -0.38111121 -0.22885741
1708 -0.07281733 2.15314303
1836 -0.37377481 0.17379162
349 -0.15319868 1.78895549
1585 0.01842834 -0.52661605
552 -0.32421120 0.99659715
3030 -0.28585217 -0.30549548
1814 0.28151374 -0.74038880
1339 -0.36537749 0.71248823
787 -0.33026231 0.94402719
3493 -0.42351800 0.45146830
3331 -0.39760691 -0.13156014
362 0.06637972 2.83443202
1695 -0.36836482 -0.20674503
3376 -0.31624687 0.88193415
2856 -0.44214487 0.07526257
596 -0.16371573 1.78356555
248 -0.35727930 0.75729987
126 -0.01343627 -0.54969934
347 -0.15333636 1.78808555
1042 -0.42043373 0.34099921
2416 -0.44020409 0.28671039
836 -0.41507875 0.34353385
1698 -0.36878706 -0.21020120
837 -0.41775890 0.34081914
663 -0.27066971 1.30282859
1043 -0.41609956 0.34276660
123 -0.38759380 -0.18011094
3012 -0.34601199 0.84877270
89 -0.13280494 -0.50809000
1052 -0.41508577 0.32993049
2805 -0.44208596 0.08223424
337 0.03668890 -0.59938022
307 -0.41828211 0.05173512
819 -0.41442715 0.36516035
1049 -0.42144614 0.33275507
1135 -0.37135156 -0.05281887
842 -0.41430415 0.34324215
3375 -0.32314323 0.88035542
344 -0.15409131 1.77543877
1812 0.28325688 -0.74103038
1809 0.26188812 -0.72446460
1816 0.30689556 -0.75715257
2371 -0.34951138 0.68809923
1061 -0.42160260 0.32813572
2870 -0.44414942 0.06521031
841 -0.41889122 0.35714991
1769 -0.32124832 -0.26746659
159 -0.42538957 0.10553354
2922 -0.44569198 0.08869734
822 -0.41826053 0.35076596
1291 2.03147136 2.12828355
3388 -0.41525546 0.21262784
838 -0.42811498 0.32919214
828 -0.41632261 0.36435777
1056 -0.41991251 0.32995129
2844 -0.44604568 0.08043930
2886 -0.44397054 0.08397876
1756 -0.38642576 0.53157980
1063 -0.42026600 0.34117313
3252 -0.38116547 -0.22142151
815 -0.41999893 0.33102445
1591 -0.27615086 -0.30163618
824 -0.41822502 0.34208772
1067 -0.42057594 0.34075435
835 -0.41908519 0.34639735
2894 -0.44119861 0.08300982
480 -0.24712625 1.29899909
3017 -0.25411725 1.31324261
444 -0.36353163 -0.21155210
1125 -0.38172299 0.22375829
3298 -0.38669390 -0.20849418
3034 0.13458631 -0.66530966
2355 -0.41629345 0.34662092
1815 0.28387461 -0.74066302
97 -0.14322091 -0.48835953
581 -0.35249429 0.69657789
441 -0.20909826 -0.37639724
3282 -0.39746905 -0.19039293
2633 -0.37714541 0.32597433
846 -0.41929085 0.34037608
1122 -0.42282088 0.20674079
1811 0.27113123 -0.73229320
844 -0.42357625 0.32763217
429 -0.34474718 0.85048315
1817 0.27220297 -0.73234082
790 -0.36047972 -0.18268803
830 -0.41791862 0.33859359
1044 -0.42011422 0.33619321
2849 -0.44015744 0.07293890
2839 -0.44665317 0.08403635
823 -0.41736051 0.33073127
2339 -0.40271178 -0.13175310
3494 -0.42033520 0.48231583
1237 -0.40633119 -0.01045996
428 -0.40562207 0.48620295
2900 -0.44196350 0.08086870
92 -0.11650005 -0.51554898
94 -0.12480272 -0.50345777
845 -0.41801461 0.35001564
2969 -0.44269897 0.07712701
2830 -0.44089852 0.07611814
1790 -0.41290442 0.11629189
1768 -0.32163297 -0.27693482
2654 -0.41543782 0.13659137
833 -0.42288367 0.32736679
2020 -0.40430534 -0.12837993
93 -0.13059932 -0.49875463
3111 -0.38283957 -0.20210694
2813 -0.44327978 0.06837134
3317 -0.36142670 0.01506376
2975 -0.44123099 0.08104710
832 -0.41687913 0.34541948
2837 -0.44311154 0.07358101
826 -0.41953594 0.34481046
692 -0.01752094 -0.53568693
2404 -0.33360914 -0.25581899
2957 -0.44252805 0.06723379
1364 -0.38591521 -0.09687537
2809 -0.44073581 0.08465874
847 -0.41847648 0.33844181
2821 -0.44193169 0.08766042
3140 -0.39118650 -0.19306026
2962 -0.44487632 0.07922953
664 -0.40494839 -0.12620563
2963 -0.44180555 0.07199403
1782 -0.27198600 1.19662571
85 0.19905838 -0.70582142
2897 -0.44194714 0.08623147
2891 -0.44214680 0.07072472
1055 -0.41546527 0.35642543
2924 -0.44691853 0.07680220
426 -0.41171105 0.47254627
992 -0.43586913 0.04713216
2944 -0.44285931 0.06490075
737 -0.37236108 -0.08583261
2664 0.46355999 3.51048116
1406 -0.40833542 0.11835403
3001 -0.31780348 0.80650531
474 -0.37109195 -0.18870661
3294 -0.38482467 -0.20334455
1051 -0.41366694 0.35671847
1050 -0.41754236 0.32575438
2964 -0.44416566 0.07864469
3138 -0.39105906 -0.20131822
3087 -0.38616120 -0.20604396
1217 -0.39962008 0.44698676
470 -0.39382024 -0.15537268
3149 -0.38836142 -0.20139339
2030 -0.40280014 -0.13363186
2877 -0.44734726 0.07818814
3102 -0.38514408 -0.20804836
136 -0.39159603 0.50567404
591 -0.39254229 -0.14810739
2859 -0.44506524 0.09102805
19 -0.41511309 -0.08795256
2968 -0.44193131 0.08022137
1771 -0.44846387 0.03260205
3452 -0.40958673 -0.12926432
860 -0.42231461 0.33329121
3198 -0.37975170 -0.22053593
3161 -0.38442284 -0.21957766
821 -0.42143352 0.34833461
2851 -0.44151489 0.07825863
831 -0.42409997 0.31478588
2051 -0.40751475 -0.11526861
1818 0.26975772 -0.73161242
134 -0.41330247 0.45929895
2869 -0.44273548 0.09190718
2907 -0.44270513 0.07055385
859 -0.42280179 0.32717700
3329 -0.39764345 -0.13291309
741 -0.38692332 0.51329477
2304 -0.40894616 -0.12433785
2965 -0.44412013 0.06957755
858 -0.41086507 0.36360974
579 -0.35799900 0.68305311
1823 -0.10665147 -0.46067786
2954 -0.44182770 0.07007577
2412 -0.34430548 -0.25101138
3445 -0.41042341 -0.12214883
3259 -0.38494656 -0.20598578
3076 -0.39038942 -0.20627848
1064 -0.41734040 0.34224577
3264 -0.39845454 -0.18602849
3100 -0.38496650 -0.21347282
3222 -0.38039259 -0.21504044
2920 -0.44130770 0.07748569
2928 -0.44328530 0.07628033
1062 -0.41796440 0.33998464
2652 -0.41922841 0.13358168
1216 -0.36659951 -0.27000600
3360 -0.15628461 -0.45911090
2916 -0.44991232 0.06749784
843 -0.42130094 0.34409167
2835 -0.44495753 0.08932130
1016 -0.43494662 0.03484221
1065 -0.42555544 0.31998459
2173 -0.41839372 -0.12316850
3289 -0.37715807 -0.21664015
2866 -0.44119426 0.08804540
3074 -0.38444183 -0.21411447
825 -0.42329200 0.32000817
3152 -0.38822387 -0.20494008
2902 -0.44737761 0.07368698
2950 -0.44252879 0.08108567
951 -0.44279870 0.03023573
2939 -0.44300227 0.07200296
1941 -0.39665440 -0.13514075
2933 -0.44218660 0.08700570
854 -0.41625571 0.34572656
1060 -0.41366448 0.35473518
1777 -0.35501197 -0.14367888
90 -0.13428322 -0.49643271
792 -0.36845323 -0.17543872
2952 -0.44192551 0.07304082
2255 -0.40147126 -0.12373395
3265 -0.38572598 -0.21010779
2876 -0.44508967 0.07412737
2974 -0.44101010 0.07198634
2951 -0.44074796 0.08167830
3316 -0.36167100 0.02072859
1907 -0.40894733 -0.11512057
2926 -0.44290949 0.08891343
2146 -0.40858709 -0.12685541
3292 -0.39364833 -0.19721009
3338 -0.42610700 0.14773945
1048 -0.41709353 0.35131931
2898 -0.44422053 0.08007402
839 -0.41895413 0.34043024
2930 -0.44292858 0.08232290
2833 -0.44207366 0.08272525
853 -0.41626392 0.34522273
472 -0.15458970 -0.46462464
827 -0.42353564 0.34036981
855 -0.42122411 0.32542457
3199 -0.38990729 -0.20262251
3153 -0.38239264 -0.21643990
2977 -0.44126643 0.07655455
3506 -0.42292973 0.25795817
3232 -0.39366574 -0.19893667
851 -0.41544228 0.34518384
2272 -0.40154847 -0.13826555
3095 -0.38620215 -0.20124928
3293 -0.38545161 -0.21034478
3475 -0.40676584 -0.13209976
862 -0.42311974 0.33102533
2903 -0.44236152 0.07818499
1914 -0.40624655 -0.11881217
2887 -0.44208691 0.09369610
2910 -0.44781939 0.05881619
2848 -0.44457364 0.07019242
857 -0.42562917 0.32111332
2154 -0.40026498 -0.13766544
2936 -0.44048889 0.07052783
3116 -0.39078102 -0.19775527
3422 -0.40603259 -0.14124232
2988 -0.44673532 0.08492173
1569 -0.41331907 0.20317019
3238 -0.39109003 -0.20495921
3288 -0.38038890 -0.22092410
2985 -0.44262111 0.08136853
2860 -0.44210993 0.07139720
3250 -0.39070978 -0.20278226
2976 -0.44212684 0.08709663
2918 -0.44314398 0.08691603
3212 -0.40232335 -0.18609757
3002 -0.42483429 0.00103661
2757 -0.29814790 1.11930522
3051 -0.23335746 -0.36017553
2368 -0.40265382 -0.00100661
2873 -0.44732806 0.07369238
2984 -0.44384432 0.07845722
2607 -0.38416575 -0.10704031
1068 -0.41501092 0.35828417
3122 -0.38577125 -0.21241870
983 -0.45093593 0.04428507
2949 -0.44602793 0.07470028
2816 -0.43953337 0.08104974
3437 -0.40187565 -0.13703837
760 -0.40923638 -0.12585107
861 -0.41808947 0.35740632
2133 -0.40589206 -0.12366693
2874 -0.45067697 0.06646334
3203 -0.39539473 -0.20317796
1506 -0.43124036 0.09047001
3281 -0.38911520 -0.20409604
2959 -0.44445016 0.09342046
1054 -0.41792585 0.35895207
982 -0.44307738 0.05478743
818 -0.41807392 0.33924189
3067 -0.39158499 -0.20634962
3381 -0.32117126 -0.26515101
3082 -0.39294825 -0.20134298
2841 -0.44205899 0.07795407
642 -0.39565927 -0.00790162
2218 -0.41443310 -0.09982396
2956 -0.43741672 0.08176270
2846 -0.44306333 0.07877304
3117 -0.38824570 -0.20892335
2297 -0.40421658 -0.13395925
2958 -0.44734825 0.06927049
3201 -0.38846149 -0.20402469
3237 -0.38483680 -0.20059082
2755 -0.31065697 -0.23796036
2942 -0.44814156 0.08449673
3052 -0.24144324 -0.35279319
2298 -0.40682134 -0.11927068
582 -0.36266780 0.65699892
3216 -0.38814536 -0.20666002
2986 -0.44471470 0.06886904
3101 -0.39515697 -0.19825613
1057 -0.41523396 0.33697443
3004 -0.38672223 0.57069955
3190 -0.38916986 -0.20756312
2855 -0.44599424 0.07053640
759 -0.39784172 -0.14365286
727 -0.39064290 -0.20594940
2199 -0.40444974 -0.12645129
2982 -0.44362291 0.07778661
2623 -0.21333807 -0.37524701
281 -0.36715332 -0.11681417
2893 -0.43808006 0.08305932
2031 -0.40623636 -0.12089510
726 -0.38349444 -0.20679014
3377 0.17931435 -0.68007012
3154 -0.39215037 -0.20005303
2824 -0.44319925 0.07289819
1369 -0.42098861 0.08619608
2827 -0.44108999 0.07390065
2981 -0.44067512 0.08619454
1929 -0.39613024 -0.13676912
2970 -0.44515991 0.08267214
1143 -0.35073989 -0.14134850
1005 -0.43751488 0.04014189
2836 -0.44206241 0.07708794
3099 -0.38857657 -0.21637819
3429 -0.40985878 -0.12983890
3217 -0.38580035 -0.21146632
3280 -0.38614121 -0.21067384
2801 -0.30626622 -0.28429747
2364 -0.40952899 0.06302870
3234 -0.38350962 -0.21378911
3256 -0.38976828 -0.20184358
2064 -0.39744373 -0.13455093
2653 -0.41864520 0.13276165
2978 -0.44166059 0.09414096
3024 -0.43021398 0.04622439
3473 -0.40690681 -0.13248936
250 -0.38841433 -0.12743238
829 -0.42007153 0.34558502
820 -0.41789107 0.34247117
3114 -0.38474626 -0.20884531
1883 -0.40733163 -0.13542318
3253 -0.38475082 -0.20509895
852 -0.41971853 0.37124602
2039 -0.40409117 -0.12930329
840 -0.41937481 0.33156985
2955 -0.44386767 0.08760612
3192 -0.39070868 -0.20201642
2740 -0.37590716 -0.07911829
3189 -0.37970160 -0.22515692
3276 -0.38355252 -0.20556101
2296 -0.40703706 -0.11689902
3175 -0.38476757 -0.21249970
2858 -0.44367520 0.07904109
2904 -0.45005775 0.08456242
2230 -0.40648952 -0.11857519
2882 -0.44453840 0.07455388
716 -0.38395736 -0.21307112
3177 -0.38427311 -0.20067419
2780 -0.17563769 -0.40795055
2906 -0.44642393 0.08002880
2923 -0.44796395 0.08007780
3214 -0.38364441 -0.20847300
2892 -0.44545035 0.07763053
3132 -0.38390601 -0.21525538
3460 -0.40771883 -0.12907234
2021 -0.40035144 -0.13375062
2369 -0.36467428 -0.19421069
530 -0.24061770 -0.35085108
1772 -0.44997620 0.00879833
3270 -0.38824117 -0.20121289
2888 -0.44633244 0.07485095
2588 -0.30272451 -0.26768779
2179 -0.40840290 -0.12040321
883 -0.44104352 0.04091050
1524 0.00034758 -0.55431960
3162 -0.38845083 -0.20924434
2212 -0.40911027 -0.10800910
2182 -0.40062748 -0.13088851
3194 -0.38891304 -0.21035551
2842 -0.44238954 0.06270394
848 -0.41594164 0.34595668
3195 -0.38863332 -0.20133401
2911 -0.44389799 0.08433207
2864 -0.44155014 0.08700366
1663 -0.14817970 -0.42886467
3165 -0.38578261 -0.21332390
1962 -0.40044937 -0.12695140
3196 -0.38189448 -0.21647765
501 -0.40932560 -0.02540039
3353 -0.00374867 -0.55144523
2914 -0.44774293 0.08501900
2890 -0.44235407 0.07694322
2948 -0.44037489 0.08288386
3155 -0.38581842 -0.21371184
2825 -0.44202295 0.06878732
2252 -0.40366738 -0.12688723
776 -0.41303251 0.18732579
2927 -0.44057958 0.07542994
3248 -0.37754046 -0.22261850
3269 -0.38661994 -0.21053247
2823 -0.44600819 0.09139134
2155 -0.40411818 -0.14039911
3055 -0.38184412 -0.15159948
2343 -0.40642167 -0.11243636
2852 -0.44409772 0.08637591
1810 0.28069985 -0.73821900
3080 -0.38813156 -0.20366231
1474 -0.24866702 -0.33206292
3084 -0.38862996 -0.21471461
1918 -0.39958731 -0.13820656
2806 -0.44385651 0.06915932
2187 -0.40179410 -0.13148089
3413 -0.40924954 -0.12844593
3118 -0.38768198 -0.20372431
612 -0.42818352 0.26172401
3443 -0.40861570 -0.12305542
2840 -0.44958631 0.09695294
964 -0.43817692 0.04433413
2041 -0.39660653 -0.13630663
910 -0.43485113 0.03969758
3072 -0.38499326 -0.20368313
1750 -0.27535926 1.26716588
3223 -0.37789263 -0.21798406
3187 -0.38587785 -0.20851146
1955 -0.40774288 -0.11856758
3176 -0.38988579 -0.19612252
2807 -0.44105149 0.08132540
2676 -0.13019546 -0.43843494
2921 -0.44198918 0.08303864
2018 -0.40816654 -0.14537308
2872 -0.44326795 0.07919900
490 -0.39167084 0.07012967
2263 -0.40491062 -0.11401386
1890 -0.40431025 -0.12487557
816 -0.41829880 0.35317665
3105 -0.38609478 -0.20580962
2881 -0.44422292 0.06411885
3444 -0.40303639 -0.13939626
3202 -0.39204282 -0.21054682
1513 -0.30928194 1.00073599
3021 -0.41320355 -0.05549683
2087 -0.40125084 -0.13388496
3157 -0.38398941 -0.20755209
2845 -0.44577623 0.09104063
1470 -0.24786266 -0.33030935
1968 -0.40093063 -0.16153622
2145 -0.40768474 -0.12405381
1053 -0.41580567 0.35317549
2850 -0.44932018 0.07620978
110 -0.32916136 -0.22510694
3071 -0.38435560 -0.20837604
2880 -0.43968845 0.07202343
1047 -0.41664880 0.34877598
2127 -0.40823365 -0.12306447
2149 -0.40327835 -0.13065114
2005 -0.40343286 -0.13976490
3151 -0.38459480 -0.21435418
3241 -0.38998326 -0.20428201
2847 -0.44760710 0.09588476
3137 -0.38696054 -0.22344916
3092 -0.39060257 -0.20680506
2822 -0.45148470 0.09562468
1819 0.30724824 -0.75721873
742 -0.23557123 -0.31080156
3063 -0.36837040 0.51584351
2278 -0.40276095 -0.12633139
3077 -0.38364856 -0.21367864
3478 -0.40761630 -0.13455436
2069 -0.40153404 -0.14569770
1555 -0.40233615 -0.12631558
2831 -0.44584814 0.07175992
3124 -0.38860086 -0.21160640
3245 -0.38838306 -0.20623437
2346 -0.40289231 -0.13188455
1950 -0.41059027 -0.12301339
491 -0.38624092 0.06299828
2925 -0.43945571 0.09131385
1697 -0.37189787 -0.20471864
1956 -0.40851389 -0.11777008
2912 -0.43748448 0.07530539
436 0.22387143 -0.72156425
1185 -0.40121532 0.05729070
2010 -0.40660134 -0.13723474
3278 -0.37972262 -0.21249093
2815 -0.44252042 0.07573774
3239 -0.38843313 -0.21012948
603 -0.42535748 0.25247853
3098 -0.38819417 -0.20408223
2972 -0.44834866 0.07830312
2099 -0.40780414 -0.11933620
2861 -0.44192741 0.08309476
2584 -0.40246110 -0.08353273
2883 -0.43886355 0.08213209
2327 -0.40113419 -0.13705831
947 -0.43715836 0.04159319
2158 -0.40583126 -0.11952670
934 -0.43197947 0.01937814
1058 -0.41858286 0.34735027
3075 -0.38495779 -0.21351611
2226 -0.40864836 -0.13105819
2875 -0.44878088 0.08527743
3129 -0.38153875 -0.21363623
2259 -0.39695751 -0.14147042
1445 -0.31981645 -0.26614434
3119 -0.38328782 -0.20960442
882 -0.43717968 0.02357232
2759 -0.36389279 -0.21018684
2062 -0.41460770 -0.09878242
3235 -0.39485016 -0.19936992
2134 -0.40313588 -0.12449216
3204 -0.39145923 -0.20938806
2344 -0.40774618 -0.11106978
2334 -0.39621909 -0.14237658
3287 -0.39113893 -0.19690683
718 -0.39346747 -0.19599466
2947 -0.43975742 0.08645682
1824 -0.10441792 -0.45623758
2071 -0.40162369 -0.13723629
2269 -0.40289169 -0.15384876
869 -0.43922539 0.04303518
2714 -0.44357092 0.00025198
1860 -0.28558561 -0.29700801
2834 -0.43971247 0.06627798
2113 -0.40017956 -0.14532858
2122 -0.39972967 -0.14158286
2971 -0.44195343 0.06765511
3291 -0.38809845 -0.20499762
834 -0.41823945 0.31116953
1751 -0.27503902 1.26164137
2867 -0.44382714 0.06444467
1551 -0.41524191 -0.08335083
3268 -0.38350390 -0.21009011
503 -0.40505636 -0.02050709
3205 -0.38367692 -0.20744974
1998 -0.41254362 -0.11674705
2023 -0.40255448 -0.12787481
3488 -0.18788674 -0.39312082
2811 -0.44336254 0.06975451
1993 -0.40045222 -0.13915445
2905 -0.44260788 0.08936709
2678 -0.12061477 -0.44412423
3050 -0.22336123 -0.37134018
1066 -0.41805892 0.33299976
3172 -0.38698690 -0.20637020
3231 -0.38305141 -0.21702080
3178 -0.38758486 -0.21092770
3229 -0.39404048 -0.19281051
2915 -0.44426550 0.07703128
2967 -0.44143411 0.08438648
2941 -0.44321908 0.07776180
1788 -0.02612223 -0.53006067
1888 -0.39994661 -0.14541076
2818 -0.44040255 0.08672779
2758 -0.35702040 -0.21129589
2082 -0.40724664 -0.11898480
2853 -0.44024645 0.09116249
2808 -0.44029260 0.08640590
1662 -0.40155738 -0.01101605
2946 -0.44379132 0.07899010
3107 -0.38814067 -0.20679735
989 -0.43125126 0.02235142
3273 -0.39036613 -0.20421288
3224 -0.38452916 -0.21284469
1794 -0.20296014 -0.38523158
3295 -0.39294750 -0.20412739
3141 -0.38648439 -0.21051042
3260 -0.38708962 -0.20365622
2054 -0.39525262 -0.14863885
3215 -0.38787415 -0.20132115
3211 -0.38611721 -0.20969052
487 -0.39942666 0.28091086
2013 -0.40793924 -0.11644079
1046 -0.41578794 0.33039037
3186 -0.39259644 -0.19268684
956 -0.44181077 0.05049172
3088 -0.39411752 -0.20214579
2819 -0.44569056 0.07368931
3169 -0.38772564 -0.20410648
3242 -0.38229110 -0.21057995
3166 -0.38598281 -0.20863712
2913 -0.44455529 0.07558011
2884 -0.43939576 0.07919459
671 -0.41861875 0.15815349
3266 -0.38619576 -0.21519477
3023 -0.42825677 0.06148656
2862 -0.44835875 0.07941193
2176 -0.40773624 -0.11623973
1475 -0.23931703 -0.33777676
2260 -0.41704990 -0.11254718
1829 -0.11467802 -0.45857619
3302 -0.38784111 -0.20127663
3267 -0.38890207 -0.20419942
2193 -0.40072272 -0.13487306
3299 -0.38242423 -0.21492279
3283 -0.39270433 -0.19986678
3261 -0.39165647 -0.19797315
2750 -0.40903317 0.11897881
2264 -0.40175307 -0.13768652
3320 -0.43210835 0.16588510
2973 -0.44186185 0.07896961
3163 -0.38471228 -0.21294973
2037 -0.40624630 -0.12692563
3228 -0.38552979 -0.21514830
2267 -0.40852792 -0.11889053
2295 -0.40689227 -0.12034928
1873 -0.40505449 -0.12387376
3221 -0.38353630 -0.21243163
3200 -0.38640893 -0.21138744
2284 -0.41520990 -0.11361097
3351 -0.27311958 -0.31594084
2191 -0.40070678 -0.13272319
2961 -0.44042726 0.07758158
3069 -0.37720605 -0.22334651
2006 -0.40584281 -0.13041853
2889 -0.44094275 0.07945458
2885 -0.44094373 0.08958214
1482 -0.41192845 -0.02117872
2980 -0.44405092 0.06995795
3078 -0.38243446 -0.21301766
3003 -0.42460940 0.01548457
1894 -0.40038438 -0.12864887
2351 -0.40126688 -0.12397629
2871 -0.44163921 0.07533298
3300 -0.39016286 -0.20108269
3180 -0.39360919 -0.19994114
2045 -0.40509268 -0.13177224
2110 -0.39691937 -0.15414876
2857 -0.44541219 0.08660184
2235 -0.41354822 -0.09795225
2313 -0.39806103 -0.13545396
1916 -0.39762493 -0.12926100
2329 -0.40162275 -0.13087171
53 -0.11272507 -0.45826930
775 -0.41594240 0.15827792
1905 -0.41142567 -0.12237198
3240 -0.39111000 -0.20386168
2730 -0.43414250 -0.01370273
2753 -0.38292394 -0.16328918
1985 -0.42351072 -0.10488186
488 -0.38725477 0.05950639
2940 -0.44380512 0.08238642
957 -0.44226487 0.04722879
3244 -0.37924628 -0.22014952
2953 -0.44322489 0.07146349
1059 -0.41828530 0.36172970
3185 -0.38946163 -0.20527894
3301 -0.38951919 -0.19558716
372 -0.38730877 0.06006426
3139 -0.37963111 -0.22050766
2749 -0.41177658 0.11843768
1822 -0.10695269 -0.45982867
3174 -0.38080648 -0.21370962
720 -0.39474188 -0.20506501
2406 -0.39489566 0.01075493
1022 -0.43643916 0.02796915
2966 -0.44471465 0.08056486
1157 -0.41140561 -0.12094739
395 -0.40666213 0.01031074
3085 -0.38703016 -0.20416668
2022 -0.40410308 -0.12383396
3469 -0.40351971 -0.14857272
2000 -0.40700392 -0.11961875
109 -0.33763749 -0.22710753
2828 -0.44410236 0.08428212
95 -0.12361853 -0.50675074
3471 -0.41100345 -0.12771785
1704 -0.12906467 -0.46662676
3164 -0.39858482 -0.18652548
1510 -0.32660013 -0.27468311
1961 -0.40812009 -0.11036306
1827 -0.08709426 -0.47574160
1891 -0.40360933 -0.12522192
2258 -0.40349084 -0.11947124
3070 -0.38990214 -0.20197938
1957 -0.40235504 -0.11595906
2124 -0.40429457 -0.11671946
2342 -0.41314424 -0.12899294
2164 -0.41000259 -0.10554984
3484 -0.40629977 -0.12317553
3086 -0.38335880 -0.21243176
629 -0.38792960 0.07392458
2036 -0.40482058 -0.12621278
3128 -0.38551134 -0.21151794
2104 -0.41003893 -0.12059316
2878 -0.43733972 0.08877612
1395 -0.41111635 0.00937883
1582 -0.30242871 -0.23288326
1014 -0.44088885 0.03524717
3251 -0.38462111 -0.21302968
2130 -0.40141039 -0.14061022
518 -0.28277474 -0.29186318
3476 -0.40872280 -0.12760494
762 -0.41921532 0.14265200
897 -0.43659610 0.03966277
3079 -0.38991015 -0.20383471
3127 -0.39298586 -0.19900694
3160 -0.39038374 -0.20314097
725 -0.39091881 -0.19981067
3477 -0.40931215 -0.12481653
2181 -0.40116526 -0.12733341
3431 -0.41051031 -0.13959838
3208 -0.38483054 -0.20696591
2943 -0.44335016 0.07714811
3447 -0.40759106 -0.13086685
2832 -0.44988642 0.08229098
2319 -0.39738733 -0.14449192
685 -0.30950710 -0.25114243
1872 -0.40011472 -0.13864500
2117 -0.40185502 -0.12159120
399 0.19003230 -0.70028414
1503 -0.30633021 -0.27996325
2177 -0.40569227 -0.13007261
1087 -0.40187707 -0.13334673
2895 -0.44659237 0.08264767
3220 -0.39419168 -0.19542389
2057 -0.40726063 -0.12798868
3441 -0.41155951 -0.13514397
2205 -0.41036050 -0.12240239
3126 -0.38556026 -0.20694698
3426 -0.41106526 -0.12165261
3285 -0.38827882 -0.20778775
2265 -0.40799659 -0.12263768
2216 -0.40399149 -0.12792961
3230 -0.39057112 -0.21027953
2222 -0.40406243 -0.14335528
2174 -0.40481359 -0.12767500
1871 -0.40464880 -0.12272599
3073 -0.38331924 -0.21678426
1370 -0.42169733 0.09374625
3193 -0.38676085 -0.20670523
3225 -0.39663331 -0.20022922
2612 -0.41247510 0.01888396
3277 -0.38262529 -0.21562445
3171 -0.39086404 -0.20120032
2410 -0.37933198 0.36899933
3290 -0.38732889 -0.20821449
2217 -0.39905647 -0.12721065
2231 -0.40596590 -0.12578134
3420 -0.40675723 -0.13683694
3255 -0.38502099 -0.21313669
3179 -0.38608815 -0.20667043
1469 -0.24291455 -0.33805474
634 -0.40769666 -0.11928740
2276 -0.40092096 -0.13910906
916 -0.43501588 0.04232733
2715 -0.44156610 -0.01092025
3213 -0.38565442 -0.19919026
3091 -0.39071017 -0.19921812
3468 -0.41031189 -0.12195566
2820 -0.44251752 0.08058075
3433 -0.40493148 -0.13879273
3121 -0.37733855 -0.21405260
2294 -0.41242427 -0.11703387
677 -0.41709820 0.18493798
1879 -0.40501702 -0.14270370
3404 -0.41063342 -0.12450906
1069 -0.18578496 -0.40951762
1011 -0.43464572 0.02904744
1971 -0.40472465 -0.12386573
2414 -0.42140614 0.09812556
1952 -0.41131180 -0.11217553
2225 -0.40185076 -0.12961508
1778 -0.36827763 -0.13107544
1207 -0.38823358 -0.14201282
2698 -0.43242256 -0.00976892
3403 -0.41179971 -0.13056379
2171 -0.40385898 -0.14383809
2663 0.42603243 3.38765284
914 -0.43920701 0.04953245
1038 -0.40580614 -0.13064193
3454 -0.40506156 -0.13512378
3191 -0.38626486 -0.21806563
763 -0.40580929 -0.11915744
3103 -0.38740787 -0.21326873
2363 -0.41228591 0.06165351
1972 -0.39929589 -0.13580108
2396 -0.38033790 -0.07713315
2318 -0.39989829 -0.13349199
1107 -0.28943754 -0.29394295
3142 -0.39270595 -0.20323407
1940 -0.40739964 -0.12452174
1997 -0.40024426 -0.13795834
945 -0.43822552 0.03494608
1405 -0.41057507 0.08508357
719 -0.38106486 -0.22003893
1931 -0.40608035 -0.12284452
2074 -0.40291330 -0.12777629
1967 -0.40195489 -0.12551733
3083 -0.38150821 -0.22006051
593 -0.42451687 0.28214468
955 -0.43666773 0.03378430
1867 -0.39859268 -0.14283049
3081 -0.38998290 -0.19983341
1874 -0.41236981 -0.12525884
2325 -0.39912085 -0.13754423
3457 -0.40716462 -0.13462170
2015 -0.40017121 -0.14128448
3257 -0.38106801 -0.21947913
2098 -0.41001608 -0.11817431
2337 -0.40714359 -0.12044609
2096 -0.40092704 -0.13901014
3249 -0.38653047 -0.20699816
2300 -0.40121900 -0.13348917
3219 -0.38385377 -0.21931254
730 -0.38845265 -0.20770516
2138 -0.39937884 -0.14912711
2316 -0.40164410 -0.13083581
115 -0.42180090 0.00779787
2238 -0.40547279 -0.12270527
2118 -0.40442064 -0.13535588
2929 -0.44594872 0.08949193
1936 -0.39748083 -0.14537176
1373 -0.29299908 -0.26666067
2292 -0.40098479 -0.13495489
773 -0.41515331 0.20765468
1923 -0.41219406 -0.12593129
2987 -0.44407201 0.07099190
1848 -0.37642524 -0.19015199
3135 -0.38219784 -0.21631594
3182 -0.38661265 -0.20719796
1584 -0.29747883 -0.23587109
2354 -0.40409526 -0.12352329
2631 -0.40432418 0.19026707
2131 -0.40214857 -0.14459523
3134 -0.38868327 -0.21186739
332 -0.42831261 0.25654836
2635 -0.40369409 0.16762286
2165 -0.40782721 -0.11479275
2717 -0.43603506 -0.01530407
2162 -0.39983565 -0.13471122
2102 -0.40269479 -0.12980522
1990 -0.40791975 -0.12844366
3414 -0.40822122 -0.12715850
1913 -0.40317312 -0.12978862
2338 -0.40134541 -0.13831988
176 -0.40545331 0.18484275
2917 -0.44161285 0.07308427
2868 -0.44887171 0.09114614
1915 -0.40992775 -0.11021571
2762 -0.37682002 -0.08643246
3209 -0.38329878 -0.21525392
2934 -0.44109990 0.07435628
2909 -0.44285643 0.07711021
2213 -0.40437585 -0.12205604
2240 -0.40798085 -0.12654206
2086 -0.40919933 -0.12186682
3065 -0.42981330 0.04995787
1028 -0.44102580 0.04020125
232 0.08595111 -0.60538368
3183 -0.38689739 -0.20957708
587 -0.40748120 0.29662649
1889 -0.40300337 -0.13899049
3419 -0.40827895 -0.13666357
2186 -0.40390555 -0.12864911
3275 -0.38812705 -0.21209323
1139 -0.41089691 -0.02839826
138 -0.26507007 -0.29435027
1045 -0.42306703 0.31101324
896 -0.43403817 0.03556493
2266 -0.40457401 -0.13271871
369 -0.42244517 0.18352191
3258 -0.38783295 -0.20561165
3442 -0.40759343 -0.13331432
2246 -0.40791752 -0.11417942
2200 -0.40519197 -0.12238396
1942 -0.40457755 -0.14100867
3109 -0.38607149 -0.21194882
2116 -0.39730518 -0.13676585
3455 -0.40747354 -0.13084948
2228 -0.40871654 -0.12224186
3406 -0.40973421 -0.13674105
1108 -0.28811656 -0.29004919
1959 -0.40785121 -0.12740013
984 -0.43777531 0.04848934
2726 -0.43653137 -0.00290551
3188 -0.38627512 -0.20445483
2321 -0.39753970 -0.14200178
1037 -0.40047062 0.33212813
1911 -0.40505774 -0.12353469
3439 -0.41334658 -0.11548950
1887 -0.41056987 -0.12620523
1933 -0.40381422 -0.12462708
864 -0.41440068 -0.12286875
2323 -0.39744467 -0.16906057
3150 -0.38563639 -0.22120264
2705 -0.43411949 0.00220147
1937 -0.40231869 -0.13936191
3147 -0.39187354 -0.20419331
2111 -0.41029467 -0.12285753
615 -0.29012112 -0.29524935
2413 -0.36862262 -0.18228389
1183 -0.40141700 0.06757671
2241 -0.40475272 -0.12201133
3254 -0.39134736 -0.19771446
3391 -0.30238353 -0.28200986
2211 -0.40316917 -0.13038390
2093 -0.40424648 -0.11334717
3417 -0.40616290 -0.12446425
1726 -0.41294727 0.09910772
1965 -0.40187294 -0.12354530
2035 -0.40726943 -0.12404999
3170 -0.38114287 -0.21056155
2243 -0.40962203 -0.11337060
1209 -0.41704735 0.02285899
1171 -0.21789866 -0.37465127
3136 -0.39239384 -0.20522835
2043 -0.40328125 -0.13311929
1982 -0.40589112 -0.11766661
3409 -0.40752675 -0.14157845
3263 -0.38845572 -0.20545931
2210 -0.39952438 -0.13394157
2207 -0.39856042 -0.14142748
1951 -0.40373418 -0.12007463
2829 -0.44465899 0.09085676
2049 -0.40704191 -0.11663759
1975 -0.40205684 -0.12119420
1635 -0.41820475 -0.03606496
2178 -0.40042979 -0.12399172
2250 -0.40619784 -0.13075303
2008 -0.40750388 -0.11799547
2132 -0.40402511 -0.12645943
1007 -0.43711404 0.03755302
2299 -0.41036482 -0.12037661
1149 -0.39783888 -0.13624881
2687 -0.44312001 0.01975140
2345 -0.40519463 -0.12442499
2027 -0.40806494 -0.12381925
2710 -0.43525425 -0.01758478
2673 -0.42367226 -0.07733311
3173 -0.38350094 -0.20892208
3064 -0.36083224 0.54121137
2203 -0.40277128 -0.14465407
2033 -0.40146123 -0.13093176
217 -0.34623202 -0.25111903
1821 -0.09651005 -0.46388178
2120 -0.40322809 -0.14330893
1017 -0.44265690 0.04449575
1922 -0.40235062 -0.13681219
3357 -0.29054804 -0.28548105
2236 -0.40489610 -0.12000484
309 -0.41752682 0.07003004
2198 -0.40330197 -0.11902503
3451 -0.40984724 -0.13212561
371 -0.41734422 0.22788281
3093 -0.38489752 -0.21076476
1784 -0.42255257 0.25915763
2232 -0.39721670 -0.15047637
1797 -0.37801238 -0.05932518
1580 -0.39315390 -0.01858922
3341 -0.42252072 0.18545751
1032 -0.40846750 0.19240541
2091 -0.39836905 -0.13458067
933 -0.43654840 0.02409741
3498 -0.38784101 0.30182463
2100 -0.40439431 -0.12005960
870 -0.44141916 0.03625781
1374 -0.43026308 0.05889557
1018 -0.43765520 0.03264308
2690 -0.43167184 -0.00045519
3143 -0.38777082 -0.21446629
2095 -0.40263445 -0.12382708
141 -0.27319302 -0.28723773
991 -0.43898980 0.03456492
2249 -0.40349088 -0.12072625
2139 -0.39931824 -0.13607940
3068 -0.38333262 -0.21784934
3104 -0.38468897 -0.20492130
2168 -0.40449771 -0.12861487
2945 -0.44161290 0.07258567
2007 -0.40190465 -0.12601588
2314 -0.40017201 -0.12374816
739 -0.38372552 0.52039135
3227 -0.38663863 -0.20997292
3297 -0.38608257 -0.20508540
693 -0.40621504 -0.12163042
3131 -0.38574744 -0.21273474
3066 -0.38218510 -0.20508084
2135 -0.40271557 -0.14320886
965 -0.43929380 0.03365924
978 -0.43783522 0.03355257
400 0.17994295 -0.68735730
926 -0.43798110 0.03631981
2596 -0.40782184 0.01750777
3453 -0.41103330 -0.12494545
1980 -0.41259491 -0.10862832
2088 -0.40369735 -0.12721109
2060 -0.41190516 -0.12293011
1404 -0.40920996 0.11022585
3218 -0.38457349 -0.20707712
907 -0.44271948 0.04365013
2286 -0.40886748 -0.13523525
3110 -0.39305016 -0.20583479
1946 -0.40310583 -0.12112429
1944 -0.40118848 -0.12640271
551 -0.41360931 0.00047576
2090 -0.40877612 -0.12032228
880 -0.44002371 0.04799402
3096 -0.38504987 -0.20830641
3247 -0.39661241 -0.19295620
3158 -0.38385802 -0.21640750
2229 -0.40377153 -0.13651818
2854 -0.44391428 0.08043437
3045 -0.41102252 0.01131987
327 0.21747613 -0.70769456
878 -0.43417499 0.03368887
1903 -0.40274229 -0.11667023
2105 -0.40465822 -0.12730257
3061 -0.31257303 -0.27598787
2353 -0.40099340 -0.13619082
1878 -0.40269805 -0.13245901
392 -0.29711838 1.06443134
2056 -0.41527501 -0.10979135
2083 -0.39989009 -0.13652459
448 -0.19719043 -0.37696629
1882 -0.40559158 -0.11550893
3438 -0.40811556 -0.12626967
1981 -0.40306377 -0.13045237
2373 -0.33927322 -0.21184876
2128 -0.39933401 -0.13378814
2153 -0.40268068 -0.13942283
2302 -0.40646242 -0.14222434
2066 -0.40539233 -0.12622309
2694 -0.43634676 -0.01308894
3148 -0.38150584 -0.21402503
3421 -0.40946630 -0.11698334
68 -0.34417998 -0.20258505
2308 -0.39949464 -0.13090546
517 -0.28345287 -0.28482277
1780 -0.40709158 0.19630988
2003 -0.40092380 -0.13467292
2047 -0.40119214 -0.12740146
988 -0.43686456 0.04905928
2692 -0.44219032 -0.01396525
752 -0.41243683 0.19932885
3485 -0.41503879 -0.12939215
3286 -0.38691818 -0.20843879
1987 -0.39842350 -0.16449235
2103 -0.40479678 -0.13974629
2119 -0.40232737 -0.12004649
3058 -0.34633665 0.74963856
3416 -0.41017718 -0.12032038
3500 -0.40379651 0.21209110
886 -0.43486044 0.03146550
3274 -0.39436552 -0.19527031
3112 -0.38936026 -0.20210824
2214 -0.40153546 -0.13211132
3236 -0.38702365 -0.20833495
1895 -0.40095096 -0.12508828
2209 -0.39579619 -0.14051300
2040 -0.40868629 -0.12251502
3415 -0.41145013 -0.12677024
22 -0.31312796 -0.26394460
3408 -0.40873615 -0.12205179
908 -0.43361108 0.04610728
3097 -0.39241262 -0.20042402
2048 -0.39774034 -0.13722886
2237 -0.40799128 -0.12828966
1025 -0.44357016 0.04589857
958 -0.44466669 0.04347739
2273 -0.40588756 -0.12219964
2708 -0.43856026 0.00202451
2079 -0.41066833 -0.12982079
3412 -0.40779287 -0.12781059
2336 -0.40386810 -0.12874955
962 -0.43390744 0.02965638
1294 -0.41257094 -0.02199273
1206 -0.38348768 -0.15051548
389 -0.30174195 1.05374602
1866 -0.39405922 -0.13615743
1187 -0.39748935 0.06848392
1921 -0.40306375 -0.14655839
2701 -0.44015803 -0.01525271
1949 -0.40391638 -0.12994268
3503 -0.42744587 0.00455798
73 -0.42187204 0.17699620
1012 -0.44127258 0.01939906
3049 -0.42581341 0.09658327
1409 -0.31694375 -0.27451507
1825 -0.09333105 -0.46770405
800 -0.40146892 0.26496888
1954 -0.40485991 -0.14202037
1884 -0.41208345 -0.10884291
2221 -0.40511963 -0.11539254
3262 -0.38686175 -0.20547607
665 -0.39801551 -0.13608456
2012 -0.39820531 -0.13330756
2610 -0.41100842 0.02765303
1826 -0.09687017 -0.46382073
2189 -0.40327919 -0.12992489
2309 -0.40266325 -0.13351947
1958 -0.40088840 -0.13506365
3181 -0.38234884 -0.21562647
1106 -0.26052990 -0.31999547
2919 -0.44266106 0.08496286
3418 -0.41706320 -0.14426383
981 -0.44068097 0.03510117
3466 -0.40452809 -0.14420996
2896 -0.44545072 0.08372092
2609 -0.41010456 -0.06487680
1966 -0.39627597 -0.14385490
2061 -0.40481649 -0.11959916
3197 -0.38433438 -0.20952576
2736 -0.43216850 -0.00526501
3145 -0.38773968 -0.21053182
2046 -0.40943329 -0.11446888
2395 -0.37631885 -0.07736529
2315 -0.40073025 -0.13025211
3271 -0.38350827 -0.20978981
1901 -0.41129075 -0.12850444
2034 -0.41034200 -0.12867851
2068 -0.40449414 -0.12547546
894 -0.43851548 0.04769974
1781 -0.41293615 0.18907478
2044 -0.40538528 -0.11607432
3159 -0.38604485 -0.20294598
2797 -0.25797361 -0.29611296
1875 -0.40427314 -0.12821230
199 -0.20201756 -0.36315026
2640 -0.09562143 -0.46229083
489 -0.38607774 0.06531870
3495 -0.40965300 0.00240455
2695 -0.43471407 -0.00833849
2195 -0.40163882 -0.14970377
1924 -0.40316331 -0.13745691
3168 -0.39261706 -0.20210024
881 -0.43587807 0.02582734
2206 -0.40255332 -0.13073250
2254 -0.40685375 -0.12976295
2333 -0.40891560 -0.12360372
1902 -0.40544461 -0.13482692
1988 -0.41039235 -0.11402470
717 -0.38289756 -0.21228869
1537 -0.39635915 -0.05124747
2704 -0.43347141 -0.01937913
2140 -0.40080924 -0.14606560
2279 -0.41016278 -0.13829748
1560 -0.23825616 -0.37775500
3130 -0.39046162 -0.20302597
2196 -0.40795468 -0.13852752
1534 -0.26375681 -0.32825256
3339 -0.42131042 0.13332749
2271 -0.39961931 -0.13895673
504 -0.40341403 -0.03647066
1027 -0.43561038 0.04936775
1583 -0.30654389 -0.22254527
3380 -0.40506474 -0.06355395
1015 -0.43796823 0.04967533
2993 -0.23411491 -0.36007686
1938 -0.41042216 -0.12731117
2112 -0.40251054 -0.12819990
2320 -0.41343781 -0.10374778
418 -0.18738891 -0.38891854
2756 -0.31368869 -0.22814338
2624 -0.40970885 -0.06583570
1181 -0.39889985 0.06193711
1190 -0.39551725 0.05176940
2063 -0.40337740 -0.13520748
1131 -0.40191987 -0.12639532
2248 -0.39788951 -0.14718543
253 -0.41739228 0.20042201
1307 -0.41314876 -0.01387320
1892 -0.40275531 -0.13966563
3424 -0.40833156 -0.13550113
1316 -0.41484629 -0.01229658
2812 -0.44112073 0.08837504
3425 -0.40853443 -0.13713861
2725 -0.43929465 -0.00067602
769 -0.40726276 0.21628734
771 -0.40839978 0.20140727
320 -0.40282108 -0.13721656
3435 -0.40524528 -0.13934275
2719 -0.43747762 -0.01485388
2779 -0.40200876 0.38074024
2204 -0.39939233 -0.14645038
1977 -0.40035113 -0.13561248
2065 -0.41199925 -0.11097267
3303 -0.38695815 -0.20765442
1925 -0.39948442 -0.13948076
2340 -0.40357560 -0.12683148
691 -0.39396713 -0.21044523
2979 -0.44974363 0.07460378
2735 -0.44596386 0.00135076
1020 -0.43995872 0.03569112
1970 -0.40582139 -0.11986374
1073 -0.40664376 -0.03381989
3481 -0.40250593 -0.13336731
2215 -0.40162318 -0.13432746
1856 -0.29833095 -0.29121548
2399 -0.09313879 -0.48348485
2142 -0.42220388 -0.10540809
1885 -0.40872735 -0.13206689
2796 -0.23734052 -0.30691728
2029 -0.40307408 -0.12950215
54 -0.10904058 -0.47137377
1927 -0.40619384 -0.14833401
1999 -0.40396706 -0.11948132
2613 -0.40765946 0.03645302
3167 -0.38408473 -0.21551511
2305 -0.39873217 -0.13666058
3483 -0.40737793 -0.12755570
3467 -0.41411288 -0.11890083
3272 -0.38920791 -0.21175826
3464 -0.40817090 -0.13855614
1859 -0.29118181 -0.29628958
2166 -0.40288469 -0.13633925
2219 -0.40704052 -0.13103848
556 -0.35374206 0.71293038
1900 -0.40508523 -0.12729550
1948 -0.41138537 -0.10685802
998 -0.43784354 0.02852766
1857 -0.26904968 -0.31858247
3402 -0.41150079 -0.12039172
2234 -0.40117193 -0.13405422
2148 -0.40281279 -0.12634555
3120 -0.39262865 -0.19503309
3156 -0.38751850 -0.20749483
3482 -0.41364738 -0.11425786
10 -0.40396064 -0.01559475
1858 -0.28349803 -0.29775696
1877 -0.39774186 -0.14004578
414 -0.26057725 -0.29094520
724 -0.38575395 -0.20984176
738 -0.37341581 -0.08879832
2641 -0.35182238 0.74112795
2326 -0.40804009 -0.11741130
453 -0.36195570 -0.23186939
2627 -0.40296559 0.20130268
1881 -0.40398107 -0.11928514
3436 -0.40506850 -0.13707145
1442 -0.40449341 0.19697433
3456 -0.41111768 -0.12024854
1926 -0.41620398 -0.13681139
2677 -0.13811401 -0.43392135
1021 -0.43888634 0.03233822
2331 -0.40170300 -0.14054580
961 -0.44081023 0.04425528
2009 -0.41077706 -0.12694683
2290 -0.40782249 -0.12726649
1932 -0.40245125 -0.12661694
2058 -0.40206930 -0.13847667
3284 -0.38677792 -0.20619927
2050 -0.39837140 -0.14843741
987 -0.43642215 0.03818008
2180 -0.40137469 -0.13366424
1110 -0.18848557 -0.37401344
1188 -0.40032404 0.06892902
778 -0.41190560 0.13810205
2190 -0.40245197 -0.12831033
1869 -0.40338996 -0.12605556
3432 -0.41002387 -0.13444841
2783 -0.41259095 0.01790638
948 -0.44588058 0.04583980
1459 -0.39518150 0.16519771
3463 -0.40120890 -0.14324662
3144 -0.38864228 -0.20279317
2011 -0.40690399 -0.13272914
928 -0.43464043 0.03336282
1019 -0.43747092 0.04656362
2311 -0.39981351 -0.13303487
1327 -0.41696657 -0.00584632
2170 -0.40642680 -0.13515741
2782 -0.40190703 -0.00447314
912 -0.43759231 0.02749146
3062 -0.36525312 0.52378906
2019 -0.40654888 -0.12273692
3497 -0.38298699 -0.06419241
550 -0.41925463 0.17153123
774 -0.41761025 0.18926471
2106 -0.40468101 -0.11737028
212 -0.28976766 -0.28820690
2070 -0.40483706 -0.11987336
3448 -0.41116061 -0.12472179
999 -0.43567681 0.03571040
1947 -0.40985823 -0.13466530
3458 -0.40898848 -0.12837662
2291 -0.40465251 -0.13474892
2077 -0.41000882 -0.11120534
1716 -0.41480408 0.18318927
757 -0.31588700 -0.22412551
58 0.05480773 -0.60665044
3449 -0.40423252 -0.13870360
2625 -0.39590280 -0.08627137
38 -0.30669385 -0.26798242
2028 -0.40036870 -0.12953321
2960 -0.44031619 0.08756444
3059 -0.35250155 0.69934796
3434 -0.40751600 -0.13823864
1991 -0.41047863 -0.12340287
1213 -0.40825942 0.02824958
2996 -0.19664084 -0.38242988
2282 -0.40435580 -0.12098593
2693 -0.43652425 -0.00167104
2194 -0.39875227 -0.14237867
3465 -0.40628523 -0.13807734
924 -0.44115545 0.02530324
67 -0.35496725 -0.14465521
3022 -0.42957968 0.04068384
2175 -0.40306399 -0.12380112
2183 -0.40503501 -0.11748700
2709 -0.43119659 -0.01859094
1934 -0.39942196 -0.13804281
1694 -0.39727173 -0.01713120
1457 -0.40264237 0.16791147
797 -0.40457650 0.26653931
2280 -0.40950525 -0.13093952
1304 -0.41160409 -0.01603336
2341 -0.40863437 -0.13935704
937 -0.43805018 0.05378620
2161 -0.40078385 -0.14014459
2055 -0.40850868 -0.12450959
627 -0.39464984 -0.05515275
3296 -0.39180779 -0.20194983
317 -0.41395521 0.19131229
1986 -0.40189548 -0.13649945
2699 -0.43719261 0.00291397
2026 -0.40367648 -0.11811217
1144 -0.40570346 -0.14312619
1238 -0.27046763 -0.31434137
391 -0.31359212 0.97496178
2724 -0.43554276 -0.02243863
2137 -0.40607320 -0.12225533
2630 -0.40255453 0.19622228
2115 -0.40391186 -0.14900138
2245 -0.39960025 -0.14247714
2306 -0.40216161 -0.13886070
1509 -0.32721068 -0.26866181
3319 -0.42974096 0.17174456
3115 -0.38748527 -0.20403564
1620 -0.42521049 0.00656993
1111 -0.18068783 -0.37778009
3318 -0.42880926 0.17717557
1893 -0.40573623 -0.14975377
2185 -0.39740001 -0.12798994
139 -0.26668280 -0.29753350
2712 -0.43760939 -0.00745027
971 -0.44185249 0.01386963
1465 -0.40993855 0.23289736
977 -0.43887036 0.04281308
1943 -0.39800202 -0.13954532
1973 -0.39683334 -0.14538638
1201 -0.38444500 0.03121625
2691 -0.43205923 -0.00978264
2261 -0.41314066 -0.12389700
393 -0.30509457 1.02016981
898 -0.43933241 0.04109021
3108 -0.38563275 -0.21125180
3427 -0.41279140 -0.13068187
979 -0.42963978 0.01106426
3089 -0.39141847 -0.20272463
1002 -0.43883799 0.04284777
3210 -0.38663260 -0.20622868
3035 -0.41428520 -0.10093877
2798 -0.24660881 -0.30090249
236 -0.39593537 0.00234989
1960 -0.40560295 -0.13217079
2700 -0.43548388 -0.00004975
1974 -0.40856115 -0.11838067
985 -0.43597526 0.04133822
222 -0.33648596 0.85445670
1072 -0.41344375 -0.00387656
2322 -0.41141977 -0.12051007
2702 -0.43359302 -0.01323222
935 -0.44063459 0.02828788
2324 -0.39636898 -0.13092289
3207 -0.39424944 -0.20139581
2247 -0.40403927 -0.12010802
993 -0.43457428 0.04416981
2703 -0.43508227 -0.00284520
668 -0.34438945 -0.18266455
216 -0.38067783 -0.06652126
1010 -0.43357336 0.03277917
2611 -0.40656340 0.01009185
2244 -0.40036403 -0.13834940
2242 -0.40743825 -0.13127998
1992 -0.40457160 -0.14577694
2287 -0.40410828 -0.14058115
3479 -0.41135713 -0.13048166
42 -0.32056689 -0.24878355
69 -0.35176312 -0.18978172
2150 -0.40516216 -0.13742889
325 0.18330444 -0.69038184
2085 -0.39781972 -0.13801470
2151 -0.40615042 -0.11139252
2283 -0.39833310 -0.14457770
925 -0.43906677 0.03455507
1461 -0.42734225 0.15393800
966 -0.44233015 0.04838306
1367 -0.40497021 0.30606285
980 -0.43708286 0.05304806
3328 -0.28734760 -0.30248592
2125 -0.40356376 -0.12729003
1614 -0.42268843 -0.00923566
1774 -0.10605423 -0.44247085
1979 -0.40756322 -0.13203140
3246 -0.38938580 -0.20308445
2592 -0.18016610 -0.39896408
74 -0.39252852 -0.07613586
3446 -0.40738538 -0.12781353
2109 -0.40485232 -0.14069779
931 -0.43411303 0.03315248
1832 -0.38957059 -0.13505483
3123 -0.38539101 -0.20378960
1604 -0.42024586 -0.01476608
713 -0.41996236 0.16510850
1625 -0.42105643 -0.00970578
2285 -0.40781327 -0.11538256
1334 -0.41957693 -0.00548773
2696 -0.43950989 -0.00602473
913 -0.43775293 0.04098020
1904 -0.40402251 -0.12566292
1189 -0.39871598 0.07496706
50 -0.31282544 -0.26258311
2697 -0.43440421 -0.01283119
32 -0.31486177 -0.26082641
2312 -0.40385288 -0.12825097
300 -0.41968691 -0.01059462
1847 -0.24206492 -0.31845737
2004 -0.40558236 -0.12813113
2722 -0.43953906 -0.00417217
2157 -0.40631669 -0.12761049
2072 -0.39668402 -0.14314817
2156 -0.40358135 -0.13342263
1886 -0.41057775 -0.13543617
2742 -0.39699312 -0.05828798
1333 -0.41299625 -0.02030239
2025 -0.40587407 -0.11386713
2038 -0.40501760 -0.12437794
1071 -0.41389917 -0.01096944
4 -0.38825922 0.06624435
1994 -0.40433820 -0.12798409
2743 -0.40044113 -0.04301718
3474 -0.40876074 -0.13104505
1896 -0.40456318 -0.12716853
1471 -0.32673541 -0.19980478
2335 -0.40586920 -0.12333808
3459 -0.40007411 -0.13981030
2626 -0.40321142 0.19783508
1195 -0.41368165 -0.12033684
1315 -0.41217103 -0.01073556
3470 -0.40896512 -0.13334325
1976 -0.40340228 -0.13122534
1963 -0.41183958 -0.11163812
2615 -0.41448943 0.07970237
1953 -0.40488576 -0.12435143
526 -0.32469625 -0.19025182
2114 -0.39687573 -0.13138676
1324 -0.41157915 -0.01211785
1627 -0.42366340 -0.00681802
2224 -0.40424659 -0.13353331
2744 -0.40211501 -0.03447134
484 -0.39589348 0.28028146
3472 -0.40712865 -0.13150043
2370 -0.41977863 0.09378912
2307 -0.40364405 -0.12914065
25 -0.31653200 -0.25508182
3090 -0.38508693 -0.20437786
599 -0.38491771 -0.10436238
3312 -0.42212985 0.17718324
2001 -0.40260743 -0.13171821
1168 -0.40421722 -0.13920821
1945 -0.39622689 -0.14945972
995 -0.43858748 0.03851609
2076 -0.40323105 -0.13778078
2223 -0.39890120 -0.14044991
1643 -0.41640935 -0.04450860
3398 -0.41128729 0.20127449
630 -0.38959933 0.06050019
2330 -0.40784564 -0.14414529
3428 -0.40952988 -0.12400618
3461 -0.40285495 -0.13514130
3405 -0.40645018 -0.13349796
1691 -0.25546460 -0.33597242
1597 -0.42575508 0.00039535
2251 -0.41338720 -0.14030985
2639 -0.08588920 -0.47619782
895 -0.43072594 0.02997472
1305 -0.41555955 -0.02021194
3314 -0.41396356 0.06882403
2197 -0.40359606 -0.14606053
1758 -0.27270498 -0.31656519
1619 -0.42202608 -0.00381102
959 -0.44459520 0.03320429
1308 -0.40977648 -0.01326805
130 -0.35003261 -0.17316955
1310 -0.41295259 -0.02784725
793 -0.40452225 -0.12041969
661 -0.39315517 -0.01680981
986 -0.43768562 0.02980854
0 -0.26662697 -0.31332435
2394 -0.12316176 -0.45181587
2642 -0.41466802 0.24731737
129 -0.33628332 -0.19340645
2141 -0.40589711 -0.13346437
3390 -0.26382395 -0.31532609
1397 -0.43493840 -0.00653584
2793 -0.39625933 -0.09057463
1725 -0.41963676 0.09170756
2614 -0.41301723 0.10236396
2995 -0.41499200 0.19913787
2657 -0.36472837 -0.15137625
233 -0.41102014 -0.02486562
3411 -0.40654687 -0.12674782
2167 -0.39716309 -0.13271131
2293 -0.40598635 -0.11797205
2172 -0.39370357 -0.15194631
2163 -0.39941383 -0.13067777
328 -0.28722465 -0.26249546
1917 -0.40197175 -0.14362669
1876 -0.40556055 -0.13929340
1295 -0.41141156 -0.02885586
1320 -0.41313976 -0.01234946
2781 -0.41244155 0.14332172
1640 -0.41363123 -0.03907191
1085 -0.18527602 -0.35001850
1600 -0.42027013 -0.01915044
1855 -0.28114885 -0.30273734
3462 -0.40861663 -0.13494186
2716 -0.43787563 -0.01205192
1808 -0.28127875 -0.28001950
3094 -0.39153394 -0.20184184
2107 -0.40784167 -0.12859793
3423 -0.40381625 -0.13879234
2277 -0.40005543 -0.13819435
2720 -0.43996648 0.00180312
66 -0.35756728 -0.14633585
3053 -0.22732867 -0.34814282
688 -0.21567515 -0.34895741
1626 -0.41966501 -0.01622627
2733 -0.43942278 -0.00726925
46 -0.29824815 -0.27800320
1969 -0.39976010 -0.13717181
2108 -0.39653055 -0.14708112
1854 -0.27770106 -0.31009440
483 -0.39204266 0.29139910
485 -0.39887529 0.27475498
3430 -0.40773582 -0.13234067
2392 -0.41277300 0.01884383
1611 -0.41785107 -0.01613538
2628 -0.40254287 0.17597494
3486 -0.40701665 -0.14206910
1438 -0.23317199 -0.33040223
968 -0.44600427 0.04251318
1709 -0.39629196 0.11274067
2711 -0.43527451 -0.02533768
3184 -0.38550882 -0.21215338
561 -0.23031098 -0.33140610
2059 -0.39940475 -0.13583513
1013 -0.44353403 0.03668219
3399 -0.42719323 0.16099763
770 -0.40898913 0.19911003
772 -0.41046456 0.20208428
1566 -0.44650512 0.06858237
1610 -0.42371829 -0.01465063
920 -0.43483019 0.03477407
1996 -0.40174566 -0.13242949
1846 -0.22663599 -0.32548987
3133 -0.39257983 -0.19680889
1844 -0.24111191 -0.31487058
3480 -0.41482429 -0.12566274
1029 -0.43734832 0.03890608
2706 -0.43263151 -0.02000902
2123 -0.40111089 -0.13251961
1299 -0.41051774 -0.01261433
49 -0.31491404 -0.25516607
2629 -0.40088378 0.19601941
1805 -0.29469982 -0.26953893
3206 -0.38038279 -0.21708638
2739 -0.41137263 0.17096043
2731 -0.42855962 -0.02895763
1609 -0.41986985 -0.01365323
2078 -0.39724043 -0.13870996
2778 -0.16587806 -0.39806946
2075 -0.40479024 -0.12215854
1079 -0.35225267 -0.16311491
2408 -0.42020978 0.12375179
3304 -0.41272110 0.10256219
1912 -0.40079060 -0.14211917
3440 -0.41764013 -0.11705810
1897 -0.40363719 -0.12379432
2268 -0.40256917 -0.13270922
2738 -0.43396837 -0.00876483
967 -0.43912682 0.03855677
3326 -0.40907537 0.14763187
1153 -0.38136831 -0.05197328
888 -0.43954669 0.03890828
1868 -0.39373956 -0.15515888
1699 -0.39138980 0.31017818
1644 -0.41322222 -0.05633985
3407 -0.40868161 -0.13392247
2281 -0.40389997 -0.12509082
714 -0.39268882 -0.06632240
486 -0.39614248 0.28400652
3502 -0.41962764 -0.01318123
1496 -0.26906040 -0.28203545
2729 -0.43322542 -0.00539326
354 -0.38893067 0.33282443
2147 -0.40722529 -0.11778236
1159 -0.22131009 -0.34095553
1354 -0.38022052 0.51509861
396 -0.40923169 0.01009352
801 -0.40394333 0.28326032
3040 -0.40882766 -0.00516326
1387 -0.30433634 -0.22836564
1423 -0.39583645 -0.03179738
744 -0.42304101 0.18018800
1845 -0.23751010 -0.32194392
3410 -0.41178213 -0.12725209
1456 -0.39744893 0.14266274
1654 -0.41281411 -0.04050626
809 -0.40239355 0.19526180
3044 -0.13797521 -0.43069819
3125 -0.38779255 -0.20153295
970 -0.43801574 0.03771293
1645 -0.41702801 -0.03619116
1211 -0.41453009 0.01240974
1642 -0.41964327 -0.03204135
498 -0.38740949 -0.07127717
1935 -0.39919585 -0.13251171
2728 -0.43585575 -0.00544197
3325 -0.05480422 -0.49955474
3400 -0.42456182 0.18770931
660 -0.38581106 -0.04451724
2718 -0.43457607 -0.00326392
1008 -0.43830461 0.03099057
1660 -0.41586878 -0.03516741
1330 -0.41114733 -0.02615827
1314 -0.41352116 -0.01090462
1231 -0.23935048 -0.32159087
107 -0.37145883 -0.10736892
157 -0.18504044 -0.38511144
1710 -0.21794751 -0.34378817
1648 -0.41913063 -0.02848675
1712 -0.24108044 -0.30658012
1652 -0.41903972 -0.03557764
2239 -0.39833123 -0.14640665
2997 -0.28438654 -0.29461452
1197 -0.41078562 0.20069034
33 -0.30466822 -0.27159388
1458 -0.40715518 0.17543813
284 -0.38746207 -0.12499839
1659 -0.41568726 -0.04209907
3450 -0.41013510 -0.12298914
1109 -0.30042048 -0.28691055
1791 -0.42158099 0.03845158
1910 -0.40045545 -0.12986866
1396 -0.42966477 -0.03743636
745 -0.41990457 0.17209409
413 -0.27490548 -0.29132708
1800 -0.31140176 -0.23356728
1355 -0.38549142 0.51187841
1118 -0.20121120 -0.36884148
1657 -0.41705190 -0.05218619
799 -0.40441751 0.26295561
1646 -0.41858355 -0.03160346
2763 -0.29571539 -0.25840755
2617 -0.25362009 -0.32999068
1649 -0.41311138 -0.05230234
2014 -0.40266105 -0.13730944
62 -0.34818562 -0.17195825
11 -0.39531125 0.46194940
3036 -0.16429321 -0.39765036
106 -0.31513303 -0.21119079
1352 -0.38600159 0.49291067
1631 -0.41743915 -0.03377801
1222 -0.21419035 -0.34805030
1221 -0.19015795 -0.38667554
1629 -0.41367170 -0.05203682
1647 -0.41545823 -0.02841761
1235 -0.29424568 -0.26019180
1033 -0.40321595 0.24088453
194 -0.40984457 0.22588432
527 -0.32241965 -0.18872126
381 -0.28486341 -0.24697271
2649 -0.39128259 0.31944672
1078 -0.35142456 -0.17667198
2616 -0.41280527 0.08003169
1655 -0.41979159 -0.02885559
2748 -0.31482380 -0.21402933
412 -0.26638149 -0.28937990
1544 -0.32685499 -0.19991068
1345 -0.38203600 0.53505285
1734 -0.11566046 -0.43691947
1807 -0.28287645 -0.27819658
1862 -0.52823144 -0.24739706
379 -0.53193983 -0.24824617
1787 -0.52699776 -0.21180659
1700 -0.47325864 -0.22370931
1558 -0.52520054 -0.18804506
