72 -0.37873043 0.33723543
5 -0.08108130 0.03256304
66 -0.06648384 0.06011937
56 -0.54827144 0.48161814
49 1.30559316 -1.25436750
47 0.07039948 -0.07927606
23 -0.43508053 0.42811482
57 -0.94684152 0.97990715
79 -1.81908563 1.84176769
61 0.25908311 -0.22467705
98 0.39760680 -0.41396088
46 -0.12221213 0.07565936
45 0.04003551 -0.06042617
41 -0.59599672 0.52838552
0 -1.53829385 1.57032973
15 0.02679762 -0.06117790
53 1.61660573 -1.55735032
93 0.85075382 -0.80485620
95 -0.34549243 0.31931055
78 -0.08178215 0.02931193
21 -0.68659285 0.72053572
14 -0.67101670 0.66102797
44 -0.38360620 0.41607528
54 1.08034508 -1.12365159
65 0.03383718 -0.07245780
63 -0.88577111 0.89371484
62 -0.43432778 0.39868636
82 -1.51725914 1.54975538
88 0.75413502 -0.79543694
48 -0.25551451 0.24694177
80 1.16973853 -1.16151073
25 0.23819503 -0.19005010
51 -0.12200153 0.18353197
75 2.06820998 -2.06449986
12 2.20404987 -2.14694424
99 1.33039424 -1.36339044
8 0.80276369 -0.81219428
29 0.22501239 -0.26601176
85 0.50408329 -0.48832675
59 0.30846757 -0.37325212
89 -0.64997740 0.61860839
94 -0.71488255 0.73806155
83 -0.90274462 0.88301851
84 0.87159347 -0.83907661
71 0.45845045 -0.48931016
16 -0.27657789 0.27278030
22 0.73691479 -0.76114552
92 -1.19131379 1.18737123
35 -0.49123473 0.43315765
38 1.59545327 -1.54277772
10 0.10313466 -0.13609911
58 -0.46401262 0.43418685
36 -0.70434363 0.74700735
3 0.76214228 -0.77527776
50 0.75906186 -0.81264043
91 -0.19844007 0.20516416
34 -0.54273211 0.49058041
37 0.71716886 -0.70520055
60 -1.87680800 1.91902454
69 -1.68160873 1.65979082
87 -1.98757451 2.14161762
30 -0.36453254 0.41316732
13 0.53471090 -0.54499215
26 -0.44293072 0.44755578
11 0.31662144 -0.36547108
19 -0.74364370 0.71728404
40 0.18725775 -0.20577444
70 1.15016558 -1.10376312
52 -1.66245266 1.67016832
6 0.27206947 -0.27596176
55 -0.82865481 0.83553871
74 -0.21560480 0.22894894
20 0.11729782 -0.12457088
76 -1.08946235 1.05878121
86 0.26721568 -0.25144115
33 1.12644067 -1.13946256
97 -0.38676085 0.46177546
24 -0.91405881 0.94514721
18 0.92626023 -0.90912542
28 0.18150011 -0.25898484
96 0.09737416 -0.07822106
90 0.78123835 -0.79730445
9 -0.79469229 0.76941672
27 0.60035398 -0.61887530
64 -0.11882690 0.07734843
32 0.66114734 -0.65504321
42 -1.27620558 1.30281031
67 -1.19288575 1.22979536
73 -0.43549252 0.39121051
4 0.82166172 -0.80787932
43 2.34987408 -2.24731635
17 0.78612793 -0.84034533
31 2.49291858 -2.36782616
68 -1.65480144 1.66186870
81 -1.70560517 1.71354433
1 2.21537099 -2.16888571
39 -0.90355924 0.96693676
7 1.17677352 -1.23048960
2 1.43695759 -1.51869644
77 -1.46150206 1.50951737
