4 3.79677176 -4.23433848
3 3.94276508 -4.02790819
0 3.66709423 -4.01525262
1 3.30059715 -3.53976990
2 3.76490425 -3.92877812
89 -0.49107333 0.32877078
84 -0.22181404 0.29743879
86 0.00533266 0.05351056
52 -0.61814651 0.58764113
15 0.59084008 -0.12558057
37 0.41447945 -0.36227888
74 -0.93505981 0.79201957
20 -0.49992282 0.38546396
82 -0.61312258 0.67765618
94 -1.51046676 1.06324318
35 0.52127167 -0.00509289
58 -0.14777644 0.33515978
80 0.47750442 -0.28087061
68 -1.00500006 0.54990963
46 -0.14084356 0.11896438
88 0.26015308 -0.21045639
14 0.81371926 -0.50273838
64 -0.68477584 0.72557876
43 -0.53869839 0.24684615
23 -0.10459417 0.12719144
53 -0.65071569 0.89044423
13 -1.03767607 0.94581067
71 -0.46212952 0.32373844
34 -0.04091452 0.18825038
69 -0.13010061 0.40842819
8 -0.50779427 0.07453478
51 -0.03257204 0.11395163
25 -0.50371050 1.00055661
72 0.11993162 0.02463786
28 0.14077165 0.00088188
83 0.05256752 0.18680757
27 -0.44484239 0.54214977
97 -0.11046139 0.28487157
10 -0.12592751 -0.02003704
40 -0.04178901 0.17177657
49 -0.17424554 0.42004548
65 -0.50221613 0.31239132
47 1.24282046 -0.81325094
76 -0.77130483 0.59066708
24 -0.03836309 0.04351993
39 -0.14142450 -0.09382366
16 -0.97398444 0.74460815
66 0.04252051 0.03558450
30 -1.17906738 1.22846031
19 0.33794569 0.07481811
6 -0.14570878 0.47307755
11 0.14331311 0.32966165
36 -0.60317900 0.37736418
55 -0.23927993 0.61382541
79 -0.45112028 0.37364109
57 -0.39873058 -0.06808954
99 0.47301125 -0.44786216
29 -0.00647553 0.04458663
17 -0.77834232 0.85085128
44 0.19672338 -0.39686085
9 -0.78654976 0.90197255
7 -0.27390193 0.34551539
50 0.00588220 -0.15497422
32 -0.40057058 0.45003847
93 -0.46308792 0.14466743
95 0.36158858 -0.18203173
41 0.01497144 0.12942635
87 0.55243444 -0.28361359
38 -0.21018982 0.32082749
73 -0.03190177 0.16401202
85 -0.03009519 -0.03543073
92 -0.01609649 -0.13510983
26 0.58884763 -0.16806460
45 0.12728037 -0.18690819
56 0.09323338 -0.43651461
59 0.61789743 -0.56504929
42 -0.01812988 0.04188294
33 -1.17254474 0.86574847
12 -0.49344197 0.26714870
5 0.09619006 0.16393073
96 0.45997615 -0.08406085
48 0.10881534 -0.13766162
98 -0.04795498 0.11942495
22 0.53527599 -0.56943746
91 -0.07669341 0.01993969
67 -1.62386321 1.16452344
18 -1.38136390 0.93652944
90 0.19824671 -0.25584792
70 -0.73608365 0.44109406
78 0.48801705 -0.35044895
75 -0.76269851 0.61972727
63 0.81276086 -0.29401880
61 -1.10267345 0.73720258
21 -0.40056740 0.30376574
60 -0.30384860 -0.15956267
31 -0.34051004 0.19808734
81 -0.13878385 0.36737770
77 -0.81140800 0.46242518
62 0.27430487 0.03815076
54 -0.01443164 -0.09103153
