225 -0.02246555 -0.11270728
419 1.14692737 1.03494716
15 -0.47642647 -0.33099925
875 0.22791111 0.21650406
761 1.37455243 1.42796972
491 -0.86254270 -0.92593855
406 0.10710514 0.00659508
675 0.71130078 0.73765260
735 -0.71104890 -0.64320017
105 0.31843062 0.33600579
917 -0.18391246 -0.27878753
724 -0.78465065 -0.81488053
13 0.49393249 0.43842319
952 0.70895669 0.81377695
953 -0.70907520 -0.69497066
143 -0.52861991 -0.65025194
545 0.71860834 0.71027904
706 -0.58967185 -0.55718875
230 -1.42056547 -1.54272073
270 0.48732602 0.33136717
100 -2.21816978 -2.14429648
340 -2.16837104 -2.02384446
272 -0.71544347 -0.88924096
449 -0.39191137 -0.30407043
944 1.16725897 1.28414499
775 0.16308367 0.17153513
588 -0.25673067 -0.35572215
310 0.29981314 0.37405878
10 1.89038200 2.02310874
214 -0.14633633 0.05768762
730 0.79160542 0.66042167
195 -0.04649978 -0.09244370
297 0.65136352 0.54069074
518 -0.25009496 -0.15132443
567 -0.73119639 -0.98669544
725 0.04051734 -0.09209555
719 -0.11370317 -0.23650215
903 0.50909295 0.35990888
204 -0.85236883 -0.85252457
482 -0.57804694 -0.64942694
543 1.18180297 1.11590621
817 -0.83989014 -0.88605150
370 -1.46910949 -1.60746132
306 -0.11508484 -0.06894724
14 -0.02633354 -0.04840767
812 0.83353991 0.82106169
251 0.03872818 -0.02898419
134 -0.38825498 -0.33274450
190 -2.56985496 -2.55851812
29 -0.66880553 -0.75153883
28 -0.05893965 -0.10169664
772 -2.12365313 -1.99038236
381 0.62276805 0.66618814
472 -0.40006792 -0.35791770
331 -0.84392086 -0.89496896
981 0.16146248 0.10206520
115 -0.90352394 -0.74770344
268 -0.64401392 -0.60994236
35 -1.12879269 -1.02914678
839 0.44014186 0.27454277
658 0.12378601 0.09225409
748 1.80135759 1.88798448
314 -0.05824293 -0.04463073
201 0.14440249 0.07469994
213 -0.37824994 -0.34529776
75 -0.54458311 -0.67638565
203 -0.51934040 -0.50025361
477 -0.78562790 -0.84477757
294 0.59161690 0.45719770
598 0.19897753 0.07803751
401 -1.22530746 -1.24437721
765 -0.19704426 -0.31125520
664 1.29647976 1.29425129
566 1.39674996 1.38850658
617 -0.14797235 -0.16958090
101 0.57015798 0.51878878
711 -1.33521317 -1.25729690
517 -1.32926939 -1.30923291
140 1.77276648 1.78033582
478 -0.99857065 -1.05373862
271 0.36255171 0.41632935
502 -0.02128761 -0.15168489
831 -0.00297726 -0.13363866
958 -0.29095623 -0.33248212
861 -1.53893050 -1.41617967
596 0.94052870 0.87842554
497 0.48861433 0.33754640
481 -0.93481731 -0.93654415
386 0.72805364 0.77193398
678 0.06699426 -0.02818100
173 -1.30331294 -1.27813970
780 -0.54339427 -0.54551151
621 -0.50784462 -0.63172791
240 -0.35785683 -0.38814166
786 0.05434586 -0.12402749
383 0.49416240 0.53945913
16 0.11515654 -0.01448689
516 -1.69812189 -1.56730829
978 1.96591774 2.20486549
618 -0.04722225 -0.10664358
841 1.22652961 1.28075882
148 -1.07725410 -0.92921510
911 0.25960193 0.23522052
96 0.27811732 0.22717287
463 -0.28388425 -0.26504615
315 -0.16046937 -0.29352886
746 0.67985559 0.62281861
692 -0.16170446 -0.22336841
326 1.29342193 1.36472138
583 0.47393377 0.46663864
909 -0.39771641 -0.40384601
662 0.67722138 0.77943584
116 1.23600806 1.19451926
823 0.99611241 0.99090439
139 -0.95130666 -0.94380535
640 -0.62247690 -0.69240607
744 -0.88847298 -0.85025451
568 0.25167922 0.22122255
674 -1.26849841 -1.26075348
377 -0.86943580 -0.88391892
282 1.90346275 2.00646087
123 -0.54288426 -0.62797557
997 -1.62244174 -1.49772825
133 0.35055161 0.31811481
30 0.56576908 0.46656823
437 0.56980242 0.59794090
448 0.67448595 0.70780171
732 1.08861958 1.13616415
352 1.10993366 0.84028766
942 0.82079640 0.88032942
793 0.10249723 0.06055000
947 -0.74281650 -0.80263499
781 -0.86229839 -1.02897079
555 -1.34329729 -1.33801921
398 -3.35150086 -3.02456053
416 0.60304855 0.57937157
359 -0.60178582 -0.60428543
843 0.48048221 0.50870230
669 0.89856629 0.95873191
450 0.93752104 0.70611723
156 -0.41079585 -0.39983621
941 -1.21752567 -1.35046202
872 0.06099508 0.15794823
102 1.21999207 1.22456984
427 0.04918956 0.00586753
175 0.98951728 1.10953640
888 1.52869440 1.51611551
266 0.48198735 0.42219052
468 0.74261859 0.58246484
83 0.08622296 -0.05135868
651 1.05823758 0.90376657
86 0.43764900 0.62031256
637 -0.63420478 -0.68726944
838 0.86535943 0.82415496
680 -1.09997821 -1.15002255
92 -0.38114068 -0.52480925
275 -0.42037639 -0.49192857
170 -0.72765604 -0.84601182
39 -1.39472943 -1.31984895
866 0.73765163 0.73377384
36 0.81108934 0.71906286
685 1.42313440 1.43714622
122 -1.00135319 -0.99943012
671 -1.92691877 -1.88141230
65 0.17707405 0.21521118
341 -0.20785072 -0.25693048
385 0.97470017 1.02543836
602 1.43816703 1.47368219
908 2.06542708 2.39538065
57 -1.26410951 -1.14945916
613 -0.54828532 -0.49278938
563 1.08934816 0.92893362
178 2.03719983 2.21329068
373 0.07603601 0.13280905
222 0.40526451 0.62392911
758 0.15707794 0.09920119
464 -1.02779129 -1.03785172
127 -0.43750662 -0.63187234
922 0.07000803 -0.13834011
421 0.90391063 0.88504309
228 1.70210346 1.68354651
305 0.70970839 0.83397562
313 1.28074254 1.21138966
498 1.81566514 2.08966329
946 -0.63251204 -0.60288309
627 0.90132790 0.94591399
501 -1.77470774 -1.67458967
557 0.87857193 0.85112946
149 0.23385576 0.21012601
811 0.65874568 0.63541224
762 0.02244694 -0.10210265
982 -0.55371254 -0.68769319
532 1.50857963 1.60828202
99 0.43315714 0.35100814
995 -0.02996507 -0.17309282
573 -0.91526490 -0.91236998
639 0.11263053 0.02844076
646 0.13410821 0.01053977
202 -0.66090638 -0.79753976
243 -0.87337098 -0.77720196
858 -1.78964309 -1.66070771
221 0.29820330 0.12196545
867 0.84023451 0.71926652
515 -0.02181114 -0.17429065
699 1.01927105 1.12518267
539 -0.67720115 -0.93482607
369 1.24638872 1.25070711
426 -1.77543806 -1.66686234
609 1.61829774 1.84769432
337 -1.13657578 -1.06482135
893 -0.43878839 -0.44084379
703 0.40011214 0.45230460
976 -1.48663891 -1.62135254
895 0.47743921 0.55233082
890 -0.66705782 -0.86347771
371 -0.34216586 -0.27108617
311 -0.43032340 -0.52684544
698 0.22879805 0.18910142
900 0.21855307 0.13175293
120 0.19064255 0.23487150
300 -2.17993357 -2.04003509
107 -0.93025085 -0.77457578
519 0.87574489 0.78576495
0 -0.78834762 -0.77484077
882 -1.99400349 -1.98596831
392 1.42189669 1.50018894
89 0.03415649 -0.12078671
787 1.22316726 1.15810457
470 -0.86189702 -0.84143744
169 0.17055439 0.03516780
632 1.56274109 1.69538844
353 0.15779779 0.11573909
804 0.44995842 0.38755812
360 -0.20313898 -0.04874309
180 1.02921675 1.10385733
389 1.61629525 1.49040422
805 -0.70419157 -0.73881399
215 -2.09403461 -1.98617711
258 -0.12949317 -0.14480061
549 1.88536312 2.15201055
599 1.39106969 1.43741027
707 -0.15260295 -0.10081789
670 -0.15022788 -0.17705702
983 0.15120005 0.07641362
975 -0.13029678 -0.32339679
145 -0.17114888 -0.19268262
324 -0.65260849 -0.71341515
642 0.96466285 0.98897445
643 1.33077687 1.33948848
537 0.62511258 0.56120849
132 0.02241378 -0.03903003
404 -0.93129921 -0.88072220
138 0.25741795 0.47997558
757 0.12029583 -0.02701031
128 -0.82090488 -0.80532887
234 -1.82182689 -1.68883015
4 -0.17797218 -0.28208876
769 0.29197769 0.44506491
422 -1.05942496 -1.08676114
265 -2.86683596 -2.51733685
951 -0.22092798 -0.34523717
529 -0.97710213 -0.87230345
242 -0.36982553 -0.11239410
356 2.08214460 2.44765866
76 -0.06200926 -0.17830311
996 0.53642541 0.53913812
467 -1.03289393 -0.95818645
745 -1.03943060 -0.91656578
400 0.40685691 0.23254187
830 0.74385367 0.58870490
73 0.13671275 0.07318484
393 1.40584449 1.39772664
121 1.38943585 1.59952912
601 0.02281079 -0.22253211
60 -0.99721122 -0.89586627
687 -0.08552608 -0.20939896
494 0.63666769 0.71189009
50 -0.56926739 -0.64877959
196 0.22958640 0.27690368
182 0.48609704 0.51986357
90 1.12450297 1.07352477
303 -1.05367358 -1.06261853
721 0.27263338 0.27899183
53 -1.37477433 -1.27865717
677 0.06259184 0.15535058
227 0.67673799 0.63674708
361 -0.41451289 -0.57474330
556 -0.64224004 -0.83646608
880 1.85662630 2.00895111
412 0.29009954 0.31164610
986 -1.40393914 -1.32753787
378 0.39735926 0.35985225
930 -0.05193574 0.00437018
808 0.77519286 0.59321350
382 -0.62886873 -0.73091421
899 0.77645238 0.72658898
797 0.21404201 0.07390642
960 -0.26830715 -0.22570550
263 -0.26771164 -0.24450747
109 -1.48780375 -1.45169580
409 -0.16280125 -0.28608146
506 0.30056615 0.19765549
147 -0.65097465 -0.54337183
521 -1.68724562 -1.72359223
118 0.08982221 0.01475454
395 0.16697260 0.14639002
432 1.19796948 1.18454570
184 0.29783683 0.24868385
586 0.08389327 0.19646699
548 -0.79995072 -0.96892302
954 0.90148495 0.90493869
6 1.19756375 1.15179366
1 0.17728171 0.10967740
456 -0.44174763 -0.42106266
136 -0.10215068 -0.18970785
80 0.33054416 0.16222429
241 1.55127629 1.63109569
987 1.45118976 1.38670050
681 0.44888432 0.41841546
179 0.80422241 0.70314567
244 -0.45458319 -0.55704322
302 0.10361714 0.01693127
41 1.92528683 2.30195964
188 0.05831027 0.20146577
972 -0.72291943 -0.77207695
868 -0.16328551 -0.18931971
998 0.25285280 0.18779821
167 0.40580113 0.43355152
819 0.02719533 0.01500745
914 -0.14350929 -0.15224113
672 0.68899418 0.70502345
256 0.57412675 0.71884025
44 -0.43799001 -0.45788899
859 -0.88889965 -0.96799216
129 1.15690666 1.15231934
342 0.46370144 0.38177462
898 0.21997532 -0.03346122
822 -1.67786577 -1.61360880
457 -0.05861507 -0.08010489
9 -0.51704691 -0.64758098
11 -0.66060972 -0.64999911
800 0.13808701 0.11704409
802 -0.36488562 -0.36575498
63 -0.07615932 -0.23416017
362 1.19075964 1.34303277
691 -0.52506865 -0.55405479
764 -0.67318963 -0.67769046
8 0.40512054 0.39337651
541 -1.31736527 -1.27511531
881 1.40831554 1.51998324
668 -0.53882868 -0.46759825
708 0.12101132 -0.01336978
319 1.35515751 1.59018465
403 -0.65374279 -0.68213485
792 -2.67853038 -2.46411181
760 1.04661529 1.20044790
891 -0.93969309 -1.05177787
224 -1.11649243 -1.18767777
835 0.08570380 -0.02504463
304 -0.02162179 -0.15106004
351 -1.08737387 -1.01881363
267 0.40753051 0.41524707
292 0.48113968 0.40850092
209 0.30006182 0.30261203
550 0.74226739 0.83057685
921 1.03840901 1.05883404
347 -0.91715788 -1.03838956
988 0.72629110 0.78532342
388 0.77736549 0.83865788
192 0.64209491 0.43391754
344 1.43937812 1.44609869
616 0.28139591 0.27969031
278 -0.97813304 -0.91908054
755 -1.10752703 -1.28464052
546 -0.27189113 -0.25116677
500 0.54013372 0.56974926
828 -0.78857928 -0.79059584
605 0.91397107 0.88731856
476 0.47505062 0.28162315
46 0.05153234 0.02962567
840 -0.48036819 -0.48964548
67 -1.15944605 -1.12092294
937 0.77720102 0.70106164
32 -1.01903051 -1.12454682
245 -0.79593265 -0.80308272
442 -0.80516853 -0.79484380
572 -1.06588921 -1.09051612
756 -0.10380676 0.06101353
779 -1.30368813 -1.30156865
38 0.90962318 0.97562232
956 1.25159781 1.39409577
380 0.07287303 -0.09083299
159 0.15725900 0.02343384
768 -0.90005339 -0.87313235
774 -0.51906773 -0.63671462
423 1.41617585 1.38566061
854 0.23001394 0.12491358
844 0.27591197 0.35398433
434 -2.03295213 -1.92913575
855 0.39177061 0.08412903
608 1.04328827 1.15472413
155 0.64543458 0.55934335
106 -1.98041186 -1.76992979
475 -0.35344132 -0.45198832
338 -1.09295554 -1.25626698
430 -1.94653968 -1.91624887
484 0.74517471 0.74912890
873 1.02748911 1.23130869
474 0.07203975 0.18464082
561 -0.40847052 -0.38853554
564 -0.74043009 -0.78912843
690 -0.72746234 -0.59058050
879 1.95948447 2.20966719
357 -1.38403639 -1.31330461
146 -2.70963223 -2.35569819
856 0.15358777 0.03972127
333 -0.49437690 -0.74857017
580 0.11226188 0.12639420
217 -1.23355736 -1.31993620
734 -1.80789235 -1.76645335
740 0.46053148 0.38848879
682 2.06355460 2.32718949
205 -0.80352815 -0.81693029
534 -0.45265356 -0.58510397
620 -0.37108635 -0.36442789
715 0.15535031 0.16171957
718 0.08523699 0.01448839
211 -0.22965997 -0.15234917
161 0.11208518 0.00659445
293 0.40885678 0.07807861
130 -0.59959268 -0.74461433
487 1.20760848 1.08302349
887 0.48891972 0.36335110
928 -3.02919731 -2.79792032
429 -1.18520313 -1.15582928
821 -1.08707764 -1.21882789
247 1.11774075 1.30768257
431 0.27814568 0.33042739
113 0.28827810 0.29580268
3 -1.38993480 -1.16740602
869 0.36858274 0.22963652
81 -0.90315747 -0.82597728
237 0.79367771 0.88835429
874 -0.88740586 -0.86028138
778 -1.61071910 -1.54793856
729 0.51558904 0.59091695
619 -0.67562883 -0.66716759
250 0.33620959 0.29695247
704 1.69024340 1.83868121
335 -0.34497109 -0.50981519
785 -1.32073503 -1.35972231
346 1.49286074 1.43319206
332 -0.52897329 -0.52244006
702 -0.60882856 -0.52850120
832 1.60508087 1.89307644
19 1.02030807 1.12871099
907 1.44468886 1.40348953
709 1.21947727 1.07102853
78 0.47351495 0.50698343
349 0.14694770 -0.08221227
223 0.36126645 0.31905329
579 0.88993683 0.94534365
200 -0.22486534 -0.21960846
612 -1.44752274 -1.44817925
194 0.92083799 0.90845080
189 1.46319597 1.54151612
164 0.31178445 0.17153054
739 0.15189677 0.05197942
622 0.71016648 0.66813492
693 -0.35530202 -0.35848027
644 0.79431031 0.80579631
789 -0.37473577 -0.41827457
936 0.93565554 0.83452712
713 1.52509690 1.63732599
656 0.18403521 0.18750049
950 -2.63138680 -2.47695521
364 -0.36743650 -0.37183142
878 0.07448855 0.08392455
152 -1.51448180 -1.43043577
345 0.86022363 0.82552288
979 -0.77667734 -0.78185546
363 0.28876804 0.25315652
569 1.06561494 1.03218848
686 0.66603317 0.65232381
18 0.82751063 0.76641602
493 1.21598054 1.37649035
570 2.30614205 2.36851322
993 0.02041347 -0.22917474
547 0.34137680 0.19166237
695 0.02777993 0.20360948
206 -0.65858542 -0.79893300
479 -0.67337505 -0.75258280
21 -0.07783286 -0.11208540
688 0.44451811 0.23201958
308 0.41935436 0.35031535
710 0.09059441 -0.11723901
842 0.83289641 0.81745751
896 1.24238810 1.18634467
71 1.20192821 1.16175436
591 0.67001634 0.73001632
934 -0.28215225 -0.38501606
77 -0.27443459 -0.27656028
852 1.75127789 1.58358563
562 -0.39808463 -0.40698089
298 -0.77080555 -0.67222838
288 -1.12258061 -1.02818122
402 0.82584843 0.84177525
966 -0.20411405 -0.06523455
231 -0.65499751 -0.79647114
733 1.30344005 1.45423624
965 -0.82023302 -0.77773117
559 1.42886396 1.27877802
447 0.38020067 0.25543226
576 -5.01242560 -4.00731542
968 0.10793187 0.04010048
759 -1.38666537 -1.38990828
624 0.31017897 0.18541101
538 -1.38158454 -1.37689157
318 -0.80491768 -0.81905145
131 -2.49714408 -2.30260125
108 1.34984764 1.67564790
219 -0.24598266 -0.37785912
163 -0.29957435 -0.33359572
119 0.83493598 0.83608111
455 0.89984021 0.84073155
153 0.71733268 0.71916840
864 0.00590349 -0.06623565
157 -0.21713678 -0.07643012
790 0.11414177 -0.04533485
938 -1.58594058 -1.44468516
287 -1.77632544 -1.50766901
70 0.47977545 0.39823923
926 1.34507613 1.39107734
783 0.86451960 0.83774672
991 -1.03569044 -0.95387825
25 1.01048322 1.13071095
290 0.93399422 0.75702975
587 0.85377422 0.95615306
533 0.69576513 0.68696802
328 0.21546426 0.19683951
885 -0.42697501 -0.42425056
397 0.03679768 0.09020304
420 0.98821588 1.11899720
435 -1.70877566 -1.56334150
199 -0.63109154 -0.62784839
174 -0.05699475 -0.15657415
955 -0.05461445 -0.03595233
33 -1.12983799 -1.04329903
846 2.25385482 2.69929538
193 -1.80433412 -1.77648748
597 -0.55495766 -0.47099576
636 0.12384272 0.06834708
162 0.52322817 0.39085618
197 0.62312318 0.68630432
860 1.61805910 1.85786797
575 -0.72698854 -0.84481262
512 0.78680424 0.80314101
52 -1.06232181 -1.08080762
2 0.53541456 0.35552242
694 2.10381206 2.21345317
784 1.62312989 1.85844686
932 1.67803650 1.70123320
445 0.67640336 0.67563957
525 0.73545718 0.47102679
728 -0.39218884 -0.48414699
246 -0.34887573 -0.28336441
974 0.48215750 0.43924448
374 -0.57832877 -0.53473306
239 1.86057282 2.06448113
994 -0.10565830 0.01484940
198 1.33879555 1.31929601
185 1.11492680 1.04789873
625 0.55377857 0.45100336
809 0.75306076 0.72651449
309 0.11184960 0.04963403
187 -0.30190928 -0.21875387
160 1.34628765 1.39113492
391 0.86627473 1.20173803
469 -0.36848443 -0.40169759
366 0.61671041 0.58597279
417 -1.87958672 -1.69227173
773 0.49004530 0.51075375
967 -0.87547643 -0.93840745
902 -0.22016887 -0.28401019
705 0.94326239 0.94100656
771 0.20033172 0.19729450
945 -0.16788818 -0.35816554
390 -1.58547639 -1.46021526
499 -0.51558845 -0.73641576
260 -1.17009982 -1.34016121
696 1.00797465 1.05561189
752 -0.10601430 -0.27225444
667 -0.31952159 -0.34720405
51 1.49304572 1.55022448
892 0.36428982 0.22756411
663 0.72167098 0.58731312
254 0.93945984 1.11219963
316 -0.83168342 -0.83331116
750 0.69589601 0.74540945
777 0.85866483 0.77896095
535 1.08197515 1.16667301
716 -0.79592523 -0.87932885
177 0.78067680 0.74516611
471 -0.58531480 -0.66079722
283 -0.82327078 -0.77927570
142 -1.28580097 -1.31598256
320 -1.67696966 -1.71436255
737 -1.37556399 -1.28217902
635 -0.40247614 -0.42897529
236 1.04597702 1.02629175
794 -1.81131709 -1.70747200
72 -0.60099529 -0.65582155
27 -0.30990571 -0.38838249
853 1.67861675 1.94024051
17 -0.16514403 -0.15212760
443 0.23714263 0.25599962
69 -1.61536409 -1.59750310
918 -0.00960424 -0.04083155
495 0.16776661 0.26561365
45 -0.97281488 -1.01001123
61 -0.90681997 -0.86108072
372 1.37409608 1.33799202
296 -1.38566674 -1.46644905
165 -0.21033136 -0.32834260
659 -0.26562189 -0.27146712
849 1.33024898 1.41294386
257 -1.35436334 -1.30387457
112 -1.75091956 -1.69028037
589 -0.29529932 -0.45115384
540 0.39936175 0.23266330
354 0.13532715 0.27393279
577 0.00195087 0.00583142
414 0.25150210 0.12354723
943 0.17655314 0.06816644
238 0.57218403 0.51917753
117 1.25449466 1.33463195
74 -0.80197633 -0.78312836
483 1.72541349 1.97366908
554 -0.47423857 -0.45842881
208 -0.61402893 -0.73011282
262 1.23763841 1.23857479
913 -0.48708024 -0.39830941
405 -0.72406552 -0.74990132
473 0.16045731 0.08043995
424 1.32276473 1.38973984
273 -0.07184720 -0.06933382
818 -0.12672415 -0.21612383
183 -0.63912462 -0.75085522
441 1.48507023 1.51256655
980 0.18099439 0.33915251
151 1.71383264 1.87500995
753 -1.41389487 -1.33247995
961 1.05962493 1.17847695
814 0.82316536 0.93834199
49 -0.51863363 -0.60764911
939 -2.00601232 -1.91084665
5 0.59358798 0.60227798
654 1.18086499 1.29121615
307 0.14455082 0.09612843
276 0.33529517 0.34610008
358 -0.52960414 -0.57764324
23 -0.45858250 -0.54579940
486 -1.51546996 -1.50707245
229 1.42594966 1.35362786
641 0.10227342 0.13974709
552 0.30786018 0.23658364
985 -0.99492952 -1.00370480
615 -0.60624147 -0.53584656
212 -1.87032902 -1.70693067
452 -0.94546061 -1.00374644
924 0.25607248 0.08201685
558 0.69642521 0.66366074
655 -0.87436873 -0.81314153
186 -1.05232332 -1.10007669
144 -0.26055677 -0.18140973
629 -0.43273599 -0.67867959
829 0.11276359 0.03032187
444 -2.72478833 -2.33991168
565 1.44962179 1.57402439
673 0.19701605 0.16618604
803 0.48630645 0.37288211
436 -0.30534187 -0.35566432
181 -0.25587993 -0.38402838
571 0.91643600 0.92744898
111 -0.36678471 -0.34649946
336 -0.70997829 -0.74025480
95 2.13864578 2.19047866
530 1.54722724 1.39179572
125 0.74916660 0.58638582
536 -0.86788835 -0.93423136
387 -0.45159604 -0.46107260
322 1.30821723 1.38769557
511 1.40955237 1.43689668
277 -1.47358128 -1.36679229
948 0.81050037 0.85910581
825 -0.34262831 -0.50335861
763 1.04530342 1.18090375
959 -0.87419990 -0.70529056
376 2.43654078 2.63821369
919 -0.34795694 -0.30298137
847 -0.35917176 -0.41218390
962 -0.27289150 -0.30112847
154 -0.72601566 -0.82365879
68 -0.48249284 -0.55835748
638 -1.09985300 -1.02985272
614 -0.51555181 -0.55722969
191 -1.84637593 -1.69439665
551 0.78004420 0.85297505
446 0.11166898 0.01977982
454 -0.47707870 -0.37205109
281 -1.15459906 -1.09576731
894 -0.22642021 -0.20416426
884 -1.33214617 -1.24183705
633 0.73600688 0.56314514
807 0.72926648 0.57219303
836 -0.41632124 -0.28070494
935 0.94628139 0.92888307
863 0.64552532 0.64707010
7 1.12947037 1.22565259
581 0.39825798 0.43410580
969 0.30970125 0.34814317
259 0.12083681 0.20110035
141 0.07489297 -0.13778294
399 0.51298886 0.46171544
723 -0.32876358 -0.31235018
648 -1.06420519 -0.95145038
727 -0.53135970 -0.49575262
168 2.33872723 2.84885220
523 0.99265102 1.13646019
110 1.00837602 0.80643643
824 -0.11646477 -0.06470879
626 -0.99025268 -1.01378497
253 2.12102300 2.42396357
66 0.61249384 0.53019256
542 0.90126027 1.00138601
210 0.26301358 0.12468713
940 -0.28422673 -0.36219126
590 0.35974823 0.39661954
850 0.14011568 0.08839696
433 0.03928705 0.15407281
323 -1.31123346 -1.21558396
124 0.73489439 0.71134487
220 -0.15591861 -0.17415058
782 0.89630946 0.76488868
741 1.13782673 1.25477575
460 -0.68372124 -0.68492909
665 0.19802210 0.19792912
925 1.72895384 1.86973502
676 1.07877292 1.20395330
233 -0.67249814 -0.52188518
166 -0.94859130 -0.91146035
126 0.46274775 0.28302290
806 0.28528353 0.34354988
317 1.29888275 1.48957752
285 1.11233098 1.04332733
526 0.30026250 0.17914131
411 0.22145864 0.30216755
509 -1.75502488 -1.76329678
684 0.29439900 0.16263352
897 -0.40648374 -0.43375854
970 0.08383219 0.05901759
901 -0.61616666 -0.52457946
585 -3.19260963 -2.86312321
912 0.27590411 0.15055081
84 -0.59462965 -0.61301149
603 1.02333798 0.87082494
150 0.34062205 0.22063004
379 0.97561852 0.90428452
697 0.93625585 0.92227628
20 -0.80702138 -0.80507820
226 -1.19502711 -1.03456854
55 -1.10687699 -1.18974716
413 2.02902191 2.10146951
845 -1.71542663 -1.58161216
367 0.67187791 0.56281013
593 -0.08019745 -0.10146235
788 -0.71799697 -0.77460352
31 1.16197222 1.10019859
631 0.42426417 0.33666043
22 1.95050599 2.01221557
407 -0.45636449 -0.36625225
660 0.36292429 0.31928501
339 1.72451259 1.73642154
343 -2.60548532 -2.45590091
103 1.03310830 1.07407855
462 1.50852728 1.39639063
923 -2.06745254 -1.85499703
871 1.07809975 1.11902762
114 1.19079891 1.04174654
595 0.91908854 0.84592999
408 -0.67242397 -0.63176637
886 0.52119950 0.55004860
465 0.14328738 0.20475821
321 -0.59770580 -0.63830821
355 -0.65045766 -0.82728876
97 -0.33222453 -0.49761069
104 -0.03086379 -0.03306493
375 0.46896201 0.40173204
607 2.03077572 2.51833770
661 0.12899510 0.13954100
480 -0.33250549 -0.36872535
999 -0.86604597 -0.91793868
810 0.04255080 0.04234897
504 -1.81143925 -1.59353176
329 -0.57508727 -0.65045715
742 -0.43863221 -0.60826599
857 0.22678989 0.28399121
650 1.45109901 1.41006041
862 1.02444829 0.90317324
40 0.64335400 0.60169218
279 0.45908742 0.32423659
906 2.09583831 2.29638855
514 0.85118712 0.99022423
216 1.14140416 1.05569478
295 -0.54687354 -0.48417590
647 -0.49490217 -0.52752498
505 -1.39779642 -1.33571313
410 1.23181286 1.31184234
248 -1.27316347 -1.17286204
58 1.10924653 1.15767249
62 -0.17683874 -0.36663907
520 0.12560963 -0.01792526
43 -0.47167329 -0.47462869
249 -0.83682140 -0.89357314
348 0.42489240 0.44563317
795 -0.78141525 -0.70261347
679 -1.88246001 -1.82061844
137 0.95098877 1.02885270
749 0.27792711 0.16619638
834 0.93227269 0.92420002
218 -1.09701723 -1.00149228
513 -1.65212309 -1.67057543
801 -1.02370604 -1.03144584
261 0.61051142 0.42798647
158 0.82309293 0.89906049
634 -0.14719142 -0.19513957
915 1.09548040 1.10740135
865 1.07742920 1.02897060
269 -1.40369788 -1.35213132
883 -0.94322253 -1.04870003
286 -0.81109311 -0.82240751
428 -1.07788669 -1.05084222
720 -0.65738130 -0.63090419
877 0.58746490 0.75446200
701 0.07211828 0.00458306
508 -0.11916966 -0.30475119
610 0.73484858 0.84594695
48 1.66911779 1.87950470
604 0.25129530 0.24202822
630 0.03479083 -0.04567246
330 0.19062946 0.11546801
458 -0.43298903 -0.47130303
56 0.95005515 1.06400710
798 -0.08920822 -0.00324856
649 1.11739392 1.17045647
652 0.61539200 0.74782589
232 -0.55709540 -0.77761052
717 -0.18361143 -0.47519894
916 1.06791410 1.16044939
584 -0.37933190 -0.43109057
312 -0.76381865 -0.76929448
384 -0.69057290 -0.59542538
85 0.12206709 -0.02388762
820 -0.19472765 -0.19628517
524 -0.33484958 -0.44284549
284 0.63618997 0.63256467
503 0.70634037 0.77010243
510 0.94811155 0.96830391
425 1.22656582 1.04591910
280 0.59463285 0.69478504
440 0.43219560 0.33840509
490 -0.10902851 -0.28951861
93 -0.55458858 -0.71032569
255 0.07930979 0.02715517
949 0.26493754 0.26133520
64 -0.02099531 -0.10379271
87 -1.41966413 -1.29712029
438 0.40426981 0.50447833
301 -0.58298248 -0.54442389
751 1.17472664 1.12379560
910 0.29073650 0.40303441
59 1.60914911 1.68340137
544 1.29112844 1.11698716
553 -1.77962627 -1.63530785
977 1.71582204 1.61094930
600 0.57609259 0.54458857
94 -0.85335917 -0.93847017
736 0.92588130 0.81989986
964 -2.88242223 -2.54652222
522 0.47913195 0.47508632
368 0.40574659 0.42821834
365 -0.12756659 -0.26785874
766 -2.19431615 -2.13235749
82 -1.64334136 -1.53828023
833 0.14251212 0.06312881
743 -0.73325080 -0.79570252
731 -2.87508413 -2.46914353
172 0.22221907 0.18741487
963 -0.16690526 -0.23295132
770 0.90702299 0.85052976
47 0.96432736 0.94530036
207 -0.01908007 -0.09604474
611 -0.15178973 -0.27006595
135 0.67310253 0.63816441
714 -2.19671565 -1.86206502
252 -1.15433905 -1.25599166
466 -1.85201693 -1.83542541
264 -0.58109692 -0.65767009
415 -0.20707416 -0.23239846
653 -1.19798111 -1.23344840
79 -2.15854619 -1.90877679
274 1.39204694 1.45866434
904 0.54341885 0.46811873
594 -2.21515252 -1.97865115
747 0.25198461 0.22849603
813 -1.43171659 -1.24039770
488 0.40979302 0.39273352
990 0.55094455 0.42362611
26 2.57522475 3.10360370
889 -0.66938315 -0.57494794
527 1.56381781 1.57186348
722 -0.89065172 -1.00165222
325 -0.13966573 0.03320654
905 0.66839602 0.82047868
528 -0.23608626 -0.21704734
12 -0.37460576 -0.51801231
931 -2.01263057 -1.80920850
492 -0.93862160 -0.82275563
870 0.41953062 0.41299024
459 0.69436469 0.69091017
91 -0.98767257 -0.94752064
531 -0.62895991 -0.62814233
606 0.53679057 0.55579749
451 0.70997582 0.69201902
628 0.92205519 1.03792288
700 1.22641181 1.13632545
683 2.49985785 2.92428250
689 0.78845117 0.87873568
796 -1.38332527 -1.35162456
992 -0.80762169 -0.73901847
88 0.89883940 0.86541962
826 -0.54799912 -0.40481792
623 -0.76347836 -0.69011085
461 -0.45168329 -0.50931293
776 -1.32948491 -1.41816271
837 -0.25300490 -0.16493062
453 1.61107962 1.61431890
171 0.63575326 0.60857672
989 -0.27790732 -0.33709458
851 -0.51802983 -0.50811634
235 0.89168061 0.72787813
726 -0.03842875 0.03571471
439 0.65183382 0.64620007
489 -0.41653284 -0.49942752
42 -0.56806328 -0.66793948
560 1.15361106 1.20580012
754 -1.19195444 -1.22849117
666 -0.93871148 -1.09451226
920 -2.14676815 -2.04176267
98 -0.20087036 -0.29554838
496 -0.99225517 -0.98819629
54 0.06874459 0.12168087
933 0.71290190 0.56329668
827 0.72509746 0.64578974
507 -1.35733653 -1.33615513
791 -1.05769165 -1.03270602
396 -1.36141568 -1.45231127
876 0.36062950 0.15267185
816 0.94446824 0.92448084
578 -1.08868879 -1.13552943
927 -0.07805100 0.01839768
24 -1.03860648 -0.87762733
289 0.71295426 0.67178805
929 1.05790165 1.14195828
767 -0.91144010 -0.85874206
848 -0.97931534 -1.11748940
984 0.41684492 0.27539738
37 1.07465451 1.18421158
350 -0.04715986 -0.23835228
34 0.56212621 0.56748411
394 0.81424795 0.73727524
574 -0.18071022 -0.09597466
712 -1.23754489 -1.33892359
973 0.23367121 0.14406553
957 -0.37812779 -0.53706654
327 1.46379628 1.56052176
799 -1.06913725 -0.94380241
334 -0.02529084 0.00119179
485 -0.07185157 -0.16265872
176 0.36776691 0.37163362
592 0.27758507 0.17905595
418 0.81215821 0.90622404
657 -1.25685430 -1.28696313
299 -1.20501032 -1.14277073
971 -0.63255872 -0.67755266
815 -0.29593627 -0.35492119
645 -0.90771608 -0.80981141
291 -0.89328899 -0.76714872
582 0.89700880 0.84498665
738 -0.71376077 -0.73943755
