3 0.81261203 -4.07463449
1 0.60979450 -3.63808956
4 0.59187495 -3.88438157
2 0.34446161 -4.35777665
0 0.08870324 -4.40746383
37 1.27401410 0.59626579
58 -0.16816780 -0.24910138
6 -0.32260643 0.31970129
94 -0.81775579 0.09352069
30 -0.73489524 0.06202408
89 -0.68316164 0.01998212
19 -0.02660834 -0.00155308
86 0.70931173 0.12193042
65 -0.40680774 0.30194128
16 -1.99061588 -0.07172535
40 0.41212864 0.66172443
24 -0.63822089 -0.39722141
14 0.60176659 0.21398398
42 -0.97522088 -0.03958496
52 0.48283327 0.33303024
55 -0.30510413 0.35336098
82 -0.18742813 0.09985646
39 0.90973701 -0.09473038
83 -1.80365391 -0.16983153
23 -1.42027226 0.68465707
66 0.15823400 -0.29747849
51 2.19806445 0.11628975
93 -0.84739732 0.28617497
69 -0.01063596 0.09129760
43 -1.66129332 -0.47202168
12 0.31728464 0.16066960
71 0.20627353 -0.00273814
56 1.10570048 0.08645932
20 -0.33477904 0.20462771
26 -1.23690422 -0.11206115
49 0.64711346 0.85916728
11 0.09409412 0.39455712
68 -1.22874834 0.20071865
46 0.50654984 0.05462764
96 -0.61405926 0.26837469
36 0.80655354 0.05389134
85 2.46367551 1.19076413
79 -0.54139633 -0.28255476
61 1.04193892 0.14893728
13 -0.61354743 -0.13466257
41 1.72596961 0.32307578
76 -0.61433743 0.15126731
77 -0.79908518 0.23004958
57 0.85523286 0.51370797
95 -0.03192134 0.68565022
34 -0.26613285 -0.11430710
27 -1.34116698 0.47937114
99 -0.82265154 0.40757477
25 0.94691688 0.42144428
73 0.70016001 0.87121506
90 1.40127576 0.22134383
21 1.45609702 0.39948219
87 -0.04426642 0.69665142
98 -1.28159461 -0.28922219
45 -1.18440844 -0.24182384
53 -0.68722845 0.23905881
84 0.33749073 0.48377614
48 -0.95050847 0.16297559
92 -0.44202932 -0.38041261
44 0.29038027 0.20960652
35 -3.07359447 -0.03689027
60 0.67069651 0.17280362
70 0.27643295 0.01079875
81 0.44993161 -0.53007376
17 -0.43618780 -0.02221599
28 -0.35292669 0.08502867
50 -1.61867805 -0.07936232
15 0.45655757 0.43134531
59 0.51435522 0.28908135
38 -1.55787619 -0.28492984
9 -0.12398367 0.34817356
80 0.53883396 0.07846059
32 -0.77032266 0.44228355
47 0.67534191 0.72542454
10 -1.05674066 0.31188338
63 1.53146373 0.40042187
5 0.00084123 0.30422179
18 -0.90380414 0.22152866
97 1.11785084 -0.31560116
91 -1.90349380 -0.16538987
67 2.42693514 0.84271783
22 0.45907776 0.82237003
75 -0.18335019 0.58811230
72 -0.88438805 -0.27270053
74 0.89492181 0.01526172
33 0.00663825 0.56037508
7 -0.46028824 0.08426374
29 0.90307211 0.79784085
8 0.75666697 0.06435163
88 0.12720162 0.53386552
64 1.15821295 0.92364934
62 -0.30492610 0.44303495
54 1.80827939 0.49576359
31 0.75597155 0.24450354
78 0.03964561 0.70818820
