66 -0.62008909 0.25831734
5 -0.25480253 0.06677730
49 -0.25174794 -0.09899370
23 1.31045446 -1.06866286
51 -1.49277863 1.34483472
56 -1.21345760 1.36713623
98 0.67407133 -0.67756191
14 -0.79008309 0.69309109
21 1.17023717 -1.28226010
72 0.72167386 -0.70386258
59 -0.92429797 1.24218212
85 0.53016014 -0.60332846
16 -0.69442370 0.47323148
93 -0.59985578 0.64597556
58 -0.79453809 0.59080616
47 0.00615684 -0.25472612
88 1.79832968 -1.62454296
54 -0.21993886 0.33911449
61 0.52577131 -0.12729971
41 1.45939905 -1.43266297
57 -1.93376073 1.79761475
89 0.42320065 -0.33324391
12 -0.33453765 0.50364272
62 -0.07472604 -0.07138618
30 1.26628040 -1.44648181
8 0.84376306 -0.96653437
99 -1.31749220 1.20321552
78 0.79072975 -0.73539717
22 0.47276676 -0.48473998
45 1.24903466 -1.30519468
82 -2.15896853 1.65345079
80 -1.08630680 1.17357286
75 1.70413583 -1.80222974
10 -0.02468717 0.19384862
79 0.09277682 0.03040001
6 0.20471106 0.40711321
48 0.39863517 0.13017536
64 0.38069205 -0.44341019
24 0.47283669 -0.08568575
71 -0.46130065 0.60417233
53 0.53565370 -0.41003192
44 -1.41034607 1.57286603
84 -1.24690018 1.45939522
55 -1.26083663 1.11027170
63 -1.41909442 1.63493690
37 0.62185768 -0.91186061
46 0.27454179 -0.81512013
13 0.62418885 -0.50849691
35 1.48281825 -1.61606657
70 1.01772266 -1.16353821
25 0.37160441 -0.70792867
0 -0.34216002 0.39415282
65 -0.01933694 0.05567634
87 -0.78183476 0.72585304
29 -1.47961664 1.50135733
31 0.52768733 -0.39117892
15 -0.65844721 0.32972823
19 -0.43123870 0.31827568
36 -2.20640395 2.01781748
50 -0.78198420 0.47958371
20 0.81103892 -0.83821735
26 -0.71455391 0.77826705
91 1.59559265 -1.81423286
52 -1.68773284 1.57256621
38 0.51165027 0.19193576
34 1.15321079 -1.04492880
94 0.91508696 -1.17108078
11 1.41341197 -1.09075959
92 0.02612042 -0.18889537
74 0.07504676 0.11577195
9 0.67932494 -0.28773807
90 -0.63081587 -0.14453766
95 0.46203303 -0.31875817
60 1.87972743 -2.47705962
17 -0.10405433 0.34646946
42 -0.07869184 0.11270249
83 1.16599965 -0.89250846
40 -0.77299055 0.35137665
86 -0.38132925 -0.13223454
32 -2.08722141 1.85494533
3 0.80870728 -1.11438536
18 1.49463246 -1.47876764
76 -0.00822952 0.11981542
69 -0.06702049 0.41686822
1 -0.60570903 1.24341074
97 -0.95532414 0.75963390
43 -0.97774764 0.51982751
33 0.33991150 0.05440836
28 -0.78668638 0.92637984
7 0.46446674 -0.05013239
73 0.21284378 -0.30028105
4 -1.31684181 1.51851111
96 2.29005367 -2.30686767
27 0.80298194 -0.91865252
2 0.64090140 -0.41537671
77 -1.30332737 0.78531465
81 0.17740237 -0.40333138
68 -1.05112921 1.49565509
67 1.27800345 -0.94335558
39 -0.33464141 0.92208177
