225 0.06873568 -0.05780260
724 -1.36487463 1.37997222
437 -1.39699825 1.39123834
448 0.24919931 -0.25896342
419 1.32644748 -1.35854363
258 1.00106360 -1.01501440
13 -0.78143164 0.77895986
491 -0.79186063 0.79606537
136 -0.82647640 0.81819089
472 0.70006495 -0.71357945
658 -0.96899492 0.97585575
812 -1.44975045 1.45217957
687 -0.70465428 0.70108690
290 0.90977033 -0.92003117
143 -1.13947803 1.16175150
775 0.84541901 -0.84115680
944 0.78312595 -0.78838287
138 0.29509965 -0.32312265
406 0.64638842 -0.63316918
282 -0.60510407 0.58766575
10 -0.73402770 0.71704717
567 -2.34059242 2.39785415
182 0.95774312 -0.94727555
605 1.24864163 -1.24276871
470 -1.17371755 1.18292674
370 1.68862785 -1.69480690
203 1.01943103 -1.01584785
395 0.72716131 -0.72748777
340 -0.03996356 0.00525631
746 -0.56970622 0.56178901
692 -0.24559364 0.25310687
588 -0.86293690 0.85485709
105 1.51332613 -1.51745937
445 -0.03311866 0.03429984
719 -0.57253378 0.53625107
272 0.39364222 -0.42036732
651 -0.87374495 0.86878128
599 -1.59289983 1.61611367
903 0.77242944 -0.79736085
115 -0.60905988 0.60831919
81 0.09412840 -0.11934323
831 0.65091838 -0.63984406
271 1.53003086 -1.52341961
675 -0.27223681 0.26777761
678 0.16651813 -0.15076519
780 -0.44357273 0.44181587
893 -1.62987959 1.65713886
35 -1.78129426 1.82915625
730 -0.21904507 0.22017646
427 0.01507592 -0.02076162
699 -0.44920745 0.45903346
521 2.33687203 -2.30833165
345 0.52049549 -0.51191106
900 -0.38530655 0.36062268
516 -0.07661298 0.05888645
148 0.12822335 -0.13875040
732 0.29580022 -0.34072061
817 -0.17749673 0.20475477
786 -1.90076657 1.91085574
968 -0.70289713 0.69610363
888 0.52529389 -0.50819645
463 0.25764328 -0.25684718
270 1.74724041 -1.74162597
134 0.67982735 -0.65644108
674 -0.22888819 0.22561180
698 0.01308586 -0.00675356
314 0.77474061 -0.79078134
266 0.76617786 -0.77059108
352 0.62518615 -0.66058372
311 2.39989012 -2.36183391
240 1.93196837 -1.92385913
958 0.80388320 -0.80039607
303 0.09162659 -0.07694752
557 -0.02204834 0.03282814
423 2.17796322 -2.14883172
978 0.37969025 -0.39097637
642 0.11539210 -0.13906462
431 -1.23166208 1.25488219
573 -0.07688142 0.08404794
197 0.12569492 -0.15972918
662 -0.24946519 0.23338903
761 0.56592640 -0.59291255
38 0.76595560 -0.76416546
875 0.20620344 -0.21791977
618 0.70938107 -0.71791047
416 -0.58046442 0.57950828
998 0.32131295 -0.31923531
561 0.26274091 -0.27451880
708 0.27532492 -0.28257592
306 1.35605361 -1.35135701
244 -0.40718125 0.39051054
15 -0.74825728 0.74900628
409 -0.12590218 0.11855147
204 -0.56302053 0.54011919
151 0.23274818 -0.23929723
133 0.38479844 -0.42302827
543 0.00256776 -0.01108790
452 0.96608248 -0.97910996
221 1.74210251 -1.70735982
711 -1.40454617 1.42997252
744 -1.19385971 1.18597247
983 -0.53173305 0.52186875
278 0.64483283 -0.65274228
9 -1.53535726 1.55590023
242 -1.76613304 1.79115333
547 0.92350539 -0.92514829
251 1.26578562 -1.27291006
873 -0.59689688 0.58650758
178 0.49597130 -0.51090701
294 -0.30514880 0.29028594
953 -0.54409144 0.54277583
500 -0.69686474 0.68435678
400 -0.82848665 0.82803098
917 0.72973928 -0.72028814
116 -0.49669117 0.46464303
389 0.40049236 -0.41192860
57 -1.13183877 1.13391499
696 0.70400471 -0.69714805
843 -0.70302875 0.69633398
839 -0.79658843 0.79401091
748 2.55367342 -2.48675802
997 -1.58714303 1.58696804
740 -1.11690514 1.10849955
14 -0.74829811 0.74078906
16 0.45431636 -0.47676186
195 -0.85549869 0.85187307
41 0.24069325 -0.23845434
636 0.49959225 -0.51329080
627 1.11180795 -1.13721298
664 -0.15709489 0.12724480
382 -0.85078578 0.83841374
981 -0.73395394 0.70958392
369 -0.40576585 0.41008515
245 -0.09879287 0.09806288
835 1.24475183 -1.25551749
568 -0.05019507 0.03032221
408 -0.82478455 0.79062352
310 -0.37581527 0.35197328
283 0.88036225 -0.86729868
256 0.69483825 -0.69688004
680 -0.89256382 0.90613656
946 -0.09196246 0.08321291
101 -1.40072455 1.41572255
762 1.31970719 -1.33710937
866 -1.19749106 1.17507782
895 -1.77571959 1.80196140
823 -0.94102295 0.94807898
729 -1.53620885 1.55602455
621 0.94967826 -0.93540763
76 0.00373313 -0.02645907
344 -1.88102232 1.88607024
123 -0.87432791 0.88901305
952 0.84405590 -0.85967601
341 0.65405893 -0.65113241
538 -0.66662177 0.65810722
890 1.42550751 -1.43063883
113 -0.45774812 0.46056740
230 -0.20304213 0.20566815
102 0.16181057 -0.18529231
685 1.12882996 -1.12427484
772 -0.83670342 0.84223339
385 -0.29400655 0.27768561
49 -2.21406178 2.23003241
985 1.14786299 -1.14112345
222 -1.12673403 1.13851326
332 0.12514117 -0.13304486
377 0.90165668 -0.90440364
25 -1.02296077 1.03009352
139 1.58888536 -1.58482359
677 0.29429178 -0.29327842
519 1.20574914 -1.19666905
936 -0.46057206 0.45660777
401 0.65529633 -0.67585423
275 0.23272891 -0.23832986
811 -0.23815828 0.25789760
476 -1.61580764 1.63650130
855 0.15608053 -0.17532419
90 -0.43683631 0.44120000
765 0.32105348 -0.33669807
180 -2.05754391 2.07345842
328 0.88691852 -0.87571191
159 -0.05843243 0.03702091
602 -1.20225681 1.20066265
162 -1.42864549 1.43759156
324 -0.56922893 0.55982810
518 -1.33071023 1.32962057
583 0.53624855 -0.52967191
293 0.30496806 -0.35120297
771 -0.42622244 0.39557336
196 0.10060194 -0.11446629
60 0.58704405 -0.58429060
351 -1.17181217 1.17632257
173 0.08502424 -0.09331426
53 -1.11100353 1.12539188
972 0.05534705 -0.04918096
586 0.80279160 -0.80143498
613 0.90445049 -0.86722162
787 0.28473505 -0.30220724
549 -0.13528692 0.12900947
941 -0.02177807 0.03604401
515 0.93852020 -0.93792119
779 0.74565240 -0.73436305
156 0.15762495 -0.16430930
942 0.52576491 -0.53270955
808 0.62558188 -0.63902325
639 0.30147281 -0.29920024
669 -0.18862924 0.17570685
723 -1.41165012 1.40961446
616 -0.73062804 0.73485680
899 -0.38337007 0.37391383
268 -0.10874569 0.10693318
506 0.79800976 -0.80152716
735 -0.43081780 0.43217921
947 0.48467204 -0.46970350
487 -1.59553130 1.61900852
725 0.86996104 -0.85517038
153 -0.50764267 0.47335830
556 2.38121633 -2.34038120
501 0.89477600 -0.86944229
184 0.43183780 -0.43774545
353 0.26188211 -0.28923016
364 0.67615675 -0.69669098
844 1.95482615 -1.92585619
250 -1.05092081 1.03598865
170 1.14411113 -1.14798384
497 0.04785700 -0.03691942
842 -1.51917761 1.53062016
73 1.53249659 -1.54622302
29 -1.66584557 1.66167361
108 0.96105979 -0.96680516
132 -0.26269313 0.26746892
785 0.85666458 -0.86592075
28 0.72679061 -0.74252793
44 0.13013389 -0.15828137
161 1.05545262 -1.03813354
598 1.35143587 -1.31532446
562 -0.41973335 0.41040163
481 -0.18782677 0.17532942
429 1.19935956 -1.21848437
331 0.48703352 -0.50199731
625 0.52811166 -0.53187883
300 -1.58142302 1.57288255
430 0.78105938 -0.80308356
548 0.49471861 -0.47363590
975 -0.11474458 0.09129869
853 -0.87294997 0.87640939
6 -0.12274690 0.10628539
856 -1.01823487 1.02943628
371 0.66277420 -0.68285746
319 0.39516692 -0.39854829
541 -0.03285558 0.03639702
383 1.17896364 -1.14936540
792 0.42664861 -0.42658422
803 0.94463573 -0.95149721
227 -0.34908207 0.33142676
745 0.18142452 -0.17419128
422 -0.36416214 0.37177747
477 -0.04965161 0.04076313
86 0.16678973 -0.15176961
66 0.37664952 -0.40375827
424 -0.89867364 0.89815332
163 0.07137518 -0.07898579
987 1.57328426 -1.55915769
960 0.87821370 -0.87733637
572 0.43848042 -0.44695968
309 -0.58871350 0.59007707
800 1.06645076 -1.06290073
555 0.90017562 -0.89905353
709 1.39836364 -1.40841567
545 0.26313343 -0.25098948
595 -0.69806432 0.68096357
4 1.77325821 -1.75506201
155 0.20282657 -0.21795093
399 -1.03350904 1.03160478
909 -1.04478915 1.04131630
840 -1.35264819 1.33329314
337 0.74034714 -0.73395264
794 -1.58908115 1.61054130
432 0.81691560 -0.82065219
349 0.25469685 -0.28270236
121 0.28443821 -0.28130651
190 1.93742385 -1.92027172
631 -0.48890500 0.48380617
847 -0.43725983 0.42320471
246 1.14133629 -1.12375999
563 -1.02045130 1.04222409
861 0.29779579 -0.29703938
769 -0.47671024 0.47445181
238 1.24720511 -1.25672708
609 0.60461354 -0.62557193
656 0.38681470 -0.41297160
23 0.79129440 -0.80444554
885 -0.72554483 0.73941423
292 0.68170527 -0.66053328
450 -0.23041488 0.20251882
880 0.17840081 -0.17900303
128 1.17289975 -1.16418035
449 1.78188519 -1.75944354
713 0.30365577 -0.29730285
247 -0.21843478 0.21174115
820 0.92468411 -0.94281356
398 -0.03472661 0.03013179
243 0.04480887 -0.05651436
663 -1.73559593 1.74223195
326 1.00617535 -1.02796207
707 -0.31605406 0.29266354
537 1.65308207 -1.65926114
857 0.25549371 -0.27054367
329 -0.92178433 0.94117648
89 -0.72649651 0.72989252
110 2.26228538 -2.21384103
652 -1.62386882 1.64303128
874 -1.29535075 1.30544536
100 -0.63857588 0.62711329
910 -0.56771998 0.55678805
441 1.38082881 -1.40084874
715 -0.01216633 0.01028623
867 1.09453030 -1.10707132
622 -1.03981511 1.05518938
167 -0.63960820 0.63466064
869 0.88463967 -0.90054383
882 -0.86603753 0.86021015
841 -0.61550986 0.62381060
493 -0.53086136 0.52465078
681 0.46456240 -0.46903219
305 -1.61406717 1.61810672
202 0.89183600 -0.89294522
580 -0.17302279 0.18827936
832 0.01132320 -0.01188973
234 0.02295971 -0.02683567
999 -1.13150454 1.15336867
881 1.88856051 -1.86245637
673 -0.98881145 0.98105749
482 0.78034683 -0.78266122
304 0.44390358 -0.45191844
405 0.52165928 -0.51501720
378 -1.37752699 1.38469769
112 0.15201629 -0.16191892
140 -0.56416591 0.57023189
887 -1.96688076 1.98350564
421 -1.28666547 1.30472391
11 0.79740177 -0.77882879
188 -0.67704867 0.67697566
373 0.35986011 -0.35946608
259 -3.09190699 3.19242001
640 -1.95139211 1.96838834
872 0.34813031 -0.35356354
862 -1.37703962 1.39626546
129 1.81356314 -1.79318448
27 -0.54483412 0.55614072
199 -3.04781910 3.11591931
859 0.68287609 -0.68973229
144 0.44593535 -0.45224967
950 -0.08357721 0.07954269
70 -0.66097090 0.65028174
632 0.16724113 -0.16699347
996 0.15873292 -0.15961068
930 -0.02029139 0.02374171
51 -0.48775105 0.47960931
693 1.18388234 -1.16062009
206 -1.34751646 1.34683241
852 1.41960649 -1.40231250
757 0.26603429 -0.29213923
825 1.16458169 -1.15957415
307 -0.09664121 0.07756008
175 -1.31380200 1.30326514
695 -0.30906185 0.28716951
232 0.15356168 -0.15707859
17 0.26457280 -0.26894122
793 -1.54481372 1.57072767
982 -0.31180529 0.32892152
670 -0.20325394 0.18491814
107 -0.08023051 0.05422700
137 -0.03000636 0.01043135
316 -0.48325269 0.48452822
460 -0.74062164 0.70236039
280 1.70695384 -1.71411539
142 -1.45472104 1.47642224
357 0.34633074 -0.37676133
80 -1.87654762 1.88740121
934 -0.27205646 0.28438703
706 1.61092007 -1.56406344
127 0.56824837 -0.57711827
637 -0.93759247 0.94579138
335 0.61072932 -0.61029605
750 -1.38975437 1.38485650
454 -0.60986796 0.60542328
962 -1.22200404 1.22184999
781 -1.71749963 1.71263984
296 -1.51276753 1.52434540
529 -0.31687392 0.31734770
390 -1.20772318 1.21716839
386 -0.42565293 0.40856036
231 -0.15453282 0.14597878
193 -0.62799998 0.62943288
755 0.85280430 -0.86652876
67 -1.09591302 1.10672090
213 -0.46961531 0.43707158
447 -0.95359956 0.93781616
778 -0.37494118 0.36949290
546 -0.44095816 0.44042516
96 1.90155335 -1.89826023
878 -1.51072306 1.52622267
473 -0.45544007 0.44375561
566 -1.46720847 1.48777131
756 0.07658939 -0.06767407
801 -0.60081671 0.58946785
360 -0.38309801 0.37823168
539 -1.10839064 1.11456113
63 0.88324506 -0.87365042
608 0.14535047 -0.15172681
181 0.34558241 -0.34840204
95 -1.16879986 1.16433252
526 -0.16770586 0.13396226
689 0.31632176 -0.33839785
77 -0.36184777 0.35607205
8 1.26809240 -1.25372749
682 1.99066300 -1.97216169
339 -0.03496227 -0.01424933
559 0.13151698 -0.11538942
442 -0.75796796 0.73720301
131 0.45290702 -0.43882187
977 0.67332196 -0.66888434
672 -0.61092205 0.61187394
479 -1.01325217 1.00184176
92 -0.21581909 0.19881344
412 -0.06307010 0.05293505
30 0.99250860 -0.97378261
313 -0.85643232 0.87111955
976 -1.19341056 1.19526088
146 -0.73534319 0.73949515
494 -0.48833539 0.47584048
468 -0.61657889 0.63602299
65 0.08512007 -0.08460104
478 -0.68558618 0.69392652
201 -1.02748242 1.01265134
928 1.33471987 -1.32340063
186 0.19208785 -0.19306032
796 0.20066716 -0.22661054
759 0.06918554 -0.09370478
276 1.08924992 -1.09260204
397 0.17796527 -0.16471373
223 0.99242653 -1.00136918
367 -1.01247858 0.99684935
617 1.22942815 -1.21683669
991 0.25778143 -0.26954681
758 -0.21249452 0.21163331
532 -0.13472709 0.11828558
118 1.26736196 -1.27575803
829 0.00994143 -0.04686969
797 0.27933029 -0.25917161
986 -0.07096735 0.07912170
898 -0.32008282 0.31665393
814 0.59964274 -0.62533977
686 -0.53563442 0.53147962
379 1.43426727 -1.43068246
411 -0.71916443 0.72221783
75 1.73886929 -1.72990029
502 0.48700237 -0.48301801
601 1.53466497 -1.50385166
50 -0.63853388 0.63029604
948 0.25558119 -0.27637028
120 0.51617764 -0.50770694
821 0.41981157 -0.42301224
517 0.59155198 -0.60945996
552 0.26385133 -0.27205273
200 0.66063804 -0.66696291
177 1.51278558 -1.48883237
208 0.26733092 -0.25666304
879 1.18845237 -1.17329408
807 -0.44912059 0.45515505
718 -0.66295510 0.64957315
354 0.71842555 -0.72210060
951 0.26900753 -0.25811493
716 0.42530916 -0.44084887
525 0.04607874 -0.04527752
804 -0.59247770 0.57970528
774 1.66782901 -1.63337223
254 0.46421408 -0.45682926
342 -1.66624299 1.69806726
937 0.28500685 -0.29741652
336 1.18645690 -1.18958165
219 2.08550749 -2.05379812
164 1.62267521 -1.57777074
58 -0.86729665 0.86780952
68 -1.44215687 1.45772850
263 -1.88497133 1.90025337
392 0.33998124 -0.34001021
596 0.80697757 -0.80841462
966 -0.10429638 0.09285728
381 -0.17427543 0.14273001
262 0.02513095 -0.03012051
72 -1.46184590 1.46457882
74 -0.40936936 0.40539250
253 -1.05282162 1.07896734
3 -0.75610151 0.73175739
414 -0.21091089 0.18099307
428 -0.90542367 0.90026774
32 -1.45948799 1.49028805
896 0.75690976 -0.76197367
374 1.47206096 -1.46080219
192 -0.76991059 0.75916527
995 -0.07873196 0.07932724
911 0.82358116 -0.82149266
363 1.59559328 -1.57011405
318 -0.77287904 0.78090897
56 -0.40771176 0.39499908
480 0.69347127 -0.71594812
393 -1.40254512 1.42242684
52 1.80281749 -1.80897400
974 -1.73901248 1.76474270
850 0.25985188 -0.27598824
59 -0.33131821 0.33264067
858 -0.25911235 0.23703967
99 1.41417700 -1.40575177
169 0.92509284 -0.91652656
805 0.34690137 -0.30720805
570 -1.40770073 1.42578981
592 2.25029249 -2.23845675
760 -0.45201935 0.44319728
597 -1.31002570 1.31983017
117 -0.62344331 0.63155215
297 0.21761530 -0.23569515
600 -1.35290177 1.34584288
18 -1.76465920 1.78072845
205 -1.04884292 1.04167627
845 -0.07297021 0.07021797
671 0.79185850 -0.80570270
751 0.82737492 -0.85290086
721 1.50058797 -1.49240254
260 0.86882682 -0.87567402
194 -1.81738227 1.82807937
961 -1.13769544 1.12036596
892 0.81464685 -0.81074449
694 0.69567380 -0.69988569
922 -0.56008342 0.54046441
5 -0.82105262 0.80969743
228 -0.49549654 0.49592425
954 -2.15556177 2.19261225
589 -1.02716881 1.02039894
315 -1.18222585 1.18823247
923 0.23456457 -0.26307044
347 -0.50888939 0.50512003
302 -0.66066076 0.65374944
214 0.55103336 -0.56766379
456 -1.05665820 1.04851714
818 1.44122947 -1.44159534
710 0.07677423 -0.09204697
125 1.43371724 -1.42442064
644 1.33139708 -1.33653199
912 -0.04085529 0.00650938
666 1.03351089 -1.04660719
145 -0.74480343 0.75559487
147 -1.16328677 1.16079638
467 -2.24165276 2.26403887
949 -1.13366643 1.15463536
864 0.55462974 -0.56230732
782 -0.40686377 0.39818811
587 0.11185960 -0.11165772
690 -0.44870482 0.47078560
921 -0.28871266 0.27947183
217 0.36466050 -0.38861731
209 -0.38172858 0.37789841
610 -0.53934381 0.56059190
513 0.58365983 -0.59600463
822 0.58595417 -0.58305658
720 -0.47080912 0.43310787
741 -0.30175368 0.29468192
174 0.02508767 -0.05069879
603 -0.83370285 0.83237780
114 -0.37751172 0.35023546
734 1.05742107 -1.06610791
224 0.49853867 -0.50383208
179 -1.33468425 1.34325967
85 -0.98639505 0.97378814
465 0.88643587 -0.86692948
581 -0.28585478 0.30623865
152 -1.07229890 1.06220872
36 0.28007469 -0.29529408
198 -0.25148696 0.25471885
828 -1.12459275 1.10773916
489 -1.86490878 1.90426972
620 -1.69027093 1.70946745
130 -0.26526529 0.26034635
956 1.20533878 -1.20686253
158 -0.54680323 0.53083947
634 0.51780802 -0.52181580
714 -0.55845300 0.56946325
215 0.08617070 -0.10058414
380 -0.16920125 0.16249246
372 0.31637401 -0.33011749
438 -0.46705818 0.46218119
813 0.48804260 -0.47274703
646 -1.01532444 1.01426060
784 1.52846436 -1.51799569
403 0.42696400 -0.41670723
39 -0.09409393 0.06596523
648 -0.31007597 0.32498919
257 0.64905510 -0.63983506
84 0.19774494 -0.20989759
777 -0.69355557 0.68276007
185 2.02670937 -2.03313605
907 -1.74447598 1.74377058
802 -0.42213750 0.41754197
277 0.95366695 -0.94552775
654 0.30953089 -0.30987846
530 1.14513219 -1.14445125
624 -0.02202856 -0.02254617
78 0.16713617 -0.15057598
402 -0.01342101 0.00348415
871 -0.19966021 0.16882189
902 0.18573605 -0.19961004
455 0.09289039 -0.09975834
702 1.17082476 -1.12479225
160 1.04379791 -1.04409083
141 -1.68442942 1.68725692
46 0.28832745 -0.30339286
768 -0.14801412 0.14019527
926 0.79471975 -0.78038723
838 1.68498070 -1.67693208
980 -0.93582038 0.93532967
534 -1.60480178 1.62490532
635 -0.04494379 0.04603580
375 0.68032254 -0.69601756
404 -0.24147368 0.23664280
739 -0.17064888 0.15013579
83 -0.85793954 0.84915404
317 0.49083391 -0.49641610
269 0.11950370 -0.11921679
705 -0.71568066 0.70998895
649 -1.39609227 1.38021550
265 0.32139288 -0.32370971
426 -1.70744707 1.74148668
809 -1.03915747 1.06097795
884 0.65082285 -0.64579394
945 2.35484491 -2.31324194
20 -0.90302029 0.88678360
970 -1.02364273 1.03240033
891 -0.41831652 0.42655663
810 -0.86529787 0.87607892
124 1.88830176 -1.85718914
495 -1.18632338 1.19192235
359 -1.45386574 1.48161982
469 1.26493335 -1.26830030
490 -1.11201666 1.10955835
295 1.07419050 -1.06999041
994 -0.94740964 0.94704370
226 -1.59951720 1.63799523
939 -0.32797426 0.29851753
914 -0.01290676 0.00546586
122 0.67230830 -0.67489926
149 -0.93813812 0.94668071
475 1.53921934 -1.52212751
320 1.13003581 -1.14018898
854 1.50007871 -1.49280138
391 -2.20336547 2.21517322
267 -1.26030389 1.28621363
216 -1.15675021 1.18095222
626 -1.80613027 1.84554258
579 0.58504119 -0.60277805
522 0.60775180 -0.62352156
585 2.41296351 -2.38875153
287 -1.88720718 1.91396915
660 1.18496916 -1.21118250
43 -0.00554910 -0.01029076
157 0.29285384 -0.30519814
619 -1.33613419 1.32707737
87 -0.31385046 0.30532512
753 0.02010147 -0.03324330
233 0.54460667 -0.52924767
71 1.05298894 -1.03231343
165 0.34368854 -0.36425076
368 1.53686067 -1.53067316
988 -0.44421733 0.43684592
499 0.45278636 -0.44832006
484 0.70691382 -0.71922571
667 -0.01989913 0.01676547
333 0.14310496 -0.15494201
1 -1.53471021 1.53653692
569 2.09061409 -2.07527548
650 0.86575437 -0.85944665
210 -0.68454300 0.68499202
301 1.41276037 -1.38904079
752 0.32043794 -0.32296558
957 0.96494739 -0.97903615
607 0.49799159 -0.48644042
540 -0.13037209 0.10472090
544 -0.78758621 0.76412214
550 -0.04833938 0.05778212
938 0.00564953 -0.00648585
688 -0.40074514 0.36503597
571 -0.51288043 0.52715337
565 -0.30922818 0.32984972
612 0.02286219 -0.05415742
7 -0.99308839 0.99417963
237 -0.03457577 0.02970785
736 -0.08768381 0.10090616
361 0.18561967 -0.19095308
443 -2.59105362 2.65376720
166 -0.50459612 0.48705366
91 0.98197272 -0.97213054
236 1.08023985 -1.05804119
171 0.26648930 -0.29094847
19 -0.22937675 0.22230979
630 -2.08404644 2.10980518
703 0.56354621 -0.55118504
576 0.50508770 -0.51926526
558 -1.38905837 1.41379143
211 -1.07489089 1.05746072
604 1.79455459 -1.78303525
218 -0.73538270 0.74331147
298 1.38558031 -1.35974036
187 0.40151556 -0.41704141
897 0.56457807 -0.57546356
628 1.56862095 -1.56803570
388 0.04452539 -0.04496391
0 0.23593278 -0.24149772
940 0.56505103 -0.57901301
742 -0.33196397 0.31092124
763 1.19379723 -1.21475554
737 -0.82273968 0.84178041
629 1.02348895 -1.02434940
446 -0.84011006 0.82570753
665 -0.70927885 0.69671361
819 -1.14983968 1.14275420
273 -0.58652652 0.56595834
64 -2.17203135 2.20008208
510 -0.01611812 -0.02526059
790 2.11976102 -2.06689741
932 -0.62544897 0.61813712
929 0.60649635 -0.62588198
776 -0.66067875 0.65171404
860 -1.23525773 1.22037610
615 -1.44716195 1.47325167
584 -0.56405830 0.53422059
106 -0.04893447 0.06630054
229 0.13649726 -0.14418431
420 -0.43763894 0.44135382
836 -0.72375730 0.72222735
508 -0.63728776 0.64585816
135 -0.54038184 0.55385160
915 1.28379622 -1.27209333
764 -0.76098249 0.73057766
924 -0.09939903 0.08303935
464 -0.53885888 0.52398348
527 0.02788540 -0.06962485
643 1.20769032 -1.21158633
483 -1.37937171 1.41293009
659 -1.03568195 1.04023262
308 0.14957314 -0.12420905
647 0.16014456 -0.18173998
551 -1.48457058 1.49691015
413 0.06914308 -0.08387014
969 -0.41237650 0.39489623
993 0.79996730 -0.79733030
109 0.23541965 -0.21399508
97 1.39089765 -1.39913747
851 1.68739830 -1.67370282
919 0.61795353 -0.60482108
346 -1.57062516 1.56577662
348 1.98737095 -1.95594718
614 2.72245425 -2.68504145
55 1.28880260 -1.29182985
837 -0.86726764 0.87265772
350 0.03424724 -0.03763050
655 -1.92235710 1.94778632
434 2.25519157 -2.24710630
590 0.19478235 -0.21468250
150 0.04570468 -0.08472294
722 2.38970659 -2.33512592
773 -0.74676933 0.73868069
387 -0.18244255 0.15216476
2 -0.44932867 0.42782672
45 0.29782108 -0.32000327
691 1.28416039 -1.25452584
126 1.19750189 -1.16384050
103 -1.56771841 1.58380102
462 1.55937894 -1.56343508
967 1.14392170 -1.11958507
992 0.65836143 -0.67508681
444 -0.64218888 0.64201007
916 2.10272188 -2.06330403
279 -1.48533928 1.50572456
955 0.28195776 -0.30229603
520 -0.47920441 0.46677455
633 0.34413550 -0.34871625
789 0.78416077 -0.79034249
964 -0.90726350 0.89818312
82 -1.42684560 1.44622092
284 1.00526772 -0.98779157
498 0.32479152 -0.31848377
577 1.67412203 -1.65444530
440 0.34293470 -0.35264533
435 1.91050872 -1.89750196
281 -0.95478301 0.95830248
697 -1.59396380 1.61650744
727 -1.05851371 1.07060062
524 0.66182711 -0.67109405
239 -1.52131731 1.54833943
365 0.83274935 -0.83729004
323 0.50801700 -0.52742538
554 0.97673235 -0.96161363
798 0.77452421 -0.77131162
661 -0.73617997 0.73581003
594 0.35102954 -0.34014361
668 0.61800227 -0.61717322
417 -0.49402215 0.49310464
220 1.46932027 -1.47302486
61 1.33814023 -1.33329086
536 0.23733381 -0.23157051
560 -0.07934041 0.06817932
931 0.40544695 -0.41159730
984 -0.67363576 0.68132535
362 -0.96560599 0.95334160
731 0.18184202 -0.20461297
191 1.23326207 -1.22417418
488 -1.07848136 1.06761835
48 -1.30561210 1.29783358
979 0.56206183 -0.56050522
901 -0.85167649 0.86072310
868 0.48788156 -0.52498146
870 1.52457558 -1.51105401
439 0.45686971 -0.46647711
471 -1.37909506 1.41141566
356 -1.29673101 1.29391925
531 0.61724139 -0.65685330
564 2.11695681 -2.08683675
407 0.07072752 -0.09232481
154 0.64663015 -0.62873245
959 1.31286923 -1.30547968
457 0.13678548 -0.15961650
264 1.38309802 -1.35267489
512 1.54540073 -1.53529616
252 2.31600758 -2.26022253
754 -0.80928479 0.78360463
535 -0.33027314 0.33407025
700 0.94166621 -0.94672237
47 0.84588136 -0.86334253
575 -0.50567860 0.49363786
111 1.09607208 -1.08222291
24 1.50765976 -1.49374364
533 -1.72424205 1.74002602
505 0.47366993 -0.49476501
905 0.27587608 -0.30074363
496 1.61920219 -1.59115809
863 -0.98144183 0.96514229
104 -0.98745755 1.00446211
965 -0.40817697 0.39252318
486 0.74923955 -0.76016529
824 0.51080632 -0.52246155
384 0.05596886 -0.04387040
376 0.23063618 -0.24115257
883 0.12448745 -0.13827398
322 -1.05976337 1.07218894
877 0.72408840 -0.74892066
330 1.74732503 -1.71111126
846 -0.21534108 0.20320548
816 -0.52247861 0.49371228
906 0.25653572 -0.26762325
358 -1.82841946 1.85531165
21 -0.76859626 0.75812719
507 -0.38939225 0.38868908
717 -1.85553849 1.86864031
286 -0.16474475 0.17077547
611 -1.27647156 1.24870000
366 0.19164119 -0.19071502
212 -1.06665814 1.07594461
466 -1.05817197 1.05794508
338 0.72763090 -0.76758907
886 -0.90642453 0.90808060
261 1.40697252 -1.40833952
523 0.48159521 -0.49172292
511 -0.23009521 0.22569453
704 0.94823517 -0.94000204
641 -1.03455145 1.02460510
728 -0.21672932 0.22261863
788 -0.87229528 0.87501815
528 1.72438926 -1.70698012
747 2.41728222 -2.36200195
653 -0.94914467 0.97386497
22 -0.16226847 0.17459421
834 1.09510506 -1.09164987
88 -0.09079918 0.05573160
849 0.36400831 -0.36432540
770 -1.13775361 1.15085012
474 0.02490339 -0.01248179
458 0.22171813 -0.24050055
726 -2.16881245 2.20475635
676 -0.20465905 0.19884203
274 2.01344992 -1.96167624
453 -0.38439622 0.38582297
943 1.33748243 -1.35434518
94 -1.25416291 1.27445952
935 0.14431122 -0.14485130
396 2.42966156 -2.41418889
33 -0.45000528 0.43944509
542 -1.11737838 1.12845961
504 -1.55120886 1.58128133
69 -0.53997021 0.52410296
241 0.04291230 -0.04188204
638 0.92135159 -0.89509344
806 0.74651456 -0.74350022
285 -1.28667064 1.29452688
623 0.09839023 -0.12767214
509 -0.13824548 0.15780700
826 0.94807469 -0.93845796
503 -0.49106797 0.49561624
79 0.16795225 -0.17261998
684 0.93191638 -0.93485225
168 0.23204451 -0.20239373
963 0.89487536 -0.92820528
451 1.26917106 -1.27719918
248 -1.44538072 1.45140610
925 -1.94963256 1.95651247
312 -0.36949635 0.36133618
795 -1.05459391 1.04801077
593 1.50298207 -1.48241650
119 -0.09943517 0.08691292
355 -0.03133123 0.04431575
415 -1.63658057 1.65151514
908 0.10946106 -0.12217161
894 1.79705090 -1.78876106
327 -0.46395000 0.44979760
591 0.54452537 -0.57668056
889 -0.20553503 0.17620272
40 1.22588121 -1.22394255
288 0.23623950 -0.24306440
12 1.84653870 -1.84299611
255 0.55646550 -0.54212977
31 -0.06307347 0.06214823
783 0.11348737 -0.13035638
749 -0.54863889 0.50978976
418 0.98289243 -0.99625736
865 1.45416980 -1.43039532
249 -0.05282422 0.04996926
410 1.11001818 -1.10514913
815 -1.52415270 1.55102080
876 0.45198455 -0.45729782
172 -0.32922542 0.31909232
679 -0.88555030 0.90884114
927 0.34709993 -0.35907511
334 0.17655067 -0.17659738
904 1.90681870 -1.84527025
913 -0.25170040 0.26189579
98 0.15755129 -0.15997064
207 -1.25544338 1.23912308
683 0.63124713 -0.63751328
183 -0.75390453 0.75709871
657 1.03053010 -1.04175914
733 -0.99247150 0.97845568
578 -1.23940888 1.22985924
394 1.63858303 -1.64203698
459 -1.30413349 1.28931645
54 0.72557615 -0.73924755
289 0.65139593 -0.62316590
743 0.71388126 -0.68536415
235 -1.30414651 1.30986024
606 0.01758395 -0.01936637
830 -1.33991628 1.33924256
492 -0.67170034 0.67832251
766 -0.51269039 0.49534725
93 0.45524750 -0.46298044
325 -1.29696185 1.31838373
712 -1.21395353 1.23994836
989 -0.09117487 0.13566529
645 1.47676928 -1.47257868
767 0.08773108 -0.10245068
833 -1.34253727 1.36531978
42 1.47225992 -1.45331096
189 1.61700817 -1.61715990
34 1.25602351 -1.23446007
973 -1.86135128 1.88651385
26 0.70652477 -0.69635522
343 -0.91808756 0.89517452
176 0.02203143 -0.04680253
321 -0.58818218 0.56965496
791 -0.06367162 0.05976110
933 0.81479009 -0.82495953
918 1.63894685 -1.62676200
701 0.17804714 -0.15942722
425 0.71550970 -0.71272612
848 0.48777788 -0.49591260
920 -0.35391830 0.33925195
990 0.82211213 -0.81709328
582 0.97049244 -0.95676724
291 -0.69202041 0.70997587
799 -0.21244599 0.19786951
436 -1.35600607 1.34001195
827 -0.87029773 0.87695637
461 0.37356851 -0.36480682
299 -1.72681896 1.75549398
738 -1.26889419 1.30412014
37 -1.71793794 1.70086607
433 -0.54593082 0.51903923
62 2.07709823 -2.03559865
574 0.05746848 -0.07854037
553 1.10510793 -1.11316458
971 0.49840924 -0.48143870
514 0.66059216 -0.65839541
485 1.00004239 -0.98488159
