225 -0.51730559 0.48952643
437 -0.38586167 0.59542023
658 -0.25826388 0.38292542
133 0.25674999 -0.18914268
599 -2.30925383 1.97582204
134 0.26532286 -0.24983902
812 -0.78774191 0.76312919
978 0.92007953 -0.82046491
370 1.28855643 -1.26160500
944 1.23014563 -1.19748626
416 -1.12111626 1.10893347
675 0.34215397 -0.36831549
419 -0.71515809 0.78654995
567 -1.79169198 1.66060114
724 -0.27953446 0.39048336
472 0.16472284 -0.01763191
732 0.46251577 -0.32422651
642 0.19752453 -0.11359904
136 0.05403080 0.06081803
115 0.45530692 -0.35893511
266 0.93152364 -0.92115004
843 -0.42892933 0.45717385
271 0.90312261 -0.92121599
406 -1.06935853 1.05493967
515 0.18031183 -0.09145125
651 -0.46770266 0.53220895
903 1.36954247 -1.31179063
138 1.75813051 -1.85152642
470 -0.12846964 0.25149680
831 -0.27454925 0.35751933
532 2.47221327 -2.64577325
311 1.29527404 -1.21836347
340 -0.74891007 0.72792714
744 -1.36481348 1.39409544
90 0.64723893 -0.40091440
230 -1.75660837 1.54054220
182 0.46710647 -0.52786936
875 1.22449771 -1.24856941
270 -0.46853035 0.54039741
687 -0.95998775 0.96121136
491 -0.29196296 0.26217637
282 1.02871063 -1.02007113
395 0.51557549 -0.47015916
917 0.47356987 -0.49732452
692 -0.25858204 0.23009793
49 -1.63166395 1.38603610
246 0.95230260 -0.83511356
13 -0.99765278 0.98533733
866 -0.56057561 0.61081383
310 -1.00630376 0.95562524
780 0.31179652 -0.19107557
811 -0.65921372 0.66852045
583 0.02460482 -0.04959433
431 -0.09185612 -0.02920501
302 -2.14881463 1.93464133
448 1.04613854 -1.03489460
272 0.98803464 -1.07206768
698 0.68599922 -0.66657264
785 1.27848134 -1.37074081
9 -0.67381493 0.76040368
204 -0.76282726 0.87341879
729 -2.38516509 2.19409764
143 -0.48298801 0.62384743
545 0.33874110 -0.34929012
445 0.08487468 -0.02765393
463 0.36822838 -0.25383353
423 2.30989140 -2.49059093
735 0.07060496 -0.09846170
100 -1.46996701 1.41977964
500 -0.19017218 0.18504152
612 0.00749505 -0.03565805
946 0.05713525 -0.00279056
588 -0.62094675 0.67119829
516 -0.07940630 0.15141438
793 -0.69287642 0.62171391
672 -0.88053029 0.86254454
888 0.67436681 -0.65220886
699 -0.41647792 0.45319285
326 1.19420563 -1.17437779
81 -2.09152635 1.90827853
123 -0.72447390 0.68143129
314 0.75465295 -0.74498483
38 -0.35428849 0.40050062
305 -1.28462244 1.28320989
378 0.24452001 -0.02779816
617 -0.80259584 0.67088442
297 -0.07374547 0.22537397
958 -0.25537613 0.37457406
985 -0.15715728 0.20849088
975 0.50988523 -0.49637099
786 -0.88483163 0.95114761
331 0.40469199 -0.29193194
222 -0.53940329 0.64214176
640 -1.13362488 1.10483090
193 -0.12345326 0.21286481
775 1.87821953 -2.01875781
893 -1.00732799 0.94396830
953 0.52327332 -0.35477135
482 1.17479190 -1.17605720
148 0.32850723 -0.33327911
852 0.46122829 -0.38232448
771 -0.35191646 0.44639734
757 0.12557097 0.05703965
389 0.20875349 -0.16515735
781 -0.07102515 0.09340700
452 1.35704171 -1.42696747
381 1.61105123 -1.64214409
562 -0.20254259 0.27122699
243 -0.01298840 0.07234267
746 -1.53532961 1.32794608
986 -1.12297420 1.08557311
128 1.68290671 -1.76186214
245 -0.25002653 0.28903024
678 -0.03211090 0.04248755
294 0.79960860 -0.87340824
86 1.30683106 -1.25950961
194 -1.19546554 1.23797429
102 0.64622104 -0.52290940
380 1.63169409 -1.63028691
35 -1.71803208 1.56639884
139 1.82416650 -1.90760766
880 -0.67935248 0.62105835
765 0.45625193 -0.32682489
605 0.62272785 -0.63459353
75 0.53114863 -0.42642140
353 1.38110248 -1.40411685
772 0.00398641 0.05721248
711 -0.81316107 0.86740358
613 0.42796773 -0.45338255
981 0.80617034 -0.79138812
173 1.05568203 -0.95689958
559 -0.61773184 0.65728585
621 0.36252890 -0.37228695
997 0.70401268 -0.60989027
227 -0.92600694 0.97183530
817 0.72815635 -0.73055351
300 -2.59366703 2.27733709
244 -0.63762835 0.64965838
519 1.34359895 -1.39486520
203 0.80841008 -0.78835469
117 0.10997024 -0.03901131
525 -1.23057056 1.27650894
538 1.04475363 -0.98904556
29 -0.77306185 0.79312138
478 1.39271253 -1.42562657
899 -0.90129144 0.99522467
616 -0.48103210 0.47212445
823 -0.43291023 0.42992466
73 0.99879882 -0.95558847
521 1.02058814 -1.11489204
748 1.20258948 -1.22120063
796 0.29233871 -0.20931785
71 0.99000258 -1.03087903
942 0.42882974 -0.41769817
911 1.08030484 -1.01920660
779 -0.02125626 0.01216798
339 -1.35711746 1.30225830
429 0.65348567 -0.56413539
885 -1.04516113 1.10483527
518 -0.68572685 0.68384055
118 0.31268561 -0.30365165
900 0.25188006 -0.26880479
240 1.04967819 -1.07247969
996 0.23521224 -0.11766347
116 -0.48006892 0.46619030
41 -0.55290509 0.62225027
369 -0.56067493 0.56613883
449 0.46937204 -0.32467547
258 0.74497763 -0.73330525
951 0.32409444 -0.37633192
364 -1.09853938 1.10886196
952 -0.87790160 0.83371209
157 -1.10673917 1.11604126
127 0.31635273 -0.28942415
450 -0.66232302 0.78910065
568 1.51949575 -1.68470186
856 -0.99834270 1.05637394
201 -1.38407351 1.36668137
987 -0.76167563 0.75572898
344 -0.90952012 0.94414312
835 -0.21885822 0.12197525
557 0.47272435 -0.55364494
223 1.86283903 -2.03104250
632 0.90484053 -0.99933179
589 -0.15414314 0.13832436
206 -0.20516790 0.15255823
151 -0.00172789 0.16882152
144 -0.32379819 0.49659211
664 1.06088669 -1.00238111
192 0.81239405 -0.71358182
15 -0.29058807 0.33112634
561 1.12683695 -1.12955658
855 2.32140422 -2.59235952
44 2.07010276 -2.24168467
487 -0.26900474 0.20612969
163 1.19926617 -1.31070797
16 -0.37166516 0.40129881
740 -0.58654286 0.61456241
4 2.33914537 -2.64438268
409 -0.09245147 0.12442265
382 0.03045227 0.12024021
761 1.57987584 -1.63453292
936 1.03026610 -0.99658403
597 -1.00069345 0.93090093
359 -1.06217942 1.03691988
674 -0.50205183 0.49993980
242 -0.42828807 0.44637907
467 -1.32776430 1.40795742
306 -1.17198511 1.07823766
278 -0.54258808 0.57998492
178 -0.63728445 0.65537958
547 0.28601535 -0.27289227
501 0.38331895 -0.43769931
265 0.17353813 -0.14811097
72 -1.07261489 1.06592715
892 -0.68214922 0.75178613
502 -0.50417560 0.52374038
20 0.43100638 -0.35935228
480 1.95177279 -2.10390234
349 0.45424378 -0.38004394
760 0.23931344 -0.19917703
941 -1.28394099 1.20447906
808 -1.20590621 1.08009705
857 0.78251399 -0.70611247
18 -1.66491813 1.65644810
998 0.34799203 -0.39844514
401 -0.54417002 0.57176070
584 -0.02061481 0.13444269
497 0.05709127 0.10269958
750 -0.86031841 1.09931868
890 0.76062026 -0.75655317
608 0.51555302 -0.54392447
730 -1.16046328 1.21734023
197 0.12464857 -0.04945964
468 -0.81529912 0.87660756
838 1.49344784 -1.47055982
476 -1.13959328 1.03523134
677 -0.84718599 0.79060644
541 0.55864093 -0.42727561
113 1.14993138 -1.19775604
290 1.74565868 -1.77450241
96 2.02823238 -2.21951424
371 1.66705915 -1.68449804
293 -0.11888380 0.27608206
639 -0.12511840 0.16147932
328 1.02926813 -1.03967021
275 -0.54492333 0.43269070
556 0.39528501 -0.39416140
618 0.53553970 -0.50989526
324 1.13024864 -1.24299919
25 0.19635409 -0.28185787
494 0.34734796 -0.29045396
101 -0.77714869 0.79440666
555 -0.37021478 0.46068603
105 0.30486700 -0.21440177
999 -1.63947474 1.62032510
762 -0.23101194 0.39934208
190 -0.17115706 0.23889030
320 0.19586189 -0.16725711
398 1.10754664 -1.14726051
841 1.46094745 -1.49827981
976 0.22190025 -0.03706213
844 -0.90469970 0.81459574
8 -0.52778858 0.53792617
221 0.12282771 -0.10187455
882 -1.16317966 1.18017827
442 0.30556766 -0.21580386
673 -1.83404743 1.76551399
915 0.46033504 -0.45463406
864 -0.34915613 0.46883874
329 -0.36403294 0.41015276
960 -1.26333403 1.39311687
637 -2.26985979 2.01915613
352 0.90367987 -0.84555872
777 -0.34487202 0.39661259
10 0.46392471 -0.35125122
713 0.82498316 -0.80865421
373 -0.04682361 -0.03624527
529 -0.30232264 0.33365797
393 -0.93279923 0.97301530
341 -0.65836250 0.65627947
643 0.91062888 -0.91802325
6 -0.48200146 0.57845331
213 -0.04300730 0.06548239
861 -0.44120553 0.55286883
769 -0.61396921 0.65268227
174 0.87024616 -0.63442428
120 0.52191295 -0.54606475
842 0.32251683 -0.37611857
715 -0.47827554 0.48552557
787 -0.04402016 0.16688029
912 1.34890264 -1.49573309
170 0.75852041 -0.82176171
161 1.62026045 -1.76990956
360 -1.40184560 1.46760091
680 -0.48873033 0.67832198
313 0.38622560 -0.31298436
962 -1.29109506 1.37626040
156 -0.92946144 0.93985063
30 2.90843409 -3.16602280
566 0.15446092 -0.09580611
414 0.93055305 -0.85524502
922 0.64900258 -0.56675761
345 1.60265752 -1.77784971
404 -0.96544133 0.98117595
23 1.02080510 -0.91987469
948 1.04953423 -1.05487747
968 -0.96560546 0.93619701
647 -1.04430417 1.05676489
685 1.24488203 -1.34898437
195 -0.87503079 0.78020816
926 0.58031553 -0.51300815
315 -1.31592469 1.20794595
881 0.22024375 -0.23117759
153 -0.12022396 0.24346090
804 0.53416686 -0.53811189
14 -1.24620476 1.16248626
39 -0.05131229 0.02615313
421 0.71449566 -0.83955543
99 -0.02565319 0.06994016
66 -0.29507577 0.33277754
357 0.44612209 -0.39115380
268 -0.14446093 0.21195538
573 0.43465519 -0.44611345
662 0.01982756 0.09861210
872 -0.51558673 0.60016803
420 -0.12119230 0.10331779
17 1.34853714 -1.38294802
928 -0.23807447 0.31004531
475 0.33574941 -0.28208036
549 -0.58096644 0.59825580
693 0.89801047 -0.93259641
292 0.80618548 -0.78870829
473 -0.24719038 0.34342532
810 0.03855655 -0.02433842
720 1.36394837 -1.42209810
696 -0.55222193 0.55397731
725 0.73089355 -0.78308801
140 0.56064643 -0.44461680
205 -1.95114861 1.69947628
930 -0.34731570 0.46714225
208 -0.69609096 0.66304161
644 0.98325620 -0.92880333
347 -1.36516531 1.26317537
427 0.80096617 -0.85767931
873 1.83175485 -1.88194769
586 -0.41166065 0.37789951
723 -0.78655047 0.80457371
656 0.05045560 0.04692545
587 -1.10430089 0.95215279
847 -0.39583286 0.46848514
543 -0.63305685 0.71430791
400 -1.89443051 1.75492819
80 -0.43193412 0.36283568
303 -0.23716178 0.32497843
232 0.83360754 -0.85169709
184 -0.02686061 0.04716662
145 0.20829287 -0.15930505
706 0.91529458 -1.01164031
259 -2.89778147 2.45670458
887 -0.75646958 0.79235418
801 -0.44897811 0.53902274
3 -0.83859967 0.74048438
234 0.68456680 -0.68256418
702 0.74400334 -0.72048301
28 0.00515985 0.10004955
432 1.23023373 -1.28593995
552 2.00662945 -2.09414095
682 2.07722266 -2.24753817
351 0.34441012 -0.32485823
595 -0.06188739 0.14274637
196 0.65247410 -0.83133121
667 -0.82610681 0.87036510
624 -0.61081368 0.79097394
202 0.32710459 -0.24699829
546 -0.17665528 0.16821365
53 -1.38648225 1.35637526
797 -1.18748840 1.09586610
818 -1.08692246 1.13606387
669 0.85169426 -0.80325960
256 0.38140848 -0.31462563
792 0.51559138 -0.40805397
296 -1.00511093 0.86257235
670 -2.54221904 2.29899023
481 0.13339655 -0.10029844
377 0.33682341 -0.42557713
737 -0.05157990 0.05202963
901 -0.06020683 -0.03422298
354 1.06642633 -1.10722961
721 0.62915787 -0.58821210
709 1.03713847 -0.94007568
70 -1.08614096 1.00222003
742 -0.96372447 1.07405800
627 0.70804108 -0.57621348
895 1.11146317 -1.10388827
947 -1.04201415 1.01649243
91 1.34722434 -1.34873009
107 -0.21418018 0.21220727
399 0.17573392 -0.20247228
974 0.60581053 -0.56593519
839 0.94031449 -0.92578421
932 0.67339945 -0.59128327
540 0.72567009 -0.67034307
251 -0.31994975 0.39076426
32 -0.38804681 0.42998386
412 0.69392481 -0.71208795
671 -0.61558434 0.59223385
132 -0.04465790 0.18475983
755 0.65053594 -0.56329311
89 -1.48021356 1.30677963
570 -0.31193128 0.34855573
298 -0.16412194 0.29810867
430 0.51488150 -0.38186758
703 0.04594414 0.06359519
383 0.22739749 -0.15023059
74 -0.75467260 0.83334656
391 -1.33026543 1.28581780
217 0.53518259 -0.54116518
759 -1.55387002 1.51649609
150 0.94852565 -0.97407708
167 0.03232029 -0.03484913
269 0.00984734 -0.05159317
526 0.79061553 -0.75582332
337 -0.14602589 0.27846192
209 0.71365847 -0.77518004
321 1.03388473 -0.86429564
155 1.01804883 -1.04677800
840 -1.24730544 1.30851784
390 -0.28403909 0.34085873
426 -1.36441250 1.25142705
575 -0.83534172 0.80278186
752 -0.03859989 0.06399250
717 0.73458740 -0.64146930
129 1.37823326 -1.38622778
652 -1.23415547 1.16206115
283 -0.18390621 0.29070290
188 -1.59793296 1.50219031
212 -0.71199306 0.71454828
76 0.05676250 0.01246437
332 -0.71912385 0.74009700
307 -0.48902929 0.46704014
11 1.89757650 -2.04567724
335 -0.00231739 0.05452233
422 -3.05759373 2.59117656
980 -0.30207381 0.33388046
874 -2.02452374 1.76602771
490 -0.26512496 0.12988798
768 -0.08848321 0.10035985
121 -0.83104205 0.82222837
97 0.25370067 -0.17754534
821 -0.33237800 0.47991323
649 0.70853312 -0.58940799
477 0.37664309 -0.37334538
805 0.58595327 -0.53553139
169 1.49319401 -1.56152686
443 -2.16918651 1.97451093
689 1.45545704 -1.52554490
122 -0.94270638 1.07455662
325 -0.76703874 0.78513356
774 1.08075607 -1.05172843
447 -0.42615493 0.40959653
596 -0.52644332 0.59032281
63 1.40671519 -1.51285854
493 -1.10395409 1.00945218
60 -0.28862770 0.30794198
385 -0.24243241 0.20952546
65 0.59600155 -0.51833006
719 -0.90086792 0.86649574
622 0.30679240 -0.31537455
663 -0.16333938 0.30007930
263 -1.05607840 1.13698720
309 -0.69836335 0.65316857
609 1.77944348 -1.86326321
859 0.72471577 -0.70827660
237 0.08574876 0.04277639
374 1.46637407 -1.57694231
410 1.97144137 -2.12524360
572 0.13144224 -0.06827444
988 1.20931908 -1.20286181
756 -0.73502133 0.68499671
598 -1.00396516 0.98880024
408 0.75840283 -0.72075715
276 0.01191790 0.06729808
125 2.19001414 -2.42130366
158 -0.72226277 0.77013925
782 -0.41779981 0.46804810
868 -1.47792210 1.46639310
319 0.74964456 -0.62950405
610 -0.33775707 0.30218343
954 0.00449951 0.02080143
927 1.66907661 -1.86695140
991 0.41034667 -0.34573106
854 -0.34410124 0.33969462
224 0.81782700 -0.83909456
878 -0.70740540 0.60302466
727 -0.77645943 0.80196897
108 1.75388473 -1.87628808
934 -2.14182629 2.00425877
789 0.58154258 -0.50781934
563 -0.60676453 0.67058763
262 -0.32050291 0.36346342
175 0.48108739 -0.48019669
636 0.18451684 -0.22296251
660 0.16076729 -0.11456051
286 -0.71665533 0.69266470
921 0.26563165 -0.08824459
126 1.60679961 -1.75189573
287 -0.31341669 0.23137726
537 0.83564189 -0.72608899
260 0.71383457 -0.72047109
392 -0.06456882 0.15478870
338 -0.15320825 0.30544293
602 -0.74665614 0.78912647
909 -0.70862278 0.67609826
164 1.09434924 -1.07382655
318 -0.53915245 0.55129828
956 -0.19662187 0.20048398
186 0.58732386 -0.48218917
372 -1.27926449 1.27870802
819 0.03257363 0.07827960
718 0.39666408 -0.41937956
77 -1.31177831 1.25442670
837 -1.52469736 1.40416872
460 -0.33795324 0.32969445
869 -1.54189619 1.44400891
1 0.45697089 -0.38010354
539 -1.30351431 1.26040218
579 -0.38301921 0.39093907
601 1.98448605 -2.20767255
625 0.29556607 -0.27551687
708 0.15393853 -0.14539538
961 0.16519891 -0.24461843
346 -1.70478943 1.66589404
548 1.21707987 -1.29771211
778 -1.19241378 1.05206199
734 0.22236487 -0.20451840
506 0.24165864 -0.09589511
634 0.82880647 -0.73929145
638 -0.84535608 0.80459755
983 -0.88809749 0.88220559
653 0.14769494 -0.12702994
114 0.67816041 -0.66117326
809 -1.36630617 1.37467912
858 -0.76843748 0.66868136
800 0.88823607 -0.82690523
716 0.39923762 -0.32337826
939 -1.11883028 1.08248287
36 -0.69239908 0.70490171
635 0.21306772 -0.06784336
280 2.11446155 -2.29133950
84 1.12240098 -1.12654898
966 -0.58005126 0.51212516
21 -0.59013948 0.55914864
277 1.14905614 -1.15229039
210 -0.86572526 0.91947443
180 -1.21899619 1.25759323
984 -1.75736863 1.76489658
484 2.73521955 -2.96356710
375 -0.57146260 0.47241846
569 1.76508411 -1.94759923
972 1.40235308 -1.59558904
5 -0.21288096 0.25589497
758 0.35184375 -0.36868101
914 0.52937627 -0.51931696
376 -0.85606801 0.80335398
95 -1.19226197 1.18680135
832 0.86957851 -0.79911372
137 0.54147311 -0.43320460
367 -1.25569980 1.28883176
177 2.16345965 -2.26611617
274 1.47239173 -1.56880351
330 0.87449333 -0.84204495
603 -1.54498948 1.48267467
580 -0.64154160 0.64319621
733 -0.61053857 0.73592728
424 -0.65272187 0.55829840
923 1.16294112 -1.09255156
185 1.87735013 -1.96190739
902 -0.57070938 0.54184360
457 0.04850542 -0.13171219
910 -1.48424323 1.48021416
474 0.77703005 -0.75975466
592 0.38402932 -0.46158889
850 0.56574290 -0.53247651
681 -0.31466018 0.28413941
600 -0.88737913 0.77575834
248 -1.48696836 1.37606373
257 0.52667481 -0.48714834
614 0.76470843 -0.82629934
183 1.10010490 -1.21838493
179 -2.53067356 2.34443800
159 -0.01508757 0.07242729
959 1.17511685 -1.27399695
982 -0.57924185 0.56779678
267 -0.51782271 0.51646374
916 1.37459188 -1.44944304
22 0.31059921 -0.27751691
907 0.13069849 -0.12302709
58 0.77719213 -0.73216140
361 -0.81253998 0.86950533
686 -0.93908333 0.91608144
853 -1.59010583 1.55350032
27 0.16022180 0.04419278
891 1.09014107 -1.08203488
751 1.00569583 -0.91993945
317 -0.28421976 0.34641703
879 1.83831246 -1.89791341
87 0.71446122 -0.67932853
571 -0.43687317 0.38952467
214 1.14051331 -1.07750044
191 0.38391845 -0.24679288
937 0.59259931 -0.46323175
43 1.71158387 -1.84130931
57 -0.28218303 0.24175328
342 -0.67711966 0.69088716
333 -1.63905220 1.50338223
200 0.93996552 -0.91861523
867 0.02751992 0.02802325
883 -0.79537618 0.86123740
67 -0.84948760 0.80555505
863 -0.65379005 0.78630958
59 -1.02183447 0.97922757
387 -0.02872306 0.15139968
631 0.11404052 -0.07379301
628 2.00526529 -2.07575922
465 0.38296099 -0.33054168
813 0.47400818 -0.58636304
524 -0.57012831 0.55512155
776 -0.26014066 0.42061540
648 -0.31438175 0.42249704
957 0.56600238 -0.54186246
945 1.11097503 -1.09776659
316 -1.09918097 1.12562427
358 -0.33639000 0.34358981
131 -0.85075736 0.85054393
745 -0.26407331 0.27652704
142 -0.19478045 0.27260564
668 0.36815599 -0.33338837
441 0.34278085 -0.26643169
453 2.09022577 -2.36534319
428 -1.71825796 1.59484988
19 0.26885527 -0.23005322
386 0.45023576 -0.42647464
753 0.03491178 0.04280261
619 -1.08673623 1.10322022
862 -1.96628849 1.83058705
226 -1.38182523 1.39077794
295 0.71826806 -0.67694390
630 -0.93137733 0.93624866
531 -0.78556769 0.84587360
301 0.21603228 -0.25541322
807 -1.33492761 1.25401072
836 -0.74748077 0.68605632
68 -0.13826825 0.13761716
828 -2.08465173 1.78112452
522 -0.14801122 0.13952025
995 -0.94976559 0.87427498
604 0.70800082 -0.83913191
527 0.63922496 -0.50844510
216 -0.34557233 0.45664941
343 -1.52414550 1.35814884
7 -0.58095200 0.50520013
254 1.18701109 -1.16565575
918 0.27202269 -0.20326450
405 -1.91936207 1.89567362
504 -1.71339400 1.61491539
666 0.41850499 -0.29145120
741 -1.09125478 1.09185331
464 -1.20859759 1.22154571
229 1.44025398 -1.38637716
312 -1.26429963 1.16149538
397 -0.06556183 -0.01455478
40 0.95231970 -0.92896106
446 1.92561976 -2.10808398
388 -1.16479965 1.19569702
236 0.68198958 -0.68481691
103 -1.08396264 1.14234288
141 0.01837333 -0.04424938
512 0.58524228 -0.59182162
950 -0.02724418 0.08483117
146 -2.44718802 2.26608342
285 0.53671264 -0.32521342
92 -1.01278391 1.02118858
220 0.89239026 -0.88918960
279 -1.10512662 1.17302082
511 0.62636934 -0.74052548
896 2.43099769 -2.56961776
530 0.67081635 -0.65062679
50 -0.20861323 0.25069027
496 1.70146643 -1.75189017
454 0.63921400 -0.65929401
187 -0.27184826 0.24131386
46 -1.10617344 1.07591580
898 -0.27482898 0.30424306
458 -0.65795121 0.74251222
112 0.64073401 -0.61738624
253 1.02762440 -1.03325373
690 -0.31263478 0.30527844
199 -1.80347619 1.59018551
219 1.00080196 -0.94569159
154 -0.18537676 0.08947169
79 0.11051191 -0.12678957
365 -0.94452832 0.91410286
61 1.74776260 -1.87356455
48 -1.53938409 1.47513382
803 0.22495160 -0.04187747
650 0.69375441 -0.69368079
109 -1.09808594 0.92494333
949 0.62993305 -0.72365510
822 0.83813452 -0.78985650
162 -1.10891384 1.16181879
523 -1.04330625 1.10068144
52 0.44525751 -0.40561055
955 0.07309300 0.02316540
238 0.27557750 -0.25526224
940 -0.07629208 0.05610201
166 -2.29335463 2.13699691
517 0.73473475 -0.76267684
284 -0.53447807 0.54724696
235 -2.07825506 1.96508684
379 0.56733746 -0.52755152
783 -0.47443197 0.49594569
620 0.97392497 -1.02384951
233 0.78552119 -0.70315652
764 1.82433578 -1.78464363
979 -0.84034325 0.81961370
85 -0.56350944 0.67117843
171 0.25884046 -0.25665877
691 0.74486187 -0.76657997
739 0.19713528 -0.12146012
110 -0.21271194 0.35560670
654 1.13209939 -1.09900777
247 1.10630798 -1.14229419
676 -0.29668234 0.41222272
0 -0.36380374 0.30079445
542 -0.70568552 0.70480000
508 -1.27212822 1.21771569
695 -1.44583062 1.38114726
714 -0.57645231 0.53977483
440 1.05331286 -1.01232765
402 0.28532930 -0.18342665
802 -0.82121784 0.82222599
534 -1.00138357 1.14299049
228 0.13162768 0.04475497
550 0.10247020 0.00248963
897 -0.35555186 0.34602370
860 -0.38442483 0.38863867
350 -0.26577576 0.30589188
845 0.27999506 -0.39465286
929 0.51795822 -0.46352178
554 -0.34141547 0.38077600
905 -0.15126349 0.10342903
308 -1.78279434 1.77700883
149 1.55800697 -1.67327059
289 1.22431906 -1.37036337
181 0.37948744 -0.32427022
82 -0.40751685 0.39300903
884 -1.13309037 1.06794943
215 -0.07832575 0.04633823
252 0.44194769 -0.49560220
211 -0.54014632 0.50960624
486 1.40860825 -1.50728434
536 -0.53833134 0.51130671
935 1.50097486 -1.54822110
250 -0.13136582 0.16196681
820 0.58357226 -0.56778266
606 1.20869243 -1.23045745
135 -1.03220652 1.07106828
51 -1.64936872 1.57747055
565 -1.12881444 1.06881755
558 0.31231768 -0.31490016
931 -0.45877056 0.49695207
104 -1.31600980 1.11274363
919 -0.67743270 0.76236677
479 -1.96070474 1.89208198
925 -0.37450176 0.50939965
773 -0.06325351 0.13612091
646 -1.27882812 1.23096979
790 3.02929200 -3.19876673
553 1.26553082 -1.37110037
865 1.31439940 -1.36251143
231 -0.28410890 0.36648493
969 0.29892290 -0.14447364
794 0.56255205 -0.53223733
704 1.03660630 -1.04313471
469 0.19562228 -0.23079856
444 -0.89404784 0.97599747
694 -1.28628892 1.30264964
363 1.46209281 -1.54028175
665 0.30557606 -0.22084368
967 1.37665423 -1.47920121
403 0.35337996 -0.34809900
147 0.13554297 0.03877672
763 2.93957368 -3.28029379
824 1.83145789 -1.97326476
830 -1.78052150 1.74505515
814 0.95717294 -0.80298983
726 -0.88119381 0.77936985
26 1.58276200 -1.66510437
281 -0.89806577 1.04303441
56 -1.20585535 1.20667854
462 1.28291306 -1.33460589
825 0.21689162 -0.06184008
906 0.64184833 -0.73009661
688 0.07284902 0.02046173
585 -0.17406486 0.25919459
384 0.90223174 -0.85708256
788 -0.72582190 0.71370997
728 1.10617302 -1.11058286
705 1.19029581 -1.11242477
886 -1.82660704 1.74550569
829 -0.62582196 0.72033503
509 0.94804950 -0.94758674
356 0.75238383 -0.78017298
55 0.23910046 -0.13309680
697 -0.22156461 0.35691543
849 0.93386089 -0.88505723
425 -1.23000684 1.21959891
34 -0.15012660 0.13733905
218 0.19184940 -0.22824548
64 -2.19705332 2.06297494
889 2.15654394 -2.29108284
743 1.04602048 -1.08175836
963 1.97563105 -2.05618239
754 0.15837528 -0.02154894
784 -0.87848795 0.94094878
88 -0.36524463 0.48151914
591 0.49671825 -0.41474976
938 0.27094999 -0.19414078
130 -0.87339705 0.79187583
834 0.62706255 -0.64194527
368 0.23391038 -0.10841619
736 -1.34927655 1.43727260
535 0.66295326 -0.61692377
593 1.43309721 -1.44821536
152 -0.88730629 0.87734138
816 0.00039467 0.01003048
69 -0.24782563 0.33939823
323 -0.80478308 0.81810593
396 2.04324353 -2.24418293
12 -0.07845090 0.11694139
471 0.54903164 -0.55581423
451 1.33003201 -1.30406502
499 -1.08278516 1.07124906
749 1.28051050 -1.17239405
322 -1.82516992 1.66156023
119 1.20620177 -1.09550989
731 -0.04744057 -0.07303813
418 0.13338506 -0.15997530
513 -0.62762565 0.78152721
83 -1.28606652 1.17102674
498 0.32437648 -0.36463088
2 1.16072921 -1.10478856
607 0.24583567 -0.26965264
249 -0.22288834 0.32196408
520 -0.02053080 -0.09308616
684 1.44724138 -1.57530144
581 0.04748916 -0.01917345
626 -1.00687153 1.03342558
576 -1.41325387 1.22176145
261 1.46396283 -1.65621784
707 -0.08379849 0.30979898
943 -0.11021330 0.15589718
528 1.16396674 -1.13501556
198 1.10036499 -1.04646810
455 -1.25693408 1.19706216
348 1.10243977 -1.20863227
435 1.32101107 -1.28995671
47 -0.57830518 0.62251249
965 -0.55958231 0.61561129
24 0.28145167 -0.30062260
615 -0.74233822 0.75619383
456 -0.01596077 0.13550508
533 -1.20272605 1.15417464
544 -1.15044127 1.12931722
964 -1.23769169 1.25926787
411 0.04927635 -0.00711722
564 1.07083316 -1.06363964
45 -0.07326120 0.16253019
42 0.68790732 -0.69540907
438 -1.19451648 1.12966884
160 -1.03558924 1.04267684
489 0.47440285 -0.55140176
661 0.22292519 -0.20719624
355 -0.56753883 0.59287748
994 0.69435416 -0.62008513
78 -0.58931227 0.66894557
871 0.91386417 -0.87302206
33 0.47861616 -0.32948683
168 1.55674736 -1.83325990
993 0.00641512 0.08999455
629 -1.11313130 1.09911208
124 1.13250925 -1.09487063
106 -1.06758594 1.01682418
623 1.14505715 -1.15668340
908 1.35811087 -1.35970764
510 0.02525869 0.17084778
239 -1.41601285 1.33829231
770 -1.08991161 1.03783567
989 -1.63309141 1.46628702
551 -1.39927928 1.36166578
870 0.93262502 -0.91464456
288 1.14523843 -1.24560948
93 1.23008265 -1.27439585
582 2.02225032 -2.25242662
413 1.03174860 -1.09094247
336 0.41092454 -0.50992705
659 -0.05917453 0.07672852
970 -0.68517369 0.70719019
924 -1.49197771 1.40737537
795 -1.76086642 1.72399598
111 1.25585995 -1.30236058
560 0.24195693 -0.13958678
747 -0.04090047 -0.00496382
700 0.34346607 -0.37052848
466 -0.96245852 0.97180113
990 0.46050653 -0.38474407
505 0.31509296 -0.30946264
791 0.01147902 -0.02436027
483 -2.47740681 2.23304549
827 -1.68043473 1.69839402
590 -1.42309289 1.42142766
710 -0.35937857 0.54490405
826 0.56429610 -0.64021659
920 -0.48508731 0.68702972
977 0.28425468 -0.17454171
507 0.29642132 -0.26672331
594 -0.82850024 0.73547674
798 -0.29313369 0.24701122
738 0.21251749 -0.20474685
327 0.65209974 -0.55156863
31 0.09985729 0.01152197
655 -1.04321381 0.98406595
633 1.29479294 -1.38033852
439 1.11100302 -1.22321735
461 2.22790375 -2.35550989
299 -1.32260129 1.25067415
165 1.09857529 -1.10890067
578 -1.75782023 1.62485438
495 0.21775030 -0.24058856
913 -1.70275683 1.59959569
877 1.31288412 -1.33910935
362 -1.03621107 1.11035304
417 0.30333815 -0.27638697
273 -0.81614986 0.76476570
54 1.58263122 -1.61488894
641 0.23837637 -0.12531279
679 -1.24681447 1.11114646
766 -2.01869055 1.76846836
366 0.62282465 -0.51245629
767 -1.38018624 1.34472865
241 -0.14084238 0.15328053
611 -0.10967317 0.16755809
973 -2.73586574 2.34850641
62 0.46062027 -0.26778412
407 -0.85861632 0.82686016
645 0.18163554 -0.13897692
394 1.19902470 -1.15923132
488 0.21772704 -0.14533301
577 2.33332158 -2.50205757
971 -0.15755320 0.10453950
657 1.50037411 -1.59582623
851 1.18488982 -1.15418157
815 -0.86055767 0.95964200
459 0.06756091 -0.05362738
503 -0.18778022 0.17323161
304 0.22822125 -0.27920545
683 -0.49049858 0.50894672
933 -0.77707675 0.91588676
334 1.57791171 -1.55399395
172 -0.72122044 0.75957887
904 -0.06075385 0.18964986
207 0.16508461 -0.11809653
264 -0.15774326 0.16389494
189 0.77438675 -0.76359859
701 -1.41097187 1.35036801
492 -0.84539352 0.78815705
806 1.24739250 -1.26394274
712 -2.35235215 2.24875097
992 0.45831146 -0.52376639
415 0.22593662 -0.14488564
98 -1.24767802 1.28892473
833 0.70932042 -0.71526480
255 0.22931960 -0.03339500
176 -0.83272445 0.94550587
574 1.04114801 -1.15148545
894 0.75621222 -0.72589431
799 0.54149590 -0.51009988
846 1.03308031 -0.99490978
434 1.07626964 -1.18544950
722 -0.22850070 0.27322345
94 -1.42208248 1.40787955
433 -0.23019554 0.32474800
514 0.08687338 -0.05092530
436 -0.67490026 0.62409893
485 -1.11716781 1.07839658
291 0.31133854 -0.20390377
37 -0.32991292 0.41312063
848 0.41305163 -0.33867254
876 -0.61978932 0.66486922
