761 -0.10621257 -0.09959371
491 -0.56440031 -0.61149995
953 1.21182430 1.19093115
13 0.32979211 0.27786721
972 1.76694441 1.82369246
588 0.62849927 0.61994761
35 0.43405303 0.45801488
735 -0.71181071 -0.74410469
724 -0.03643531 -0.08336068
500 1.69449310 1.74280543
6 -0.25120317 -0.28709826
599 -1.14100573 -1.14095460
567 -0.83449328 -0.85180865
163 0.68707029 0.70876175
678 0.07018458 0.05367658
601 0.32457600 0.27715686
14 -0.55670648 -0.58668449
775 1.21424133 1.20764945
419 -0.98979071 -1.01617214
208 -0.45061157 -0.42051315
29 0.38981536 0.34135962
400 -0.40486223 -0.42211280
946 -0.07822519 -0.08874714
478 1.54953742 1.57957084
271 -0.24353989 -0.24551692
206 0.93134150 0.92661096
370 0.12538478 0.14704365
49 0.12745855 0.13204043
658 0.38294944 0.39886162
381 2.10315148 2.16078583
406 -1.45392369 -1.47306239
245 -1.48426091 -1.50371003
942 -1.31296910 -1.26238188
265 -0.64024100 -0.64944999
787 -0.81291805 -0.84667491
270 0.02608152 0.01283076
882 1.03362106 1.03901108
332 0.74226661 0.74190075
282 -0.26761493 -0.27782224
725 -0.59303480 -0.56707182
204 0.56711060 0.55459471
561 -0.26575176 -0.27385925
640 0.08928209 0.06493795
340 0.86961234 0.83809283
258 0.07358214 0.02502154
838 0.43029634 0.40197324
28 0.39410886 0.40897446
10 -0.32770523 -0.31843543
545 -0.60083836 -0.59537918
690 0.28556207 0.28410713
497 0.70041439 0.72022481
276 -0.90512845 -0.89037803
771 -1.37314752 -1.33817480
706 -0.62947376 -0.65075267
944 -0.75871175 -0.73027297
765 -0.84621639 -0.89144654
399 -1.34588157 -1.29704009
837 -0.19118096 -0.17135157
947 -0.03600095 -0.06124993
888 -0.11951538 -0.15477328
225 -1.71332936 -1.70027360
880 -1.16814996 -1.14131212
898 0.07116996 0.06749656
680 -1.02627158 -0.98767509
662 -0.35759750 -0.35636134
448 0.75631205 0.79401785
4 -0.40501672 -0.43198415
687 -1.10447000 -1.04297152
983 -0.63931964 -0.64546758
128 -0.13862217 -0.09188083
957 -1.00325265 -1.00196384
627 0.60995874 0.59702919
306 0.68470058 0.65381660
127 -0.57271173 -0.52355978
554 1.79847005 1.86451640
914 0.34654783 0.33338868
473 1.72016231 1.80657956
344 1.53714025 1.53651527
506 -0.33483093 -0.34987300
349 -1.09994581 -1.16195359
369 -0.42973540 -0.44877169
313 -0.32924669 -0.33563411
75 0.39877548 0.35753606
423 -1.37658595 -1.31216308
382 -0.44715090 -0.44520300
517 0.71180747 0.65683317
102 0.03280043 0.00756879
734 0.09031430 0.09636400
521 -0.16572637 -0.18171399
820 -0.88624355 -0.82679812
242 0.62004279 0.64324415
214 -1.12639264 -1.05708854
452 -0.62505092 -0.60893132
156 0.05248145 0.02882144
939 -0.42666884 -0.43385245
666 1.27396322 1.25258215
134 -1.20953700 -1.21271039
900 1.16135694 1.16334723
856 -0.63364318 -0.66724619
182 -2.05490363 -2.01445121
936 -0.44072627 -0.42509313
395 2.30860182 2.36026824
543 0.66868126 0.65981522
175 -0.07623607 -0.10216379
887 0.62766242 0.60845462
257 -0.47197585 -0.45251328
988 -0.78264276 -0.76998388
869 -0.29211948 -0.33054413
285 2.58986931 2.72349229
142 0.89655096 0.89760841
115 0.96843822 0.97911904
903 0.37216737 0.35176708
711 0.29104136 0.28293579
472 -0.70140730 -0.73050557
247 0.85485391 0.77234065
986 1.35247103 1.38335944
677 2.57753283 2.68352533
691 1.17258515 1.18063801
847 1.01592852 1.04124724
342 -0.23680608 -0.25784291
303 0.48188139 0.45990469
609 -0.33557336 -0.31638985
385 -0.82535540 -0.79624409
541 -0.22716200 -0.27214812
476 0.77122455 0.79898427
229 -0.66931186 -0.68906371
625 -0.19860628 -0.20849183
921 -0.96216834 -0.96951219
197 -0.35111426 -0.38967817
922 0.20337537 0.18935838
132 0.37036897 0.37342072
692 0.88684017 0.89038540
7 0.19848645 0.16966350
675 -0.88999379 -0.91313041
314 -0.06845246 -0.09463162
807 0.28998726 0.24758782
580 0.87004081 0.88079550
223 0.92815710 0.96841682
114 -0.19577463 -0.18031626
866 -1.68167036 -1.66220275
463 -0.68631441 -0.71980765
30 1.28352950 1.32937650
719 0.27048587 0.25784273
450 -0.14076037 -0.15496948
532 -1.08068869 -1.10275898
516 0.45119156 0.46984228
470 0.50777942 0.51001071
431 1.10600101 1.14495147
855 2.05680991 2.10674484
217 1.78400189 1.83855742
555 -1.64149322 -1.63537902
786 0.74813149 0.75070118
529 0.86054449 0.84424937
467 -1.90103120 -1.88184123
428 -0.84581805 -0.86790234
173 0.44212129 0.41447882
136 1.93167027 1.99737468
917 -1.80497766 -1.74174470
474 1.41472758 1.47014211
651 -0.62808263 -0.64165597
397 -1.04226568 -1.05554799
672 -0.29143684 -0.33607176
449 0.66585384 0.64687332
756 0.64509842 0.66933554
167 -1.01261595 -1.00300550
901 0.61353745 0.67395898
43 -0.66370676 -0.73221957
278 -0.71167049 -0.69031631
584 -0.46468874 -0.47494220
493 -0.91271207 -0.92201920
720 0.79560302 0.84295268
906 -0.70054412 -0.70637315
76 -0.26121517 -0.25247837
562 -0.15070074 -0.17471329
201 -0.55542357 -0.54911540
852 -0.11433328 -0.13000289
910 1.25545573 1.26872541
859 0.35912830 0.33946723
494 0.22173607 0.18379181
331 -2.69713587 -2.59620075
732 -0.38522437 -0.39971515
703 0.80675010 0.83537603
90 0.69642480 0.67760499
744 -0.01308558 0.01321268
781 0.81345502 0.85274251
290 0.62584567 0.60746372
414 0.57834920 0.55515787
699 -1.20547329 -1.16946545
437 -0.56221508 -0.56657061
801 -0.71864822 -0.68563855
718 0.24792139 0.24671849
805 -0.35433212 -0.41513683
875 -0.82011330 -0.82373670
538 0.86590020 0.88301670
106 -1.10763264 -1.05405338
530 -0.07485977 -0.06839883
1 0.43796793 0.46277134
272 -1.93507190 -1.88709610
129 1.60766570 1.66764010
899 0.44297684 0.46284555
547 0.54146266 0.52816370
424 0.25049082 0.21673739
968 0.91718916 0.90335812
975 0.70736412 0.61566902
583 0.12899820 0.14850505
831 1.55465108 1.58918786
715 0.49614595 0.51831697
353 0.82942515 0.79444638
716 -2.80510552 -2.71066515
50 0.98351719 0.99456096
758 1.61677545 1.66979894
177 0.84798412 0.85731643
118 -0.30371734 -0.31184082
916 1.21606535 1.23456742
753 0.51468205 0.47529166
621 -0.98292646 -1.00100867
44 -1.02867752 -0.99774540
804 -0.93405106 -0.93773508
227 -0.69637580 -0.68849768
780 -0.50314472 -0.54465367
351 1.41081877 1.45286469
674 -0.33535494 -0.36444465
146 -0.29563592 -0.28478261
785 -0.14240913 -0.17490706
730 -1.27175975 -1.25589277
853 -0.72733720 -0.72561512
386 -0.12247269 -0.12686505
757 1.62629116 1.58296567
713 -0.48537723 -0.47418779
286 -0.23210628 -0.20976055
294 0.79670901 0.80234117
139 1.56702974 1.54049696
174 0.12360405 0.12277646
372 0.04152550 -0.00050035
283 -1.27323117 -1.25814300
745 0.67746681 0.69153816
811 0.69345356 0.67973604
812 1.08585820 1.09879449
861 -2.55496341 -2.50191910
145 -1.31876706 -1.35160919
363 2.19626572 2.27766313
159 -0.50601724 -0.50285387
228 -0.62139337 -0.60834307
96 -2.56729379 -2.54276791
797 0.91111507 0.94894563
240 0.12475915 0.12310189
39 -1.09724205 -1.08641040
41 -1.49844511 -1.50454631
698 0.79157083 0.76301783
605 -0.46538911 -0.46069258
759 0.15220868 0.13887430
660 -1.75193325 -1.71805677
121 -0.29106483 -0.28742680
389 -0.83435826 -0.88032616
23 -1.03610319 -0.99507944
573 -0.64329329 -0.65689305
991 0.42616155 0.43441259
995 1.01758879 1.01636871
86 0.18136267 0.17404780
928 -0.68587880 -0.72327482
563 -1.03517302 -1.00816666
537 -0.59367976 -0.57293185
893 0.76163492 0.77818653
923 -0.78139809 -0.78222160
803 -0.91546855 -0.92552291
597 -0.77121089 -0.80000150
143 -0.34194257 -0.36938485
237 0.55032094 0.53944389
729 0.66413885 0.68337887
587 0.19051226 0.21318676
487 0.18699790 0.16738084
596 -0.51020108 -0.49566539
642 0.10545908 0.07880809
383 -0.27429068 -0.30684929
638 0.00161050 -0.00053880
862 0.81433573 0.79409345
655 1.48903825 1.48749927
835 -0.59050243 -0.57628631
844 -1.96716595 -1.91562618
157 -1.34921872 -1.27024130
656 -1.04052090 -1.00291655
22 -0.25311102 -0.26917072
740 2.24727446 2.25867710
9 0.56293716 0.58956921
951 -0.72294789 -0.76541977
91 1.07650598 1.05948339
469 1.09784566 1.11862779
359 -0.01653101 -0.02063712
929 -0.16976195 -0.20641360
616 -0.25609376 -0.21478296
721 -0.03734601 -0.01353224
427 -1.27875965 -1.26574869
376 -0.80336687 -0.81536576
996 -0.39040897 -0.41664095
404 1.01813703 1.00729151
244 -0.74740526 -0.77074488
572 1.01069641 1.02295386
222 -0.18465969 -0.20760724
930 0.74320599 0.71754165
81 0.83132331 0.80935436
955 -0.33488130 -0.36731882
307 0.88012229 0.88656134
151 -0.93892779 -0.96895569
337 -2.89016570 -2.79876115
266 0.07098111 0.04045964
309 -0.08895011 -0.09249564
65 0.48149552 0.45864765
33 -1.28799867 -1.32085388
144 0.47529625 0.47196510
825 0.08791667 0.05237907
408 -0.25425892 -0.34841515
760 -0.98203003 -0.96848998
617 0.75145784 0.75499377
412 1.07682741 1.03059575
339 -0.21990233 -0.22798955
211 0.09688739 0.09924206
105 0.00595034 -0.00632809
371 0.78851203 0.80764975
681 0.31594944 0.29659678
885 -2.04132074 -1.96176374
935 1.00662133 0.98869039
454 0.02197631 0.02865468
256 -1.01422626 -1.00913134
817 0.39129093 0.41019155
116 0.37267447 0.35051205
891 2.14857300 2.16938558
890 0.08443487 0.08503268
958 -1.05429568 -1.02760838
892 -0.22056980 -0.25451265
181 0.46099456 0.43142826
950 -0.16049702 -0.17016100
150 0.31730794 0.32282845
808 -0.56989872 -0.57608798
148 0.59686729 0.55954901
232 0.20401375 0.20982283
297 0.40313084 0.35538619
416 0.99770118 1.00685591
693 -1.42494774 -1.36929677
328 -0.79084189 -0.80860428
978 1.61078269 1.67402389
262 1.14887969 1.18438894
293 0.60178032 0.57076161
568 -1.90121339 -1.87556537
508 -0.48627574 -0.46005569
507 0.63686154 0.61164214
559 -1.09345516 -1.14253579
884 0.99110842 1.01452420
72 0.70559274 0.67490649
426 -0.45989555 -0.46950831
618 -0.62473364 -0.66250354
539 1.00871318 1.01197555
544 0.70267520 0.70893453
224 1.17498805 1.14740571
455 1.43485509 1.45389797
253 0.36836524 0.34081596
755 0.84572268 0.82450361
315 -0.25586473 -0.22836189
109 0.78230866 0.77424127
519 -0.32771514 -0.27356302
987 -0.49831032 -0.54253983
113 0.55600681 0.51691797
17 -1.81326372 -1.76186464
999 -0.75647802 -0.79319374
834 -0.48299346 -0.51444244
409 -0.23326492 -0.22384371
612 -0.09494072 -0.08112669
138 0.70747497 0.65962332
741 0.34174494 0.31852708
927 2.96817640 3.06779838
896 0.72608831 0.71887407
858 0.65953063 0.62069945
411 0.58652997 0.60959870
153 -1.23070420 -1.23064328
585 1.24296650 1.24419424
203 1.42003348 1.43703587
510 -0.52357745 -0.52729631
772 -0.26157998 -0.27443347
613 0.49139849 0.49526459
374 0.29455918 0.31153843
162 0.07207657 0.05541961
967 -0.38430744 -0.44597133
326 0.44952375 0.46391175
380 -1.42971114 -1.39143435
199 0.71906174 0.70975886
498 -1.16694491 -1.14344774
120 0.41973519 0.40818144
57 0.66193076 0.62992306
634 1.33886486 1.40169011
176 -1.50217977 -1.44664107
714 -2.01633438 -1.97185732
18 -0.02294871 -0.07513787
857 -0.34525582 -0.33646494
630 1.70833023 1.75087775
954 0.08257038 0.04795066
19 1.65900502 1.66902601
829 -0.86588723 -0.82865703
980 0.61601579 0.61186497
202 -0.63804254 -0.64505054
310 -0.22661306 -0.27226955
305 -1.26451739 -1.31794470
66 -0.04331473 -0.08146428
268 -1.04452988 -1.06879939
878 0.23499766 0.22950190
451 -0.54670529 -0.49397672
793 0.15549235 0.12653925
976 -1.00744202 -0.96970236
200 1.72314436 1.72920556
169 0.99949238 0.97518313
53 2.09728043 2.10897748
895 0.51106170 0.49749663
733 0.63089109 0.59027320
546 0.50872088 0.51771398
58 -0.69960544 -0.68054020
250 -1.72405878 -1.69141339
378 0.59931085 0.60856123
828 1.95404009 2.01608395
985 -0.64655029 -0.65022187
52 1.03298282 1.03288405
468 -0.79786541 -0.83298156
512 -1.29203363 -1.29843530
5 0.50568383 0.47450725
499 -0.13211178 -0.14934489
871 1.24625640 1.26277142
356 -0.02336367 0.03038473
405 0.22629386 0.21770973
819 -0.81067033 -0.80990292
456 0.76401711 0.79896583
401 0.57229423 0.60428268
67 0.69102406 0.68423103
252 -0.40856710 -0.44503000
421 0.04813613 0.04164041
161 0.58752172 0.59492395
845 -0.74672192 -0.72203940
137 -0.13370810 -0.15897017
188 -0.77763759 -0.79058939
234 1.02187446 0.97817954
392 -0.35891512 -0.40927901
311 -0.10333971 -0.15813986
762 -1.05754028 -1.05811438
708 0.41971753 0.41216149
518 0.20690255 0.16603406
95 -0.39754325 -0.42690424
941 -0.23631305 -0.24744997
407 0.60548311 0.56986759
993 0.50939216 0.53318829
773 1.21295190 1.19535596
979 -0.15212228 -0.11351266
299 -1.04362376 -1.03020061
446 -0.60539788 -0.60061526
525 -1.22604055 -1.16472588
3 1.15642590 1.17206107
671 0.79124870 0.81851914
178 0.41035076 0.37261872
335 1.24633538 1.25798077
99 -1.54158587 -1.55877397
78 -0.03564002 -0.03185188
70 -0.17750351 -0.20673885
816 -2.58203428 -2.57835835
251 1.50692496 1.48090747
300 0.07265218 0.04172435
962 0.94404389 0.95121807
748 0.23318367 0.20555584
704 -0.87569182 -0.90679147
68 -1.17756557 -1.16819264
867 -0.80095303 -0.83176188
594 1.16395866 1.18089312
689 0.89273899 0.87792007
21 -0.38667286 -0.43116289
723 -0.86968077 -0.88525543
997 1.58437797 1.58179956
352 -1.21283563 -1.19378685
970 -0.62438414 -0.61357474
345 0.32033078 0.27253993
523 -0.71297218 -0.71249921
179 -1.06122325 -1.04966983
966 -0.24121846 -0.22454796
123 0.27590392 0.29754747
746 -0.76325707 -0.74710245
318 -1.53240753 -1.49432026
717 0.90509432 0.84543310
586 -0.07968393 -0.17829234
73 -1.14246537 -1.13032673
194 0.53754027 0.55033082
736 -0.35745458 -0.33432477
902 1.51381582 1.47366262
633 1.47486832 1.46827889
511 -3.46635879 -3.33548693
336 0.40696414 0.45768780
550 -0.73328382 -0.70866269
938 1.27966995 1.27619473
25 0.17886598 0.16201062
881 0.39668751 0.36339380
650 -0.49892825 -0.53286887
513 -1.16543262 -1.15590218
637 -0.41327327 -0.41731640
728 0.61469609 0.59188074
92 -0.21938484 -0.24049016
101 -1.34619581 -1.36206905
131 0.33094902 0.28537110
982 -0.78704059 -0.75530502
794 0.98505442 0.99876395
557 0.55356976 0.51490000
164 -0.58295138 -0.56742064
216 -0.09021127 -0.12554890
874 0.30789268 0.25194568
764 -0.74056158 -0.76080946
649 0.84634949 0.82820521
654 0.54640444 0.54891061
15 -1.06375389 -1.03141300
296 1.08421359 1.10729025
51 -0.31215748 -0.30045769
398 0.56866099 0.52223044
800 1.04809254 1.03762798
782 -2.35496374 -2.34093701
909 -0.13793635 -0.15981766
8 -0.51363964 -0.56747997
343 0.19814610 0.15611023
248 0.66720777 0.63956544
495 -1.66690978 -1.62316260
84 0.66596565 0.64232170
141 0.44601181 0.38209079
686 -1.12006950 -1.10436330
600 0.02398697 0.03459789
460 -0.27764959 -0.32171860
190 -0.45424958 -0.42420779
193 0.80555067 0.79659860
484 -1.17307443 -1.12446712
375 1.13234012 1.13533352
152 -0.39768908 -0.37250410
639 -0.89298394 -0.91023245
919 -1.59994372 -1.58157244
643 -1.61321279 -1.63748090
140 1.31778038 1.28363750
619 -1.12717858 -1.12476080
624 -0.41140532 -0.47582088
480 -0.58606116 -0.60478429
809 2.35191404 2.42210265
71 -0.79821525 -0.81581041
822 -0.71585357 -0.72740820
64 -0.19081969 -0.23001877
133 1.72448117 1.76561916
429 -1.25946124 -1.25577722
653 0.08218805 0.07749580
682 -0.98545918 -0.98062195
854 -0.21246281 -0.22080791
774 0.84440395 0.80920399
912 -0.86749442 -0.86715777
911 1.34503483 1.36116767
789 1.34452607 1.36888523
802 -1.37245844 -1.36671385
438 1.10119466 1.12315846
851 -0.65892397 -0.68236657
581 1.24424602 1.25990215
481 -0.60104550 -0.54880796
87 0.68453224 0.66163893
974 1.13717556 1.13295933
168 1.25500689 1.28661745
622 -0.19471853 -0.21774122
614 0.14123368 0.11021001
515 -1.26621943 -1.21843981
894 -0.44780347 -0.43555999
27 1.87069968 1.88513018
103 1.04106556 1.06206260
937 -1.13824399 -1.17251997
842 0.63320309 0.59472345
355 -0.76690353 -0.72187642
960 -0.27483478 -0.25301572
390 1.20341145 1.19694835
551 -0.84171693 -0.86328762
34 -2.03613061 -1.98340496
186 -1.88585081 -1.83065947
763 0.42498629 0.43766373
221 0.48345118 0.44664705
187 -0.43525903 -0.44908920
932 -1.53602234 -1.53414888
743 -0.86664164 -0.87659243
598 -0.23796250 -0.29736189
195 -0.19348708 -0.18664970
520 -1.46999496 -1.47644868
471 -1.17055833 -1.17550935
868 -1.84314580 -1.85739423
453 -0.44795311 -0.42677369
441 -0.62329547 -0.62379419
31 1.04737346 1.06649213
32 -0.62406512 -0.58363833
915 -0.43876022 -0.44085173
243 0.64142473 0.64187881
961 1.38465659 1.40084922
341 -1.56308628 -1.55068126
218 -1.37263696 -1.35337926
160 -1.00612689 -1.00161686
590 0.20438126 0.15130488
213 -1.94579924 -1.91345028
417 -0.04997663 -0.03546796
12 -0.51077544 -0.54040355
319 0.02320969 0.01071419
166 -0.85889821 -0.91546001
196 -0.38774213 -0.43027662
60 0.53265079 0.53125026
239 0.58448183 0.58517694
112 -1.39649344 -1.34050158
108 1.18235406 1.21922317
897 -1.11941069 -1.10309365
26 -0.70981806 -0.71860541
496 -1.29724351 -1.29132408
46 0.86138758 0.82314239
126 0.23640430 0.24120601
254 -0.64532653 -0.64988970
549 -2.49542925 -2.44155791
316 0.99802837 1.00216121
668 0.99143610 0.99286832
843 -1.30843057 -1.29078604
635 1.03383491 1.03380799
125 0.41282182 0.36190308
122 -2.10443715 -2.01514157
479 -0.98456899 -0.98016383
769 0.96564572 0.93703615
981 1.17212308 1.15615864
750 0.01112073 -0.02197619
287 1.99583246 2.03988337
737 -0.73368742 -0.66881169
324 0.36124987 0.38876785
275 0.68801999 0.66005350
61 1.23156198 1.21254910
291 1.15328771 1.18640515
865 0.50066785 0.50075463
317 2.56943374 2.65852246
818 1.00438026 1.00159487
364 0.06331652 0.04337495
154 -0.28958122 -0.28723304
403 1.59131386 1.61512982
776 1.38206727 1.42834036
792 0.64087371 0.64111433
192 0.03472331 0.00458136
814 1.74989385 1.74235596
220 0.96160736 0.96740273
333 0.51422553 0.47534534
522 -2.08510022 -2.07209850
215 0.46977026 0.44216957
402 -1.27113419 -1.21262645
948 1.48002728 1.45340345
413 -2.03703535 -1.96409679
233 -0.95833913 -0.92602450
589 0.68290107 0.67285549
846 -0.54315913 -0.51266589
648 0.50441054 0.49583979
670 -0.82963179 -0.82012671
726 -1.58406643 -1.59103386
564 -0.36576025 -0.36795443
11 1.02544216 1.07671345
821 1.06832728 1.07646395
259 0.40187072 0.38861710
742 0.16016749 0.15081392
117 0.98946472 0.95714251
608 -1.06245103 -1.00528199
696 -0.15625284 -0.19920556
836 0.14596556 0.14724445
16 0.16434440 0.14073071
205 1.09471856 1.05978750
170 1.65877039 1.73480138
604 -0.22743079 -0.24372376
602 -0.00470218 -0.02790837
582 -0.90522544 -0.89334081
566 -0.71603029 -0.74640755
325 2.60329113 2.65077109
100 0.52301980 0.53229113
36 0.19810287 0.19392310
361 0.71186843 0.68876757
47 0.02809529 0.03922253
645 -0.43958717 -0.48228861
526 -0.31586615 -0.33354353
860 -0.10349094 -0.14196504
209 -0.46689794 -0.45096697
219 1.28950557 1.30832765
709 -0.59255922 -0.61349031
410 -0.49109040 -0.48287043
38 0.14444357 0.13715390
542 -0.70475816 -0.72587109
695 0.49243970 0.43995802
768 -1.04987520 -1.04107539
664 -0.65231825 -0.64751046
432 -1.09916376 -1.02900159
185 -0.70045961 -0.75299737
435 -0.07290717 -0.09803954
924 -0.19972647 -0.20627082
69 -0.08689158 -0.07120855
524 -0.13485669 -0.17609958
603 0.56199695 0.60843704
20 -0.34585415 -0.34950420
226 -0.52293125 -0.52880877
434 -0.55362835 -0.54231023
74 -0.50902221 -0.52094118
373 -0.00363118 0.00330969
230 1.02791419 1.02550959
998 -1.96570354 -1.94247303
502 1.02958415 1.03712318
850 -2.64714097 -2.58172931
445 -0.82152978 -0.81504684
631 -1.25876550 -1.26829474
766 -0.83163385 -0.82477166
832 1.32277974 1.37481393
533 0.63229904 0.63090711
379 0.18248355 0.18851225
350 0.92721821 0.87433006
841 0.77707281 0.79493379
393 -1.19667389 -1.15554057
422 -0.24006086 -0.26222942
752 0.61867390 0.61715215
570 0.92512095 0.91801596
180 -0.50304462 -0.52380154
977 -0.57430120 -0.53294858
705 -1.59982526 -1.62231681
685 1.63174663 1.62626423
357 2.36317875 2.47218320
984 -1.74921002 -1.68550186
465 -0.90426597 -0.92145028
212 0.43964434 0.42023381
779 -2.12104461 -2.13600631
934 0.11052757 0.09864037
302 0.95488388 0.95648168
238 -0.88446178 -0.84891829
553 1.38394603 1.39941281
615 -0.32349064 -0.32559477
24 0.73027526 0.71424876
231 0.01760459 -0.00672789
45 1.03002502 1.03004998
56 -0.98368247 -0.96211476
135 -0.44377232 -0.47419258
796 0.94312114 0.92875080
83 0.09583973 0.07188670
360 1.06243227 1.07059618
945 0.73933764 0.72888479
301 0.74433955 0.76479314
626 -0.17534280 -0.23155214
420 0.70714909 0.73930234
534 0.46859175 0.46375232
873 0.07697249 0.12518899
810 0.15743851 0.16714230
388 -1.33640888 -1.35218944
155 -0.55009391 -0.60338230
784 1.97552283 1.98911425
536 0.19465211 0.17346486
870 -0.07435060 -0.13363622
442 -0.36498783 -0.38202170
458 1.13161688 1.13694215
994 1.02381141 0.99817592
269 1.66391577 1.68485254
676 -0.42640352 -0.39909633
925 1.14595695 1.12489225
577 0.52257512 0.47743782
377 2.76762524 2.93401372
823 -0.28819986 -0.29167962
620 2.09400043 2.15773122
457 0.06753735 0.07735002
778 -0.19778224 -0.20110416
889 1.83660363 1.89695941
59 -0.16457874 -0.15303444
462 -0.60477253 -0.59965141
702 0.32844082 0.30936567
575 -0.14354664 -0.19614141
565 0.18428749 0.17504132
712 -0.36568682 -0.35054298
281 2.56787185 2.64088306
877 -0.91638181 -0.92886634
347 0.75194512 0.73135923
63 2.33893038 2.38936263
124 -0.81599881 -0.82303233
327 -1.75280543 -1.75005782
489 0.88052195 0.87142256
839 0.66748071 0.67691933
840 -1.48725293 -1.45378807
330 -0.86932434 -0.87242643
482 -0.68494767 -0.73098972
338 0.18866087 0.13371437
632 0.41544460 0.41276538
184 -1.15415502 -1.14318749
104 -1.94395928 -1.87547189
321 -0.36346536 -0.40648497
969 0.03678773 -0.00312849
391 -1.16098547 -1.15258046
241 0.72047109 0.66617469
540 -0.81437977 -0.79411028
644 -1.38257075 -1.36862380
503 -1.09750848 -1.12436605
415 -0.33614031 -0.36347523
595 0.50580825 0.49841837
273 1.39628334 1.42926767
459 -1.04737469 -1.02928756
940 -0.58481448 -0.58376873
576 -1.26091741 -1.23778129
85 0.82525337 0.78271533
579 0.73926074 0.72538092
652 1.83121910 1.86926665
277 0.39418596 0.33630661
628 -0.24975461 -0.29903456
548 0.95008335 0.92773679
280 0.72852023 0.70933092
501 -2.24627708 -2.16531721
130 -1.60010375 -1.59218574
304 -0.77918611 -0.78356202
788 -0.63392721 -0.62102910
261 -0.54305550 -0.57859650
683 -0.06942163 -0.08607317
366 0.03609878 0.02700356
322 0.64761244 0.60101634
926 1.47545439 1.52713312
863 1.16251523 1.13603205
418 0.23622114 0.18503951
738 -0.25010792 -0.29848674
354 -0.60878429 -0.62267360
754 -0.72718437 -0.76074186
827 -0.77700788 -0.82763834
684 -0.87534752 -0.90488557
249 -0.76156286 -0.79810967
274 -0.65991530 -0.63588546
490 0.06715993 0.05932216
806 -0.12839812 -0.13772801
673 -0.13614245 -0.14730534
255 1.04564018 0.99992965
795 0.69097107 0.71592980
739 -1.43893728 -1.41168830
348 1.44645558 1.45193375
119 0.83958880 0.81689139
264 -1.95970287 -1.92390074
210 0.90840611 0.90794214
246 1.34981645 1.35830308
992 1.90812969 1.92300592
191 0.48241786 0.47982596
172 -0.38494651 -0.40081277
483 -1.38934418 -1.36895652
751 0.17474303 0.15540490
79 0.74419525 0.68352333
535 0.31125809 0.32754406
905 -0.39472720 -0.40829029
949 -0.60370915 -0.60254910
288 0.67223303 0.66169714
425 -1.50275753 -1.48640121
610 1.16636627 1.19142244
767 1.06377795 1.08066372
387 -1.58104462 -1.56752896
111 -0.88519991 -0.85654297
183 -0.45311796 -0.45609147
646 1.26794455 1.21685721
722 -0.49009837 -0.49943881
504 -1.71772975 -1.69779336
592 -0.28761102 -0.29732254
663 1.70112071 1.72780468
295 0.62480591 0.59838049
552 -0.07331673 -0.06945108
171 -1.27167073 -1.27628564
665 -1.71211842 -1.67918685
260 -0.38430952 -0.41254482
430 0.19854998 0.18758468
727 0.12888909 0.11849685
611 0.12036867 0.11014590
447 -0.43418664 -0.45524904
284 0.46985928 0.45488253
149 -0.71378063 -0.75410292
556 1.75466757 1.77393421
669 1.00387012 1.02336619
973 0.80878861 0.77682269
560 -0.14439353 -0.14994743
267 0.84572157 0.78455050
82 1.46836977 1.45846253
629 1.85575725 1.92742812
569 1.80868766 1.81526852
89 1.82010104 1.89008335
475 -0.53376909 -0.49359891
749 1.46695288 1.45927964
710 0.88167081 0.85552556
323 0.37628512 0.34645962
661 -1.06199637 -1.05987435
80 1.01466286 1.03292879
334 0.23115112 0.24312882
365 1.06769688 1.07468617
694 -0.91460918 -0.94086716
907 -0.97016691 -0.95840972
826 0.42152105 0.41673892
77 0.08993190 0.04141100
444 0.63821935 0.62187008
879 0.76586815 0.75852045
107 0.55759856 0.53336485
94 -1.14074020 -1.13927022
872 0.15593267 0.16797579
368 0.22529663 0.21798609
207 -0.54586116 -0.51749780
236 -0.95259340 -0.89094706
989 -1.53030501 -1.53925482
731 -0.62828471 -0.63712975
908 1.11312338 1.17701856
824 -1.15113453 -1.18121580
574 -0.08394528 -0.13044422
679 0.62220834 0.60204352
40 0.71017256 0.70009616
488 0.30965900 0.24345826
308 0.42484254 0.44563906
667 0.04230208 -0.00029023
636 0.26962477 0.26459180
486 -0.82092799 -0.78693859
707 -0.45797225 -0.47199409
886 -0.34726876 -0.32828399
198 -1.19794967 -1.16917280
158 0.66708148 0.63565213
607 -2.85112399 -2.74302112
943 -0.36128296 -0.36445318
279 -0.94573787 -0.94295744
697 -0.05370159 -0.07624832
329 1.59546514 1.55906367
849 -1.47723289 -1.44383323
320 0.10670611 0.12493395
394 0.28877494 0.32311184
864 -0.39401089 -0.41017576
798 -0.31646296 -0.31749140
165 0.98620474 0.97094812
920 0.16964399 0.19459133
147 -0.69890506 -0.71352707
298 -1.14170569 -1.12152682
790 1.00456343 1.02074961
952 -1.29701283 -1.29288946
48 0.65988352 0.58891359
571 0.66708723 0.65039103
606 -0.17428032 -0.15432291
770 -0.27211820 -0.31798337
396 2.35368043 2.47555240
440 -0.34697822 -0.36330188
647 -1.17967321 -1.15592316
578 0.84908879 0.82974576
783 -1.22015905 -1.20879999
964 1.13021024 1.13393399
263 -0.78972870 -0.81102036
439 -0.66783629 -0.65148546
289 0.35126641 0.27782976
443 0.22305764 0.19392579
904 0.40052261 0.43014166
641 1.12766422 1.15922792
990 -0.15480463 -0.16528985
2 1.67561242 1.68565431
791 -0.15274971 -0.17409781
965 0.70882882 0.69951760
55 -0.85230018 -0.93476927
813 -1.09877761 -1.10174436
477 0.86662967 0.86052157
93 -1.56620923 -1.49817437
830 1.71156679 1.71138122
110 0.33442389 0.31949516
688 0.83978000 0.86820336
971 2.80003664 2.92395661
593 -0.90271516 -0.87932217
292 0.20881227 0.18181503
913 1.22220665 1.22982951
956 1.13649361 1.15853863
591 -1.04461786 -1.03488477
528 0.74360848 0.70631484
883 1.31038382 1.27581304
509 -0.39173310 -0.36888735
466 0.76591872 0.74888529
514 1.35917096 1.39061088
505 1.24367034 1.25741126
189 -0.15822131 -0.20610706
97 -1.21732775 -1.24103806
701 1.54089361 1.58002028
54 0.34095839 0.30474990
933 -1.02758200 -0.98579680
531 -0.75392064 -0.73467082
62 -0.01046980 -0.02814871
312 1.38204116 1.37254635
527 -0.43555504 -0.41696769
464 -0.03383955 -0.07126372
700 -0.36573143 -0.41065804
623 1.28127991 1.29785997
918 -1.04610293 -1.03661661
777 0.16799433 0.13123234
461 -0.12062469 -0.15950868
959 -0.78025726 -0.71954794
88 0.45008287 0.46816760
358 0.43131047 0.46344727
659 -0.21472397 -0.24734082
367 0.49305660 0.46808942
98 -0.96964838 -0.99525971
0 -1.85651463 -1.82783956
492 -1.68787330 -1.65697117
433 2.30455675 2.38839230
42 1.68488802 1.63719945
235 -0.36641234 -0.38774665
346 -0.83110389 -0.81126470
876 0.13086040 0.02963001
747 -1.83477037 -1.83154361
931 -0.35348390 -0.36329283
558 -2.18735809 -2.13758292
815 -1.20702160 -1.23803473
485 -2.69838075 -2.55365017
436 -0.29617904 -0.31046616
799 0.15716952 0.16235633
833 -0.98281250 -0.97402969
37 -0.62139455 -0.62833698
362 0.46191059 0.41034279
963 1.15004463 1.17832868
848 -0.51693717 -0.59179755
657 -0.29755208 -0.30504810
384 -0.04596439 -0.10995788
