364 2.36067439 -2.47548947
880 -2.07906910 2.18047167
506 -0.21256770 -0.01283800
305 -0.30846095 0.27446314
414 0.41313442 -0.32572897
49 0.45685719 -0.50732582
567 -0.51211511 0.37759995
597 0.51385844 -0.40812069
838 0.75747028 -0.92178866
491 1.39564263 -1.28664549
370 1.23942743 -1.38489300
692 0.22566957 0.24666041
588 0.03615391 0.02493387
601 -1.59459086 1.30767009
829 -0.32079600 0.29391745
411 0.17495018 0.00813182
344 -0.89744699 0.86355110
547 2.14267752 -2.18650428
397 -1.08836054 0.92734437
132 -0.09169658 0.05822810
500 -0.20304711 0.26953219
541 -0.66992091 0.60545664
138 -1.86993558 1.66790969
764 -0.58231142 0.58939546
102 -0.76372165 0.62831085
587 -0.10458532 0.10997716
381 0.67680708 -0.41130133
856 -1.13083786 0.88288655
693 -0.15542551 0.25194011
467 1.05108243 -0.72443273
7 0.43328872 -0.34825205
947 -0.27403729 0.46378880
262 -1.09719512 1.37609061
472 -1.81667353 1.83303123
139 -0.24934130 0.13737745
906 1.93152770 -2.15993893
898 0.07136280 0.19585693
424 -2.61816312 2.41654261
421 -0.06011615 0.01822299
13 0.65686851 -0.68387118
911 -0.72683443 0.60350959
204 -0.81486241 0.73494228
52 0.79883879 -0.62713403
270 -1.24987965 1.09759497
902 0.47187440 -0.46487493
761 1.02183468 -1.08373159
134 1.59338310 -1.67675685
324 -0.02061292 0.17026737
61 -1.47500114 1.60357348
175 0.34576265 -0.52615686
962 1.58684238 -1.72659252
452 2.18036148 -1.89541434
223 0.24729941 -0.12310788
640 1.05129671 -1.08457620
916 0.02468319 0.10441283
658 -0.32068958 0.14038253
258 -0.79668558 0.81389906
946 -1.96746114 1.99112970
356 0.30038312 -0.18521763
618 -0.83148173 0.50382211
23 -0.42967579 0.46852114
155 -1.10874206 1.12284767
882 -0.49506435 0.65937393
922 -0.63400156 0.47569299
690 -1.69138009 1.41152561
145 -0.23753693 0.53953386
208 -0.68172096 0.69234549
108 1.45556909 -1.23899800
897 1.18601726 -1.06630888
501 0.90250095 -1.00963872
868 1.69535400 -1.61249102
39 0.92016005 -0.64524496
448 1.87167747 -1.81940835
376 1.23063600 -1.43287573
988 0.45784233 -0.54237677
423 0.15508208 -0.17696106
678 0.73134045 -0.89071854
493 0.40004434 -0.20025555
116 0.21112551 -0.12337218
914 0.13773362 -0.06708882
521 -0.95201344 0.94164899
224 -0.07739126 0.03245760
12 1.39574043 -1.21661703
455 1.08999888 -0.91467169
478 -2.47492310 2.24467130
967 -0.70818156 0.68406832
124 -1.94336831 1.80064119
449 0.08952813 0.15366832
695 0.05666486 0.02637734
43 -0.71335892 0.67689579
789 -1.62128876 1.40090782
306 -0.07663766 -0.13177341
20 -0.30719825 0.20307232
923 1.26176916 -0.99703604
554 -2.08787348 2.00615835
866 0.87582319 -0.85756870
758 -1.83114136 1.72128223
835 0.62973053 -0.36902139
463 -1.27436279 1.23865993
404 0.57923406 -0.80937838
35 1.36390544 -0.96644301
930 1.72222159 -1.90551252
181 -1.27211208 1.14344883
153 0.05604214 -0.03168166
389 -1.00200944 1.00550023
852 0.62625164 -0.52845536
307 0.83404912 -1.11167737
883 -0.97114665 1.30999508
573 -0.81372915 0.64683083
14 -1.71579420 1.69088917
903 0.37523762 -0.21018909
837 -0.14193850 0.26039462
342 -0.17886455 0.06847338
545 -0.82034178 0.98763714
63 -0.96237103 0.89669885
271 -0.82606564 0.94974401
820 -1.75981322 2.05543244
60 0.42713629 -0.55812486
543 0.59535289 -0.68326590
375 -0.66284087 0.90752849
276 1.22159144 -1.18998091
345 1.34509007 -1.45435502
353 0.68966562 -0.66577100
853 -0.22627331 0.77636589
757 0.84311956 -0.85524038
622 -2.01684808 2.27730526
83 1.05396449 -1.26013740
4 -1.28628653 1.16777904
244 -0.27986757 0.11435101
128 -0.22707436 0.36792581
400 0.95494037 -1.03414586
894 -0.09114289 -0.19201405
227 -0.55522666 0.38838336
562 -0.72733634 0.75950530
283 -1.94256381 1.91044915
860 0.15262715 -0.28829709
284 -0.76634915 0.71094591
699 -1.36148618 1.17519241
968 1.13787217 -1.25667656
548 0.21209483 -0.24564895
487 1.73501110 -1.31745554
953 -2.29859473 2.16190415
529 0.11264358 -0.35653938
615 -0.85440591 0.77775228
805 0.28749295 -0.18745478
785 -0.18234488 0.09606832
637 -0.21597324 -0.04155139
349 -1.63918803 1.70120758
245 0.46811363 -0.57303517
95 0.08691788 0.08619546
648 1.39702901 -1.39918708
966 1.55722790 -1.59239766
123 0.60916780 -0.50293274
884 -0.84002724 0.38587326
157 1.85571252 -1.99105905
652 -0.74734682 0.84332006
82 -0.26474106 0.48197990
272 -0.78757056 0.71817036
625 1.34967922 -1.32736504
551 -0.25421664 0.31004603
156 1.62752345 -1.52052479
899 0.92330098 -1.14788289
816 1.72861563 -1.46269114
151 -1.03657548 1.31186184
502 -1.39369365 1.57054672
863 -0.38912846 0.41810696
374 -0.20999196 0.41693644
332 -0.54271472 0.35177012
192 -0.31070016 0.36749804
591 0.78030961 -1.18986946
854 0.53539192 -0.73481739
592 -1.49813098 1.39484956
627 0.63692418 -0.67000029
563 0.25221071 -0.25240377
147 0.25014264 -0.08151798
408 -0.54174828 0.59749976
412 -0.83703156 0.79241534
568 -0.25471425 0.06628528
846 -0.09379484 0.21801552
713 2.58506098 -2.21605917
257 -0.03517567 0.11198207
862 -1.61150068 1.54930854
120 0.56057257 -0.38432960
371 -0.66084615 0.69017188
453 -1.26131298 0.91011809
942 -0.98817296 1.16758574
999 0.30136107 -0.58897974
671 0.28553706 -0.07189394
610 -1.05526717 1.13092986
74 0.78719837 -0.92800018
143 0.39010670 -0.17982793
691 0.64227124 -0.58363263
517 0.07684217 -0.11768117
71 2.26266417 -2.06466660
858 -0.17989139 0.38233370
780 1.27036069 -1.32608239
544 -0.72405879 0.77565901
121 -1.40507808 1.09231443
532 -0.41179234 0.71491924
546 0.91192805 -0.70909886
21 0.12165074 -0.09998531
445 0.71177868 -0.76078187
646 -1.78495216 1.74840534
10 -0.54386812 0.52946187
680 0.20566340 0.02594414
497 0.82507360 -0.74852846
756 0.12818284 0.17797893
326 0.23696771 -0.50963131
755 2.70351600 -2.46745453
980 -1.04630459 0.68490120
395 0.85233094 -0.90984177
642 -0.96360209 0.81633352
832 0.15392580 -0.18291553
228 -1.52740317 1.41042880
711 -1.67737246 1.83686090
29 0.33846977 -0.48361527
887 -0.79923687 0.91825920
234 0.38428361 -0.85263811
144 -0.78254133 0.88435796
392 -0.58686462 0.63047788
315 -0.52730921 0.51185697
369 -0.60144319 1.04486378
278 -0.01441304 -0.00923943
293 0.20106131 0.06900948
240 0.60945687 -0.61423317
888 -0.36282462 0.31567964
732 0.84084727 -0.54058846
325 1.44932893 -1.40552502
519 -0.48478011 0.58265055
840 0.54754145 -0.33507375
50 -0.14524050 0.04015143
100 -0.85093133 0.82691691
294 -0.77749629 0.89433737
979 0.40781901 -0.22016652
643 -0.86496196 0.79659667
468 1.37661010 -1.33194130
206 0.67882337 -0.65905992
935 -1.25215481 1.25743994
753 -0.21308831 0.38032926
482 1.44817410 -1.58734117
90 -1.15248065 1.19652735
704 -0.17345277 0.15163380
180 -0.24530872 0.26207998
612 0.62684416 -0.79062553
781 0.97760568 -0.91547585
480 1.82796621 -1.94103232
426 -0.85385941 0.79897431
117 -1.92348957 1.91655563
960 -1.73536604 1.77069968
212 0.30795357 -0.51757328
201 -0.49082755 0.35624822
594 1.65600466 -1.49628174
133 -1.74478940 1.58080294
729 2.97079555 -3.29503714
290 0.27090815 -0.20269768
429 -1.78636400 1.80129646
510 0.19728040 -0.07230394
565 0.67080710 -0.67994560
910 0.26698630 -0.16766058
689 0.80339342 -0.83860733
686 0.14713340 -0.01630182
972 0.05938441 -0.07074911
255 -1.83362606 1.91771447
220 0.43016649 -0.41429416
786 -0.37642669 0.31983246
975 -1.95785498 2.10202133
556 -1.14929370 1.32093175
494 1.48606946 -1.18948588
583 1.06275449 -0.97162528
275 1.11498250 -1.20574542
182 -0.86324768 0.83793505
242 -0.72328650 0.65664703
380 0.19992517 -0.47016595
199 0.34510541 -0.36893501
198 -0.24231160 0.45791982
807 -0.60140292 0.35766011
795 -0.21269569 0.42136195
662 -1.46059227 1.64578895
616 -0.32035305 0.54133443
708 -0.06646704 0.23805061
471 0.25896284 -0.04317090
739 -0.47359702 0.40163485
803 1.16379490 -1.18138518
974 -2.00213935 2.17556730
681 1.15067174 -1.24459194
771 -0.14073476 0.01225351
507 1.56690093 -1.26746242
844 0.57900395 -0.67166343
330 1.30410986 -1.12466054
525 -0.19535586 0.11435189
945 -1.74913119 1.50717679
937 1.40240771 -1.48936401
301 -0.65348424 0.99136911
382 0.51818728 -0.54294848
184 -0.17292209 0.13981754
30 -0.29177548 0.18004989
129 0.78109771 -0.78701409
892 -0.42974482 0.29729014
873 -0.23374308 0.29061425
740 -0.50246365 0.72283389
396 0.17429726 -0.20729552
516 -0.86550414 0.99163549
265 -1.83303685 1.47799836
745 -1.49502888 1.60095839
991 -1.49179591 1.21157216
431 0.62416631 -0.49022981
808 -1.66641229 1.64977427
859 -1.65213286 1.17394161
787 0.34923147 -0.07363778
406 0.05939304 -0.05985623
416 -0.82051436 0.37298626
672 1.06700423 -1.35051363
938 0.81189148 -0.90364859
167 -1.41536951 1.17449419
970 -0.41825684 0.47260060
214 0.03361412 0.04843501
675 1.77081108 -1.50491023
730 0.34375786 -0.27349141
333 -1.60260426 1.38309419
96 0.04635042 -0.14483150
676 0.02093536 0.07818578
715 -0.73968434 0.58525094
130 0.13074851 -0.19471332
978 0.93904589 -1.05027210
728 0.32869319 -0.29485564
173 1.06449897 -1.14229302
725 2.04638733 -2.09129544
481 -1.45778499 1.81852821
839 -0.66188738 0.56867753
339 -2.17253389 2.17841385
114 1.84243116 -1.36189303
46 0.91561117 -1.02188911
377 -0.75419531 0.58278072
773 0.66696291 -0.87113172
299 0.03418220 -0.33641651
687 0.11754050 -0.44784372
17 0.48771998 -0.84218104
793 0.62011503 -0.95172297
340 0.17281021 -0.44063183
512 0.76882738 -0.77728115
366 1.00772207 -1.23591656
794 -1.03937413 1.02505927
122 0.77876503 -0.81968152
222 -0.43309284 0.33238228
530 1.12741678 -0.91736493
765 -1.10803018 1.02045021
176 1.80383398 -1.58319639
28 -0.85197974 0.60990607
776 1.14431797 -1.10514624
399 -1.65049480 1.73572217
205 -0.86891113 0.72199377
6 -0.40398028 0.76136597
470 -1.01091018 0.65450679
847 -0.34000399 0.34498314
34 -1.20834144 1.19536142
84 1.31898613 -1.62468965
784 0.60681642 -0.62214699
666 0.21271755 -0.12870151
141 -1.31461961 1.50063279
281 0.57755286 -0.69901587
934 1.38981667 -1.17335162
613 0.77080197 -0.52880401
722 0.95920306 -1.09016925
196 -0.18193501 0.11953453
419 -1.28926926 1.08494328
309 1.75130395 -1.48182810
932 -1.03567375 0.97156136
159 -0.79956189 1.08691931
146 2.21153060 -2.25504494
291 -0.02572412 0.04644156
901 1.67309568 -1.57566668
513 1.24441639 -1.17053536
269 0.30255474 -0.19937128
802 -1.08726323 0.98942185
298 0.43897087 -0.35000685
797 -1.08994107 1.27440452
66 -1.29266043 1.28551651
841 -0.90332760 0.83561267
599 -1.90114568 2.15805900
508 -0.65004274 0.52055759
496 -1.15094039 1.03170451
87 0.21785751 -0.11393482
163 0.24721312 -0.18860179
985 -1.29628889 0.99581265
746 0.05995824 0.07180827
441 0.85697474 -0.85158530
126 -0.59052328 0.78806512
983 0.54024138 -0.43947403
752 1.64934169 -1.80423591
717 0.82728979 -0.67884535
361 1.68171023 -1.69138613
44 -0.61393500 0.67509090
444 0.33958577 -0.41826264
335 -1.29734737 1.17100410
103 -0.03574231 -0.28943170
285 0.79765806 -0.99882503
200 -1.33748051 1.24074017
842 0.66283253 -0.24667742
984 1.41098343 -1.67257717
372 0.24649980 -0.50277176
734 0.24210480 -0.21104834
8 -2.12484987 2.11147715
590 0.15373453 -0.42770490
18 0.25188281 -0.15428096
64 0.93612931 -0.83160250
792 -0.17169103 0.17409980
287 0.75215054 -0.80129389
166 1.12786261 -1.15530221
855 -0.37878813 0.65564144
775 0.06747259 0.06368891
604 -1.45483390 1.73791443
801 1.73329251 -1.49733356
148 -0.89437797 0.88565099
555 -1.38490365 1.53248319
609 -0.46956444 -0.07129595
442 -0.16573564 0.01156170
861 -1.52016062 1.61151019
51 -2.40549361 2.42714976
774 0.59470285 -0.70514122
936 1.16964675 -1.07980825
239 1.14529592 -0.99840883
743 1.05677896 -1.29079653
663 1.78607277 -1.83996964
489 0.26472121 0.00055778
314 -0.34054905 0.29333208
26 0.51176161 -0.52116642
762 0.95943604 -0.60641271
109 -0.51976609 0.46028172
948 0.84847812 -0.87280998
233 0.67328504 -0.40364123
317 0.47698272 -0.74136312
800 1.11842688 -1.17462822
589 -0.04103328 -0.14533455
119 1.92112553 -2.05631985
105 1.20663895 -1.20129593
996 -0.52809300 0.28956837
110 -1.55727939 1.52602916
75 -1.20663867 0.98121454
919 0.72041767 -0.82517245
492 -0.19008934 0.01858019
614 -1.29095765 1.25770788
782 1.12797335 -1.43001496
778 1.10819154 -1.35707411
505 -1.13738866 1.20189984
360 1.18289790 -1.15879063
632 -0.08126996 -0.20835115
5 -0.09412130 -0.02410543
976 0.38705637 -0.28236394
926 -0.73429557 0.78532361
59 1.97999350 -1.70795615
727 0.86281796 -1.09475808
767 0.26062391 -0.40652515
72 0.99243306 -0.68319266
557 -0.51593772 0.43669644
191 0.28447570 -0.45170284
626 -0.26227319 0.10244848
218 -0.83676982 0.74770886
957 -0.70234553 0.67693593
608 0.88319948 -1.04670961
895 -0.78637114 0.67658020
495 -0.14858133 0.15389560
735 -2.00786177 2.13297724
651 -0.40505171 0.73059810
365 -0.33540477 0.05085007
221 1.86664681 -1.87841269
772 -0.80355277 0.88466808
673 -0.43105354 0.26978246
347 -0.98430432 0.99860977
504 1.62120276 -1.80166251
990 1.17056860 -1.21508499
954 0.96198733 -0.90874240
161 0.55827296 -0.72645202
503 -0.84250374 0.99748466
25 -1.03805534 0.96827041
190 -0.95466252 1.05553511
65 0.90886766 -0.85696842
596 0.01313481 0.18087343
58 -0.24473633 -0.01378864
33 -0.55233022 0.49103577
428 -1.20307923 1.44480238
331 0.86378008 -0.95716704
598 -0.86578171 0.92300613
280 0.03509399 -0.26578511
875 -0.74919197 0.84068281
924 1.47830343 -1.38805873
215 0.64230288 -0.81028898
135 0.29667269 -0.60875428
617 -0.07914580 0.24478197
638 -0.62239854 0.87913946
69 2.25060669 -2.05334723
716 0.31603887 -0.46195155
41 0.84422981 -0.69868615
422 0.41391822 -0.37786499
127 -0.06165353 0.24513937
818 0.40131280 -0.80345842
168 2.10525243 -1.84369883
667 0.78813604 -0.98169107
952 -0.27160537 0.21422215
670 1.02129538 -1.26882379
264 0.79639968 -0.76364859
783 -0.51337637 0.48123308
267 0.77693857 -0.74912143
178 -1.12704689 0.72993157
174 -0.54636763 0.52279031
656 -0.19271254 0.35913256
125 1.17590991 -1.19374155
47 1.69587029 -1.69275470
915 -1.53809872 1.78665451
677 -0.48436161 0.42048346
164 -0.66241230 0.75846688
355 1.52442935 -1.74439826
53 -0.13078417 0.07271199
702 -1.34168855 1.50294036
539 -1.09605323 1.08592014
822 1.07800036 -0.99596769
70 0.49918207 -0.44217842
998 -0.14702237 0.13033816
649 -1.35957631 1.37214366
251 0.71623552 -0.74042400
536 -1.26036667 0.94318207
253 -1.01467095 1.19139544
217 1.41667852 -1.50940770
300 1.34212316 -1.30618680
951 -1.13409097 0.99302214
303 0.06774872 -0.45556909
320 0.32093004 -0.42312645
297 -0.13827983 0.24126727
630 0.17088308 -0.23534556
814 -0.23844872 0.50872914
724 0.28828249 -0.34877127
394 0.31619132 -0.35520486
994 0.10416279 0.13197160
831 -0.98924007 0.95507689
865 -1.19824703 1.13402585
469 -0.80371240 0.65306467
165 0.15756002 -0.08429175
824 -0.26237242 0.39714903
282 -0.54692995 0.68471974
310 0.65322422 -0.86411453
760 -0.02784828 -0.24467746
925 -1.31537751 1.23568619
350 -1.97662793 1.80620302
413 -0.02955824 0.35499430
552 0.57550636 -0.55398347
538 2.77060159 -2.93935295
268 -1.23968170 1.13419976
77 -1.05793351 1.13472595
101 0.04121046 0.14156066
286 -0.83587385 1.05567768
459 1.12514594 -1.30892497
987 0.22256172 -0.48191115
313 -0.16325338 0.31140589
823 -0.76458742 0.76560793
973 -1.03103427 1.11701617
570 -1.10099185 0.94973463
986 0.81781811 -0.92204013
338 0.08293850 0.10789286
68 0.35632589 -0.22874572
322 0.95635120 -0.97308575
944 -1.50292147 1.36750828
32 0.30500967 -0.03116276
917 0.97957596 -0.94607211
698 0.85315788 -0.63683231
624 1.29115353 -1.43498970
279 -0.11012509 0.33006761
769 0.31371769 -0.62412146
958 0.11910952 0.00343316
405 0.39943169 -0.60671986
216 -1.40205508 1.13674364
815 0.78661447 -0.98555712
629 -0.01832338 0.21087541
636 0.68830656 -0.84536481
714 -1.06231125 0.74008540
799 0.96375770 -0.78871138
939 1.98987362 -2.08991896
391 1.07529807 -0.96518924
509 -0.26467059 0.29839800
9 1.99883332 -1.87939197
811 -0.51134857 0.20294043
737 0.95494756 -0.72295761
197 -0.60490626 0.76705161
653 -1.36351829 1.36556415
511 0.16180976 0.18299720
241 1.29047904 -1.27086555
437 0.10870448 -0.00966685
170 0.98602464 -0.60881428
336 -0.39194869 0.37233000
956 2.57847424 -2.19502486
232 0.19675260 -0.14737205
857 -0.43712399 0.40871548
296 -0.20179880 0.15663049
38 0.53709470 -0.69295448
460 0.09308612 -0.21978451
553 1.70550017 -1.75371811
137 0.39235022 -0.14908675
864 0.77374875 -0.84659132
385 -1.04068141 0.95024378
91 1.64407229 -1.57222943
93 -0.43528028 0.49049978
328 -0.58657411 0.39419817
905 -1.42160535 1.46026465
311 1.08083496 -1.05486531
235 -0.33200497 0.22279155
523 0.29115449 -0.05125733
304 0.36485127 -0.45962505
295 -0.91688508 1.02609613
603 0.58303654 -0.58050850
518 0.68334061 -0.60899246
607 0.62861453 -0.60184594
796 0.82011484 -0.99647309
639 1.03646647 -0.88787027
488 0.53021313 -0.36189525
790 0.28700254 -0.07278494
0 -1.96311647 2.05356411
57 -0.79885000 0.93850327
368 0.27432952 -0.25002728
177 -0.89871976 0.78436755
36 0.22874722 -0.38639983
31 0.12111287 -0.00099923
140 0.00359409 -0.16141023
436 1.81557795 -1.48838705
684 -1.94650219 1.96418711
940 -1.03822360 0.61413275
703 -1.10080489 1.23171880
579 1.06443138 -1.07170791
804 1.42214782 -1.53282692
425 -0.33825663 0.09490452
27 -0.09983365 0.07995699
259 -1.17621595 1.06153347
890 1.29187117 -1.37950221
76 0.12391727 0.17933972
586 0.95566233 -0.99278251
992 -2.16445233 2.20718896
741 0.75710499 -0.75151706
22 -0.32892445 0.01675658
194 1.80554970 -1.46963512
237 0.85410706 -0.71700194
99 -1.02665653 1.15856385
78 -1.70467007 1.57403822
696 1.27156731 -1.33698835
575 -1.04821015 0.82930690
874 -0.16555731 0.17908976
189 -0.60663205 0.48565411
16 -0.20487213 0.21373463
779 0.08165423 0.42885352
763 0.84063299 -0.50940350
209 -0.25611213 0.49730062
86 -0.10595731 0.35305945
877 -0.21426616 0.12578671
162 0.30132080 -0.51749498
540 1.40982715 -1.25222854
266 -0.08270667 0.06719276
682 -0.24273154 0.13627418
458 0.49102199 -0.35582859
997 -0.70146251 0.73617395
188 -0.32103042 0.38005057
359 0.15842579 -0.06530484
886 1.73049386 -1.76571400
701 1.07965568 -1.21905170
522 -0.06856099 0.10743391
791 -1.04221736 0.82792014
438 -0.61862482 0.74623202
367 0.73210555 -0.66625273
580 0.36564225 -0.32957438
386 -1.61082043 1.66042146
106 -1.00356121 0.80814112
878 -2.67457430 2.86408428
993 1.02961941 -1.00524007
136 -2.28360384 2.16905187
620 1.74662564 -1.51953229
655 0.51169689 -0.61804766
154 1.07547928 -1.04295850
247 -1.63839704 1.22570146
85 -0.42591214 0.48592779
683 -0.30189290 0.79297782
817 1.34543379 -1.71744465
685 -2.14937615 1.97390879
927 0.04024833 -0.18672152
169 0.61433653 -0.76110815
809 1.43907921 -1.56310962
172 0.82697196 -0.78145862
770 0.11497771 -0.23278890
534 0.16613142 -0.12311654
142 1.61809922 -1.80625655
343 -0.36171724 0.64748887
810 -1.89564978 1.73032153
969 1.24689002 -1.39267258
67 1.28554329 -0.80156434
989 1.50044957 -1.22207564
751 0.65135894 -0.51346357
186 0.49588439 -0.26497976
995 -0.28723235 0.21900891
252 -0.44672798 0.55540164
149 -1.15130568 0.69010234
358 0.57002556 -0.59230244
600 1.18235140 -1.37229866
475 0.99434005 -0.93881095
410 -0.19446277 0.21051916
723 1.07657227 -1.22025506
2 -1.07896220 0.87352144
432 -0.39957809 0.42982886
912 0.32485476 -0.47088117
595 -1.17618143 0.94559083
398 -0.51038069 0.36491845
929 0.29105526 -0.16427684
484 1.10233250 -1.08250805
94 1.02650581 -1.16968737
920 -0.96606565 0.88913305
383 -0.15633874 -0.13714330
158 -0.59836554 0.64969135
520 1.22199700 -1.26267795
851 -0.29593031 0.29263047
577 -0.39995489 0.71645133
941 -0.55898887 0.66689991
876 -0.02475912 -0.18020650
982 -1.39574877 1.48516568
688 1.05640935 -0.80204644
748 0.32620806 -0.23365926
316 -0.78444545 1.16127408
564 -0.43147636 0.32405226
559 0.52720595 -0.60607309
256 -1.25767301 1.11243318
834 -2.47966944 2.31856785
572 -1.52594344 1.74127034
384 -1.16936314 0.98291387
909 1.19062942 -1.12159292
821 0.50435943 -0.77291512
744 -0.20436446 0.43690381
249 0.12003713 -0.21508736
373 -1.14952380 1.10432752
961 0.60252928 -0.67456008
896 -0.43701757 0.33546680
490 0.44286970 -0.51975960
657 -1.47201122 1.26033001
420 -1.27176117 1.13167923
390 1.43483953 -2.07588072
433 -0.26324825 0.47384437
160 1.37497204 -1.30817675
955 -0.65381502 0.65216058
456 0.20693186 -0.19955816
569 -1.38864429 1.82199380
203 -1.09191997 1.32671049
849 0.39452758 -0.27858516
628 -1.12925302 1.43719603
62 -0.64593249 0.17349916
900 1.77443379 -1.62186984
183 0.52211920 -0.70043573
15 0.72734813 -0.92558501
731 0.30805136 -0.78147238
870 -0.99141312 0.75824204
718 -0.46106638 0.23252511
418 0.03735476 0.14872501
768 1.82362442 -1.80636349
881 -0.97104885 0.94227017
352 2.04792041 -1.99356478
574 -0.73863592 0.88158852
185 0.27486739 -0.21553327
231 2.42694454 -2.31337311
566 -1.14967193 1.36179449
56 1.29818323 -0.99919030
92 1.62126748 -1.46606660
98 -1.14812017 1.19616609
461 -0.66817499 0.53111022
828 0.36745145 0.04036490
721 0.76068743 -0.82190876
710 -0.44960285 0.24478775
346 0.07670986 -0.08633174
211 -0.26202295 0.11231237
427 -0.65717023 0.57958203
584 -0.98369310 0.80233824
226 -0.67000144 0.88575890
318 -0.50489701 0.26152156
549 0.48882161 -0.66667034
225 0.14932658 -0.34210622
933 -0.21836490 0.61337463
457 -0.92344019 0.79479715
869 1.25792497 -1.30151248
665 -0.01790056 -0.18967717
3 -0.87435455 0.71286079
55 -1.29997057 1.30549185
476 -1.10862413 1.26432550
705 -1.36462999 1.31784582
904 -0.37355469 0.27503892
243 -0.48730982 0.55906689
499 -0.87452712 0.71523879
104 -0.34563580 0.37178936
871 -1.14086180 1.29702884
462 1.77663273 -2.02988702
321 2.09180712 -2.11296788
483 -0.71045529 0.80315355
733 1.55307164 -1.58033735
950 -0.30517908 0.16256921
417 0.32981495 0.25684146
334 1.06480530 -1.03277068
219 0.57483906 -0.47343657
647 0.10652567 0.28825464
709 -0.96393862 0.84143171
644 -0.24074689 0.31806875
766 -0.47409894 0.19381814
24 1.02126661 -1.42788791
798 -1.60300550 1.46404426
928 0.86427337 -0.66785280
193 -0.09374882 -0.12488358
112 -1.39499805 1.65371528
537 -0.02199643 0.18659191
578 0.28642871 -0.19446847
250 -0.31030035 0.50893296
439 0.46200578 -0.70439238
949 0.69765456 -0.70176530
393 -0.46246571 0.35983402
959 -0.47118380 0.84883612
893 -0.57869734 0.83803097
498 0.34514855 -0.30445972
131 0.45076948 -0.68724872
885 0.18849759 -0.15575540
726 -0.22989889 0.07358355
113 1.09064030 -1.18071484
668 1.85296421 -1.70250246
576 -1.82265338 1.86734325
11 0.18370854 -0.10396917
229 -0.13140689 -0.00875937
207 1.59340180 -1.62677843
605 0.10977878 -0.00403740
1 0.57592199 -0.61802551
387 0.84903325 -1.00333295
759 -1.34654088 1.41153030
719 1.14505143 -1.14293244
465 -0.23049141 0.05703485
473 1.44244449 -1.45200220
736 -1.34056391 1.32009157
450 0.56587217 -0.31119363
585 0.31135480 -0.64612892
401 -0.23894345 0.10733559
486 -0.95928043 0.78522456
623 -0.06810509 0.21603564
115 1.81282244 -1.82871442
806 -0.99578511 1.17663229
187 -0.05160659 0.07037371
542 0.91075020 -1.09658908
238 0.42610226 -0.52310049
602 0.51883445 -0.66445212
327 0.99686257 -1.24833059
415 -0.41082590 0.13925757
535 0.00877001 -0.07736766
825 0.10069252 -0.19866612
152 -0.42965709 0.23653415
273 0.25329508 -0.23907106
669 1.12904190 -1.16951706
485 -0.49158114 0.21366290
524 0.22109480 -0.25106414
289 -0.79368559 0.54284150
348 0.95000606 -0.58148244
466 0.67203528 -0.24939557
833 -0.09522005 -0.03969025
451 0.23836416 -0.41462961
254 -0.46847575 0.23233213
446 0.01465206 0.02837636
843 0.72719425 -0.62053060
443 0.43763051 -0.37207588
977 1.93980428 -1.87416017
274 0.60187205 -0.27559171
341 -1.15200174 0.73153122
981 -0.24343624 0.30869738
634 -1.37089602 1.10498540
611 -0.51687971 0.78852542
73 -0.71970262 0.47649204
697 0.56058120 -0.59521415
403 -0.27167440 0.69610691
750 -0.40065671 0.31538558
277 1.41405245 -1.54852389
474 -0.45330466 0.63664239
388 0.50375253 -0.31908712
111 -0.25187821 0.08146442
150 0.19116106 -0.08333350
712 0.37707846 -0.42250100
850 -1.66765486 1.46290366
812 -1.04348437 1.60508603
907 -0.27363604 -0.10403178
845 0.20952341 -0.34151178
674 0.87499337 -0.47636392
202 -0.51358634 0.44157464
754 0.82054916 -0.98041885
582 1.74250964 -1.51043987
45 0.20462793 -0.50195504
679 -0.03453857 -0.10075829
379 0.52985215 -0.49204705
581 -0.13503967 0.06108377
830 -0.75088181 0.94017351
434 0.32610308 -0.22336864
515 -0.83961880 1.01731878
747 -1.28607368 1.69551553
454 -1.59554148 1.83801901
210 2.18460691 -2.03799909
889 0.62978087 -0.48731779
621 -1.64074986 2.02907928
619 0.58414679 -0.55591133
813 -0.66811602 0.45865621
635 0.75377134 -0.90705027
246 0.14216458 -0.19294977
357 -0.72468726 0.92362544
606 -0.10874302 0.00150269
879 0.43583857 -0.88275154
81 -1.35730834 1.79152781
248 0.38875915 -0.50592139
319 1.62072241 -1.23897621
654 0.49328852 -0.47577522
302 -0.45599833 0.23102560
89 -0.74177541 0.80385136
550 -0.95261603 0.93371234
908 0.13551886 0.16918250
79 1.59272011 -1.74877245
354 -0.00994901 0.20268437
527 -0.12043378 0.15712713
826 -0.54040073 0.53767075
40 -1.17518479 1.34971379
261 0.66852906 -0.79601085
362 -0.93293632 0.92284219
48 -1.25768308 0.90246909
479 0.36325060 -0.23433273
236 0.27963343 -0.07076230
292 0.76161648 -1.02709203
645 -0.97325067 1.02590784
528 -2.01745857 2.04182637
526 0.97475382 -0.85009329
921 -1.32520442 0.99566199
964 0.48211550 -0.47866727
351 0.85261569 -1.18625238
918 -0.21411084 0.10219601
694 0.92592705 -0.57500630
337 1.00305239 -0.91641017
641 0.27900784 -0.04812620
363 1.43001165 -1.56479818
664 1.25934587 -1.39968763
749 -0.29506454 0.26951697
107 0.79132299 -0.79699741
650 0.33019319 -0.22179870
533 -1.58472656 1.79696974
402 -0.42064849 0.18847963
171 0.67589097 -0.03123178
118 -1.55824295 0.94357706
706 1.49222333 -1.46705701
531 -0.11052633 0.10820204
819 0.35069839 -0.38545274
230 0.65706841 -0.69862985
213 -0.98914227 0.56570061
80 -1.34349199 1.28754263
633 0.35509771 -0.38680170
88 0.48740503 -0.17298564
631 0.37860434 -0.06736011
97 -0.03040963 -0.05499060
195 0.09237855 -0.13969938
788 0.88764769 -0.94383970
848 -0.57003677 0.46442561
514 0.12533529 0.24121322
407 0.54086698 -0.46447896
308 -2.12150702 2.20634638
827 0.13047238 0.05553492
560 -0.25742661 0.59306435
260 0.91676457 -0.90734527
943 -0.18084201 0.36914669
867 -0.48082950 0.24573480
836 0.69840816 -0.70504786
440 0.52495811 -0.51608617
913 -0.36632653 0.33793358
777 -0.27242368 0.26080905
707 -1.67446020 1.63880773
872 0.77604260 -0.66783862
659 -0.45274091 0.76118670
179 0.07319645 0.56244771
378 0.41664927 -0.25235701
54 0.96806785 -1.01626191
288 -0.76502318 0.91122137
430 0.41668523 -0.28740718
660 -1.27542415 1.68908688
329 -0.44929077 0.52202765
700 -0.02559757 0.12163718
931 -0.06786492 0.31827107
263 -1.32434153 0.94813268
42 -1.23785956 1.41514342
477 0.15827190 -0.22068463
965 0.02964626 -0.27520517
971 0.87806959 -0.90952529
409 1.23666186 -1.06463917
742 0.79700370 -0.78156142
661 0.07906412 -0.39425428
571 -0.29045238 0.46582134
447 -0.14709284 0.35415084
19 0.71763196 -0.75651401
312 -1.21382368 1.11369264
464 -1.58933729 1.89920528
558 -0.71628988 0.70092970
561 -0.13345626 0.32980363
593 -1.67254890 1.58578832
37 -1.12217442 1.12784326
323 -0.40593905 0.12630770
738 -1.18273798 1.08769620
963 1.05323678 -1.19322802
435 -1.54146400 1.72087561
720 0.97035020 -0.98115455
891 1.46399092 -1.59239385
