72 -1.95182625 1.81444609
61 1.11585701 -0.70664583
56 -0.58699522 1.23025218
66 -0.89021202 0.71678940
57 -0.07332500 0.01224968
5 -1.80608708 1.84830005
44 -0.57959134 0.18500202
93 0.42820532 -0.50035510
45 0.50244161 -0.04002996
14 1.05374908 -0.81482353
51 0.79074380 -0.40801897
78 0.92856450 -1.04877691
23 1.17268613 -1.86218163
53 0.59032671 -0.80372792
47 0.40106309 -0.19695421
89 1.44554110 -1.42009236
46 -0.19255384 -0.11940736
79 1.02527603 -0.88517395
25 1.34798907 -1.65734298
98 -0.50265422 0.57429280
21 -1.60547526 0.87998357
99 -0.66066022 0.78236018
15 0.70124283 -1.23730007
54 1.06715855 -1.09954718
49 -1.26212282 1.06317791
63 -0.65130145 0.41168598
94 -1.16100297 1.54183664
50 -0.20437931 0.55052484
12 0.10566356 -0.54915220
35 1.49233402 -2.06167236
65 0.44526683 -0.07392996
62 0.03132171 -0.05486865
88 -0.39560892 0.23888984
82 -1.43261145 1.30080363
85 -0.44200177 -0.08289629
8 0.03865432 -0.01887081
41 0.85367514 -1.07439339
87 1.33407415 -1.39400982
16 -0.58098772 0.21644706
37 0.86908427 -1.44197474
92 -0.05322348 -0.13777913
36 -1.14509415 1.28118484
34 -0.97096947 0.27160167
59 -0.94793780 1.02578189
80 -0.11271735 0.49003805
75 -1.90960069 1.63280828
6 1.42176942 -1.57287261
58 -0.94942401 0.36030927
13 0.41607695 -0.12671946
48 0.37083461 -0.90076957
29 0.20080569 -0.42890859
60 -0.81813737 0.87094649
3 -0.11872218 0.30468748
27 0.69336740 0.01496855
30 0.71358851 -1.04765163
74 0.78186448 -0.99568757
10 1.40514660 -1.12290411
95 -2.06144697 2.20460948
22 0.05554466 -0.38865444
38 -0.80875521 0.37365881
19 1.55862828 -0.98152045
69 -0.75276936 0.80812265
0 0.63559260 -0.56009395
70 0.27686438 -0.12925528
83 -1.09059772 1.32082963
20 1.23086904 -1.02678222
86 0.27403815 -0.32727259
33 -0.41867177 0.18720092
18 -0.99131077 0.95198598
26 0.89921776 -0.22338153
76 -0.62840264 0.93606131
71 0.02518555 0.83560225
28 -1.14309356 1.30767830
90 0.35057030 0.10662300
40 -0.30159734 0.47635496
24 -0.60384687 0.27997616
91 -0.99261766 0.68946478
68 1.38379353 -1.17922331
11 0.77943967 -0.84841694
52 0.49759873 -0.13855739
97 -1.23740487 1.22449099
55 -1.97695760 1.64127037
96 0.79165351 -0.75693769
31 0.23546893 0.01130520
32 -2.29890201 2.43237335
84 0.57880069 -0.64336043
39 1.06781580 -0.98038506
64 -0.39133596 0.36639389
2 -0.50451172 0.84746602
73 -0.95916173 1.59838977
43 0.97421038 -1.07360277
9 -0.70511853 0.49866298
42 0.80293806 -1.08915572
81 1.56500428 -1.49202178
17 1.42656023 -0.93069066
1 1.15242557 -1.05107689
67 -0.45010289 0.38081256
4 0.37574964 -0.10677768
7 1.62366587 -1.14075142
77 -1.98417959 1.85465532
