1 -0.67740934 3.48352279
2 -0.19281953 4.13904538
4 1.30199945 4.13970231
0 -0.61157276 4.13093159
3 -0.25241624 3.54802538
65 0.74511780 -0.15256167
42 -1.29077900 -0.62247949
49 0.34580811 0.27271485
81 0.03888656 0.02239075
12 0.34507607 0.26076778
76 -0.77738371 0.35115285
91 -0.61478703 0.57830677
70 0.98646951 0.92223715
62 -1.77155291 -0.83658126
55 1.54558567 0.37527656
37 -1.40969547 -0.22103988
15 -0.31245646 -0.05883584
69 0.78360508 -0.61675578
51 0.07481149 -0.98082837
19 -0.95862692 0.63600753
92 -0.92177253 -0.00948062
95 -0.71677350 -1.18153906
14 0.37377559 -0.07205989
58 -0.35031039 0.01440542
31 0.25783950 -0.54037387
20 0.95865419 -0.73858806
6 -1.07548826 -0.18188808
80 1.58331718 0.02949697
11 0.80391914 0.18683536
88 1.50552236 -0.47012461
56 0.91700724 0.21826370
63 1.00230174 -0.57923565
43 1.61048457 -0.11588856
40 -0.08213456 -0.06296617
89 1.22988348 -0.56826330
93 0.68095744 -0.01413458
98 -0.91087327 0.60523537
24 -0.45161906 -0.26066051
79 1.11495980 0.38187423
36 0.92278349 0.37512105
94 0.21759290 0.51366354
72 0.01151979 0.20064593
33 -1.44352215 -0.16515192
53 -0.42995124 0.12792158
52 -0.47261296 0.37459977
77 -1.65748298 -0.17569971
96 0.73318733 -0.85697125
28 0.73251272 0.22687544
99 0.23215927 -0.62168058
32 -1.21289513 0.16583054
86 -1.64583191 -0.38851560
59 -1.20217012 0.45382405
30 0.44584936 -0.28738998
27 0.66469517 -0.04703947
16 -0.17953267 -0.52938683
13 -0.24694701 0.16308814
84 -0.83320583 -0.54288140
29 1.14045786 -0.27024600
82 0.54624393 -0.04878418
68 -0.67816797 -0.03837842
39 -0.66230921 -0.39840908
90 -1.33732929 -1.26931784
87 1.47272162 -0.69881872
61 1.43346484 -0.91888432
9 0.29726476 -0.15342730
17 -0.35267226 -0.36100395
8 -1.56310709 -0.57275143
18 -1.42267775 -0.34820807
23 -0.22640239 -0.03292091
67 -0.14173259 -0.48333784
35 0.65458949 0.19320599
60 -0.12278047 -0.84679083
57 0.61593778 0.37681627
25 -0.27433248 -0.63061197
46 -1.30681381 -0.99530055
66 -1.67583600 0.24542886
78 0.41581244 -0.21450234
71 1.03258375 -0.48621687
5 1.59318588 0.00512241
50 -0.82911111 -0.48041260
44 -1.32957409 0.02801771
7 1.71802017 -0.02117346
97 0.62103921 -0.53380602
73 1.41649874 -0.19022218
74 -1.28052141 -0.38656064
48 0.41342236 -0.86996016
45 -1.57151022 -0.57445817
47 1.77502904 -0.02808420
85 -0.32823819 0.20358478
41 1.32700033 -0.59609278
83 -1.29668277 -0.66829367
75 1.74542833 -0.84968149
26 -0.96599225 -0.23662876
38 -1.63145802 -0.34662907
64 0.82501126 -0.33587952
21 0.80654882 0.48494796
10 -0.99551384 -0.59410662
34 0.50872038 0.13897315
54 -0.16733295 -0.81569617
22 0.33745608 -0.37926179
