70 2.07211716 2.39293122
393 1.31701199 1.01001847
580 -0.10519676 3.21046101
342 2.12014227 1.68673689
220 2.05047545 1.76212910
967 1.48721637 1.40060868
651 2.08211932 1.70204792
893 0.28351184 2.19702298
403 3.32993813 0.53920757
480 1.68969138 2.27824339
116 2.44238673 1.67139172
270 0.59195831 2.00489252
516 0.65125942 1.73141353
804 0.33890344 1.94883747
559 0.77303129 1.74985287
11 0.98133589 2.21088957
529 0.36793011 1.56572568
315 1.79776179 1.23562623
982 1.39359170 1.70508569
239 0.91350977 1.27013493
437 1.75067881 1.01772247
755 1.50715556 0.18619118
993 1.48947429 -0.31299613
243 0.53208823 1.45856080
136 0.03358939 1.03979713
180 2.05609334 1.13139722
449 1.96356571 0.29274515
313 0.99552365 0.91302648
286 0.08740023 0.99705910
294 -0.03971538 2.40830855
744 1.48772411 -0.58496509
797 0.73771288 0.80672480
873 1.24688841 1.79902062
911 0.86732568 1.53267330
240 0.80046469 -0.32687297
857 1.39565170 0.81955476
192 2.15087125 1.26775656
18 -0.02774675 1.68127672
138 0.72623558 1.23681987
452 1.41206868 1.25236761
316 2.08436753 0.34321790
214 2.04757044 0.49121614
919 1.60369050 0.61069614
643 1.44424652 1.68614873
41 0.43211309 1.43320350
869 0.56997681 2.02437709
671 0.68035012 1.62228085
74 2.16676296 0.38809271
572 2.13717381 0.25489659
306 2.18845950 0.34749116
51 2.08124190 0.71975829
596 0.63120977 1.02318462
670 1.29764208 0.47132100
939 1.45994711 0.62888611
142 0.61913315 2.06892512
735 0.70003195 0.92037461
218 1.02826777 0.84857267
983 0.94149156 1.36450913
144 0.88136001 1.74159830
47 1.43347926 0.91795241
694 1.71181803 0.83615407
446 1.70247704 0.82467421
879 1.42266603 1.40180762
928 1.35245506 0.35219478
35 -0.02430999 2.09333315
859 0.75194023 1.57936919
539 0.47582540 1.32819919
288 1.67968859 0.56875522
838 1.36900915 0.92809266
159 1.59804833 0.53751085
676 1.83612386 1.72264105
626 0.08722680 2.25414157
341 0.55333927 1.03676332
613 2.54525737 0.50013010
93 0.27386014 1.76166361
293 2.36450577 0.17545669
112 0.43746497 0.82675944
875 0.41966548 2.23031379
795 1.15014393 1.55000852
4 0.85347185 0.97631609
736 1.40790476 -0.40536394
229 0.36168413 1.85783148
454 1.31558355 0.25584571
729 0.12363020 0.79265291
482 1.98967671 0.94176866
275 1.44083409 1.67871432
820 1.31901583 -0.04721698
930 1.60157963 1.52579144
45 0.92341629 0.20903293
354 2.14348438 0.83951995
823 0.87151413 1.52936395
152 1.81757521 0.14787783
427 1.71690495 0.76318540
912 0.73657157 1.71926245
36 0.09349790 0.42016911
941 0.52866889 1.33803704
985 1.53196875 0.50779007
942 -0.35536684 1.01828936
948 1.59101594 0.77648411
501 0.08727747 1.31760102
122 1.04370378 0.22384663
751 2.37523434 0.71690453
632 1.27450391 0.84127851
172 1.64146998 0.57817622
457 0.71224923 1.59656294
76 1.67171555 0.39734898
672 0.72848854 0.86676115
434 0.32080526 0.85695659
521 1.06851824 0.84243900
79 -0.80521138 0.93228964
999 0.10396415 1.67035440
691 0.66979013 0.11277884
605 0.68331133 1.28996478
949 0.94629638 1.24269161
464 0.74023999 2.04290546
991 0.28451761 1.67480593
409 1.38058199 0.77071111
822 0.34189484 1.75690884
404 1.17547616 1.22093304
340 0.98484649 1.72063022
944 0.96755717 -0.37930075
979 2.32525759 0.14571439
656 1.07489110 1.82527228
118 0.70007470 -0.00771182
389 0.95609180 1.67453980
787 0.85315079 0.87457526
414 0.03696245 -0.26867881
727 1.91346962 0.84377080
80 0.19916746 1.42609410
59 0.75483489 0.82143708
606 -0.72585101 1.93445839
486 1.08635679 1.24107617
481 0.61020284 1.07582561
96 0.88249604 0.64233466
752 1.26818911 1.46587648
556 0.19830319 1.31560750
247 0.95447726 0.20858179
618 1.64939631 -0.77159877
377 1.38666065 -1.05938416
891 1.47680131 -0.95016318
885 1.57791629 -0.05583929
567 -0.17287166 0.76182951
523 1.14097632 0.99060514
604 0.76805942 0.46141720
129 0.51194796 1.24322734
168 0.87866686 -0.28594162
9 0.45819290 0.43555114
309 0.74171307 1.37450805
763 1.83049863 0.04913001
282 0.06819865 -0.21322083
19 0.69742811 0.22006433
46 0.49199367 1.22769914
778 1.68006169 1.27115316
384 -0.76637119 1.20328597
189 1.47164815 1.43350772
621 1.33119637 0.45192794
554 0.53907028 -0.12799289
898 -0.03223753 0.71681228
902 1.09932956 1.31102784
419 1.88068782 0.41989655
880 0.24658861 0.87605037
430 1.42077335 0.42871900
779 -0.24360389 1.06026921
953 1.68484328 -0.53856086
265 0.94810176 0.42220270
448 1.03955765 0.38933335
99 1.62107430 1.32106965
396 1.72372728 -0.45803570
234 1.51060103 0.39115324
827 0.87888574 -0.70444608
451 0.93708755 -0.14486708
872 0.68573715 -0.35048819
908 2.14344353 -0.26732619
78 -0.43371822 1.47994045
954 1.67284715 1.87111932
29 0.69047330 1.40675397
6 -0.11736833 1.13123526
49 0.56574228 0.25372937
248 1.81388431 1.26029792
338 0.49815288 0.82834120
536 -0.10461496 1.59175128
978 -0.74791026 1.98782194
0 -0.39559668 0.77548260
67 0.25671601 1.47125552
624 1.24369085 0.34653447
463 0.24202631 1.35717416
131 0.29057980 1.42249488
537 -0.07412967 0.78785139
353 -0.09149298 1.46942772
259 -0.48241517 0.31439104
423 -0.06385131 1.43885561
577 1.39103557 0.00850150
575 0.57114140 1.29798240
882 -0.22189383 0.93757450
802 0.53575037 -0.64730948
534 -0.82406415 0.75558281
698 1.02538968 -0.92792577
750 0.62224315 0.39485317
401 0.43947715 0.19865935
768 2.25701298 0.85477608
780 0.07797586 0.51385869
561 0.01363136 1.09991308
679 -0.41066502 1.03117082
958 0.11526960 0.97433592
547 0.48108650 -0.08159163
710 1.27869463 -1.07642951
552 1.74927803 -0.34292943
793 -0.37064330 1.86241757
89 0.83445299 0.72612074
113 -0.50244445 0.47048896
974 -0.05341403 0.42310696
926 1.19706662 1.37195491
468 0.91994021 0.76117951
373 -0.41307701 -0.37613209
737 1.93720241 0.11221685
222 0.30040140 -0.14165984
699 1.18421968 0.28867733
223 -0.04514622 0.46341517
960 0.10634663 0.76151143
931 0.97747277 0.72469312
260 0.75872736 0.38730010
585 1.50019521 0.33878279
310 0.25378726 0.85964957
631 -0.48719206 1.16902036
134 1.49948347 1.05764805
186 -0.08426372 -0.08899081
289 1.58392391 -0.03714965
255 1.53958247 0.32599561
581 -0.08051556 1.79667094
570 -0.19927163 0.45173967
465 1.13817556 0.57192294
56 0.49718574 0.29531779
963 -0.20478692 1.31207140
525 -0.95019189 0.59120208
297 -0.50546187 1.52793485
819 -0.40022964 2.84609427
586 0.47240579 -0.21944705
740 0.51159011 2.12820147
696 -0.18186509 -0.03600573
718 1.04919500 0.37168598
816 1.17966620 0.42446607
519 0.99875558 0.47812197
370 1.06225205 0.40868500
818 -0.09455105 0.46613141
803 -0.73598042 -0.68159528
94 1.02907287 -0.30041765
543 1.16601167 1.07816198
488 -1.01598646 0.69800640
790 0.24702246 1.37540276
914 0.43412153 0.29448446
169 -0.19776952 0.59116611
994 -0.54051611 2.18520728
658 0.04717853 1.15269945
980 0.24311147 -0.36749663
97 -0.10442274 0.61123553
126 0.82358999 -0.16947545
184 -0.30234696 0.33235326
156 0.53703392 0.01066202
867 1.38961653 1.10798002
807 -0.20997328 0.45525544
380 -0.20100756 2.13253676
264 -0.32295107 1.05918771
266 1.51189176 0.71914361
356 1.25518383 -0.88726239
157 0.51629280 1.08997090
322 -0.23969364 0.74623898
155 1.36827741 0.73010679
981 2.50032427 0.13880508
81 -0.25843911 0.97192589
707 0.91708830 1.03848626
412 -0.78013270 0.22184757
191 0.42792237 1.08836238
406 -0.72844293 0.85240394
225 -0.03301814 0.36150779
64 1.11063976 0.62350484
68 1.22368083 0.70120251
946 0.49011292 0.37215443
364 1.28830374 0.93114675
800 -0.23061444 0.57781130
199 -0.74415666 0.48739630
702 -0.66338295 1.86464705
579 1.99952771 -0.63847586
132 0.48859576 1.44037870
602 1.26533103 0.77168730
246 -0.72493270 -0.66023907
739 0.85685768 -0.49986181
889 0.32703994 1.51084102
840 0.57756571 -0.30938914
940 -0.79217517 1.66362243
625 -0.82037510 0.58924447
120 0.24439244 0.87124663
853 0.74807727 0.25633752
397 1.19775746 0.90202205
12 0.73587351 0.09842811
332 0.78222301 0.32956876
758 -0.13638703 1.38267688
318 -0.30741900 0.28006116
762 0.18230217 1.40916430
415 1.62525774 -0.23348431
756 0.99253156 0.28615402
302 1.03672469 0.50160353
687 0.00092619 0.49429942
969 -0.03714991 0.43263362
470 -0.43986644 0.15865274
28 -0.40509389 0.91978170
892 -0.37862705 0.61313774
268 0.80586967 0.52811162
344 -1.31930130 0.17098784
445 -0.22852700 -0.05819322
226 0.47188300 0.34710334
432 1.06368909 -1.31823580
785 -0.55111521 -0.08801759
799 -0.31835927 -0.24488027
938 1.04031547 0.32317267
526 1.27015484 0.66937735
14 1.75645488 -0.69002001
855 1.58381961 -0.96342856
263 0.96837442 -0.60462408
760 -0.56506647 0.48697058
668 -0.77710271 0.94452808
13 0.14623905 0.34934667
831 -1.16600168 1.69871236
660 -0.12819770 0.07056481
52 0.21837248 1.02516676
391 -0.68950060 0.44955204
950 0.32911419 0.64605914
557 0.23981399 -0.09903063
649 0.19867001 0.64184400
801 0.72801194 0.82791598
635 -0.15475813 0.65868926
511 0.02558073 0.14092276
48 0.07601218 0.71111590
428 1.59843204 0.19742070
363 -0.47140686 1.01453481
746 0.03894845 0.48006974
100 -0.14366538 0.89370219
890 -0.41497724 0.44198902
808 1.11564878 -0.09368701
992 -0.44342149 -0.04508139
548 0.73347345 -0.60798833
769 1.04926282 -0.62751149
734 -0.11413329 0.97106783
348 -0.04638412 0.33245615
236 0.56111823 -0.10869071
662 1.44637898 0.06102460
320 0.82148170 -0.76682896
104 -0.58031933 1.16450204
355 -1.29803813 0.48186440
904 -1.31234359 0.02143515
139 -1.06254349 -0.01606136
640 0.09735136 1.74616708
721 0.24730193 1.01312698
646 1.17584958 -0.54269284
786 -0.30711288 0.61502421
530 -0.03524651 0.40020402
709 1.23812035 -0.21103483
674 0.70800097 -0.48642508
301 0.47112957 0.83915291
502 0.72339296 0.54130151
182 0.52785107 -0.04603096
915 0.36802057 0.56394233
326 -0.15256011 0.93352463
608 -1.27113780 2.12865310
553 0.44020161 0.63228375
242 0.07062541 -0.04720976
476 -0.47679585 1.02796808
462 -0.04311124 0.14711074
334 0.49588334 -0.12032105
106 -0.15789431 -1.01030149
237 1.19988422 -0.11339438
98 0.25974558 0.05234888
385 -0.13534674 0.64956259
65 -0.26294440 -0.12964336
865 0.25928444 1.11202365
383 0.60495478 -0.09494248
789 0.01016605 0.78424054
21 0.21177605 0.60105052
474 -1.14269651 0.79926962
82 0.14492082 0.23284859
55 -0.36355854 0.82994932
825 -0.92176327 1.72394352
592 1.23666632 -0.30866134
92 -0.52003804 0.26410730
392 -0.22474532 0.56480211
697 -0.36046860 0.36025563
726 0.04225358 1.01529611
741 -0.04368306 0.36190763
72 0.22263472 -0.01749788
111 -0.00155130 0.48261659
174 -0.27696997 1.20968424
629 0.16664555 1.14118377
524 0.65541135 0.45173729
695 1.37279537 -0.23689951
510 1.59755347 -0.04836581
916 0.51403561 -0.13418047
528 -0.74466208 0.27576940
66 -0.08735293 1.17946087
832 1.52984526 0.65529463
828 -0.87549831 0.53011256
402 -0.27344638 0.90581092
792 1.06696915 0.73419722
213 0.05279457 0.01720621
276 0.25865024 0.15079935
657 -0.65019769 1.17736663
636 -0.19819070 1.27746149
128 -0.49280246 -0.16686775
871 -1.08760502 0.45809920
278 0.13641322 1.02715648
856 -0.58410154 1.04850333
272 0.10079155 -0.21954469
2 -0.08030523 1.02394913
897 0.45079031 -0.48818437
472 -0.57509454 1.00499228
821 -1.06136729 0.58549353
23 -0.80827837 0.78337883
206 1.00150763 -0.77424654
147 -0.14499353 -0.51949265
796 -0.16521995 1.39129721
884 0.19103302 0.32336732
495 0.22605512 -0.20550476
925 0.03469740 1.70668595
810 0.53068693 0.57887222
490 -0.63661953 0.65726411
1 1.19170002 -0.32036029
574 -0.88068784 0.59100302
387 -0.77390362 -0.14885734
329 -0.92691537 0.51958326
639 0.84803394 -0.48533977
888 1.23378739 -0.81197772
894 0.49664073 0.58968918
717 1.14919004 0.76716799
599 1.09584028 -0.10036184
90 0.77606518 -1.06617871
210 0.17369135 -0.52958704
663 -1.04657742 0.75049067
57 -0.18370700 -1.03880068
641 -1.61755645 1.03170927
782 0.71736128 -0.41698870
527 -0.24169996 -1.10961670
244 -0.83015796 0.84593781
441 0.01535938 -0.00059104
38 0.28155740 1.04141075
307 -0.69718641 0.34745629
834 0.67768705 -0.46947634
868 0.43707931 0.24938121
337 0.89354103 -0.14479041
16 -0.63003223 0.57417532
712 0.57362358 -0.15157185
826 0.01535278 0.38454123
965 -0.82506380 -0.27033057
945 0.89868311 -0.16995528
371 0.42736063 -0.21467842
25 0.82534492 0.45686411
42 -0.25845373 0.15785385
986 -0.11308503 -0.08502632
886 -0.77968523 0.07757083
83 0.37854747 0.38076615
921 0.72035200 -0.46793549
200 0.77896881 0.47226893
416 -0.98376428 -0.22938102
194 0.57689731 -0.27872453
846 0.19165614 -0.06096209
421 0.71649991 0.41470152
291 -0.40648095 0.96763082
325 0.53074024 0.25802879
303 0.18794223 -0.32038072
933 -0.70930341 -0.65342727
107 -1.35354658 -0.43807872
422 0.39803101 -0.75069479
201 1.05780999 -0.17000771
724 -1.39287789 1.59410245
212 -0.45719271 0.85275882
60 -0.03877981 -0.24959488
615 0.38609008 -0.20443355
765 0.16620779 -0.36783875
610 0.39739079 0.10258285
774 -0.22537952 0.38771033
447 1.07461696 0.02796529
121 0.16332464 0.24724028
232 -0.88492338 0.92905875
962 -0.97076111 0.11469930
3 0.44746518 -0.22643555
851 0.23260479 0.84423812
966 -0.62933221 1.12697734
227 0.96460044 -0.77291686
321 0.45337457 0.46939920
10 -0.40768739 0.60450109
339 0.91082143 0.18123790
725 -0.21178506 -0.20631968
44 -0.50448787 -0.19744609
837 -0.87369979 0.63088013
852 0.31618576 0.58534399
836 0.14267846 -0.85793536
864 0.85663142 1.59097069
261 -0.61946501 -0.55725198
5 -0.75380250 1.70361306
951 -0.93397247 0.36142306
544 0.76503999 0.10456598
730 0.85268834 1.09994855
479 0.52677034 -0.21671399
435 0.25656543 0.02219892
478 -0.01881191 0.94611844
140 -0.61545570 0.88872234
497 1.43161719 -0.51919338
382 0.29900537 -0.28250713
588 0.63541617 -0.94124754
469 -0.62769129 -0.10386534
701 0.07049695 0.21293786
123 1.35110231 0.67832831
757 0.22991787 0.48457074
568 1.04562866 0.82611043
968 0.36945259 0.20121962
764 0.09836716 0.03072654
877 0.18683860 -0.56472991
429 0.58524904 -0.23671599
514 0.76472458 -0.07232319
400 -1.24445482 0.47937176
738 0.97133130 -0.35032989
164 -1.24296427 1.61882756
854 0.61916714 0.09135878
245 1.14519122 -0.10134302
936 -0.20161717 0.21927162
125 1.50522935 0.89173538
110 1.23747385 -0.05707250
515 0.21468369 -0.24328076
845 1.18459020 0.37367703
715 0.92399898 0.18612248
545 0.91858197 -0.43810647
154 -0.14447186 0.70968319
569 1.05050183 1.29166768
133 -0.70915161 -0.29727749
436 -0.91398230 0.60557947
105 -1.88927953 0.28651513
230 -0.64272427 -0.55266737
541 -1.51370046 0.05057153
208 -0.67246225 0.41003975
705 -0.14387967 -1.19751927
773 -0.31131321 -0.02509731
817 -0.18214298 -0.05861958
835 1.02883378 -0.50924288
63 1.57495629 -0.99179780
913 -1.21713843 -1.34598982
876 -0.39096598 -0.79184617
73 0.01510392 0.25761861
558 -0.89715707 0.21350045
135 -0.92241103 0.49085948
433 -0.48400743 0.99950426
811 -1.21095606 -0.45072917
653 0.50563881 -1.72744437
453 -1.20238355 -0.50832591
824 -0.21486899 0.22845978
343 -0.72247226 -0.67545345
281 0.18622720 -0.41721897
238 -1.38044047 0.02586017
652 -0.40019993 0.45359572
241 -0.60156207 0.34502820
280 0.96712754 -0.32172558
127 0.13331768 0.03254371
666 -0.62543774 -0.96736356
637 0.12177419 -0.56237602
170 -0.01863742 -0.06458061
7 0.62361437 -1.13955440
830 -1.53538898 -1.53041346
655 0.33047011 -1.85467085
612 -0.03759838 -0.11531647
215 0.60378074 -0.75808685
209 1.18752032 -0.11591997
333 0.51197540 -0.76000993
984 0.22863131 -0.18735135
484 -0.31609121 0.17611856
732 0.24616637 -0.08868540
85 -0.62488139 -0.08625607
459 -0.34450411 -0.88999470
813 -0.15412846 -0.75778965
491 -1.57378741 -0.00693816
494 0.49443453 -1.12477785
24 0.73941958 -0.51279150
692 -0.39777754 0.10960024
540 -0.23166265 -1.63868641
972 -0.69974925 1.10855482
103 -0.50158809 -0.09516048
335 -0.20007304 -0.62800814
298 0.69298694 -1.29068731
848 -0.42742369 -1.05875994
475 -0.31186064 -0.98021341
177 0.74682570 0.01241186
450 -0.00438320 -0.00806007
352 -0.57036420 -0.59763389
77 0.68352873 -0.89990092
188 0.43585255 -0.90690060
285 -0.06193603 -0.37733840
506 -0.10825693 -0.21865261
258 1.16412426 -0.41648710
766 -0.81708364 -0.34872221
319 0.76223791 -0.60349030
907 0.18726243 -0.21390901
976 0.05557533 0.26652204
812 -0.33801925 0.58629376
781 1.11974746 -1.10660851
753 -0.28565754 -0.71327872
934 -0.84880736 -0.92673787
634 1.19025401 0.03573631
704 -0.31819792 -1.20699785
181 0.56476870 -0.89366391
336 0.84296744 -0.65391303
723 -0.14905051 -0.46649827
317 -1.07352530 -0.27206661
20 -1.59630848 0.26442547
124 -0.57681823 -0.41144819
351 -0.05575941 -0.42196508
456 -0.73454808 -0.57214487
466 0.91461419 -1.35615169
829 -0.47763521 0.23388290
749 1.02894916 -1.35316655
467 -1.15046223 1.49541324
254 0.36673638 1.27149725
742 0.29806906 -0.83614414
650 -0.84605621 -0.42855261
644 -0.94193305 -0.26146880
141 -0.95251204 -1.15933453
841 -0.40796111 0.39292564
487 -0.84128243 -0.02783303
690 -0.56930184 0.16309785
161 0.72989249 -1.52347017
233 -1.16036954 -0.35669313
305 1.28868059 -1.49616743
197 -0.48351869 0.21134354
683 -0.69843550 -0.01409059
376 0.90847035 0.21819720
538 -0.50498036 0.20364103
379 -0.45434481 -0.15629926
748 -0.29347656 -1.22549323
499 0.29045873 0.18069080
619 -0.32954275 0.97204807
50 -1.63787238 -0.08112683
399 0.56081263 -1.83684719
203 -0.61014092 -0.57406928
943 -0.22096786 0.96802324
358 0.33862724 -0.14523364
349 0.40587014 0.12946595
776 -1.07675189 -0.20046640
843 -1.10566968 0.16309765
990 0.51784315 -0.51740282
630 1.05569326 -0.51004489
665 -1.09954246 0.62620891
716 0.14382141 0.25222013
988 -0.07468576 0.36388552
562 0.60206223 -0.08709142
158 0.19054428 -0.56308810
638 0.51561405 -0.59396260
257 -0.16733135 -0.60775881
531 0.43080067 -0.59544715
166 -0.18844226 -0.69980310
224 -1.02618105 -0.28359659
614 0.10393617 0.23228956
150 -0.16783751 0.65491195
33 -0.35850714 0.44572873
961 0.34442960 -0.06521942
806 -0.12679904 -0.29781643
425 -0.38456309 -1.06335380
143 0.18580412 -0.16000400
207 -0.77875631 0.92640806
998 0.24625873 0.85361410
185 0.14765270 -0.35155900
678 0.19801564 0.33034960
178 -0.22603051 0.50372848
250 -0.26358393 -0.73074013
153 0.21489692 -0.52608512
117 0.16560473 1.27394271
659 -1.51517186 1.29917208
878 0.23963222 0.60775241
607 0.03289919 0.71529141
443 0.04388902 -0.34737246
205 1.19895229 -0.51639023
858 -1.55438647 -0.26838132
183 0.56426075 -0.39940712
108 -1.44191595 0.00148430
546 0.40873055 -1.02523781
794 -1.30333512 -0.94010554
689 -1.05444605 1.19827961
600 -1.13295530 -1.43723488
279 0.98789147 -0.49792418
115 -1.27538764 -0.32388679
253 -0.54857898 -0.88423634
955 -1.57346999 -0.14318387
249 0.83357595 -1.37787246
847 -0.11463011 -1.06373949
216 -0.42110589 -0.09365040
187 -0.05989208 -0.66619941
493 -0.86710626 -0.84400693
22 -0.04108713 -0.34587736
609 -1.15500167 -1.48665329
217 -0.97209100 -0.72515150
503 0.05646562 -1.43879656
903 0.05509102 0.04432433
39 -0.17585446 -0.96784863
518 0.23162762 -0.47374692
896 -1.76725442 0.59844039
388 -0.91627854 -0.40650317
228 -0.99968064 -0.34773455
932 -0.67595903 -0.57523126
283 -0.38231567 -0.42151513
664 0.39046205 -0.58521010
550 0.44816367 -0.72790731
190 -1.34721474 -0.95713160
146 -1.03135190 0.00380856
772 -1.34737382 1.16481813
368 -0.53937575 -0.59350636
271 -0.16051082 -0.31975363
971 -1.01132953 -0.76318423
171 -1.58506082 -1.01650342
477 -0.22515542 -1.04144554
669 -1.95493845 0.13428231
703 -0.29352470 0.18345650
69 0.51587953 -1.61735756
58 -0.80079170 0.22013977
952 0.17599023 -0.01741151
102 -0.38623358 -0.45273704
996 -1.42403560 0.66044781
533 0.20356629 0.93934294
675 0.19630573 -1.06301925
583 -1.92022934 0.43410017
595 0.28663920 0.72367360
361 -0.26109800 -0.21679215
114 0.29073952 -0.28341851
571 -1.09055246 -1.10153181
485 0.09150999 -1.69516579
330 -0.19164969 -1.14943806
970 -0.77285383 0.08876720
582 -1.26922849 0.19037298
770 -0.60462822 -1.65730249
722 -0.74889756 -0.76672705
549 -1.58216690 -0.30298420
30 0.28915190 -0.68924585
617 -0.53815305 -0.58468407
460 -1.65738606 -0.78896100
927 -1.49244695 -0.14540677
924 1.05620153 -0.78145522
771 -0.29363363 -0.17454978
532 -0.27279138 0.04314642
733 1.10776130 -0.14195763
849 -1.30996702 -1.24537863
686 0.51798228 -0.36181436
920 -1.44432974 -0.07879412
193 -0.45974114 0.13879321
424 0.66524272 -0.99928513
684 -0.76690596 -0.24204557
784 0.01891041 -1.24129453
410 0.29127666 -1.06587770
378 0.63774165 -0.48642854
347 -0.54679460 -1.64508858
906 1.09033602 -0.66328209
923 -0.47933810 -0.50929764
496 -0.51193728 -0.20354191
850 0.50624694 0.09014040
296 -0.19887262 -0.55181308
145 -1.02907302 -0.23069110
420 0.47630654 -0.79720765
909 -0.06844770 0.00688264
292 -0.22978527 0.34944090
601 -1.48194787 -0.44152316
312 -0.11527191 -0.15956705
91 -0.57950272 -0.04165145
198 -0.62575126 0.75570747
165 -0.33056293 -1.16966899
75 -0.37698285 -0.37576485
648 -0.33956628 0.37116579
196 -1.35589312 -0.08822421
17 0.13023587 -0.24094146
590 -0.11271383 -1.97912313
783 -0.64679354 -0.79133690
369 -1.10400521 0.10618207
842 0.73081561 1.04799184
578 -0.89071391 0.14250057
566 -0.16389618 -0.41992259
43 -0.15594568 -0.94592059
956 -1.36103024 -0.09586282
989 -0.02204130 -0.40152036
517 -1.15986919 -0.48157533
162 -0.61973472 0.38764830
874 0.52576869 0.06326026
542 -1.88062025 -0.20387656
745 -0.99474878 0.03420076
54 1.14590913 -0.99600181
26 0.52936057 -0.06092004
444 0.17430180 -0.54372175
642 -0.78844707 -0.15395640
713 0.59727034 1.07679699
362 -1.05787326 -0.83978739
27 -2.05398799 0.29773178
483 -1.11942718 -1.01184150
995 0.15378520 -1.13367707
620 -1.52869401 -2.97137701
119 -0.83209081 -0.35769801
148 0.31513755 -1.32136939
34 -1.31698885 -0.20070399
870 -1.66330854 0.22533000
314 0.30250574 -1.34304372
573 -0.97880212 -1.17548245
324 -1.21868230 -0.96562193
720 -1.02601268 -0.13111080
922 -0.32910468 -0.92031626
300 -0.85503750 -1.37976329
346 -0.90143630 0.06369162
767 -0.92395009 -0.82405465
661 -1.54168225 -0.83093309
167 -1.50563073 -1.19776003
584 -0.79424124 -0.94096216
759 -2.31292358 0.02161288
900 -0.98509312 -1.22012234
372 -1.07788961 -0.49914651
84 -1.46891493 -0.01113642
628 -0.56512748 -0.84002582
252 0.10513322 -0.47592407
814 -0.69871170 -0.87467035
682 0.10502423 -1.19340485
407 -0.17238661 -1.34007520
471 0.50100510 -1.22690472
386 -0.03120515 -1.68158274
359 0.87950923 -0.83994272
269 -2.36554439 -0.57471799
589 -1.51108923 -0.80301083
251 -1.11049967 0.29139035
274 0.00982409 -1.55488648
458 -0.86342159 -1.69120496
235 -0.29074779 -1.79601186
997 -0.70634404 0.99946745
442 -0.66538299 -0.46339100
777 -1.22013079 0.13024580
398 -0.01143043 -1.87957483
805 0.12975029 -1.73329211
576 -0.40934510 -1.35622628
627 -0.66354055 -1.48410935
754 -0.68416118 -1.44072874
959 -2.18707676 -0.37514819
973 -1.23914179 -0.62037908
623 -0.93541019 -0.33736537
431 0.00694336 -2.04139179
331 -0.89949559 -0.43637186
365 -0.54988829 0.23381656
8 0.13553127 -0.87626141
345 -0.05820471 -1.47194031
15 -0.83520245 -1.50695684
62 -0.64144499 -0.69271319
512 0.54801034 -1.88198937
366 -1.23343396 -0.69450172
267 -1.42022653 -0.85990217
381 1.19702144 -1.55081747
883 -0.54232694 -1.99954594
788 -0.23790229 -1.51044857
761 0.56958835 -0.27033972
440 -0.92507768 -0.94171105
405 0.80465995 -1.03848657
101 -0.41755633 -0.72513864
86 -0.42711176 -0.83513056
647 -2.16664603 -0.75014026
611 0.37996603 -0.48885094
677 -0.39506988 -2.15837361
505 0.01889563 -0.38213076
299 -1.99450146 -0.50565094
860 -1.20396563 -0.78138532
395 -0.97131667 -0.75733796
492 -0.23199543 -1.23609698
863 -0.96261770 -0.14470038
881 -0.15867202 -1.21665421
350 -0.71920977 -0.16917914
901 0.53716091 -1.80277153
163 -0.66844618 -1.97082721
809 -0.64700482 -0.13798919
862 -1.56965886 -0.24552805
591 -1.99197088 0.35196001
311 0.04032923 -0.87806815
861 -0.84587755 -0.03050277
522 -0.18302123 -0.39578035
426 -1.98735998 0.59448931
551 -0.76972356 -0.02069692
61 -1.73436917 -0.56163802
375 0.57515752 -1.97880071
489 -1.03978744 -0.63350739
221 -1.35467465 -2.07821841
594 0.56688127 -1.35435005
680 0.04355492 -0.54594975
151 0.89114851 -0.98090150
284 -0.57628420 -0.26301266
195 -0.86568901 -0.40002101
408 -0.48211152 -0.65127891
654 -2.09723969 0.04947355
587 -0.13039388 -0.44885932
681 0.17044127 -0.80542976
887 -2.44939549 -1.91459769
839 0.60433968 -0.99317739
304 -0.63670082 -0.89865613
32 -1.85327963 -0.78276822
179 -1.56902054 -0.72559967
905 -1.14169195 -0.79462275
673 -1.44954808 0.03358227
833 -0.40854480 -1.06473031
508 0.17052935 -0.75421734
693 -0.57431446 -0.54567174
603 -0.40723939 -0.87156650
231 -1.58792588 -0.46608592
563 -1.15931817 -0.14124674
520 -1.49102421 -0.22430125
176 -0.83432456 -1.10635761
173 -1.97809885 -2.39781661
507 -0.96652573 -1.44426019
645 -0.15986353 -1.40219184
256 0.32054258 -0.91108225
328 -0.55680198 -1.10523412
918 -0.54255563 -0.72120254
560 -0.47587046 -1.80956503
947 -1.14283290 -1.33485272
719 -1.28007222 -1.61895574
277 -2.64881246 -0.26706426
937 -1.59768593 0.11901629
555 -0.66611489 -0.24583128
866 -0.45692037 -0.02920891
899 -0.61699967 -0.82248234
706 -1.66891472 -2.52689979
964 -1.04365109 -0.91503961
137 -1.38272426 -0.66026683
455 -0.57576089 -0.26344698
616 -1.49813261 -1.28673638
504 -0.81408891 -2.26190687
40 0.01231630 -0.55459881
565 0.12837485 -2.21107371
219 0.13752530 0.21961888
390 -2.40216856 -1.78267208
509 -1.85557745 0.08634974
204 -0.99835100 -0.87804965
273 -0.67294160 -1.59434846
685 -1.23242618 -1.03914809
323 -0.79116264 -0.19399725
418 0.10563305 -1.09386130
977 -1.81284596 -0.65746605
929 0.21091468 -2.19643710
37 -0.32503450 -1.29536279
149 0.10025267 -2.10755825
71 -1.48155645 0.14192324
597 -0.21380537 -1.39421524
53 -1.02548087 -1.94876210
688 -0.05270905 -2.53273106
513 -0.64517294 -1.78933707
130 -0.99059711 -1.35708295
957 -2.39893134 -0.83102876
917 -1.34122306 -1.98873097
87 -1.31586480 -2.60943756
798 -0.99515740 -0.62826487
394 -1.44339643 -1.09152685
535 -0.34657366 -1.99227004
844 -0.26436481 -0.73667138
910 -2.16236316 -1.17904581
295 -2.38684084 -0.79057660
711 -0.93042872 -1.50163369
438 -1.27704546 -1.17498753
461 -1.02429718 -1.28292658
413 -2.08124353 -1.63905177
791 -0.46579562 -0.86951015
374 -1.34649799 -2.23520897
262 -0.83570249 -1.30837712
714 -0.52328021 -0.16318745
308 -2.39443951 -0.36045154
88 -0.30223306 -2.38528532
95 -1.18409078 -1.44363414
622 -0.66055759 -0.81170199
417 -1.25398698 -1.36732966
287 -0.05120504 -1.51711890
411 -0.25361803 -2.72196735
935 -1.77403569 -0.44465145
360 -1.79972794 -1.04923007
473 -2.32371556 -1.46363861
775 -1.13881144 -1.41159686
743 0.40314923 -1.44382152
564 -1.25713319 -2.21720742
700 -2.00623734 -0.47596874
633 -1.92024865 -1.12651513
987 -1.73103216 -0.34178070
357 -1.58523605 -0.14890211
731 -1.94339295 -1.31913640
202 -1.73459043 -1.30357941
975 -0.13710040 -2.24105355
500 -2.55235187 -1.92957097
211 -2.28309468 -0.46231089
290 -1.06263559 -2.08558470
498 -1.55688750 -2.40259680
895 -1.99903600 -1.94906058
109 -0.60962156 -2.74943525
815 -0.96494772 -2.23265355
31 -1.89530910 -1.85754093
598 -1.31542583 -1.83827600
439 -0.40923553 -1.31476559
175 -2.39920300 -2.57406779
593 -0.63697448 -1.69512805
708 -1.84875618 -2.93271566
747 -2.28794573 -1.11563570
327 -2.41535259 -3.17383722
667 -2.15361975 -3.47973511
160 -1.90392552 -1.40895666
367 -3.45247602 -1.77999928
728 -1.60542848 -1.78697255
