0 2.98616719 3.76466707
2 3.69060548 3.93693399
3 4.09678591 4.31555098
4 3.03346858 3.98066755
1 3.00980036 3.74430400
89 0.28149812 -0.60115551
37 -0.32725699 -0.71559271
94 -0.16315031 -0.76398098
93 -0.04343247 0.10090347
23 0.74506440 -0.26195736
19 0.58315442 0.37791282
52 -1.48637426 -0.41121976
86 0.50850245 0.16926967
84 -0.25013170 -0.38166007
14 -0.98980000 -0.38377855
26 0.15480842 -0.24819455
87 -0.63969206 -0.08834668
12 -1.02179443 -0.07737186
82 -0.90486889 -0.40429120
29 0.30522754 0.39440193
65 -0.58665832 -0.88297257
34 -0.16277391 -0.18812725
66 0.51448179 0.08627624
83 -0.97323117 0.12707836
28 -0.83128655 0.08011595
11 -0.59289488 -0.41784089
15 -0.80214752 -0.86878492
69 0.89329843 0.13905503
51 -0.71030145 -0.14587848
36 0.01368511 -0.35158254
74 -0.52447059 -0.41457306
20 -1.53529613 0.00009985
10 0.87887856 0.27711341
90 0.03425095 0.52742902
76 0.22643971 -0.84376146
40 -0.84171939 -0.70480509
61 -0.08810388 0.58589773
77 0.23162633 0.40588380
79 -1.00932507 -0.77456818
46 0.55486822 -0.00267965
71 0.44489647 -0.24628155
91 0.72239544 0.08714190
30 -0.12500533 -0.19832538
73 -0.00255181 -0.28524681
63 -0.43552737 -0.11641399
97 -0.08826135 -0.41141635
13 0.06822987 0.48305798
44 -0.34964177 -0.09281576
43 -0.58826262 -0.83993141
7 -0.14102277 0.24781285
53 0.01942933 0.40611205
57 -1.01533245 -0.77898930
18 -0.29056666 0.09115307
80 0.30573526 -0.05964326
8 0.07931171 -0.32488338
48 0.23685448 -0.71035324
6 -0.30649162 -0.30169166
25 0.21913837 0.55888706
49 -0.28065556 -1.23946105
70 0.66297871 0.16297666
54 -0.78839363 -0.44510389
58 -0.20008277 -0.09345193
32 0.08290859 0.00540658
17 -1.03417454 -0.86405154
64 -0.79367112 -0.12028329
33 0.80873402 -0.21248671
9 -0.54146652 0.12890611
39 -0.18418532 -0.89653817
68 -0.89437754 -0.26181694
72 0.26229957 -0.18133079
24 0.53931859 -0.15499321
16 -0.13324121 -0.18603785
41 -0.71544493 -0.30716580
27 0.36415435 0.06759252
62 -0.13028605 -1.06283773
78 0.51736523 -0.28121657
42 0.09138956 -0.47665750
50 0.25327070 0.20180983
67 -0.04208432 0.04364497
55 -1.48185902 -0.42960702
99 -0.87143732 -0.58607071
5 -1.45118740 -0.38419569
47 0.16308610 -0.65688452
75 -0.81882959 0.14716376
59 -0.41781260 -0.14761338
45 -0.45759857 -0.95898475
35 0.50140576 0.42708076
22 1.54521258 -0.70806049
85 -0.16669974 -0.27520321
96 1.35005762 0.42296578
92 -0.76559902 -0.16777424
81 0.00764914 -0.24556339
98 -0.87097895 -0.69545041
21 0.56799926 0.19195535
95 -1.37091821 -0.55402321
38 0.51483690 0.91072497
56 0.05071732 -0.38150538
88 0.38349337 0.22920566
60 -0.63019431 -0.08262849
31 -0.63692834 -0.47104542
