18 -2.00298761 0.19331821
21 -1.40092328 0.04019468
12 0.06702212 -0.45129141
28 -0.89008173 0.24436541
11 0.82626753 -1.16311830
10 -0.75824852 1.48158438
8 0.48284601 -1.93206484
14 0.73518469 -2.15205153
9 1.72216199 -0.75543105
1 0.46545185 0.26859147
3 -0.78841905 0.14470329
2 -0.18608477 1.18745615
16 1.35949264 -0.82541717
22 -0.93249554 -0.13492040
13 -0.85565922 -0.26982585
25 -0.11845292 0.53246919
24 -1.03930892 0.78347795
0 -1.52490903 -0.81099949
17 0.13883790 0.37539937
5 -0.23738334 -0.74092869
26 1.19428384 0.91456503
15 0.17245519 -0.20654626
27 1.30354054 -0.78757348
23 0.67988970 -0.75376886
20 1.29148952 -0.28381242
19 -0.38833124 0.57293351
29 -1.44029996 -0.40772145
6 0.21571897 1.10670393
4 0.82348647 1.41802060
7 1.08545617 2.41168804
