225 -1.27591368 1.27851088
491 0.44612922 -0.44782545
724 -0.89071999 0.86302572
875 0.92107333 -0.92822653
675 -0.02585228 0.01364041
658 0.62341001 -0.65886264
406 0.13488467 -0.15359341
419 0.20818549 -0.18139181
13 -0.06112548 0.05684453
100 -0.52100887 0.54292952
437 0.32855663 -0.35324278
944 1.11268731 -1.08027785
134 0.79804528 -0.77250431
761 0.03370253 -0.06061559
472 0.43926770 -0.46276528
138 -0.37210449 0.35334860
272 -0.22910907 0.19633440
370 -0.44919551 0.38328442
143 -0.99112666 0.98469652
270 1.86743240 -1.84300513
917 1.18804902 -1.16142433
10 0.79527061 -0.79402713
711 -0.67275323 0.67981699
203 1.05710015 -1.06985201
812 -1.95222501 2.00041215
599 -2.38821969 2.46620944
230 -1.55623815 1.56503893
340 0.75783088 -0.78321798
567 -1.37962683 1.39352091
182 0.47383923 -0.46415310
258 0.99037414 -0.97840855
780 -0.08700724 0.03264526
692 0.68898538 -0.65995459
651 0.74191310 -0.75679354
204 -1.98145250 2.05061808
621 0.84451160 -0.85618797
699 -0.64470188 0.64361322
515 -0.02857684 0.00115773
148 -0.27818563 0.28909313
698 -1.49869611 1.53028922
953 0.48120001 -0.51380218
115 0.82510300 -0.80634399
463 -0.58125269 0.58278272
136 -0.19352889 0.13634302
15 -0.53500542 0.50818191
911 1.02101511 -1.01108017
746 0.61216371 -0.60465495
470 -0.25378899 0.22023292
775 0.45002161 -0.43671329
888 -1.15497003 1.16420101
583 -0.00470586 0.01491819
678 0.08153964 -0.07743151
662 -0.53343077 0.49219361
732 -0.39486517 0.35964442
748 1.78203057 -1.71793941
588 -0.07925013 0.07581290
266 0.25926035 -0.28174262
448 1.00633678 -1.01042396
605 2.02291702 -1.98551556
757 -0.24723027 0.25613955
900 -1.23617050 1.22310389
133 -0.24994254 0.22015602
735 -0.57446623 0.56267535
573 -0.36462288 0.35623259
105 0.54822413 -0.54192561
331 -0.05140047 0.04670655
765 -0.69103506 0.65702218
427 -1.16562590 1.19244837
268 -1.05526232 1.06567068
300 -1.79974877 1.82323795
369 0.58310951 -0.59994784
521 0.86057211 -0.89823543
866 -1.89282034 1.89754270
831 0.95927551 -0.92917573
978 0.51867302 -0.54414418
242 -0.61792689 0.64945432
305 0.01634377 -0.02094022
113 -0.44186439 0.40847101
674 0.02782758 -0.04065861
173 -0.59246968 0.58427124
687 -0.78794186 0.77034273
562 0.33927165 -0.32996436
278 -0.84856808 0.84796116
842 -0.87044837 0.85360255
416 0.69182318 -0.72026683
35 -1.47776351 1.52718330
664 -1.75754060 1.75862951
903 -0.06288428 0.06499539
744 -0.29919131 0.24895437
116 0.31493054 -0.32320620
14 -1.19302460 1.18648615
450 -0.15224778 0.13366862
445 0.11309555 -0.08118237
195 -1.73388904 1.77269325
282 0.19766854 -0.18879122
640 -0.91047446 0.96029648
968 0.10058754 -0.12395376
423 0.87891437 -0.88529159
518 -0.35852905 0.34920179
251 1.23305194 -1.23240951
271 0.55684209 -0.55176466
75 2.28980352 -2.21735495
482 0.39862531 -0.39813355
817 -0.49457757 0.50086381
958 -0.67478390 0.67781443
952 -0.53993432 0.57252456
895 -0.74857584 0.73974095
941 -0.80536556 0.76488341
409 -0.01534401 -0.00220735
706 0.59877603 -0.57627956
449 0.16939054 -0.16960648
972 -0.19003138 0.19640212
946 1.23943989 -1.23867835
997 -1.23954627 1.22824012
532 1.38424060 -1.34341838
786 -0.58256378 0.59221055
313 0.00732206 -0.05074993
838 0.34037563 -0.35626550
401 0.55694231 -0.56844987
516 -0.76379702 0.73314687
81 0.08797751 -0.09741927
497 -0.94868930 0.96798104
49 -1.82351339 1.84935099
297 -0.53700444 0.51012760
324 0.28922751 -0.30425287
890 1.40087417 -1.39375897
275 -0.26774122 0.25919592
561 -0.10556548 0.09960786
244 -1.10106858 1.12097556
598 0.25940850 -0.29100213
404 -0.30555394 0.26555608
263 -0.76733414 0.71996683
310 -0.29647181 0.30439360
311 1.54326198 -1.54080605
221 0.62333367 -0.67169293
909 -1.22577366 1.23104476
352 0.28092140 -0.31993878
899 -1.04012888 0.99755044
670 -0.72891345 0.70810180
357 0.41169896 -0.42995239
537 2.48365511 -2.43650406
314 0.81544944 -0.83657476
785 0.68498970 -0.68488002
996 -0.38058606 0.32162093
981 -0.09510858 0.09241795
566 -1.01494934 1.00097095
811 0.19724707 -0.19032272
545 1.28751234 -1.29005782
102 1.55410544 -1.50733858
240 2.02016875 -1.94781222
500 -0.90467928 0.90083494
476 -0.25761644 0.23067466
326 -0.27370571 0.26438905
618 1.06941316 -1.05184263
294 0.09311624 -0.09630795
502 -0.03067336 0.03214387
29 -1.59819778 1.58721827
840 -0.98170825 0.97735059
793 -0.58729442 0.58216649
543 0.52389477 -0.54217888
632 0.60738586 -0.60859142
303 0.41609586 -0.44485685
998 -0.99505143 0.98893301
823 0.81035594 -0.81969569
477 0.52655675 -0.49949807
781 -1.97432761 2.06128879
893 -0.53444466 0.54601202
243 0.28567700 -0.32916016
602 -0.83133016 0.80382476
715 0.27298394 -0.25702561
41 -1.26240336 1.27097815
389 -0.38950105 0.36811339
214 0.09548825 -0.09304951
127 0.26333200 -0.25554244
349 0.39704958 -0.41380022
432 1.79159423 -1.73632995
378 -0.15277562 0.14087193
769 0.67009340 -0.68493171
481 0.56770002 -0.58265136
256 0.36401380 -0.37550336
178 0.44468988 -0.43180120
123 0.08682271 -0.08742721
28 0.94106892 -0.94208473
541 0.08045773 -0.08808545
804 -1.60196445 1.66008921
947 0.61144738 -0.62230491
680 1.11685791 -1.10659639
359 -0.79751583 0.80667843
222 0.86145739 -0.84919575
395 0.40961854 -0.41721994
835 0.15625737 -0.15667998
954 0.28600043 -0.30866496
208 -1.12784158 1.14942388
38 -0.13778924 0.12448800
887 -1.12951843 1.13436052
139 1.78137394 -1.75689007
719 -0.99333605 0.98468210
549 -0.44040732 0.39360567
494 0.04793641 -0.05193542
805 1.31075943 -1.32432279
669 -0.68391016 0.67217152
861 0.97214096 -0.97848193
90 0.41708460 -0.41937748
642 -0.12761164 0.10099597
16 1.51550168 -1.50535396
353 1.09397893 -1.06654843
637 0.03559428 -0.04366338
398 -0.16837431 0.15295253
956 0.85327500 -0.86567767
792 0.07397843 -0.12719523
170 0.99684096 -0.97356670
880 0.90556291 -0.86275323
57 -1.15614581 1.16222516
677 0.11476408 -0.09507620
693 1.12630472 -1.12924056
50 -0.14572235 0.13953555
354 0.88716784 -0.90202381
234 0.66071967 -0.65985197
478 0.16720936 -0.18306593
188 -0.69669728 0.72383886
206 -0.86903127 0.86266223
315 -2.42576180 2.49192885
293 0.14697500 -0.16191314
843 0.26593429 -0.27454428
373 0.79383126 -0.76571617
639 -0.06815234 0.06097121
245 0.06408428 -0.02657329
982 -0.65520562 0.61725136
319 0.52087029 -0.56237424
517 -0.42878332 0.39316782
193 -1.26592258 1.26411567
351 -0.32640008 0.32030882
525 -0.96391229 1.00034146
306 -0.17297218 0.13935944
23 -0.64075702 0.66353846
960 1.25322733 -1.24630703
86 0.65107462 -0.66122451
627 0.23458586 -0.27206329
779 0.42708240 -0.43872423
431 0.58685230 -0.58841133
643 0.97362914 -0.98524307
120 0.57889694 -0.57189740
192 -0.93514931 0.89201612
227 -0.54383250 0.54927597
867 0.77846266 -0.77004982
344 -1.58781107 1.57957235
99 0.63765655 -0.61239927
987 1.25075999 -1.26646792
302 -1.69287891 1.74491509
983 -0.44506940 0.41758630
762 0.30251605 -0.30695121
856 -1.09851929 1.13733442
6 0.25659023 -0.29159312
672 -0.88070357 0.88083859
844 1.41035480 -1.33289244
832 -0.27852824 0.29148273
283 0.22771438 -0.21900612
852 1.50806240 -1.52737665
196 -0.16016643 0.15337082
730 0.32752357 -0.36265167
548 1.28506761 -1.24325646
452 1.11080352 -1.13258351
132 -1.00598497 1.01830097
328 1.40800956 -1.42144928
202 -0.26352883 0.23562988
787 0.00372633 -0.01170707
966 -0.36576646 0.36216667
601 0.43127670 -0.43513249
155 -0.21653322 0.22485560
555 0.44035828 -0.46143883
265 -0.60261165 0.58999755
377 0.21682607 -0.21108081
89 0.57393566 -0.58118395
725 0.24756165 -0.27909587
771 -0.55177773 0.56892536
740 -0.38771838 0.38263346
557 -1.01469591 1.05005803
118 -0.53809720 0.56593365
53 -1.85729950 1.87730749
73 0.45108687 -0.50310227
167 -1.64734525 1.67379463
151 0.44014628 -0.45880006
708 0.88674582 -0.86979934
101 -0.31908778 0.32219992
332 1.13407738 -1.11849122
873 0.54619002 -0.54402940
580 0.23312553 -0.22565499
568 0.02443191 -0.01699766
563 -0.56498452 0.56560708
399 -0.19485843 0.20268659
335 -0.37570348 0.36264557
76 -0.58223184 0.53311932
506 0.52997449 -0.55251655
950 -1.08236400 1.06614860
70 -2.17094482 2.22995509
201 -1.54122427 1.58376904
429 1.57327255 -1.58133710
213 -0.25758424 0.25113130
772 -0.19610802 0.18615421
821 0.21793058 -0.22062894
501 -0.02139840 0.02156503
729 0.01294105 0.00722467
928 0.65259626 -0.65294247
60 -0.82341025 0.82724715
190 0.34862819 -0.33943787
975 -0.59615966 0.57102793
685 0.85634254 -0.87034828
422 -1.67586040 1.72297299
96 1.03104257 -1.03784051
914 0.08654197 -0.11918363
853 -0.53617632 0.51796512
290 0.80184976 -0.77041932
797 0.25049026 -0.24316774
107 -0.18250183 0.20791499
442 1.88915006 -1.82742093
534 -1.24310981 1.24742561
609 0.83747462 -0.85180305
140 -0.50653694 0.48263753
934 0.25628507 -0.25858581
538 -0.01507032 -0.00027060
66 0.50318539 -0.52073702
153 -0.14839229 0.15429091
341 -0.64979791 0.65170495
468 -1.06257101 1.08678442
596 0.78530266 -0.79162297
18 -1.07832744 1.06343301
386 0.86436067 -0.88304726
149 1.10020608 -1.08488704
128 0.22916368 -0.20934680
380 0.29064315 -0.27991684
547 -0.82204580 0.77727766
400 -1.55240075 1.57038185
65 0.79674450 -0.76032434
337 0.33692551 -0.34665466
393 -1.96138094 1.99495617
333 -1.22899893 1.24625519
681 0.62608610 -0.63323762
156 0.89586992 -0.86774134
9 0.39331203 -0.43847977
948 -0.56435538 0.55724712
175 -0.15420248 0.18305475
589 -1.22251692 1.24635667
8 0.04916592 -0.05402457
829 -0.86136732 0.91853271
39 -0.35738673 0.33488250
839 -0.28309571 0.26495522
224 0.53651493 -0.57277991
858 -1.13170177 1.16647978
625 1.16287273 -1.16473344
671 0.66473109 -0.67791304
855 1.28437118 -1.29048867
841 0.25769746 -0.26571218
613 1.24046916 -1.23709814
519 1.17398228 -1.18397891
152 -0.65667318 0.61124563
898 0.85685916 -0.82672302
381 1.21891900 -1.19482377
942 0.65145629 -0.67112032
922 0.26844052 -0.29922621
716 -1.59245922 1.59821082
961 0.41474931 -0.47827928
986 -0.31598479 0.30946258
364 -0.12668602 0.08907857
345 0.14449355 -0.15122957
0 1.62927431 -1.60953690
25 -0.78863323 0.80032539
760 -0.47125270 0.49403627
794 -1.07029610 1.09254693
572 1.18566127 -1.19257163
991 -0.80878185 0.78106905
46 -1.59723816 1.61154863
546 0.97904861 -0.96693571
819 0.31244728 -0.33690727
342 0.24406757 -0.25534012
11 1.07450973 -1.10173736
237 -0.84090431 0.83143581
936 1.47395847 -1.48688871
995 -0.75191543 0.72506601
44 -0.48378549 0.46158119
385 0.57291454 -0.59457074
177 1.37242413 -1.31960005
408 -0.39857522 0.39205591
550 -0.61547546 0.58401507
616 -0.55588068 0.53691609
570 -1.34101747 1.35211631
246 -0.15165736 0.16261641
223 1.11306284 -1.09145578
608 0.94208553 -0.95615667
808 0.70643639 -0.71361897
976 -0.54736745 0.51405850
636 0.12980437 -0.11620628
383 0.54644019 -0.54642640
999 -1.76022700 1.79324055
540 -0.57228434 0.52968135
169 1.36046802 -1.32914758
161 1.82543587 -1.77911430
247 0.24003662 -0.23867393
529 -0.53423881 0.50892544
822 1.28649664 -1.31598878
646 -1.17960599 1.18071108
142 0.21776832 -0.22549586
807 -0.24752368 0.21787770
558 0.18187503 -0.15053664
250 0.81693997 -0.79376138
937 0.23518695 -0.27287467
117 -0.28053612 0.27038422
644 0.20691094 -0.20696241
347 0.22988145 -0.25147240
405 -0.50932355 0.48903310
758 0.65478955 -0.66806888
339 0.14797622 -0.15697858
723 -0.55394425 0.54078095
67 -1.81538165 1.84252662
215 -0.53346749 0.52334719
473 1.19587794 -1.20018232
745 -0.50660315 0.51650318
421 0.45005598 -0.44790274
254 0.72497437 -0.71045823
456 -0.56573322 0.56871376
951 0.05185720 -0.06019932
292 0.16536826 -0.13634076
382 -1.53119482 1.53895599
131 -0.24701899 0.25771304
556 1.07510595 -1.09237079
129 0.77967842 -0.76407625
262 0.37876991 -0.34238951
597 -0.83598627 0.83901013
773 0.22652648 -0.22511513
721 0.84346678 -0.82511188
277 0.09388502 -0.07211325
559 0.29197089 -0.33251391
803 -0.66957680 0.64892863
464 -0.64294182 0.64102681
896 1.22750295 -1.18256880
320 -0.53492945 0.54088118
707 0.19698188 -0.19893747
682 1.20702981 -1.20942127
157 0.29782340 -0.30129676
859 1.16060075 -1.15044042
648 1.33958245 -1.32223166
7 -0.04229736 0.02449607
539 -0.49675350 0.45682332
768 -0.27257804 0.24752974
695 -0.11331951 0.13278701
874 -1.35662159 1.36424068
17 1.00178360 -1.00508683
668 0.31791215 -0.32699808
430 2.13365449 -2.09673701
667 -0.72979692 0.74289901
194 -0.06926500 0.04424749
718 -1.88831744 1.91198034
209 -0.20774052 0.19268185
228 -0.30018331 0.26148777
30 0.14447835 -0.13238665
4 1.42918202 -1.41865946
397 1.07642898 -1.05083581
56 0.63786313 -0.63095680
80 -1.02261962 0.99646912
881 0.21906332 -0.23622597
891 0.26018705 -0.26725807
180 -0.97723972 1.03031713
988 0.00514034 -0.04917117
551 -1.36843263 1.38717339
122 1.15825588 -1.16491689
184 0.44771653 -0.47687382
750 -0.81907739 0.80988134
309 -0.07019531 0.02263593
197 -0.27290853 0.22711701
656 0.41416684 -0.44818278
686 -0.72572888 0.74829835
612 -0.96899150 0.94733124
624 0.44768723 -0.45523716
734 -0.05589233 0.05872510
617 1.65506490 -1.63900794
774 1.02074015 -1.07709561
945 2.45611930 -2.39619654
921 -0.54366011 0.54991201
869 -0.17545254 0.14222986
36 0.25625378 -0.29118459
420 -0.87100117 0.89313168
755 1.52991862 -1.52003264
106 -1.32986994 1.33027440
526 0.02509107 -0.05186322
163 0.58352230 -0.62061553
800 1.48610162 -1.48366483
985 -0.44732583 0.43683200
932 -0.25298113 0.21358604
696 0.68496871 -0.71867636
595 -1.50186331 1.52366425
447 -0.48435909 0.48350263
469 0.86574213 -0.91202012
912 0.85181305 -0.88002376
487 -1.70131960 1.74711722
467 -0.41349992 0.41359276
179 -0.62750375 0.60069676
424 -0.42683604 0.45172851
32 -2.09037710 2.14081378
231 -1.48528347 1.46841796
703 1.01578503 -1.01316662
460 -0.68126338 0.63245800
962 -0.32175012 0.30725826
77 -1.45320949 1.48078439
376 1.38235934 -1.35381439
586 1.27737435 -1.27599220
287 -2.39984043 2.52048412
879 1.67844313 -1.63336881
789 -0.62908817 0.63911642
512 1.57699527 -1.54771899
426 -2.14983712 2.21503997
977 0.09550869 -0.10774582
58 0.97574736 -0.98139678
622 -0.76084272 0.76138381
186 -0.37037844 0.35562768
372 1.46756671 -1.46018651
974 -0.55751864 0.50433655
702 1.03863073 -1.05526871
720 -0.07574810 0.06237402
150 0.55094218 -0.57947721
304 0.04022723 -0.07568614
174 -0.64181397 0.66370170
610 -1.35647218 1.40102318
802 -0.35362331 0.34767114
296 -1.78342471 1.83054577
713 0.02329484 -0.00402637
796 0.17639876 -0.19592880
276 0.06064249 -0.07105631
882 -0.35747772 0.33421841
360 -0.70879648 0.68957340
95 -0.80456711 0.81329303
112 0.06168315 -0.05922538
145 -0.58228394 0.56441275
211 -0.90149381 0.92109593
571 -1.31469616 1.32278024
217 1.98338204 -1.98393833
63 -0.01556144 -0.00160067
229 1.11740058 -1.08219198
587 0.38642518 -0.37844658
160 -0.35230571 0.34433883
717 0.25759453 -0.32682154
84 0.49402674 -0.48686227
414 0.95717719 -0.96823916
164 1.64311856 -1.61632592
71 1.68707955 -1.66383033
83 -1.25561293 1.26665849
673 -0.39370331 0.37259461
930 -0.94864824 0.98221288
915 0.74412719 -0.77447000
402 -0.27813607 0.24283225
109 -0.97684231 0.98265277
892 0.85786599 -0.87251982
660 0.47702543 -0.48939706
412 0.77014407 -0.78955379
480 0.83773365 -0.83634135
374 2.76388569 -2.68360389
710 0.16565570 -0.18853779
181 1.47451922 -1.44483653
43 1.02617120 -1.02240121
72 -2.10454676 2.12995663
159 0.70543534 -0.72471756
649 -0.68641061 0.64817744
493 1.11504955 -1.10748268
200 2.25923780 -2.18645207
390 -1.43504089 1.45557077
121 0.97392652 -0.97194307
498 1.13476241 -1.10040752
108 1.22441154 -1.18005207
614 1.81280540 -1.76140705
391 -2.09890932 2.18872878
620 0.69944282 -0.70241308
939 -0.02021484 -0.01491735
872 -2.00567893 2.04196338
238 -0.10830940 0.10789489
443 -0.96581199 0.95478853
809 -1.79539294 1.86181186
926 1.28300184 -1.25677509
847 1.27361546 -1.27342511
185 0.61142315 -0.60535498
756 0.05798883 -0.03413810
885 0.17146118 -0.19889922
212 -1.84415964 1.87908359
92 0.19686611 -0.20092527
784 0.63447216 -0.65736100
124 0.73284399 -0.73629029
778 -0.55893139 0.56382814
253 -0.15832316 0.13520364
166 -1.73321920 1.73410554
392 -0.19172994 0.16697820
19 -0.68208064 0.65103151
741 -0.93755153 0.93577336
569 1.45431742 -1.40419189
51 0.83242869 -0.84324117
691 1.34947588 -1.35317800
523 1.17565805 -1.18363387
59 -0.13512726 0.11565813
603 -1.46625709 1.49664293
907 -1.89499283 1.93397365
530 0.97696385 -0.98135996
857 0.69662762 -0.69721042
257 0.56152624 -0.52680557
446 0.36119933 -0.35874553
690 -0.48655112 0.46940784
441 0.90751110 -0.96634522
144 -0.55170700 0.54471184
810 -0.75112621 0.75600803
777 0.77420921 -0.78567758
241 -0.44737828 0.41166469
162 -1.94854534 1.97982473
259 -0.84681797 0.84477242
924 0.23243381 -0.25776020
704 2.23348701 -2.13373360
979 0.26656288 -0.28623697
22 0.66011641 -0.64098655
980 -0.15624780 0.14004103
55 0.53656974 -0.55022036
114 0.47355957 -0.46562276
970 -2.26261214 2.28429715
955 -0.03830258 0.04370095
312 -1.07238882 1.00337916
199 -1.37530429 1.33362946
219 0.41266727 -0.43519129
318 -0.34770242 0.34647640
434 3.26720513 -3.12570962
371 0.16379325 -0.20046714
363 0.70550589 -0.69036977
375 2.07023443 -1.98682014
45 -0.24573974 0.21529645
615 -0.09773836 0.08338788
860 -1.01396584 1.01697973
733 -0.44827695 0.45815872
828 -2.17304351 2.23362879
579 2.10822424 -2.04429835
863 1.37734869 -1.40188623
499 0.21718351 -0.22821178
818 0.17250438 -0.18648564
782 -0.60589896 0.59219020
484 0.92866167 -0.93453535
110 0.43040444 -0.44900144
417 -0.36141389 0.35493954
475 2.51387750 -2.48852598
751 -0.03296886 -0.00445112
709 1.09780711 -1.10138590
739 -0.53940865 0.51577986
74 0.03060207 -0.03582395
864 -0.97837933 0.97391022
619 -0.43616780 0.39019611
742 -0.19395380 0.15198542
759 0.54216576 -0.54363107
3 -0.62822188 0.59803532
910 -0.60195556 0.58577278
154 -1.08255665 1.10218650
949 -1.19692604 1.22714366
365 -0.95980319 0.94390614
316 1.42388085 -1.39432741
542 -1.28839311 1.28469342
897 0.03998249 -0.04582170
330 1.61356763 -1.60575322
665 -1.23608747 1.26718022
329 0.56722518 -0.55915064
753 0.84022360 -0.83854687
737 0.42113690 -0.40660617
307 -0.37409066 0.36165620
308 0.44099013 -0.42511206
474 -0.31064455 0.28826313
801 -0.48822598 0.44361483
298 -1.48499766 1.46924872
663 -0.79210342 0.77289410
631 -0.40292129 0.38747362
27 0.26797744 -0.28065568
137 0.58204189 -0.60437376
600 -0.90717412 0.88491870
593 0.77693649 -0.76140679
1 -0.43711187 0.43408524
486 0.38416839 -0.40613904
935 0.00650534 0.00121793
479 -0.23768326 0.16057956
654 -0.00894303 -0.00342332
350 -1.02365467 1.03965271
226 0.71576489 -0.71430630
317 -0.38090570 0.33769489
652 -1.01702921 1.05279321
130 -0.18383047 0.18160126
455 -1.34241702 1.35093712
688 -0.64760824 0.63502367
233 1.42726621 -1.41581020
635 0.72599205 -0.70960179
346 -0.64924330 0.64275329
388 -1.94458566 2.00809311
146 -1.43202418 1.44992488
210 -0.33174429 0.31883285
338 0.02706856 -0.07511828
854 1.43091024 -1.41685581
232 0.62543489 -0.66740092
205 -1.65445930 1.67525204
825 0.53499853 -0.54063575
236 -0.29845997 0.29433662
522 -0.62408529 0.63671190
147 -0.62411514 0.57278990
902 -0.14798890 0.08702316
689 1.50580597 -1.46463527
752 -0.55811558 0.53584590
387 -0.37939201 0.36623867
508 -2.06605914 2.11610618
576 -1.17048642 1.21237597
565 1.38120888 -1.37326381
438 -0.94009123 0.96699484
61 0.21439545 -0.22300817
52 0.50338437 -0.55370107
356 1.29573831 -1.25725114
575 -0.95102839 0.92323247
883 -1.51214800 1.53400723
938 -0.74363826 0.73305479
908 1.82005909 -1.77123987
590 -0.40590561 0.37499601
878 0.03567966 -0.02502082
850 -0.58417678 0.54898805
403 0.33940533 -0.33312612
524 0.38470491 -0.38030551
458 -0.33451680 0.32226756
79 -0.22277972 0.20356682
923 -0.21178269 0.16393551
770 -0.62580718 0.61185589
379 0.24733915 -0.30159260
361 0.56116718 -0.56779545
78 -1.08888400 1.11271953
68 -0.99446643 0.96318590
97 0.86170430 -0.88520248
824 0.42845137 -0.42998744
862 -1.71515914 1.73840575
288 1.36655497 -1.35486156
220 1.62100492 -1.59879264
820 -0.18209899 0.17068587
367 -1.30774582 1.33565361
694 0.59013763 -0.66684991
336 0.42922106 -0.43079471
321 -0.43190892 0.40409167
510 0.72991448 -0.73731881
814 -0.42186138 0.42031276
868 -0.72819477 0.70149775
21 0.21782006 -0.21630164
684 1.64445823 -1.61764805
248 -0.05878477 0.05295765
552 1.33908754 -1.30134960
604 1.45032337 -1.44808935
358 -0.42525271 0.43340904
69 1.02013960 -1.03564290
535 -0.09302364 0.07505085
5 -1.33927496 1.34646035
119 1.74670816 -1.72166485
407 1.24276646 -1.22055173
465 1.19439464 -1.14290596
428 -1.62913270 1.65903781
536 -0.16262526 0.15344897
366 -1.05373670 1.05010514
884 0.04318153 -0.08650528
940 0.13341783 -0.15802780
653 0.43954265 -0.46497493
286 0.23603768 -0.24934525
260 1.48153414 -1.50020327
269 0.79634708 -0.80317212
727 0.45215322 -0.46607957
362 0.87257308 -0.86344652
634 0.06797939 -0.07388890
267 -1.79950710 1.84495785
584 -0.29038377 0.28876255
591 -1.09312823 1.10827594
280 2.75655422 -2.62063190
279 -1.67360036 1.64344377
607 0.75897501 -0.77302511
747 1.92561696 -1.87767922
454 -1.20815388 1.26696662
504 -0.42202690 0.40911684
629 1.08705338 -1.10929880
849 0.97945109 -0.99877143
705 -1.10250973 1.10480653
495 0.19086744 -0.20263091
836 -1.67490295 1.68113865
871 0.30467769 -0.30755287
776 -1.85825857 1.84101712
533 -1.02731842 1.00022849
187 0.32411397 -0.31224948
47 -0.07829430 0.06026936
87 1.31982130 -1.32067563
544 -0.84219116 0.78221983
48 -1.08096572 1.06208488
633 0.75120343 -0.74853658
411 0.03351332 -0.06337636
929 1.42513623 -1.39800561
845 -0.51175272 0.50473526
435 1.42553346 -1.38579281
85 -0.64607664 0.63686655
171 0.54040714 -0.53697430
462 0.78595386 -0.82430568
410 1.42376635 -1.43028427
764 0.01296167 -0.02921781
64 -1.84559790 1.84732586
249 -1.07932052 1.08320922
274 1.37000346 -1.37198737
33 -1.03866512 1.01949686
471 0.33352640 -0.36276552
158 0.17637995 -0.17348078
527 0.09352831 -0.10599404
93 -0.55621117 0.54273551
901 0.30093598 -0.33306984
444 -0.69678122 0.66408731
655 -1.81364909 1.84094868
91 0.93793953 -0.91837456
483 -0.24090455 0.26879447
931 -1.49485617 1.52959539
906 -0.25042334 0.22631546
641 -1.31670530 1.36369939
736 0.57336279 -0.58876704
281 -0.53316125 0.53290229
323 -0.95179500 0.91334310
82 -0.95370719 0.94710442
833 -0.87942884 0.88456025
886 -0.93759676 0.91792295
183 -1.10064385 1.14592767
650 1.24361845 -1.26392901
198 -0.76149139 0.70949370
531 0.36140844 -0.36917599
295 1.76530004 -1.71033001
918 1.66892180 -1.62922806
967 -0.47279768 0.43898983
798 -1.45913364 1.50003654
714 -1.97466587 2.03662892
252 0.69448860 -0.72196911
513 -1.61932285 1.57708871
661 1.42678052 -1.42518109
218 -1.34560358 1.35166007
638 0.29183667 -0.27500815
355 0.30364390 -0.30864247
834 0.37823791 -0.38328095
126 0.96283905 -0.96851937
959 0.70419878 -0.67097468
630 -0.48634834 0.48646316
626 -1.84530467 1.86096035
384 0.76452743 -0.76497253
189 2.90885101 -2.83907617
919 0.20851001 -0.21139747
783 -0.85771551 0.87214181
697 -0.52446876 0.50932708
165 0.14199238 -0.15499831
846 1.21541714 -1.20427850
20 0.19371012 -0.20714426
676 -0.69956439 0.66325339
788 -2.38477174 2.42273117
870 0.33746293 -0.33430609
216 -0.58633371 0.55142894
965 -0.49163196 0.50007334
865 0.10777702 -0.12038450
285 0.31412124 -0.35015315
994 -1.14891654 1.17609241
659 0.13964334 -0.16958813
490 -0.82419839 0.83897842
731 0.57990341 -0.57746423
837 -1.10908508 1.15563599
790 0.50309911 -0.52360106
103 -0.07366569 0.04311594
913 -0.73976360 0.72217796
413 0.41795468 -0.41022247
489 1.05815546 -1.05701710
806 0.14095877 -0.16741396
511 -0.69582485 0.69561074
916 1.15657233 -1.15460709
141 -0.87705918 0.82768107
273 -0.13818647 0.12689804
889 0.17194525 -0.16042975
554 1.66653948 -1.64257940
993 2.05476995 -2.00127070
2 -0.35516287 0.34505787
816 -2.31000679 2.36676580
927 2.65517437 -2.60762917
749 0.55231044 -0.56509731
368 1.62806488 -1.60359490
830 -2.25216755 2.35155501
325 -0.02310709 0.02259999
877 1.75572915 -1.74073155
111 0.31654227 -0.32393418
125 1.07428652 -1.09991567
581 -0.08732560 0.10434146
322 0.00855012 -0.04214811
261 -0.04833294 -0.00961326
40 2.12190224 -2.05105366
135 0.27811832 -0.26146942
440 -0.46080720 0.42496006
813 0.68961506 -0.68827702
992 0.86709935 -0.84217748
969 -0.76204618 0.76498373
264 2.06769401 -2.05794763
905 1.63411674 -1.56836429
528 1.70314259 -1.68410565
453 0.46230857 -0.46383499
396 1.87456851 -1.83056016
577 0.54893629 -0.57937034
984 -0.40556373 0.38252432
964 -1.80743298 1.79252182
728 -0.94721107 0.92457593
191 -0.29869332 0.30979641
564 2.10413160 -2.02941841
763 2.55223344 -2.50621266
726 -3.40660484 3.56793535
795 0.54342403 -0.53921477
94 -2.72502600 2.83893942
457 -0.15788667 0.13837978
439 0.81210659 -0.81611044
31 0.36874172 -0.39262067
451 1.89679990 -1.82965045
963 0.32071758 -0.34589891
943 0.28168475 -0.28905599
301 -0.31707157 0.32466544
12 2.03468157 -1.99512160
585 2.01346858 -2.01273080
990 0.35349631 -0.37050455
436 -1.19857250 1.24316744
343 -0.62276353 0.61238431
239 -0.02638265 0.01398764
647 -1.43005284 1.45336289
666 -0.55997459 0.54041969
348 2.45165782 -2.37494624
628 0.41943328 -0.42792312
700 1.09274074 -1.09126017
560 -0.87554693 0.85917466
679 -0.20728395 0.20505384
466 -0.92321545 0.89134129
578 -1.12384318 1.11086858
957 0.18974085 -0.22117203
925 -0.94628943 0.93401410
851 0.76729813 -0.79681369
894 -0.75194076 0.74164363
104 -2.34157573 2.41640880
42 -0.14790027 0.13813911
827 -0.61796722 0.62046976
507 -1.24378634 1.22533377
592 1.07893250 -1.03424360
683 -0.25422746 0.25583004
594 -0.83086799 0.83169074
88 -0.18199986 0.18662372
172 0.23467811 -0.24557905
289 -0.56759747 0.56288050
488 0.40532259 -0.42151830
606 -1.75847544 1.82913970
235 -1.25682924 1.25448585
168 0.78495282 -0.73956089
425 0.62935297 -0.64974387
520 -0.81441875 0.79031459
433 2.32740406 -2.27238189
24 -0.99512306 1.00126052
611 -0.95138474 0.94895727
505 0.76187197 -0.75291961
34 0.85978506 -0.88223188
712 -1.46745603 1.45319547
327 0.83472183 -0.83876875
496 1.07757220 -1.07816580
503 -0.13508059 0.13938972
514 0.34493152 -0.36152396
54 0.72450043 -0.72895109
701 -1.70405972 1.76410379
415 -2.61087223 2.67706364
284 1.30626793 -1.32014018
459 -0.54942887 0.51522291
255 0.72150580 -0.71060172
767 -0.49305122 0.45829195
766 -1.65960562 1.69976015
509 0.17995940 -0.20069379
876 -0.25351729 0.24251886
754 -0.84577423 0.84209940
176 -1.17227325 1.14411889
299 -0.76630198 0.76377853
334 -0.24687880 0.22805891
623 0.05253753 -0.06096383
26 0.59326250 -0.60814885
207 -0.25036003 0.21305834
461 -1.67765556 1.74763108
989 -2.09705321 2.13431392
791 0.33901931 -0.34409155
553 1.04619428 -1.04343279
582 0.11837971 -0.13179213
62 1.54554138 -1.53007951
722 0.92531882 -0.95187009
826 1.57206692 -1.53363676
492 -0.29109829 0.26776467
394 1.58218790 -1.58796893
743 1.49500448 -1.52385297
904 -0.13184302 0.12094686
657 0.73632667 -0.76682236
98 -0.58536812 0.61695961
574 -0.38315326 0.37976243
848 -0.47562246 0.41763061
973 -1.88661870 1.93024291
485 0.14467190 -0.19096356
418 -0.43273758 0.38888961
37 0.29343447 -0.27392866
645 0.39773660 -0.45289380
291 -0.04195837 0.00595402
971 0.35148119 -0.35154466
920 -1.02151221 1.02332881
933 -0.03427886 0.03796768
799 -0.64408178 0.63078112
815 -1.38836672 1.42173995
738 -0.62861966 0.64837808
