1 -1.37222464 0.29535396
4 -1.53470716 0.78575226
3 -1.67928086 0.67331809
2 -1.31904880 0.54893413
0 0.23080984 2.51066533
49 1.34329572 1.31914722
42 0.78704951 0.35512097
6 0.51919597 0.05904028
19 0.78551098 0.15388117
65 1.00729439 0.04990962
58 -1.14359703 -1.07603835
70 -0.14698236 0.25926218
76 -1.74811365 -0.71392393
24 0.33655278 0.25857781
51 -0.99612060 -1.21740233
69 -1.20475025 -1.96141822
14 -0.17637566 -0.38727790
85 -0.91685081 -1.50525441
93 0.77365022 0.39767353
82 0.72986537 0.78786332
40 0.57756561 0.18058295
20 -0.17954860 0.41696739
37 -0.95340211 -0.87345956
56 1.44856141 0.61097299
62 1.43837807 1.36196354
34 -0.18150990 0.35556057
43 1.66099016 1.20039027
92 -2.38653746 -1.33478125
98 -0.42454505 -0.30204808
55 0.42193310 0.56519799
96 0.81944432 0.43804989
80 0.20891596 0.98625058
11 -0.29781914 -0.32418344
99 0.15024849 0.49814467
33 -0.26325383 -1.12181356
28 1.48923667 1.11675335
32 -0.01705446 -1.27922891
95 1.76724159 1.96319938
89 -2.16357873 -1.63584925
71 -0.56674050 -0.28767140
77 2.23122042 1.88559868
74 0.03659063 0.77285095
41 -0.96221197 -2.06817789
88 -0.31563788 -0.92372967
12 0.73951349 1.21737529
84 -1.09403143 -0.84162662
79 -0.72617502 -0.46695231
91 1.20670537 1.68966566
39 1.12857806 1.42855096
86 0.72526576 0.91321546
27 2.41046403 1.75412457
5 -0.12957186 -0.41713313
53 -0.88673547 -0.34073546
59 -0.92480496 -0.18235433
16 0.02575265 0.58306227
15 -1.00696294 -0.89675877
72 0.69223753 1.15495492
73 1.40722672 1.03381246
48 0.84136144 0.66572884
45 -1.38837119 -1.30936760
68 -0.97733574 -0.72924922
57 -0.52972575 -0.08976651
21 -0.66399175 -0.66278721
66 1.04915427 1.21815180
30 -0.03926505 -0.81890670
94 -0.26046443 -0.23126934
75 0.98853713 1.49232916
23 1.40281962 1.16217702
52 -0.91727358 -1.44562723
38 -1.32345228 -1.03967120
60 -1.24806730 -0.85287264
81 0.86794210 0.50272874
17 0.29373404 -0.84106274
36 -0.19990831 -0.40100481
63 -0.35377420 -0.58039952
90 -1.15834162 -1.56012083
83 0.51257115 0.93718209
13 -1.27835989 -1.61736327
64 -0.37432133 -0.99734393
8 0.00544960 0.10090622
87 -0.07439696 0.13718833
67 -0.47103358 -0.31782071
46 0.41391648 -0.16700533
18 -1.13083407 -1.61042673
29 -0.20653168 -0.68809586
31 0.44024580 -0.21539310
61 0.50512694 0.15742286
35 0.37543294 1.46092386
10 0.79961779 -0.04746189
50 -0.68569531 -1.60918664
97 1.22080840 0.74827303
47 1.27445494 0.63360851
44 0.43526410 -0.72201172
9 0.11523427 -0.62833454
26 -1.37762474 -1.31099215
78 0.04616176 0.78666452
7 0.48274927 0.02280966
25 1.52513914 1.08565430
54 0.41894466 -0.16288969
22 -0.73701881 -0.87924371
