225 -0.04108423 -0.03727988
658 1.44777553 1.43050537
724 0.12703644 0.12696237
13 -0.03539489 -0.01718715
419 -1.31221182 -1.30145883
675 -0.31275324 -0.30545765
472 -0.15738010 -0.16674565
115 1.63746172 1.61952881
651 0.12237633 0.13786038
324 0.59724144 0.61161730
148 -1.02597988 -1.02346147
917 0.89717644 0.89266744
748 1.30479320 1.28256156
230 -0.97038885 -0.97193070
143 -0.98119651 -0.97601322
182 -0.18584147 -0.17882189
437 1.32868189 1.34223621
258 -1.18940579 -1.18148047
958 -1.64126752 -1.67779271
470 0.48107172 0.48584743
340 -0.11227902 -0.12131732
692 0.40722189 0.39972406
875 0.65429103 0.65869991
491 -0.12967533 -0.13976592
678 -0.68848922 -0.67773053
270 0.39936768 0.39961268
866 -1.22024700 -1.23311959
116 -0.28565798 -0.30155509
370 -1.22788943 -1.23924525
567 0.11292171 0.13000251
732 0.67585416 0.68239440
944 0.02336117 0.01784732
515 -0.65629045 -0.66322666
136 -0.85755896 -0.83930557
699 -1.78830697 -1.81982482
102 0.31596169 0.30343299
599 -0.77228316 -0.76312591
409 0.86253328 0.85954888
786 0.34093250 0.34094616
780 -0.09019855 -0.06479695
138 0.25148543 0.23820863
812 -1.51164952 -1.52521969
395 0.42533799 0.45104150
521 0.05301952 0.05446143
272 -0.08891772 -0.06434502
831 0.94328184 0.93071973
562 0.86421743 0.86988340
406 -1.63907521 -1.63083421
746 1.17380397 1.18770040
903 0.86368184 0.88507994
823 1.26931092 1.27121446
573 0.50639938 0.50296913
785 0.46539505 0.47378293
311 -0.19654749 -0.17039786
900 -0.68527519 -0.69046857
15 -1.44142129 -1.46238141
28 0.25819013 0.26460378
10 1.70167591 1.66446846
642 0.32128737 0.31127351
282 -1.52242761 -1.54431816
516 0.40889243 0.42360841
740 -1.23623034 -1.24397517
331 -1.71001180 -1.72264714
431 -0.55073607 -0.54332774
203 0.25437118 0.25107361
711 -0.06795982 -0.06643450
662 1.69794145 1.68160556
463 1.66752042 1.66760833
588 1.66546847 1.66247470
314 -0.64479074 -0.62653818
243 0.37650226 0.38385033
953 -0.45727345 -0.45710144
761 -2.14840570 -2.14502853
429 0.11397102 0.12579686
118 -1.62785990 -1.63453375
583 0.25048870 0.26390658
427 -0.77110703 -0.79370590
38 -0.08012936 -0.06881036
771 -0.87080173 -0.89537507
293 1.26903944 1.26304834
775 0.20232335 0.22058614
452 -0.36492264 -0.37336203
698 -0.51037282 -0.51231058
423 -1.38663033 -1.39570366
448 -0.39125264 -0.35285892
341 -0.49761545 -0.51816437
621 0.26749689 0.28434768
303 1.46188723 1.46160740
445 0.31106669 0.32424134
687 -0.29651390 -0.28210593
561 0.88495252 0.89133495
100 0.94264963 0.93649826
978 -1.25053040 -1.26316251
133 -0.31124180 -0.31618867
244 -1.43640379 -1.43781855
271 -0.28958836 -0.29841371
888 -1.61691764 -1.65128964
300 0.78118351 0.78886324
817 0.51666996 0.50434753
518 1.05034500 1.05251998
538 0.42461661 0.42440641
81 0.33607114 0.34000715
290 -0.34787772 -0.35127261
880 -0.95272487 -0.97534564
899 -1.60040658 -1.60401488
275 0.69425286 0.70219960
744 0.92742684 0.92953269
605 0.48718835 0.50177471
765 -1.04503886 -1.03995491
73 -0.20823607 -0.18739333
811 -0.22030710 -0.23181406
240 1.11344254 1.10529276
762 -0.98353786 -0.98241467
49 0.15458653 0.15813005
335 -1.38420894 -1.38482878
787 -0.10382555 -0.09054615
416 1.11650011 1.12505659
156 1.20199765 1.19536485
127 -0.95403821 -0.95475953
381 0.81449134 0.80699486
294 0.42589092 0.43754505
134 0.52508814 0.51731002
266 1.40205090 1.39988045
310 0.11378961 0.11424933
804 -0.47959797 -0.48723920
221 -1.14790844 -1.14478700
555 0.83395803 0.80441981
167 0.96261082 0.94326570
821 0.52010586 0.52569855
245 0.75308616 0.77028387
968 0.93107512 0.93700464
757 0.74992794 0.75937322
113 2.17535990 2.14040374
242 0.94909609 0.92869297
326 -0.85729332 -0.85330039
482 0.98021220 0.98246908
497 -0.58315493 -0.58796314
161 1.31128329 1.30875860
201 -1.75299044 -1.74208509
563 0.52029721 0.52835304
8 -2.27916510 -2.33209975
173 0.22451481 0.23907851
997 -0.99287042 -0.99856597
669 -0.02444315 -0.01577166
779 0.59700361 0.60342716
9 0.88257204 0.91185150
856 -1.59428597 -1.60897903
128 0.49516637 0.49116121
715 0.84276340 0.84010523
204 -2.17135050 -2.22263036
664 -1.43505720 -1.41943863
35 -0.55389807 -0.56302191
946 0.39110561 0.39437630
344 -1.23765795 -1.25856533
858 -0.86725084 -0.86373001
105 -0.56054308 -0.54664242
151 -1.81765280 -1.83237443
541 -0.25586831 -0.24431679
6 -2.03907493 -2.07014631
501 -0.01003472 -0.02555318
895 -0.29677523 -0.32025786
14 1.45495101 1.45663969
345 -1.80744499 -1.81800374
195 -0.15406716 -0.12746860
352 -0.59230306 -0.58025286
570 0.33784670 0.35324516
828 -0.77818185 -0.77463029
729 1.19312614 1.18593572
477 0.08516491 0.09905840
982 0.27347321 0.27461038
432 -0.31062316 -0.30928298
719 -0.58990816 -0.60464732
772 -0.82071522 -0.81040734
885 -0.57548006 -0.55122021
389 0.01426525 -0.00451362
500 -1.49488741 -1.49292280
972 0.62509366 0.61363446
297 -0.60962148 -0.59811421
735 -0.38768746 -0.38779393
401 -0.51811123 -0.52054396
506 0.66171343 0.66324051
29 -0.17060800 -0.15793828
90 1.02816274 1.01794420
730 0.87704056 0.89201579
852 0.51170801 0.52854974
246 -0.13978955 -0.15171859
951 -0.22467089 -0.22092370
840 0.33198205 0.35259742
306 0.53000392 0.55602696
598 -1.23325033 -1.24417186
399 1.01197031 1.01743702
950 0.07403404 0.09217557
750 1.35024472 1.33148179
942 -0.34658810 -0.35476656
568 -0.23566553 -0.23873069
873 0.28097444 0.28242519
319 0.91953033 0.90640427
224 1.47990740 1.46000366
543 1.09880907 1.09592377
793 -0.43312646 -0.43333667
305 0.04773157 0.05448394
999 -0.43036372 -0.42972725
589 0.45034333 0.46792033
674 0.72274087 0.71513816
640 1.04289144 1.03235279
983 -0.24034681 -0.20024275
532 2.48418034 2.42037262
16 0.21335815 0.21743569
478 0.32170153 0.31552844
952 0.07353175 0.06885303
832 -1.77879465 -1.77506380
613 0.70470550 0.72101090
819 1.34435379 1.33501408
278 -0.48715437 -0.46749352
911 -0.53154554 -0.51357182
954 0.78094872 0.78944835
842 -1.03505237 -1.02838648
526 -0.26642642 -0.24842369
170 -0.57864220 -0.56978490
193 -1.50783901 -1.54246861
347 -0.97352540 -0.98165225
996 -0.05688416 -0.04754972
208 -0.71529878 -0.72403630
222 0.98057895 0.97783917
39 -1.83451630 -1.86711462
941 0.58085905 0.58230620
547 -1.25083344 -1.24472753
890 1.17196932 1.18110172
190 -0.22701648 -0.23292486
909 -0.18411746 -0.18309863
494 1.28110501 1.27157815
672 -0.69335495 -0.70697954
41 0.04326733 0.04979379
377 -0.41314723 -0.40897504
769 0.19801891 0.21774439
53 -0.94896694 -0.93169276
385 -0.66978006 -0.66265889
169 -0.21256705 -0.22453722
449 -0.75101439 -0.74413375
380 1.08891886 1.08323092
995 -0.12957041 -0.11304462
65 -0.13721265 -0.11067464
178 -1.66361813 -1.69882489
627 0.51971853 0.53866114
517 -0.38102098 -0.36891636
71 0.37738606 0.38859884
353 1.14246147 1.14003508
421 -0.15482650 -0.14887825
981 0.64339003 0.65333097
893 0.01811373 0.02715733
481 0.96966120 0.98163256
86 1.37258231 1.37845239
349 0.66287397 0.67370873
708 0.86704423 0.86629195
268 0.39804874 0.40139035
213 1.50128305 1.49311154
887 0.38383122 0.38498124
197 -0.45853548 -0.45437828
404 0.54473138 0.55778425
120 2.75738797 2.69655380
838 -2.09580583 -2.10338034
976 -0.74861482 -0.74022470
392 -0.21714496 -0.21040539
400 -0.87205136 -0.87071497
525 -0.44737837 -0.44522253
414 0.67216478 0.67690145
382 -0.28419008 -0.28440091
960 -0.05877448 -0.04684860
781 -0.47727216 -0.45714993
476 0.03995072 0.06351042
670 0.47960576 0.48268167
393 1.09823849 1.10524962
180 0.53124787 0.53567784
234 0.11987537 0.10789068
835 0.92829305 0.93056832
383 -0.82676253 -0.81865362
928 0.74167566 0.75966191
861 1.49908374 1.48276813
460 0.89511470 0.89866357
313 1.20841970 1.19121418
612 -1.45314371 -1.46177264
192 -0.18033031 -0.17874529
546 -0.13455160 -0.12478600
680 1.28289200 1.27259446
70 -1.87474672 -1.88334171
855 0.22008895 0.22717984
803 -1.34248544 -1.34380867
77 -0.23830227 -0.25106840
372 0.87618469 0.90611443
89 -0.73886470 -0.71699939
373 0.08823848 0.08680058
987 -0.84804041 -0.85091974
557 0.13140610 0.14411477
131 -0.97109273 -0.95175257
519 1.47272943 1.45991496
857 -0.15632716 -0.14598116
618 -0.70562922 -0.67775944
548 1.91166404 1.87928691
720 2.19949749 2.15584858
23 0.59774353 0.60972879
922 -1.00088838 -1.00855922
805 1.70315703 1.68866213
237 -0.25460365 -0.24562784
998 0.40570668 0.39722143
829 -0.38185329 -0.38336525
140 -0.08999959 -0.09234819
677 -0.49234381 -0.47537434
397 1.44993111 1.42542138
882 -0.62019286 -0.61648621
656 1.39900163 1.38784763
66 1.27709296 1.27998340
357 -0.21645649 -0.21329456
556 -0.39977460 -0.38116776
177 -1.41569111 -1.43241794
502 -0.48199783 -0.48851956
4 -1.70253298 -1.70418813
549 -0.19237068 -0.18799757
424 0.84024753 0.84772583
153 0.69957167 0.70165603
936 0.13616571 0.12765922
469 0.19380417 0.20254554
947 1.03814315 1.02897049
718 -0.58242184 -0.56699448
602 -1.13138222 -1.09255173
251 -0.37157983 -0.36042231
595 -0.64018496 -0.64329843
80 -0.14846151 -0.14455499
30 -0.28060527 -0.28993114
721 -1.93025883 -1.95754247
96 -0.28527020 -0.28329483
121 0.99054972 0.99421047
265 -2.04833561 -2.08108969
970 -0.45709447 -0.46113540
371 1.13862040 1.12970875
378 0.07224158 0.08604466
390 -1.32079220 -1.31585372
792 0.37951594 0.38288348
101 -1.86314139 -1.88032923
597 0.61124633 0.61181587
144 -1.61300386 -1.60585144
44 0.07347027 0.09350086
706 -0.23485623 -0.21707212
354 0.29162176 0.28332523
702 -0.63560988 -0.64098315
359 0.17152558 0.19226662
768 -0.87900262 -0.86706658
369 0.62942982 0.63701189
164 1.56043266 1.55790274
912 0.45656141 0.47334256
227 -1.32520106 -1.33277099
25 -0.03341188 -0.00189987
328 1.34625067 1.34784615
256 -0.56766734 -0.54830915
696 -1.34068251 -1.35307420
926 -0.63770893 -0.61723288
283 -0.66284014 -0.65562785
76 0.06554438 0.08420490
339 -0.92940214 -0.92196586
277 0.81633931 0.79772025
625 0.02321360 0.04341921
351 1.50374430 1.48685573
202 1.01965897 1.03897744
689 1.81827341 1.79174796
302 -0.78196059 -0.77873079
263 1.62468646 1.62976582
50 -0.59755174 -0.58257009
632 0.62503203 0.60632398
139 -0.48690983 -0.46966681
755 0.13830151 0.15859756
315 -0.46196468 -0.43712402
802 0.74586728 0.75596522
843 0.95533349 0.95856855
214 0.46745222 0.45830589
107 -2.00988552 -2.00582047
537 -1.00392719 -1.02636879
215 0.12249790 0.13678579
974 1.26144915 1.23573108
337 -0.15343196 -0.13816031
681 0.72374953 0.72638517
559 0.47620216 0.47335786
132 -0.68395913 -0.68155800
801 0.77891069 0.79440921
601 -0.67412034 -0.68130161
155 -0.14511199 -0.12737315
937 1.35948185 1.36825861
188 0.10264785 0.10354215
966 -0.39075358 -0.38714583
223 1.66741704 1.64871768
250 1.45522403 1.47556975
57 -0.97374533 -0.99010377
782 -1.17765655 -1.19060366
725 1.30119925 1.29825416
985 0.09455357 0.10210210
734 -0.07704754 -0.05868028
844 -0.93585543 -0.96386804
545 1.50879721 1.50793052
163 0.97136921 0.99628660
610 -1.15758922 -1.16737444
75 -0.35317939 -0.34935243
185 -1.87093164 -1.88740991
186 -0.36561206 -0.34722709
774 -0.54984877 -0.53391826
808 -0.90600350 -0.92306224
181 -1.35627987 -1.35008557
122 1.74649522 1.74335145
685 0.65441931 0.67334470
238 -0.97355890 -0.96273651
233 1.79201299 1.76543358
391 -1.57160300 -1.57484736
63 0.63009016 0.62313432
707 0.60569257 0.60291028
99 -2.29062878 -2.29187053
986 0.30779585 0.30220974
333 -0.80092895 -0.80505326
566 -1.58391002 -1.59399529
934 1.17186917 1.16681047
473 0.23220123 0.23357123
896 -0.74702093 -0.74306103
320 -1.39335233 -1.40190084
512 -0.10381695 -0.11086262
59 -0.90576994 -0.90973874
637 0.89476381 0.89249379
961 1.07495721 1.06935691
112 -0.11983448 -0.13006082
956 0.37410945 0.36512017
464 0.60183202 0.60812976
231 0.01584841 0.04127564
408 1.59588015 1.58364126
441 -0.87415485 -0.86743133
991 -0.60366370 -0.59317007
480 1.83525297 1.82276600
631 -0.93001987 -0.92762250
85 1.76701386 1.75153911
360 -1.41879627 -1.41503957
262 -0.40534710 -0.41539881
609 0.34533560 0.34678892
534 0.25635026 0.26860722
716 -1.57795093 -1.57417924
822 0.58045865 0.59161639
18 -0.19142410 -0.18651339
159 0.77083028 0.76781158
376 0.18569017 0.18307137
398 0.34002046 0.36411755
67 0.73198118 0.70440696
467 0.72553656 0.73081199
493 0.66649154 0.67324114
839 0.08464965 0.08360253
342 -0.33481811 -0.34033466
622 -0.14430066 -0.14531750
129 0.16039193 0.15404770
194 1.11400382 1.10098729
742 0.05190073 0.06103217
206 1.36904039 1.35238684
364 1.48420528 1.49065767
869 -0.23741758 -0.20809768
673 0.72142596 0.73204449
108 -0.99746113 -1.00699702
975 0.19683137 0.22380350
184 0.49500782 0.51506548
260 -0.21091953 -0.18280861
58 -0.10154622 -0.10557090
226 0.55102769 0.55502665
540 0.69398049 0.71103499
405 -0.15508277 -0.14321102
587 0.89742411 0.90715477
646 -1.08458265 -1.09214739
921 -1.18042733 -1.18235124
572 0.87581108 0.86819131
51 1.63672553 1.62948647
923 0.06578663 0.07697680
891 1.37796902 1.35598274
932 0.46981038 0.48629500
307 -0.46767117 -0.45568195
695 0.49663904 0.49711686
841 1.35201829 1.36219238
455 -0.19514172 -0.20056035
95 -1.19389912 -1.17959809
867 -0.44290260 -0.41496734
872 -1.63225435 -1.63046786
420 -0.12616846 -0.11509594
309 0.82573389 0.82824055
209 -0.82692625 -0.81939024
123 1.11602923 1.11366217
145 0.87864514 0.88271627
174 -0.49190484 -0.47727397
739 0.56972803 0.58828942
797 -0.00747880 -0.01398866
596 1.26771150 1.26145759
430 0.43384072 0.44050237
292 0.41533133 0.42142062
948 -1.39232043 -1.42236464
930 -2.47938022 -2.51687955
580 0.20898501 0.18233983
671 0.10221743 0.09939290
818 -0.07314955 -0.05880776
600 1.27109408 1.26575959
365 -0.78609866 -0.79403302
916 -1.44727096 -1.44477192
450 -0.76411025 -0.75661770
586 -1.43069309 -1.44946420
27 -1.03046379 -1.02278268
881 -1.26202136 -1.26210118
616 -1.37386169 -1.38133786
709 0.01370615 0.01924164
254 1.35597586 1.34036745
939 1.77576177 1.76626859
259 0.30374111 0.32885889
962 1.99098899 1.97470418
160 -0.79812616 -0.79904752
914 -1.29329038 -1.31115379
723 -0.10560687 -0.10826773
988 -0.44887013 -0.43833143
539 0.45488188 0.46515126
487 -0.64891010 -0.65409697
617 0.90985185 0.88973459
980 -1.64939723 -1.68715770
807 -0.63888599 -0.63779738
777 -0.09669460 -0.08248135
760 -0.37057908 -0.36441365
19 -1.09559768 -1.08001279
330 1.39168698 1.39238111
60 -0.43940303 -0.42219267
332 2.41942971 2.40210649
758 -0.06693377 -0.04751022
915 0.47157018 0.45443669
228 0.46895878 0.47637594
690 1.34372878 1.32531023
219 0.30186321 0.29935962
853 0.09570597 0.08946752
569 -0.79437489 -0.79808565
36 1.12117285 1.13645929
211 -0.67306335 -0.65371230
979 0.06982418 0.09282331
386 1.51497383 1.49366436
847 0.35063597 0.35610596
146 1.22211997 1.23404514
713 0.33197584 0.31465714
636 -1.58574159 -1.59348037
55 0.34016142 0.36038287
388 -1.33062672 -1.33626956
196 -0.86293908 -0.86817151
778 0.19465592 0.21322327
836 -1.32667589 -1.33267224
52 -0.25490121 -0.22304050
551 -0.05668739 -0.05543846
624 1.20606616 1.20332805
614 0.25729813 0.25937799
157 0.94494398 0.93657779
874 0.30184259 0.30311566
296 0.08909291 0.08285995
428 -0.88621387 -0.88867044
110 -2.56327155 -2.60477150
859 1.34801777 1.35955382
56 1.29603247 1.29711774
442 1.63580893 1.63355815
694 0.53509202 0.53608458
3 0.32059681 0.31802965
179 1.11232911 1.11167268
654 -1.57395465 -1.60884532
158 0.31297629 0.31795670
644 -0.78258164 -0.79473778
639 -0.65480938 -0.64909287
910 -1.72811805 -1.76868602
608 -0.48662086 -0.48813479
550 -1.02877546 -1.01009917
977 -0.38600893 -0.38070008
863 0.62705183 0.65833533
498 1.83389790 1.81591022
663 -1.15573508 -1.15295206
454 -1.71746507 -1.74134260
957 0.94754116 0.95093131
955 0.17487073 0.19912169
276 -1.00184920 -1.00574024
529 0.01715507 0.01521080
379 -1.97116997 -1.99290246
97 1.38180850 1.36734202
691 1.41356929 1.41094055
660 0.00348945 0.00127203
149 0.76285867 0.75972107
247 0.11809191 0.12976089
109 -1.68727003 -1.69777201
32 -2.19968508 -2.22170426
703 0.36257684 0.37376207
878 -0.08344329 -0.08911330
346 1.01078825 1.02155557
603 -1.25511648 -1.24954045
513 -0.45048872 -0.42833915
72 -1.09566936 -1.10009182
374 0.68855517 0.68108762
61 -1.01734359 -1.03727338
544 -1.28123027 -1.27675611
205 -0.07738273 -0.06815843
11 0.74327632 0.72266117
443 -0.91185103 -0.91074260
686 -1.67104043 -1.69491050
710 -0.76738371 -0.77239713
794 -0.25207013 -0.26208802
141 1.83176523 1.82501864
789 -1.61770360 -1.63289594
862 -1.73465934 -1.74989429
784 -2.21787563 -2.23324040
317 -0.65418115 -0.64770042
796 0.53921470 0.55645247
175 -1.21582829 -1.23473873
949 1.16808297 1.15409423
106 1.10600304 1.09861259
475 3.40196775 3.29441903
717 0.94839494 0.95898605
468 -2.31884259 -2.36027889
142 0.61123564 0.61522948
634 -0.41697295 -0.39752252
412 0.25461596 0.25317742
523 0.38105099 0.37815535
17 1.16056981 1.13728941
628 0.25946101 0.27110771
864 -1.32701808 -1.31702154
643 -0.40841858 -0.39463068
84 -0.77580905 -0.76729775
304 -0.31491523 -0.32839017
446 1.92072522 1.88923977
355 -0.66467976 -0.64436083
945 0.70285777 0.71319262
653 1.29057678 1.26830696
854 0.35222609 0.36898331
187 -1.57407821 -1.59717582
620 1.13647103 1.13498704
474 0.52222118 0.50666974
666 -0.83000375 -0.83869439
652 -1.22039326 -1.22623383
530 -0.59570148 -0.58480574
536 -0.33977003 -0.34410377
845 0.93716745 0.92618385
938 -0.10318077 -0.10429694
892 -2.33663403 -2.37880497
119 0.95319153 0.96636975
825 -0.21256750 -0.19784216
898 1.37073816 1.37996628
667 -0.50824846 -0.49846726
752 -1.03223237 -1.03123864
741 0.77352264 0.77018343
499 -0.26781932 -0.25557439
150 0.62554675 0.63910742
558 -0.23606195 -0.21271390
879 -1.38613487 -1.39634686
217 2.00457852 1.97113764
756 0.11134039 0.10667953
422 -0.19860371 -0.19897476
280 0.52057465 0.54334888
152 1.08092428 1.08040055
285 -0.60619048 -0.60851002
810 -0.10035983 -0.09482351
198 -0.89597491 -0.89571340
959 -0.55727823 -0.54653398
800 0.72263854 0.73362786
554 0.47210135 0.48118441
298 -0.32818170 -0.32335778
635 1.20716945 1.21195171
301 0.36204393 0.34629873
78 0.52059791 0.53534885
495 1.09157841 1.06899456
387 -0.02383857 -0.03630716
329 0.29216784 0.29978327
22 0.59462920 0.61049637
564 0.89394188 0.88903489
668 -0.25732076 -0.23791543
456 0.42902921 0.44430244
336 -1.47253168 -1.44794560
648 2.90103332 2.86256388
682 -1.24144636 -1.23759133
410 1.03224263 1.02162897
199 -0.37712141 -0.36774204
905 0.97950916 0.96624520
649 -1.62394964 -1.61977829
287 -1.18461297 -1.18139809
361 0.95234014 0.94854950
665 1.26735931 1.26550391
935 -2.13832240 -2.17010409
220 -0.84218677 -0.83141586
733 1.77129226 1.72559250
74 -0.22917608 -0.22343211
531 -0.80062995 -0.79886729
897 -0.57847083 -0.58730321
489 1.45471890 1.44038715
5 -1.80133820 -1.81290053
809 -2.63977979 -2.65573104
490 0.63822624 0.64321335
114 0.09669191 0.10159207
166 1.12108542 1.11639761
124 -1.76889221 -1.78781136
571 -0.99421301 -1.00358617
43 -0.36254181 -0.36090120
908 0.67947326 0.68629473
48 -1.59062638 -1.61453079
200 0.39404171 0.40082828
535 -0.09263787 -0.10201228
216 -0.14054681 -0.13361810
316 1.11383966 1.11359900
83 -0.99728035 -0.99193437
745 -1.64038051 -1.65761040
438 0.27143090 0.26476739
447 -0.75064605 -0.73798460
325 0.05685577 0.06764829
286 1.10892775 1.09089538
737 1.84690427 1.81655530
860 -2.46719940 -2.49895353
20 0.31488888 0.33242730
236 -0.39413919 -0.40067244
210 -1.49590807 -1.48979662
318 0.18549846 0.19878594
232 0.41708159 0.39684450
126 0.02682138 0.03398216
458 -2.33547498 -2.37555977
261 0.73939086 0.76192007
907 0.60626017 0.59952363
7 0.99626094 1.00421991
753 -0.27295816 -0.25211478
465 0.98704956 0.97633159
575 -1.99589981 -1.99533792
117 -1.31126954 -1.32008215
764 1.23688362 1.24594158
212 -0.92161724 -0.91367919
312 0.86701864 0.87380579
820 0.06442037 0.07179736
257 1.06411028 1.04758109
103 1.10289040 1.09889808
444 0.09988790 0.12716014
46 -0.50399789 -0.47527514
269 0.56303550 0.58037872
162 -0.31984224 -0.30871353
435 1.74655437 1.70894257
533 -1.20034478 -1.22062113
964 0.53370568 0.54082775
91 0.52626742 0.52789248
267 -0.52593555 -0.52320245
253 0.43026371 0.41551683
434 0.38509027 0.39456134
868 -0.43687270 -0.39779341
604 -0.73295312 -0.72842344
584 0.72322666 0.72536058
619 1.14759609 1.13334086
486 0.04219084 0.03968560
68 0.95987407 0.96222574
154 -1.41977784 -1.42143008
0 0.23436223 0.23242601
323 -0.45436364 -0.44579598
508 -0.39769676 -0.40594592
457 -0.54832595 -0.55194419
704 -0.38733289 -0.38582428
871 0.00602743 0.00871328
462 -0.06653625 -0.05829053
906 -2.29279882 -2.31304203
367 0.75433403 0.77406490
229 -1.26046748 -1.24843819
850 0.21349339 0.23195842
883 0.42279692 0.43329571
655 0.43852692 0.42572040
413 -0.00849192 0.00561931
902 0.09796522 0.11325481
759 1.11442609 1.10365797
241 -0.88768509 -0.89259105
693 -0.25893498 -0.25158616
927 1.78552047 1.77410670
496 0.00596471 0.02878127
135 1.89190221 1.86105164
417 0.83551967 0.83702301
130 0.88156955 0.85602495
751 0.92713822 0.95762936
714 0.17453673 0.17332909
171 0.38469713 0.39874858
824 0.58217725 0.59663445
865 0.99424910 0.98559472
579 0.93984877 0.94549708
451 1.67988877 1.67245719
403 -0.08831220 -0.08623134
688 1.38831479 1.39424783
47 -0.10497292 -0.09235602
92 0.02536267 0.04654912
363 1.45875073 1.47513205
919 -0.10970317 -0.11338989
87 2.30266451 2.28674230
2 1.86778509 1.85332189
527 -0.00603659 0.00453449
552 1.35917121 1.35596504
886 -0.51365997 -0.49571892
524 -1.02248156 -1.03418600
471 2.43404887 2.39517171
633 -0.21369996 -0.18604669
288 0.90465019 0.90832766
295 -0.47218878 -0.46209807
592 -1.46046576 -1.48319955
924 1.05279840 1.06852146
969 -0.22015780 -0.21819600
33 -1.37916745 -1.37743913
754 1.53583860 1.52098865
484 0.01902009 0.01749307
626 0.35953100 0.36702986
350 -1.23429589 -1.23727418
522 0.22013939 0.24467092
21 2.07668112 2.08104064
925 0.26601532 0.28550510
629 -0.83569755 -0.81910760
137 0.00102254 0.01641145
279 -0.85919160 -0.84444054
511 0.07020281 0.06470636
849 -0.79101521 -0.74012977
607 -0.46334793 -0.48402691
814 0.21906558 0.23347933
362 -0.59592519 -0.58735650
870 -0.51873131 -0.49578626
565 0.24069064 0.24386812
736 0.38822339 0.37864206
125 0.61861083 0.62412270
647 -0.79743977 -0.78099740
650 0.69736197 0.70440749
773 -0.68763733 -0.68629396
590 -0.73395443 -0.69983596
375 1.54722717 1.52506362
641 0.39393227 0.39001861
884 0.58876306 0.60134026
727 0.74399277 0.74654693
585 0.25991191 0.28009257
510 0.30654107 0.32593075
940 -0.05592059 -0.06183688
338 -0.14662413 -0.13638522
358 0.35379653 0.34547947
528 0.58446553 0.58541360
816 -0.77967853 -0.76415521
79 0.26158334 0.28044904
218 -1.30144062 -1.30234330
993 -0.32208629 -0.31938584
795 1.56632682 1.55029638
411 -0.63622765 -0.63714421
901 1.98186917 1.97214551
439 1.27697487 1.26940522
249 -1.19443354 -1.19218756
274 -0.56053595 -0.56201974
679 -0.16342242 -0.17334451
440 0.89590660 0.89386400
64 -1.48721848 -1.50881014
963 0.18623565 0.18324583
638 0.28903790 0.27915445
111 0.09973248 0.09660799
783 -0.66015899 -0.66442233
384 0.38692005 0.39546147
766 0.92799891 0.93719475
776 -0.95165054 -0.95785812
183 0.76753106 0.79657832
252 -0.42101805 -0.41030121
994 -1.09874420 -1.08335746
168 -1.11043535 -1.11305645
837 -0.79368970 -0.80952821
45 1.82536639 1.82237679
402 -1.73163855 -1.74692826
990 0.07892661 0.08099154
763 1.96093715 1.94177538
615 0.71231682 0.71856200
929 -0.97800842 -0.95298969
69 1.60416324 1.61565205
931 0.07922507 0.08225678
726 -1.58067889 -1.59702325
40 0.42833085 0.42731266
12 -0.18920342 -0.16969007
479 0.80132522 0.80655146
407 0.86866944 0.87301304
321 0.08414005 0.10195807
453 -0.51578503 -0.50157030
747 0.57655371 0.58422211
509 1.15137911 1.14771413
676 -1.02157527 -1.00518724
877 -0.48539089 -0.46074254
581 -1.81589528 -1.85371362
705 -0.15374394 -0.13241861
542 -0.65729235 -0.66611067
147 0.05718142 0.06226022
846 2.08740101 2.04851760
591 -0.12415617 -0.12260533
593 -1.28039081 -1.28331484
505 1.34504738 1.34841436
830 0.54111690 0.54547680
834 -0.54583540 -0.55251240
82 0.03386311 0.04669991
645 -0.56895950 -0.56948750
661 -0.32414202 -0.32286252
700 0.05972209 0.07979338
967 -0.19927201 -0.19250454
826 -0.22560753 -0.22416099
576 0.29966102 0.30920466
322 -0.49325102 -0.47675167
264 1.02351907 1.01722466
426 -0.30924910 -0.31490431
88 -0.93901477 -0.92650299
504 -0.11835376 -0.12563578
630 0.05884395 0.04955012
466 1.79823802 1.77099432
104 -0.90260254 -0.89731412
191 1.27802005 1.26700294
418 -0.68091588 -0.68845043
806 -1.49293770 -1.50280128
913 -0.43920989 -0.42383538
1 -1.96220357 -1.96895371
356 2.60804179 2.57037300
770 2.13494896 2.12511032
284 -1.26972228 -1.26900785
368 -0.46215837 -0.47697390
749 1.24169124 1.23121165
623 -0.53433214 -0.52740099
459 0.46980765 0.48554895
308 0.67096596 0.66962941
731 -0.50437299 -0.51919056
165 0.72713245 0.74317238
684 0.16314199 0.17939078
611 1.31617208 1.29468095
989 0.46317486 0.45048049
26 0.99553409 0.98050789
984 -0.15281243 -0.14187924
172 0.24261018 0.23033955
918 0.17922468 0.16120409
239 0.70784497 0.70059515
299 2.25394310 2.23697772
594 -1.39486563 -1.39895135
93 1.07226022 1.06196717
366 -1.82447589 -1.84437745
965 1.54700351 1.53577605
396 0.18894466 0.20280878
488 0.87957049 0.88865582
348 0.66275350 0.67542964
273 0.68313531 0.67961421
904 -1.64591839 -1.66644579
31 -0.65003023 -0.68115339
34 -0.24668397 -0.25297915
235 -1.33511307 -1.34231587
827 -0.43331448 -0.42013735
813 0.74864210 0.74225801
697 -0.39095393 -0.38590302
659 0.00214725 0.02968478
42 -1.96792368 -1.96666984
433 1.85506420 1.84064025
791 -0.25967022 -0.24927365
425 -0.62648389 -0.60802722
207 -0.61960762 -0.61555387
507 -1.06612878 -1.05930391
743 0.29838536 0.30187222
343 0.58921486 0.61061380
606 -1.84895723 -1.88801122
894 -0.84538104 -0.82983809
560 -1.27434548 -1.29704153
577 -0.04465443 -0.05494426
790 0.18720011 0.19406875
833 0.96668166 0.98273482
992 -1.14090786 -1.11754376
503 1.44042887 1.43150105
582 0.20346998 0.22074308
933 -0.81718880 -0.80317009
189 0.94126951 0.95719807
483 1.37647532 1.36359978
722 -0.50145802 -0.50379563
94 -2.44968768 -2.50248982
54 0.65238545 0.63897015
248 0.74581723 0.74613503
176 -1.65254309 -1.68396356
281 -0.60522728 -0.59522308
255 0.65740402 0.67443859
683 -0.49607668 -0.50439400
943 -0.37632210 -0.34665951
436 -0.53709657 -0.53761096
520 1.16831911 1.19221822
971 1.04269457 1.02062697
920 0.74296334 0.73940380
37 0.99522803 0.99143543
728 0.31527620 0.33028506
461 -2.34365589 -2.37869039
889 0.19062190 0.19544288
738 -0.05203190 -0.03161879
289 -1.08408157 -1.09726572
798 -0.80381585 -0.80733001
851 -0.13593252 -0.14285552
415 -1.81325188 -1.83845641
334 -0.60972434 -0.60037344
701 -1.35055817 -1.36100733
394 -1.30364122 -1.28619601
767 0.80293134 0.81113699
848 -0.78931182 -0.75029223
24 -0.52871814 -0.54283915
788 -0.89385797 -0.85999702
973 -0.68045395 -0.71536861
876 -0.41071010 -0.39449198
657 0.99281748 0.98170605
327 -0.26648865 -0.24348294
291 1.73939002 1.70997259
815 -1.02601429 -1.02887578
553 0.30922091 0.30494430
574 -0.43138371 -0.44359912
485 -1.31862405 -1.32367894
514 -0.27674406 -0.28120740
712 0.18782089 0.18726306
492 0.27126455 0.27954607
62 -0.12514529 -0.12097499
98 0.79390480 0.77324430
578 -1.62102042 -1.63111373
799 -0.05367913 -0.04291393
