23 1.66039754 -0.57327983
46 0.27363325 -1.63916699
45 1.07372141 -0.55132380
41 0.30252405 -1.30639598
15 0.73333942 0.28875008
66 1.60841584 -0.81337800
75 1.89565118 1.29470231
54 0.72493918 -0.68580646
79 -1.11810732 -0.38751723
57 -1.26607404 -0.96219277
53 0.90057543 -0.83621582
72 0.49948448 0.56599088
99 0.86974438 -0.42719010
93 0.01434756 -1.39615857
22 -1.43022744 -1.28622933
49 -1.05157370 -0.25713800
94 -0.06696620 0.01105290
14 0.29415560 -0.71917033
71 -1.50127067 0.97878723
8 1.05540324 0.61773762
12 -1.08523162 -0.29999931
92 0.88811548 -1.54902659
88 0.60621758 -0.33991052
47 -0.84949555 -0.69326435
38 0.35332881 -1.04456831
6 0.83381550 -0.29202046
84 -0.97558899 -1.11713133
78 1.54248302 -1.30471579
51 0.91101919 0.45826352
30 1.34306573 0.60038892
44 -0.28269147 0.09322337
5 -0.42298131 -0.39957147
50 -0.09441934 -0.05420571
85 1.62633916 -1.47200153
97 0.96143393 -1.74845499
56 -0.09798158 -0.55383190
89 0.80498405 0.87859783
62 -0.86041408 -0.09981088
28 -0.39227167 -0.35178250
18 1.36815594 0.17674663
29 -1.79767993 0.53373163
63 -0.59769535 0.37838945
19 -0.22390032 0.56177632
91 -0.45713086 -0.28669877
55 0.01624958 -1.06766734
37 1.28068120 0.52995981
69 0.04484874 -0.43489298
80 -0.78453348 -1.05776259
16 0.28575843 -1.05125289
21 -0.71041415 -0.43279293
98 0.83557082 1.65110268
48 0.63895071 0.76372013
11 -1.28556536 -1.54133331
17 -1.93703534 1.03248703
26 0.72683323 2.56979666
90 -0.87280785 -0.19460813
61 -0.25490444 -0.89562219
82 -0.60832996 0.76769494
70 -1.00001955 0.46864421
74 0.07320377 -1.22633743
42 0.01025153 0.86082750
10 -0.88792917 0.54296564
31 -1.78983883 1.42596945
33 -0.46459241 0.63659309
0 -1.68281500 -2.40327025
36 0.59746591 -0.32442213
58 0.08286551 0.26470654
40 1.79471834 -0.78980007
52 -0.23929720 -0.71739201
59 0.46672437 0.70827824
81 -0.18212972 -0.10902275
43 1.24202837 0.25300281
95 -1.07010343 1.22549811
24 -1.55763132 -0.15329418
34 -1.88944251 -1.45853570
65 -1.29975539 1.00776433
39 -0.98865325 0.24494500
67 -0.81845195 0.45826404
25 -0.16115931 -1.21366188
3 -0.44193444 1.22989581
87 -0.93377866 0.24357289
13 -0.67002384 -0.69863769
83 0.93396003 -0.10653088
76 -0.16080291 1.21562686
27 -1.11315970 -0.25939669
60 1.43823653 -0.94886567
35 0.02775063 1.35205756
2 -1.29241332 1.52326616
64 1.10528163 -0.58178332
1 1.30551200 1.31958904
32 1.61130277 0.55455721
86 1.04515741 0.49875472
20 -0.97602809 1.05213685
68 -0.35720470 2.23517980
9 1.66701315 0.00634181
96 0.21974259 2.00109289
77 -1.18024400 0.20078500
73 0.21616646 1.59462819
7 0.89776516 1.01997677
4 0.47337090 2.21722020
