18 -0.62175221 1.28749044
21 1.68579272 1.17049285
28 -1.15503504 -1.68584532
16 1.78213994 -1.79451098
1 -0.23395161 -1.56984440
25 0.60231720 0.01622269
22 1.29178665 1.18071509
3 0.99677192 -0.08452796
12 -0.47491894 0.07586616
14 0.38376060 1.13934094
15 -0.67967071 0.37882973
10 -0.17522015 -0.09337116
13 -0.06412026 -0.56143277
11 0.20682593 -0.28438667
2 -0.56023773 -1.25228161
24 -1.33141954 0.62314061
26 -0.06147527 0.84106814
9 0.23646109 0.76134500
8 1.33397633 0.14916425
29 1.46954494 0.87170137
5 -0.59250069 -0.25581740
27 -1.01872620 -1.56707775
17 1.17366230 1.24879252
19 -0.94125119 1.12427005
0 1.03766739 -0.09668137
20 0.26725579 -1.83842618
23 -1.74787580 -0.53472781
4 -1.18878665 0.27963672
7 -0.26217547 0.92732570
6 -1.35884534 -0.45647091
