225 -0.78967037 0.87012136
658 -1.51689438 1.41608705
419 0.96862996 -0.83384478
143 -0.54230640 0.66538442
13 -0.66371678 0.61898937
472 0.53628600 -0.58976972
437 -0.66015972 0.68709427
724 -0.71663477 0.76286924
599 -1.01385215 1.04029529
775 0.27755552 -0.27823457
675 -0.08317950 0.09359679
944 1.28102699 -1.33319995
340 -0.07877789 0.09162313
115 0.10145611 -0.19405284
491 1.00776347 -1.01366758
272 -0.23698694 0.28767446
917 0.58240115 -0.54803533
812 -1.98792927 1.86518540
258 0.18809859 -0.11629630
470 -1.61649951 1.55539736
515 -0.34281578 0.46196246
780 0.05333160 -0.08258130
651 0.49624801 -0.38956353
817 -1.05374109 1.08918524
678 -0.65881464 0.74214245
136 -0.53098766 0.60193264
699 0.66046504 -0.62787921
230 -1.01907753 1.06973462
370 -0.24788928 0.29709479
138 0.54731000 -0.53996483
100 -0.71474469 0.77796062
182 0.78396021 -0.80315067
746 -0.20564960 0.23826248
692 1.51251458 -1.45393260
875 0.40645096 -0.36869336
10 -0.44730708 0.37894322
567 -1.66658647 1.55836240
621 0.91755419 -0.93280142
448 0.67332443 -0.65262857
116 0.31168782 -0.16034419
134 0.45082576 -0.41887532
573 -0.75481051 0.78768950
866 -0.85204940 0.86347120
203 -0.87910940 0.88098302
324 0.33357111 -0.22950860
711 -2.26475622 2.21612679
662 -1.12925925 1.16684356
81 -0.78749265 0.77579209
687 -0.52555535 0.50207848
978 0.81705563 -0.78539249
167 -0.49610752 0.50160873
282 0.56708720 -0.59474882
900 0.39970810 -0.36216995
605 0.95186624 -0.83527779
406 0.75114482 -0.77391335
148 0.62112342 -0.55383233
748 1.85355680 -2.00056449
35 -1.08063711 1.06384810
946 0.63082307 -0.63397881
102 0.61385294 -0.55834129
996 -1.24348009 1.23045971
785 0.74290993 -0.76274631
497 0.28349710 -0.24877188
293 0.22846204 -0.08777270
761 1.11779140 -1.06333662
463 -0.82808104 0.88105035
521 0.38775711 -0.34549108
732 0.19030085 -0.16939656
516 -0.81692071 0.92558938
303 -0.00925016 0.02860902
429 1.04074886 -0.96505608
888 -0.18069751 0.08866720
105 1.10507103 -0.98338184
270 0.36685181 -0.29568817
903 1.35082389 -1.38148192
588 0.03410860 0.10572550
958 0.51902488 -0.42571678
744 -0.95106926 0.97136417
583 1.23791184 -1.28230386
401 -0.74375209 0.77775189
314 0.89289051 -0.82605708
15 0.03357587 0.02908035
895 -1.09862448 1.07228378
326 -0.17567490 0.08209625
38 -0.52943486 0.50106571
49 -1.90380025 1.74631947
204 -0.12667963 0.12838515
266 0.21358761 -0.16753301
297 0.61130403 -0.53314119
840 -1.04149554 1.05655946
240 1.18850401 -1.21775495
423 1.58747685 -1.67779339
242 -1.04967164 0.93968581
395 0.38035895 -0.43397898
416 0.33513613 -0.29642250
562 -0.34040802 0.38156843
735 -0.34212600 0.36908127
452 0.73002225 -0.69790984
271 1.20026449 -1.25808247
664 -0.72552377 0.81417923
757 1.29266955 -1.27141170
90 -0.24159366 0.20305704
831 0.48898502 -0.47489864
300 -2.03501343 1.93407256
306 0.28507296 -0.26487247
698 -0.48300855 0.48289521
294 0.96346194 -0.99486970
771 -0.24005324 0.19017063
953 -0.55256576 0.51395094
997 -2.09630707 2.08250615
842 -1.14977996 1.17478494
409 -0.42675564 0.45544895
133 0.57043676 -0.54696710
305 0.15915220 -0.12848839
28 0.40068171 -0.43373658
251 0.60392467 -0.59035750
669 0.00011494 0.00754398
823 -0.69037054 0.79713756
427 -0.60112207 0.51699203
899 -0.98240831 0.99726136
278 -1.06061022 1.07348707
245 0.67801414 -0.70942385
880 2.02627650 -2.20954620
431 -0.99891006 1.01688547
975 -0.32306579 0.30640976
781 -0.74860969 0.80235866
972 -0.30367745 0.26860724
890 0.82544257 -0.73203121
341 0.01084825 -0.01765176
947 -0.22656894 0.24508968
843 0.04454665 -0.04141687
221 0.68969469 -0.67909810
545 0.19551357 -0.28533349
981 -0.09330840 0.13918384
311 1.49588923 -1.44687646
538 0.08656998 -0.17533853
389 -0.51318353 0.52128987
541 1.49704354 -1.54771052
787 -0.08242332 -0.01736619
313 0.45428568 -0.35203430
44 0.28746385 -0.30713484
561 0.05224382 -0.09362476
502 -0.33804081 0.30754334
432 0.50133685 -0.46053406
344 -1.25726640 1.22329584
765 -0.62734138 0.63767200
369 -0.00717672 0.04551761
352 0.98065902 -0.93020117
118 0.41791096 -0.42043230
16 0.69385786 -0.63588474
968 0.83165787 -0.74722875
310 -0.77342717 0.75223136
445 1.33789431 -1.44345355
477 -0.13075704 0.05628778
786 -0.84266766 0.96152043
838 2.20754869 -2.31295239
618 1.12573306 -1.13441132
911 0.79473083 -0.82741959
482 0.95649983 -0.95152049
244 -0.52834708 0.59340309
518 -1.07896395 1.13860792
378 -1.42124402 1.38667584
243 0.49758684 -0.58831770
680 0.37399239 -0.37605725
173 0.11452720 -0.13461334
354 0.67624600 -0.69577894
331 -0.26933407 0.32541044
86 -0.34828092 0.36484323
893 -0.49537310 0.46285364
986 -0.97412945 0.98308453
640 -1.24266586 1.20539269
672 -0.06152790 0.06641669
856 0.15645044 -0.15724170
952 0.56649710 -0.53419080
811 0.26046213 -0.26354442
357 -0.11473490 0.16227284
275 -1.74076410 1.69988006
349 0.76327955 -0.67018712
127 -0.16552721 0.13712067
73 0.19613661 -0.07430802
500 0.77399496 -0.73862671
674 -0.55462795 0.54482327
494 0.59862657 -0.46693271
942 0.78350461 -0.79029357
532 1.72613007 -1.80064783
155 1.12482352 -1.18379518
613 1.21669936 -1.22056909
642 0.32167301 -0.31381668
598 -0.50732885 0.53163346
9 -0.53741477 0.55701457
195 -0.76268972 0.74577093
601 0.57690301 -0.58030622
941 -0.14408048 0.20146362
190 0.08271081 -0.01652214
547 0.72218553 -0.67460538
525 -0.49162769 0.47667401
627 1.09529470 -0.99883127
256 -0.39207261 0.43806032
677 0.05006559 0.06885773
153 -0.46258065 0.49828960
670 -0.70340613 0.64150089
208 0.11836814 -0.15463432
501 -0.02037311 0.02365289
543 -0.90441218 0.91190130
835 -0.82402090 0.85607760
351 -0.88187915 0.78682090
449 0.49380628 -0.54942596
302 -1.18527189 1.16086674
887 -1.04705259 1.00933106
57 -0.30362922 0.20903228
214 -0.16695232 0.20161809
8 1.73366487 -1.86847390
399 -1.20334401 1.20912098
928 0.94166683 -1.07505579
178 0.74721004 -0.77920099
821 -0.47643194 0.45532973
89 -0.75283540 0.75744891
421 0.45234051 -0.47915490
730 -0.62328005 0.66042552
954 0.37655271 -0.37719637
156 -0.52729536 0.67647541
740 -1.01300082 0.99909640
506 1.14823388 -1.09966811
345 1.42418254 -1.37074423
113 0.40120365 -0.38364374
805 0.94519211 -0.92670855
478 -0.79217162 0.83257707
829 0.26001903 -0.29885165
519 1.45067278 -1.50679997
263 -0.62541369 0.60157023
404 -0.61054358 0.62815066
328 -0.13056761 0.17280655
151 1.36651096 -1.31745464
602 -0.88834489 0.98277004
476 -0.39102964 0.39898994
715 0.00692585 -0.02846074
729 -1.21005921 1.11127533
380 1.21550049 -1.18014017
6 1.74538394 -1.74063956
381 0.78290009 -0.70554148
392 0.34456768 -0.23427501
373 0.02051848 0.01247001
268 -0.74310309 0.67595100
708 0.27247076 -0.24548126
227 0.59080474 -0.51061066
882 -1.04594288 1.04469929
450 -0.31531665 0.26086034
772 -0.24820702 0.26540138
858 -1.46275961 1.49889122
25 -0.26387501 0.27271141
197 -0.29749253 0.35700681
792 -0.27898845 0.24938555
960 0.21221390 -0.25437877
804 -1.30221505 1.19852746
400 -1.69083027 1.73658268
222 0.29052356 -0.34678546
998 -0.34755462 0.33740964
170 0.82060070 -0.84778753
71 0.80740681 -0.80219810
193 -1.89862087 1.83661468
70 -1.09826061 1.11401065
353 0.16821569 -0.16569838
128 0.95812006 -0.92146843
762 0.79318552 -0.69353714
983 0.34164094 -0.33110947
339 0.18015230 -0.05622030
616 0.18234678 -0.14832637
873 1.35501402 -1.46377039
290 1.22337140 -1.22948957
844 1.61127698 -1.70282516
852 1.39702222 -1.38595959
41 -0.54479379 0.61707354
140 0.48266652 -0.43178668
546 0.61558591 -0.53611178
53 -2.36795561 2.28055847
568 0.05834648 -0.06236427
161 1.43647819 -1.39512286
556 1.09340103 -1.10316944
213 -1.45110325 1.46627296
163 0.69148878 -0.65091355
383 1.13992040 -1.12922230
637 -0.20355390 0.16697786
769 0.51333628 -0.53028784
999 -1.26169909 1.28350056
557 0.42470381 -0.40910049
120 -0.25372561 0.15847524
408 -0.39674601 0.39558763
337 0.31733046 -0.34353722
107 -0.57582759 0.62097135
175 -1.06819503 1.07182512
719 -1.43277764 1.43091622
335 0.35011558 -0.32775469
139 1.62885848 -1.73804247
14 -0.78081937 0.76923026
718 -1.94010204 1.82625089
819 -0.22140273 0.21478097
359 -1.73888248 1.63210588
398 -0.23210292 0.25469736
481 -0.68960391 0.64018195
77 -1.69860047 1.62999399
951 1.14871691 -1.15599839
803 1.08659450 -1.10850858
414 0.01510383 0.08337202
76 -0.49311927 0.57376592
750 0.21498251 -0.14384356
696 0.45590483 -0.51536994
970 -1.86788516 1.85209818
950 -1.14223491 1.17159650
405 0.50538806 -0.50320478
855 0.66051218 -0.67014593
39 -1.27074582 1.25742394
75 1.39790863 -1.41526543
201 -1.18747994 1.24772081
549 -0.40163168 0.44292693
99 1.57895074 -1.57331462
206 -0.31290225 0.33734587
382 -0.96223800 1.00343583
4 1.30249155 -1.32144315
364 0.22729952 -0.13811349
822 1.04982738 -1.04567469
991 -0.81456066 0.78008202
315 -1.86615162 1.82640773
332 0.71146330 -0.81230207
656 0.99216123 -1.00353273
101 -0.57889776 0.65841621
23 -0.55522924 0.65636967
169 1.47466561 -1.45922817
60 -0.48081658 0.41623005
885 -0.44145769 0.44752382
832 0.38371061 -0.34754435
566 -0.61572824 0.67143967
723 -1.56216634 1.52486961
246 1.20580216 -1.21887427
29 -1.81612861 1.79976234
912 -0.06322600 0.18363335
779 -0.31959359 0.28129918
188 -0.23694786 0.24479381
319 -0.03323125 0.01066865
706 0.58796143 -0.56065518
66 0.82438381 -0.79619553
930 -0.65188712 0.65788863
625 -0.18125296 0.24934555
987 1.27409246 -1.30847871
265 -0.72427553 0.70930556
985 -0.52460304 0.57274720
529 -0.96281298 0.98837178
841 0.92443789 -0.87207665
123 -1.17190011 1.16560582
386 -1.10170645 1.10735772
922 0.01132423 -0.00535550
177 0.62563034 -0.67238853
857 0.04151602 -0.10882388
693 1.58902242 -1.75551865
721 0.22653862 -0.21786033
570 -0.44894259 0.38456556
202 -0.60917549 0.64546484
412 0.79781320 -0.87381227
725 -0.05231560 -0.03596920
424 -0.31297864 0.29965425
555 0.81820435 -0.83466506
563 -0.66387894 0.63642514
982 1.12887428 -1.14813465
65 1.13725901 -1.14830338
50 0.42172300 -0.43375202
793 0.22953051 -0.21970289
460 -0.99844396 0.98258784
164 0.54606273 -0.48927352
548 0.65650090 -0.65752489
517 -0.45416627 0.48455478
755 0.84374938 -0.73235679
934 0.77962630 -0.82489816
976 -0.31203167 0.37072182
760 0.07608382 -0.05154222
30 1.19038429 -1.13162689
283 -0.47531593 0.55766018
526 0.81850380 -0.76728973
909 -1.64405986 1.49889597
129 1.17113594 -1.16616969
881 -0.27925581 0.30227946
595 -1.34835383 1.33883669
385 0.69309220 -0.69858714
867 1.25658904 -1.30068983
572 -0.10895037 0.23241121
589 0.09174135 -0.01685960
632 0.72875697 -0.72231382
131 0.23328029 -0.19157379
464 -0.30855181 0.35841844
671 0.72272831 -0.72267505
537 1.34838682 -1.40441962
480 -0.51547724 0.51630443
157 0.20746870 -0.21335533
608 -0.03022907 0.12276797
995 -1.43218209 1.43109446
939 -0.91659957 0.89602251
32 -2.19997648 2.04931041
121 -0.41377130 0.52192479
859 1.53430686 -1.57515123
720 0.52139606 -0.49222707
467 -1.77051069 1.74707638
624 0.28774791 -0.27077800
756 0.80466575 -0.80675618
250 0.37274903 -0.29747052
936 0.63521725 -0.57991093
703 0.53651229 -0.62931103
247 0.77773264 -0.73264712
192 -1.59612108 1.61476358
309 -0.48155276 0.39842593
807 -0.16775991 0.14006155
63 1.07748068 -1.05742237
95 -0.86920027 0.88434850
559 0.32631716 -0.24680535
237 -0.23000864 0.25175965
580 -0.86798566 0.79331659
966 0.16917368 -0.09009570
597 -1.22359213 1.26914272
839 -1.36490029 1.22418781
861 -0.76195251 0.75935404
342 -0.61208962 0.59782927
144 0.44265892 -0.45600253
393 -0.64395935 0.58740449
617 1.36688413 -1.39163341
292 -0.01124248 -0.02359729
896 1.95428648 -1.96940896
797 0.72118386 -0.70870298
420 -0.23766661 0.27640603
612 -1.29807011 1.26856563
186 0.30807209 -0.30994502
768 -0.72552326 0.72637259
639 0.33857600 -0.27907743
473 0.29220786 -0.27483860
702 0.31319308 -0.38840222
51 1.57907877 -1.54133643
18 -0.80288675 0.84301176
685 1.00355525 -0.97378050
689 -0.23700387 0.25078688
682 1.17581545 -1.09971801
774 1.42096764 -1.47520993
96 1.64451716 -1.61651965
318 -1.63178501 1.62728640
117 0.21229700 -0.11283853
681 0.82437899 -0.65615683
644 0.73844117 -0.79022861
782 -0.03349094 0.12143002
196 0.61164398 -0.48578050
937 1.94745342 -1.92698301
673 -0.88586260 0.91107587
347 -1.72584383 1.66849559
442 0.63029955 -0.60241532
277 -0.26680805 0.35539081
371 -0.59896668 0.70333666
716 0.19207773 -0.08472726
898 0.90993488 -0.96922876
962 -0.01337902 -0.02904496
487 -0.87777506 0.86362408
828 -1.56950759 1.48980993
224 -0.39024222 0.43430906
142 -1.28353319 1.26793468
636 0.95018638 -0.92374984
397 0.12176604 -0.15332766
948 0.86364114 -0.78524713
11 -0.33985581 0.30490823
587 0.57544483 -0.58239910
854 0.49462278 -0.36776376
469 0.49612469 -0.45343435
534 -0.98752998 0.95804286
646 -1.23485657 1.30925675
579 1.28802370 -1.30245634
234 0.48962840 -0.53117268
390 -2.33302998 2.29744884
238 0.14463663 -0.14210873
194 -1.26863558 1.26706528
707 0.84659745 -0.86497655
276 1.30016555 -1.31236345
663 -1.38609698 1.35811502
742 -0.45719486 0.35945141
422 -2.40603843 2.28293929
956 1.38792235 -1.31541008
56 -0.58456698 0.56901852
330 0.88185452 -0.89280938
847 0.12369293 -0.08099580
97 1.36272379 -1.24761135
709 -0.12628254 0.18264395
734 -0.75323948 0.81142054
961 0.04773871 -0.05700414
320 0.91673170 -0.94168309
668 0.00109168 0.05972019
67 -0.05859838 0.09251233
58 0.84328890 -0.82868387
741 -0.43703364 0.45496772
596 0.22295356 -0.17864381
36 0.36181250 -0.36606142
307 0.56415489 -0.51823121
223 0.14829990 -0.13004022
874 -1.43774936 1.41196466
869 0.03935029 0.00235298
262 0.98610908 -0.93847089
891 -0.01774780 0.07999149
631 0.01503215 0.01050903
710 0.74113038 -0.77391652
108 0.49080632 -0.47844275
132 -1.07209925 1.06876779
360 -1.99937700 1.95046506
512 2.52258689 -2.69532459
794 -1.75729465 1.62215282
59 -0.02279308 -0.04702851
586 1.18579432 -1.30759744
333 0.31341244 -0.29179274
391 -1.26319481 1.22110156
648 1.07164111 -1.12454897
184 1.51992155 -1.55798638
777 1.17562653 -1.12408635
910 0.37672913 -0.33807530
200 0.33640129 -0.32173152
430 1.21920584 -1.19143157
808 0.66744203 -0.65435784
27 0.09387227 -0.00000923
914 0.96351491 -0.87927142
902 -0.59006319 0.57805188
43 -0.94128771 0.99476330
801 -1.49337695 1.48029493
254 1.28758117 -1.41696025
219 1.00000780 -0.98662215
474 -1.09602155 1.06694781
713 1.51755161 -1.53224920
493 0.55295287 -0.57406917
892 0.35848685 -0.37711240
622 -0.97621271 0.99925007
7 -0.05657771 0.05268505
112 1.53865221 -1.61868818
974 -1.44830544 1.39024213
610 -1.10402061 1.09965795
145 0.13895468 -0.14660739
820 0.66339684 -0.65567283
745 0.08779402 -0.10105916
654 1.17011092 -1.15867469
809 -0.54360252 0.60231763
174 0.19786260 -0.17185660
530 1.54201702 -1.48534717
372 0.67746476 -0.53569788
74 -0.08940406 0.11922109
690 -0.24136294 0.21597078
377 0.25004986 -0.31420405
304 -0.30452212 0.30648660
137 0.05452162 0.00200205
159 0.07324119 -0.09319423
146 -1.36833863 1.32354529
717 -0.98596451 0.95908851
609 0.58395946 -0.56744238
52 1.78462747 -1.81760672
758 0.59198050 -0.45528246
181 0.92192704 -0.88487593
784 0.77914247 -0.75419894
600 -1.11897905 1.06887156
550 2.12140663 -2.22857341
853 -0.06102329 0.06137976
923 -1.25442253 1.32443448
80 -0.63158174 0.62896500
468 0.02046026 -0.09342197
802 0.28626605 -0.27083939
863 -0.26566717 0.35753241
376 1.74987480 -1.78112750
83 -1.75058314 1.63531333
211 -1.11613347 1.07322645
55 1.60436463 -1.63497532
428 -1.56415815 1.47169013
231 -0.96180853 0.92654789
17 0.81813102 -0.80851793
569 1.05114897 -0.92381163
733 -0.83552992 0.81948866
447 -1.10460145 1.09424000
539 -1.72622382 1.70478470
926 1.64172673 -1.61708129
150 -0.34550157 0.43354661
162 -1.15747497 1.18590286
921 0.76253246 -0.80729088
438 -1.43401531 1.43540181
122 1.20514288 -1.22126341
845 -1.77986562 1.78690326
796 -0.56350604 0.66830708
752 0.30234618 -0.24055127
317 -0.11846133 0.14201936
233 0.30262666 -0.28622189
374 0.59467845 -0.46534443
20 -0.86092392 0.94857777
686 0.20591465 -0.23180229
988 -0.29847841 0.30602953
456 -0.66124143 0.62169498
216 -0.16730818 0.21881186
3 0.65321773 -0.59851909
215 -1.34924503 1.32773857
46 -0.62835009 0.73159211
280 2.32231589 -2.46211872
269 0.56499178 -0.58427374
346 -0.36539459 0.47919069
152 -2.28671091 2.18623871
980 -0.68295840 0.72689383
825 -0.36331774 0.33384375
915 1.21855202 -1.12843014
695 0.12040147 -0.10958990
759 0.90130199 -0.87066621
667 -0.11581728 0.17506499
850 -0.11904115 0.12542645
259 -1.40878888 1.38068555
209 0.52846438 -0.45147574
91 0.82466668 -0.78045736
643 0.18814375 -0.14269334
363 1.43656863 -1.56521006
737 -0.53183552 0.53502310
154 -0.43015531 0.43838787
945 2.74383409 -2.98371331
179 -0.86127097 0.81642103
551 -0.80471293 0.76981448
72 -1.01781560 1.07432636
454 -0.22155694 0.22002188
773 -0.72189277 0.78566871
836 -0.87917529 0.90246275
818 -0.64437757 0.68170681
0 2.19957122 -2.35294563
296 -0.83694561 0.80773780
932 -0.15725392 0.12571559
141 0.68840471 -0.76098138
232 -0.36509122 0.35569777
228 -0.53115761 0.55787881
455 -0.45448986 0.47680353
800 0.72416678 -0.74816151
158 0.40534682 -0.49107488
620 -0.27680057 0.25653516
205 -1.28087352 1.18040133
229 1.09887331 -1.09105340
298 -1.20576267 1.22873875
5 -0.02361901 -0.02988900
694 0.21811873 -0.13279812
22 2.02007926 -2.18079209
955 0.39500039 -0.37819607
498 0.91247620 -0.94249030
564 1.29979703 -1.28948952
603 -0.37141353 0.38173399
862 -2.26216415 2.12948541
316 -0.91530833 0.80358413
879 1.66171918 -1.66138465
652 -0.49753616 0.53046028
308 -1.25828846 1.31502286
92 -0.83353919 0.86437584
443 -0.87733917 0.90845383
287 -1.07596575 1.03034105
778 -0.49815585 0.53150712
739 0.97736072 -0.92024059
180 -1.19979542 1.13714282
753 -0.36477518 0.34130270
379 1.42022037 -1.35812319
367 -0.81883101 0.78618202
109 -1.11844092 1.06119081
85 -0.85862686 0.88887052
441 0.51538637 -0.53309960
325 -1.87980280 1.82622316
878 -0.59695624 0.60161182
522 -0.40750697 0.42567573
814 1.33875657 -1.39651112
149 0.97542025 -0.98095150
160 -0.00659151 0.02742554
949 -0.74070987 0.75983330
19 0.12740993 -0.04081364
106 -1.24236982 1.29676206
426 -1.77563827 1.70690927
185 1.98645469 -2.00772282
68 -0.58268292 0.51110392
524 0.64723503 -0.59947642
361 -0.17987385 0.20911229
84 -0.90769069 0.89852731
187 1.15470081 -1.18487251
604 1.00226089 -1.03037615
615 -1.30121253 1.25769209
61 1.76384299 -1.78066369
336 0.11846311 -0.08152219
660 0.30407245 -0.33482865
540 -0.66724532 0.68458631
634 -0.47235710 0.44676493
977 0.69683067 -0.72041344
860 0.58119449 -0.54618920
285 -0.84791901 0.81756570
908 0.96701201 -0.96233304
864 -1.00373558 0.97413236
484 0.32156168 -0.33203035
558 -0.63825757 0.64260119
884 -0.42375580 0.40195538
979 0.62086748 -0.62742213
114 -1.44275857 1.35293985
927 0.14036389 -0.15932230
511 0.90480883 -0.91703829
410 0.93012927 -0.90206454
218 -1.06543426 1.00645078
210 0.13751491 -0.03896039
957 0.49469083 -0.59412421
365 0.33293597 -0.37210637
688 -1.58271227 1.54615804
47 -0.99731898 0.99492173
126 0.77777558 -0.77900771
329 -1.18912550 1.16444808
446 -1.25173236 1.18888018
897 -0.64765704 0.68373355
650 1.17265040 -1.17095194
217 0.61691294 -0.50110240
508 -1.23689428 1.18325903
731 1.38116222 -1.35838737
226 -0.71675894 0.72382857
789 -0.46605728 0.48790323
198 0.33725579 -0.22866773
665 -0.79076139 0.79243610
257 1.30270502 -1.32978971
552 0.33048561 -0.37843808
78 -0.93491813 0.92883207
868 -1.15333952 1.17134143
575 -1.08901417 1.11527573
403 -0.48103429 0.37247487
312 -1.68147891 1.63038373
907 -0.02245824 0.06068227
475 0.10367495 -0.05675263
714 -2.81315312 2.69742831
236 0.68583075 -0.63419072
286 -1.24217329 1.19257599
110 1.05305479 -1.01225239
495 -0.18767717 0.18542521
635 1.45328455 -1.54149446
704 2.66625266 -2.84094404
883 -0.43676213 0.56829211
199 -2.20330610 2.20746456
614 1.59053136 -1.57710113
79 0.00373062 0.11990789
402 -0.43057631 0.48661756
490 -0.87919563 0.84877193
691 -0.62785553 0.65687349
554 0.25853495 -0.20469310
649 -0.51956293 0.56466720
565 0.53141521 -0.51150342
444 -0.28014814 0.31797526
938 -0.30852085 0.29179051
751 -0.34636068 0.38030455
253 1.16535067 -1.20996092
513 -1.21929929 1.27368296
824 0.55528725 -0.51217319
69 -0.89573323 0.88016511
220 1.04971701 -1.05692965
384 0.95790823 -1.02034943
458 -0.50306407 0.57720150
940 0.00394112 -0.03388821
810 0.17954624 -0.17395186
535 -0.44346597 0.31204160
103 0.07570643 0.00681203
790 0.93218481 -0.98569454
166 -2.46385322 2.36114697
462 2.45956204 -2.55475237
338 0.19661072 -0.07193392
261 1.82879994 -1.84675335
533 -0.66104421 0.71293206
111 -0.09208287 0.07833430
64 -1.25764452 1.28543263
21 -0.46759821 0.52438444
356 0.31891473 -0.21203877
872 -1.05412313 1.06983720
527 0.86592386 -0.85880089
584 -0.34267923 0.34439448
666 -0.14779237 0.23404860
653 -0.46748734 0.38213047
1 -0.18933119 0.26040446
531 -0.22146351 0.31964552
119 1.38630665 -1.47970542
288 -0.18886458 0.16704638
248 -1.30160445 1.19473739
770 -0.18396897 0.16604667
871 0.48651887 -0.35182121
387 -0.17910801 0.18147314
48 -1.07384398 1.06017804
130 0.04713163 -0.00533491
536 0.01775958 -0.06210603
279 -1.32207750 1.29053175
388 -0.10767952 0.14467190
301 -0.62459872 0.56423152
260 0.93106801 -0.82079716
916 1.98109372 -2.08727281
764 0.16543390 -0.10622244
295 1.29111421 -1.37497593
147 -0.05937756 -0.00045799
499 0.63094275 -0.61963166
87 1.31512085 -1.35463017
267 -0.88368369 0.87747257
165 0.20608522 -0.20393857
919 -0.14606940 0.12339377
465 0.28825508 -0.27379533
816 -1.41700968 1.38932877
626 -1.63951239 1.70723049
407 0.25433367 -0.34102886
924 -0.22577146 0.25455002
434 1.10191006 -1.07046286
479 -1.38898039 1.39105290
571 -1.35477907 1.29359977
124 1.76673633 -1.84517260
638 -0.47810289 0.50835831
486 -0.18580106 0.34776115
489 0.45351133 -0.34448108
212 -1.33605773 1.37406906
776 -1.82966830 1.85238811
727 -1.91888433 1.77480029
647 -1.39456362 1.37773437
628 1.43003851 -1.33541324
929 2.57195573 -2.66281051
901 -0.21270645 0.19931172
281 -1.22165377 1.24192499
964 -0.89645198 0.99238683
355 -1.20030446 1.17058135
471 -1.15247587 1.07662005
504 0.00792576 0.03526591
411 -0.46125857 0.58371185
590 0.99896063 -1.01646152
619 -0.67610365 0.67047165
661 0.91325505 -0.85609964
655 -1.06175605 0.96348498
763 1.38037207 -1.47951729
935 1.15732918 -1.22133946
496 0.51774471 -0.58561248
274 2.62024798 -2.80756136
45 0.34197453 -0.35404162
544 -1.12258052 1.13563535
366 -0.19646473 0.20900376
594 -1.40922226 1.46385332
659 -0.69335681 0.74299006
931 -1.26735667 1.18926002
542 -0.46728388 0.51827691
241 0.89522562 -0.84986734
747 2.30871276 -2.40555277
676 0.12343000 -0.15738548
967 0.67598716 -0.68226395
523 1.12130486 -1.12739875
592 2.11851247 -2.16664020
191 0.38928067 -0.44086163
135 0.35716971 -0.31928257
171 0.66951706 -0.75616665
577 0.69192069 -0.74262711
435 -0.36551665 0.38633405
870 -0.11092043 0.08475434
697 -0.38698189 0.43284792
417 -1.15811812 1.04210973
846 1.92372253 -1.95737371
925 0.00524264 0.10363817
607 0.45474724 -0.48133293
849 1.35261696 -1.21844096
865 1.62617378 -1.69861959
886 -0.76513190 0.79679297
358 0.55840790 -0.60888526
375 1.91966635 -2.00070193
834 0.55633572 -0.57527602
413 2.25429092 -2.36530209
906 0.14903478 -0.13670503
457 0.90231195 -0.82821967
82 -0.55671803 0.59826377
969 0.06017721 -0.07013137
350 0.39403541 -0.27728795
249 0.56536235 -0.60487655
993 1.21593905 -1.19510718
93 0.26420486 -0.20511294
837 -1.75947351 1.74713302
2 0.33216775 -0.40143479
963 0.68709319 -0.69161378
705 -0.61190286 0.70272987
321 -1.54952870 1.56425843
252 2.25062737 -2.32131995
510 0.88590352 -0.86634619
368 1.33608418 -1.37237766
453 0.08658390 0.03308194
813 0.63831536 -0.58938592
641 -1.53202476 1.54532429
466 -2.28479277 2.21827552
439 -0.52733075 0.62032653
905 0.30702543 -0.38590891
323 -1.12386488 1.14939076
629 0.90277904 -0.83202440
593 0.78249397 -0.73719687
754 -0.46568791 0.50854724
125 0.84224349 -0.91398928
451 2.15104922 -2.32564037
581 1.57525473 -1.54079934
959 0.53410379 -0.51298674
889 -0.18991061 0.15887132
877 2.08963965 -2.23613614
684 0.74098821 -0.64220814
24 -1.13691893 1.02998339
783 -0.06526944 0.02799233
965 0.17704545 -0.21414907
440 -0.17118007 0.18193101
33 0.61513594 -0.62224697
749 0.42828194 -0.42817088
630 -1.34868822 1.26073714
992 -0.44726119 0.47064688
994 -0.85661029 0.87681112
798 0.20173864 -0.25663562
104 -2.33802504 2.20777825
633 0.16624086 -0.05003870
795 -1.92372223 1.77810200
576 -1.70845990 1.55459253
343 -0.18085008 0.26425751
743 0.16040936 -0.12964731
505 -0.12203315 0.13922424
40 1.78021742 -1.87923376
766 -2.44840511 2.32443763
488 0.44880242 -0.47448909
183 -1.29995440 1.34196967
585 1.39633688 -1.37619427
894 -0.07892455 0.11946309
806 1.20184796 -1.26735190
284 2.06820809 -2.16616293
12 2.62385286 -2.71067462
851 -0.16444704 0.13537990
913 -1.77104541 1.75278466
322 -0.07166367 0.08440460
507 -0.69172619 0.73123247
736 -0.59676982 0.50603531
88 1.10507603 -1.14509831
264 1.66310282 -1.71204903
34 2.32125026 -2.38321593
700 1.31625005 -1.35744193
520 -0.75158864 0.75828344
396 1.55140873 -1.62978986
189 1.72847540 -1.77417592
289 -0.18276367 0.21116398
273 -1.31430179 1.24300748
728 -1.71080677 1.67157154
503 -0.75987107 0.80743401
984 1.43906350 -1.43522700
827 -0.16223041 0.13745812
528 1.76250239 -1.87005267
26 1.80251648 -1.93800468
606 -0.02248176 0.03974794
348 1.56474169 -1.46241066
830 -2.34931891 2.18076332
623 -0.84066546 0.76730057
327 -0.05118061 0.14739613
415 0.11290095 -0.10108768
168 0.16083746 -0.15073413
94 -1.46189710 1.40556482
722 1.26601870 -1.30159803
425 0.07059237 0.00807512
578 -1.60801828 1.55340231
611 -0.49786038 0.47928615
235 -1.13637115 1.13250989
362 1.48303969 -1.40560151
918 0.42369129 -0.36104587
990 -0.21520191 0.21362917
679 -0.60222292 0.60265747
418 0.99651680 -0.97123965
788 -2.01845141 1.92532715
591 0.40112612 -0.33647475
943 0.69073516 -0.80854011
239 -0.89450566 0.86269607
833 0.03580664 0.04731977
207 -0.94185463 0.88252931
560 -1.04779485 1.01477239
459 0.47066010 -0.48251444
31 -0.36375175 0.42095527
726 -2.37561250 2.28355797
767 -1.73886981 1.68852251
826 2.01190711 -2.04108728
54 -1.15660837 1.19032032
509 0.78847923 -0.81382618
299 -1.45150579 1.47529840
483 -0.61593408 0.67223777
904 -0.36704366 0.39336167
436 -1.23427375 1.24257892
394 1.12050011 -1.12900762
973 -1.96301978 1.95822741
989 -1.84256506 1.64684079
701 -0.98934804 0.94262352
553 0.76968042 -0.80977033
920 -1.99771253 1.90718081
172 1.10050162 -1.14967421
582 0.57361632 -0.57338435
176 0.31194444 -0.28530062
433 1.44737732 -1.45720500
42 0.76882131 -0.61469375
255 0.37304399 -0.41528328
291 0.26729172 -0.33703877
37 0.69308356 -0.54863736
683 1.14192026 -1.17817364
791 0.08010373 -0.13392575
334 1.51687467 -1.51230546
492 -0.04180398 0.06366751
657 0.52329432 -0.50648511
712 -1.71293559 1.70456369
876 -0.40697407 0.51084212
461 -0.29803134 0.28499142
514 0.85930649 -0.86536629
62 1.45629858 -1.47909942
98 0.47192816 -0.50601773
815 -0.88797023 0.92452472
645 1.44210369 -1.49512674
971 -0.62832839 0.61888203
799 -0.56898329 0.52621551
933 0.18108422 -0.13006636
848 -0.69198236 0.63066141
485 -0.58921267 0.61484480
738 -1.05279855 0.99675478
574 -0.04829778 0.11101236
