225 -0.70411984 -0.62425357
419 -0.24011145 -0.22676478
13 -0.27196185 -0.18858080
472 -0.14272940 -0.08026720
658 -0.47855459 -0.46397694
270 0.33820920 0.39372007
370 2.14487109 2.11237329
100 -1.15013236 -1.12092815
437 -1.12290595 -1.18347901
143 0.31155432 0.29844396
817 0.01710258 0.02656803
812 1.82880402 1.65261843
115 -0.85992288 -0.88230424
182 -0.12212118 -0.16715706
272 0.99178512 0.98263857
866 1.27334014 1.26934235
675 1.55694118 1.53690485
491 -1.01957291 -0.93909253
406 0.70974218 0.73516825
775 0.11300937 0.11068060
724 0.07843055 0.17924416
136 0.72728582 0.75303303
621 -0.18342535 0.03198054
599 -0.31113657 -0.27870743
583 -0.85554854 -0.81604761
917 -1.19954464 -1.35134459
669 1.34326920 1.25325840
692 -0.82263837 -0.92512723
470 -0.77131179 -0.77510673
297 1.07586780 0.97297583
944 -0.80327642 -0.82746263
167 -0.39838331 -0.28276325
903 -1.31192384 -1.30559409
521 1.49723014 1.30140080
294 -0.07517744 -0.03481645
258 -0.06567370 0.05376045
452 0.48094971 0.45249106
678 -0.11852723 -0.07892546
567 0.43161401 0.39653066
102 0.54724397 0.56688805
515 0.73291826 0.78482979
10 -0.24934928 -0.22025861
946 -0.28566060 -0.22875837
134 -1.28513879 -1.43943957
573 1.12988763 1.01898530
588 -0.87426898 -0.83288943
230 0.99488333 0.94060132
148 0.80045381 0.75485601
324 -0.48241159 -0.50251574
28 0.18957691 0.22263267
340 -0.54935765 -0.47049603
855 0.75587058 0.70413072
698 1.11541342 1.05049319
395 -0.02830337 -0.03661360
875 0.11496676 0.22807714
311 -0.03572028 0.05064738
266 -0.04825059 -0.09827676
732 0.23450368 0.41178740
203 0.12335569 0.24727686
978 0.68028738 0.70087355
672 -1.04026339 -1.10218587
326 0.58585384 0.59535492
642 1.02930839 0.96635071
651 -1.12716374 -0.97986756
699 -0.32990722 -0.38550799
427 1.09724005 0.98360172
771 0.06192269 0.03015757
997 0.48103548 0.63530139
477 0.05564040 0.01214869
543 -0.24163594 -0.00154268
831 -0.39661148 -0.32700004
899 1.40549054 1.31670920
448 -0.66094861 -0.60198836
786 0.23706006 0.21229906
423 1.20352503 1.08487829
35 0.70236359 0.73164056
290 -0.82218300 -0.75473246
765 0.13759221 0.23294317
282 -0.10260467 -0.12062558
15 -0.10002185 -0.08992110
38 0.87727379 1.02136972
746 -0.95350285 -1.02682658
116 -1.23439551 -1.24526452
313 -1.66018931 -1.87004580
482 0.00958600 0.01392749
133 -0.91426425 -0.89490196
293 -0.34918471 -0.28419064
243 0.30797838 0.33919453
431 0.40072952 0.46511733
389 0.37197894 0.36064205
305 -2.19819367 -2.34231137
900 -1.22996405 -1.28872644
780 0.04873494 0.17202973
105 -0.11787003 -0.04840654
44 0.11425063 0.14221092
173 0.53295962 0.50857042
314 0.11823711 0.15381150
996 1.08622212 1.03817076
637 -1.82680737 -1.94699832
373 -0.43230059 -0.34489541
463 -0.37570265 -0.45772158
757 -0.06837887 0.13210841
680 -0.90940983 -1.00465789
497 -0.65958190 -0.66702423
730 -0.59788657 -0.47667050
401 1.08358717 1.12315064
518 0.22954045 0.28226690
449 0.87926143 0.79744790
761 0.00393948 0.15717606
545 -1.15381986 -1.17427576
240 -0.04428929 0.04033212
735 0.29639132 0.31460675
562 -0.65433193 -0.67842294
506 0.23159019 0.33386833
627 -0.69138908 -0.58246985
369 -0.33529713 -0.21425814
838 1.40462445 1.22457878
953 0.30859913 0.33539088
404 0.44661739 0.56338347
662 0.35579731 0.33460649
49 0.00430511 0.01652873
823 -1.41821176 -1.45580423
888 1.02165737 0.89391961
204 0.79447513 0.75448896
740 1.47732354 1.59661861
268 1.47022865 1.49246007
958 1.79307679 1.59669406
563 0.13834996 0.15578470
968 -1.19953883 -1.18772515
972 0.40429458 0.50064637
947 0.27296202 0.26246359
500 -0.31363143 -0.34056022
341 1.61169479 1.44912865
256 0.14767180 0.28450518
310 -0.24600560 -0.27600355
16 -0.20582294 -0.04477486
138 0.23994487 0.25242565
557 0.38476010 0.44917749
999 0.43238497 0.49257144
983 0.01293950 0.10488336
744 -1.34409026 -1.25964579
197 0.60253199 0.59944677
598 0.56552234 0.57078754
349 -1.30455756 -1.41721038
991 1.63019073 1.64789446
605 -0.95660556 -0.98407496
664 0.48315859 0.52578268
416 -1.49776282 -1.63616829
842 0.46949275 0.49328445
271 0.08056357 0.06328588
711 1.04276884 0.98100523
335 1.20456647 1.10727944
8 0.50085180 0.45209411
156 0.83278098 0.77693634
221 0.71301513 0.75076076
163 -1.10849848 -1.16861378
278 1.86274229 1.77999853
561 0.04150632 0.13471917
618 -0.03024265 -0.05232438
315 0.05129930 0.19066870
975 -0.97480094 -0.84115264
890 -0.42035957 -0.36085700
887 -0.69564489 -0.77806822
90 -1.44431716 -1.55100217
39 2.35852066 2.01919884
71 -0.77638073 -0.74757989
123 -0.44210627 -0.46243332
768 1.18837238 1.19189432
190 1.33985803 1.25243596
275 0.44977017 0.58973985
302 0.74770105 0.62893660
748 -1.38731601 -1.45778219
399 -0.36529177 -0.24224582
120 -1.47372710 -1.47935410
693 0.29679206 0.27934551
242 -0.59560791 -0.59850825
208 1.28744176 1.14991620
839 0.33878436 0.39513998
516 1.06766936 0.99537223
9 -0.65582012 -0.51492314
941 -0.51883740 -0.31057556
429 0.24269948 0.25951501
214 1.81769022 1.47982769
555 0.11582913 0.06715750
409 0.03330107 0.15229779
844 -0.18543940 -0.31307961
811 -0.24205924 -0.23910149
720 -0.76000526 -0.61444334
687 0.26069189 0.35613354
25 -1.91676351 -1.85276353
841 -1.19090501 -1.15082581
718 0.53058202 0.68333368
213 -0.92367875 -0.96015126
89 0.48402291 0.41952724
127 1.39643610 1.31888290
86 0.30195433 0.38406956
538 1.14384584 1.04391769
769 -0.41029213 -0.34547044
352 1.08558477 1.16971475
858 2.45624899 2.16283757
478 -0.36039477 -0.42541028
677 -0.80743697 -0.73769625
674 0.26267325 0.33025092
750 -0.50457229 -0.35140022
541 -0.11327027 -0.11640730
532 -2.25700996 -2.50133666
942 -0.55408072 -0.49122850
244 -0.19737501 -0.07588036
319 -0.93835423 -0.87421571
793 -1.08115933 -1.01168676
559 -0.22693109 -0.24817016
118 1.05228316 0.98084346
792 0.22581689 0.29720010
502 -0.57635500 -0.68915282
852 -1.18567957 -1.06019008
494 -1.23571065 -1.16575085
73 -0.33159930 -0.19242319
345 1.10403967 1.08595223
445 -0.86994721 -0.82541059
53 1.62757133 1.55973626
709 0.77605005 0.79666624
306 -0.08053652 -0.05912079
640 0.06325381 0.01162667
380 -1.92606619 -2.01282945
75 0.28132866 0.35354249
18 0.94534337 1.05214828
670 -0.31137732 -0.28570231
602 -0.31221655 -0.18394043
909 -0.32267983 -0.33613600
601 0.21225498 0.17901034
556 -0.03238923 -0.01830497
950 0.58337976 0.64851221
155 -0.45614022 -0.36989169
519 -1.75171134 -1.82745051
227 0.48167114 0.67680847
895 1.87988609 1.80608303
151 0.20756768 0.26966986
986 0.29536062 0.31843895
139 -0.22819755 -0.20985771
843 -0.43209174 -0.40866974
829 -0.95990044 -1.03756938
320 1.47028456 1.30951176
785 -0.70381793 -0.70403980
981 -0.62323281 -0.64413165
339 1.01478533 1.03046082
568 -0.16912529 -0.17092061
616 0.10929583 0.27182182
882 -0.68382921 -0.59471888
856 0.91098371 0.83061632
779 0.23783137 0.24620632
300 -0.74706361 -0.70132097
922 0.92634508 0.93252162
303 -0.66879310 -0.69265740
546 0.10941853 0.13263110
525 0.16989364 0.06008717
231 1.60802905 1.59128290
952 -0.50340783 -0.49449789
331 1.35216436 1.38402073
400 0.25090988 0.34252306
99 0.49027879 0.58247377
70 0.47455029 0.50181275
65 -0.92594805 -0.95423235
928 -0.43666136 -0.46538734
188 -0.64190852 -0.64766070
911 1.40728016 1.42310125
987 -0.22958272 -0.21903854
234 -0.00596820 -0.00987387
960 -1.58026097 -1.42164412
617 -0.66880588 -0.66269517
847 0.02014988 0.04260303
734 1.51804288 1.46754739
715 -1.22551916 -1.30972264
476 -1.09108758 -1.08349185
539 0.84264903 0.91191966
961 -1.68860089 -1.71429059
644 0.68546371 0.57483316
193 0.80303979 0.88803674
893 -0.75876679 -0.71390237
985 0.75402207 0.77251823
804 0.97033022 1.02219829
170 0.24238122 0.34073339
450 1.49033873 1.49372025
398 0.88268065 0.95567249
762 0.97110903 1.01701483
570 -1.29571249 -1.30895456
381 -0.16915691 -0.25959878
706 0.69727636 0.75099866
296 0.22670353 0.25992964
787 -0.95942930 -0.95009973
393 -0.42395976 -0.38844093
702 1.46228496 1.39427482
378 0.83323483 0.80622362
857 0.15254195 0.21689389
589 -1.23926457 -1.19473023
936 0.03654829 0.05691701
962 -1.78111141 -1.75868236
265 1.73956264 1.63975155
716 0.56277202 0.58938164
885 1.90627462 1.80305289
719 1.59582509 1.36714085
354 0.21265266 0.24786005
5 1.62880213 1.48087308
912 -0.01810597 0.13256993
29 0.81746815 0.74164587
487 0.54118819 0.55220431
57 0.15448049 0.18765079
707 0.13346740 0.12159128
359 -0.71731302 -0.83248636
529 2.01714929 1.80741797
910 1.27154632 1.18021829
81 -0.62318169 -0.52050490
23 0.68572414 0.55009925
998 0.70704963 0.78073387
408 -0.79623935 -0.74761795
108 1.30840160 1.24278546
625 1.02732487 1.05270768
209 0.95696285 0.99720744
821 0.51100996 0.53860130
178 -0.24001739 -0.29512035
283 1.28669676 1.29981096
729 -0.06575759 -0.12131548
6 0.16927336 0.27215420
939 -0.83752171 -0.68420794
169 -0.04084086 -0.01432460
131 0.10167061 0.00558814
195 1.19075367 1.17497773
61 0.09662413 0.07253060
863 -0.29981219 -0.17064329
572 -0.29666248 -0.12744305
337 1.06725014 1.15946678
353 -1.19457001 -1.34434359
205 -0.21586374 -0.11331191
14 -1.64953842 -1.83574091
201 0.35010603 0.33288955
317 0.12911540 0.19919088
245 -0.89790485 -0.90215173
432 0.72472957 0.90819485
251 -0.12237520 -0.04258280
464 0.08178635 0.12143495
493 -1.90040524 -2.13103824
951 -0.56218115 -0.65944208
566 0.61834544 0.68103626
228 0.13695738 0.19260179
41 -0.52456988 -0.50311796
880 -0.98717267 -0.99598413
420 0.16578168 0.11143235
854 -0.80363267 -0.82571239
537 1.77504141 1.61982114
595 0.53337326 0.44523314
671 -0.25509818 -0.10256164
966 1.58421938 1.46856696
937 -1.67003300 -1.65954007
142 0.57495028 0.55729056
11 0.48356451 0.56950561
708 -0.39665494 -0.35022636
246 -0.20588412 -0.18710991
758 -0.95236371 -0.87982466
101 -0.14516561 -0.00984668
501 1.34584685 1.27431781
421 -1.71321211 -1.81604772
177 2.06616150 1.71791939
835 -0.20019726 -0.10253513
383 0.74310793 0.69319421
782 1.19379631 1.23177418
414 0.61944145 0.55264748
424 -0.93042354 -0.95837994
739 -0.43198779 -0.45587414
32 2.21663548 1.96550322
609 0.62502518 0.67654067
357 -0.03308190 0.13891229
175 0.47972584 0.49527600
67 0.12744748 0.23325312
179 -0.90307391 -0.85869660
881 0.20732888 0.16426746
721 1.64280706 1.46730066
508 1.50523520 1.47911467
976 1.57605596 1.45810217
755 0.20436186 0.30895294
853 -1.28851979 -1.30086196
891 -0.72663634 -0.67873833
587 -0.35514472 -0.39918373
194 -1.49585745 -1.50400033
344 -0.24448103 0.06219563
926 -1.01392378 -1.08480844
945 -1.40340188 -1.41690791
808 -0.16771795 -0.27083436
412 -1.10076793 -1.21797694
932 -1.42956366 -1.43150126
549 -0.82210373 -0.75862583
392 0.26631832 0.35197033
292 -0.02495457 -0.02329131
129 0.08065198 0.07944867
974 -0.68550185 -0.60809486
237 -1.14513510 -1.01909694
548 -2.31833366 -2.59509769
206 -0.50412900 -0.49865227
703 -0.29954491 -0.36624981
784 0.65628641 0.61982171
83 1.20771114 1.14251213
741 -1.58897641 -1.78975863
473 0.00365870 0.07073005
140 0.04162553 0.06427826
456 -0.22175400 -0.15231903
153 -0.98498849 -0.83524122
982 -0.33741682 -0.26247191
390 1.50587186 1.60171370
756 0.44215291 0.33672990
405 -0.14351092 -0.02705418
351 -1.45219987 -1.54249222
377 0.60673683 0.51971968
222 -1.32358098 -1.43425747
832 1.09595777 1.00280824
526 -2.06489456 -2.08054474
128 -0.79943199 -0.86056036
772 0.32098659 0.33357742
184 0.97160136 0.95288093
820 -0.47494719 -0.35350391
113 -1.32636052 -1.29735602
342 0.38493346 0.51543343
107 1.48541701 1.46510316
613 0.14554057 0.23722737
547 1.03791162 1.03932558
250 -1.26652661 -1.36780237
948 1.51531743 1.42581329
144 0.76229934 0.71986393
723 0.48236335 0.47811200
332 -1.76162542 -1.88296842
632 -0.80028422 -0.66518766
55 -0.48362375 -0.39744095
66 -0.53167088 -0.45581160
934 0.58697681 0.58969567
580 0.31740071 0.35377563
850 1.13813110 1.14185825
481 0.06408886 0.09655489
760 0.41806431 0.44278823
694 0.94085487 0.91271763
534 -0.54747583 -0.54027490
77 0.15947847 0.21334921
797 -0.07120357 0.02216215
725 -0.11602694 -0.20106500
224 -0.64883155 -0.58082224
91 -0.49220666 -0.42094935
696 0.25769823 0.16880995
132 2.50938145 2.11883052
22 -2.30690314 -2.46584432
745 1.51155934 1.36424801
330 -0.18073330 -0.24163748
338 -0.77241998 -0.61197600
382 0.14736104 0.18535202
682 1.04564888 1.09327133
988 1.44330995 1.39097279
759 -0.19168299 0.03487542
690 -0.89748814 -0.89041588
596 -0.53758941 -0.51077623
828 1.20624904 1.12266329
391 0.27398589 0.38859167
460 0.23512903 0.31641138
955 -0.70930016 -0.63998747
17 -0.47249021 -0.50193662
807 -0.20645539 -0.15126548
430 0.15593018 0.12282835
76 0.47730594 0.55236200
695 -0.44220769 -0.41722999
7 -1.18011725 -1.19418102
898 -1.32088440 -1.37652983
777 -1.83068157 -2.01505482
95 -0.57164547 -0.48931852
872 1.69974312 1.39603730
263 -1.06146532 -0.96116198
468 0.69326135 0.70445494
210 -0.03086794 -0.05420446
713 -1.66868428 -1.83522093
30 -0.35345288 -0.49592664
819 -0.12067719 -0.00945109
873 -0.06341243 -0.08677609
631 0.01487592 0.19502427
914 0.48216512 0.56525471
161 -2.08247491 -2.13950741
361 0.18645369 0.34286291
652 -2.03769544 -2.16026911
794 0.69075143 0.62799860
897 1.80774555 1.55553974
484 2.31508216 2.10882861
50 -0.22881492 -0.13856308
365 0.71825357 0.77320270
681 -1.10781987 -1.16238630
117 -0.49893866 -0.44643842
781 -0.51830534 -0.41847182
499 0.87914051 0.82204859
869 1.25958285 1.19034050
372 -0.89983004 -0.79827051
36 -1.43234346 -1.44912950
74 -0.22322471 -0.14704585
307 -0.03082879 0.03438331
619 -0.89843281 -0.83971438
181 -0.13406050 -0.18697193
51 -2.45236708 -2.63630366
247 -1.06063103 -1.03004568
254 -0.66730530 -0.68474695
84 1.61591254 1.40719471
540 0.62879302 0.67330798
550 -0.20872234 -0.23764692
385 -0.35574412 -0.32332825
174 0.67551869 0.69532373
773 0.64771309 0.68981810
347 0.13513526 0.17327224
145 -1.91580571 -1.98945904
215 -1.31580207 -1.39230382
610 0.57106043 0.56148777
584 -0.36605584 -0.38365035
673 -0.08813597 -0.01340155
200 -0.61268396 -0.64310869
840 -0.06422280 0.18751485
298 0.90738918 0.99830925
980 -0.55599806 -0.50545480
923 0.28606276 0.46728288
896 -0.14140048 -0.17387802
620 -1.76998703 -1.73461524
63 -2.11404927 -2.43949609
43 0.24775607 0.36130273
930 2.36903092 2.01396984
446 0.69065457 0.64065750
217 -0.44196581 -0.41301851
957 0.72486644 0.67481013
442 -1.45697293 -1.45891866
80 -0.12518746 -0.01072894
20 -0.59437343 -0.45694808
328 0.29590791 0.29480344
27 -0.03027213 -0.02552076
360 1.55894649 1.46907130
276 -0.11834361 -0.08141523
157 0.02249613 0.12570487
822 0.24482901 0.29143413
636 0.28063664 0.23097405
639 -0.10937826 -0.13358490
233 -0.26495065 -0.21640331
575 1.50342799 1.40109705
607 0.02553984 0.20229035
995 0.82914809 0.92555869
287 -0.37363983 -0.35782074
371 0.98399810 1.03894359
159 0.26027827 0.39481983
814 -0.44984969 -0.43549783
60 0.53129396 0.56613833
121 -0.44228776 -0.50527059
196 0.03946158 0.06455422
685 -1.41082966 -1.44837094
907 -2.02968072 -2.26319194
364 -0.59135603 -0.43288707
668 1.94303932 1.75994441
277 0.91681698 0.92361404
346 -2.17435393 -2.34530141
462 -1.97586467 -1.93509119
56 -1.67175874 -1.72784398
160 1.79322635 1.55031550
796 1.83331913 1.74855589
776 1.67468888 1.61686780
126 0.74443729 0.65424215
656 -0.79545126 -0.80684096
122 -2.65854710 -2.87941297
979 -1.80944068 -1.72765706
202 -0.58588151 -0.51371801
125 0.53896708 0.58637529
443 -1.80276199 -1.83898652
879 1.42344500 1.32541558
803 1.72381806 1.69766952
162 0.97870028 1.17279995
710 0.47767454 0.59370051
59 0.07845141 0.16099262
96 0.12721692 0.14031453
260 -0.88018252 -0.86443062
192 0.01427284 0.14864436
800 0.34916041 0.47304205
363 -0.54306244 -0.45643762
624 -0.17875527 -0.02934072
216 -0.35352537 -0.30281465
78 -0.92701467 -0.88157967
137 0.59064095 0.59265716
742 -0.33628067 -0.13165453
551 -0.66319654 -0.61681280
921 -1.15028665 -1.09867178
226 -1.28345601 -1.21134298
4 1.34219143 1.38537063
622 0.18501695 0.19177526
805 -1.11686360 -1.10863223
648 -2.61122456 -3.18215515
141 -2.02590377 -2.23581939
733 -1.28359027 -1.23581521
956 0.19575805 0.33287460
597 0.08524169 0.08219265
512 0.21766409 0.27206719
375 -1.20034534 -1.17983305
892 0.26302643 0.43154924
164 0.31093561 0.35547898
474 -0.02799851 0.02492313
333 0.42799490 0.61771869
180 -1.67118241 -1.73853579
954 -1.46773715 -1.52646333
150 0.23858899 0.31052510
454 1.57067199 1.36164881
689 0.90259540 0.83534233
517 -0.08259006 -0.00789592
318 0.05696793 0.00258519
608 0.09225057 0.10855583
564 0.61521910 0.57948577
818 0.60526225 0.61298860
654 -0.11494218 -0.06059780
218 1.42190641 1.35596508
447 0.15153396 0.25466461
112 -0.78862911 -0.79406040
186 0.17940812 0.22265034
861 0.41993372 0.38135957
467 0.46712108 0.65863171
527 -1.42612130 -1.37686017
849 0.30265829 0.44630912
970 1.19383428 1.16757163
309 -0.36934532 -0.37483453
422 0.76573495 0.67857572
58 -1.03729459 -1.13410974
752 0.26606946 0.38254634
498 -2.54830796 -2.83732134
149 -2.86411052 -3.23886323
801 0.11968478 0.17231521
929 -0.13131628 -0.03497890
465 -1.38602068 -1.42262426
376 -0.61449767 -0.59670703
603 0.75741642 0.91180410
523 -1.94995634 -2.00755220
387 0.05252840 0.07651505
285 1.59660962 1.51850854
802 -0.91520298 -0.91668661
386 -0.49247572 -0.39027615
868 -0.22699969 -0.10661678
859 -1.72616606 -1.86595871
883 -0.31364860 -0.19251155
774 0.06880716 0.07994690
316 0.03614071 0.15803929
949 -1.02348967 -0.97353744
530 -0.32095881 -0.30678143
524 1.44386851 1.32276812
552 -0.82830713 -0.75202994
650 -2.36192658 -2.61995259
513 0.83125751 0.83420858
586 0.44548948 0.50494689
109 1.18504404 1.09577538
655 -0.94824369 -0.98051125
249 0.66337684 0.71723278
522 0.07499269 0.26335877
878 0.13756595 0.06760815
52 0.33042667 0.59924218
676 0.46892539 0.61012227
916 1.27757410 1.12565196
737 -1.82970483 -2.07255272
634 -0.52739921 -0.40568990
633 1.06528058 1.13061588
480 -0.59888586 -0.56986805
558 1.42746734 1.15728560
232 0.17689548 0.20664729
97 -0.43555206 -0.29675165
751 -0.29023313 -0.26531173
915 0.36257920 0.36986570
253 -2.14039516 -2.34408133
874 -0.20852490 -0.11937695
329 -0.23099889 -0.16868097
536 0.27520659 0.45655300
486 1.30533260 1.33565335
68 -1.19900715 -1.22335343
612 1.50254516 1.45904628
845 0.71297279 0.77262291
397 -0.30103189 -0.30447858
825 1.66078384 1.62177598
374 0.32623929 0.21375024
646 0.00023627 0.13919437
649 1.88377684 1.76665517
864 1.60708204 1.54313642
688 0.77557609 0.72545725
257 -0.31808629 -0.53614500
40 -0.85681254 -0.77402123
220 0.72848359 0.74361159
219 0.02908927 -0.06484530
469 0.07619618 0.17878807
187 0.09955782 0.11974927
410 -0.25970135 -0.15078900
267 0.97758394 0.96986481
965 -1.02242066 -1.01516075
69 -0.11181569 0.06756804
261 -0.89089842 -0.74296331
183 -0.37651411 -0.38991386
211 1.08258321 0.97233623
286 -0.19148446 -0.35725591
274 0.63933682 0.51036145
686 -0.25782954 -0.11882163
490 -0.84591400 -0.74321140
166 -0.44554799 -0.36104528
495 -0.29897286 -0.26843091
860 0.70591327 0.76618539
836 0.72984523 0.74600280
259 -1.51932932 -1.62134861
571 0.45154167 0.57255818
919 -0.00331291 0.02047852
146 1.32242027 1.30395922
871 0.51225961 0.66866285
288 0.20534766 0.31597161
964 -0.87397765 -0.88190593
600 -0.89299336 -0.76377530
809 -0.48522194 -0.51791929
614 0.91071279 1.01814247
877 -0.67903526 -0.73626478
114 1.92010871 1.81555341
223 -0.75882512 -0.80041363
199 1.50462481 1.45521952
496 1.33936734 1.24571772
92 0.63027437 0.65244500
810 -0.22199938 -0.24874384
236 1.51775770 1.30793144
789 1.85334517 1.77843656
280 0.09673849 0.13719263
444 0.88673194 1.03874647
604 0.51592011 0.56077543
489 -1.31558039 -1.37388032
977 -0.81904228 -0.71683599
901 -0.98199326 -1.01232840
544 1.19379142 1.23803973
3 -0.71198781 -0.67978372
1 0.92337451 0.90407854
19 -0.95505618 -0.82762305
269 0.81669909 0.82278948
152 -0.13905853 -0.10042872
72 0.03329279 0.14766354
663 1.20195388 1.19382061
931 0.45367540 0.58712093
927 -1.27589457 -1.43274444
110 0.72401352 0.82220832
336 2.15431896 1.85928381
661 -0.77727989 -0.57450910
403 -0.04352676 -0.04027587
643 0.48131809 0.50346784
862 0.14304154 0.20186690
85 -1.75543559 -1.86193348
475 -1.41902936 -1.35467244
426 0.75629501 0.73270498
262 -0.60735178 -0.78855748
48 0.09289485 0.15211427
935 1.58250219 1.43361159
384 -2.59091022 -2.87001600
87 -1.71237878 -1.79678682
158 -0.44189157 -0.37676014
764 -0.35655505 -0.24588702
238 0.65472051 0.70505240
507 0.34789856 0.37882086
21 -0.92405004 -0.89287439
717 -0.70621079 -0.61279573
697 0.47530968 0.53574516
106 -0.07167292 -0.09008967
770 -2.35100894 -2.50635223
147 -0.57311672 -0.48959380
778 0.96021002 0.92893140
731 0.19821635 0.11722347
641 -0.24024577 -0.13850735
198 0.55220976 0.60022911
635 -1.11470170 -1.14323143
304 0.39023881 0.47392091
691 0.55038733 0.48845920
511 0.54810647 0.43384870
428 0.76309844 0.78982769
902 -0.53084472 -0.31833783
505 0.53559401 0.74636441
653 0.14771910 0.27234247
924 -2.11614101 -2.02719170
816 1.32699930 1.27762324
867 -0.93419936 -0.90248207
458 1.32680622 1.29126499
82 1.13214692 1.02712685
171 -0.67243953 -0.67268553
967 1.44942029 1.32917505
308 -0.11923058 -0.23901041
212 1.01110356 0.94293068
435 0.15889001 0.12719616
611 -0.76426353 -0.73250056
659 -1.13914806 -1.08808396
593 1.52679251 1.40887020
417 0.83864875 0.77043561
312 0.31500198 0.48366046
565 -1.35262450 -1.42596707
321 0.95901229 0.99083042
455 -0.75734040 -0.75318952
834 0.23756198 0.20011257
88 -1.39653791 -1.48270846
350 1.08970965 1.22994848
358 -1.34598896 -1.35806351
0 -1.25715220 -1.32331545
665 -0.64899481 -0.61808930
325 -0.34796606 -0.31995894
660 1.02585544 1.07400499
615 0.38073594 0.35861108
647 0.19726594 0.38402742
579 -1.82330723 -1.91013297
714 1.80174936 1.70680480
629 0.00809790 0.07039971
969 -0.02795732 0.06246547
438 1.19151094 1.19474638
356 -3.84250853 -4.42538964
886 0.54174579 0.59152069
79 -0.92132854 -0.92341573
154 0.63446711 0.52144410
295 0.70904463 0.64694888
667 0.03541506 0.24811970
229 -0.13329320 -0.05105265
576 1.51838032 1.42518456
959 1.06881019 1.01642076
747 -1.50313739 -1.51305744
388 -0.17373452 -0.16198584
763 -0.18765241 -0.13562878
434 0.81301064 0.76788126
281 0.34204572 0.42725349
191 0.87793576 0.78547008
533 -1.03079163 -1.03120867
46 -0.00209020 0.05445579
130 -1.17891406 -1.23578122
362 -2.09399376 -2.14447676
984 0.06965274 0.05601504
301 0.76652949 0.61617847
542 -0.43398697 -0.43890317
33 -0.07857602 -0.00180369
754 -1.31954465 -1.31023785
704 -0.67177815 -0.81757831
827 -1.06260519 -1.08441965
466 -0.44788161 -0.39788276
45 -0.17116088 -0.16116883
554 1.75272514 1.78964496
578 1.68584107 1.79282871
252 0.54689812 0.48756606
119 -2.05055171 -2.14174569
846 -1.39339892 -1.52940035
630 1.36059852 1.25561631
753 -0.15489706 0.02170199
806 0.01993544 0.06481726
103 -0.82591236 -0.76010216
722 1.30443634 1.33329137
783 0.99242563 0.97462685
569 1.10654023 1.07007152
908 -0.64468604 -0.65427154
185 0.89601443 1.05540953
666 1.24487383 1.14311368
884 -0.27806697 -0.13610118
64 -0.44534001 -0.40531470
355 0.16498016 0.30801494
368 0.06591623 0.15055434
379 0.85690650 0.76396546
837 1.31875917 1.28856858
441 -0.83512170 -0.59839746
940 0.01569662 0.15828806
813 -1.48483197 -1.51815798
366 1.68902982 1.62756302
367 -0.12442505 -0.09953422
535 0.14329200 0.28206435
528 -1.01966189 -1.12834785
865 -1.15097826 -1.24254296
451 -2.09315323 -2.32131517
790 0.56690236 0.52849607
531 0.47407186 0.51524176
322 -1.08256249 -0.90374836
626 -1.10511739 -0.99917604
47 0.61917227 0.65715470
439 0.11305596 0.03283222
728 0.64736906 0.77637694
870 0.35341095 0.49091635
323 1.02207984 1.06843274
94 1.40835103 1.39500006
913 1.16038839 1.13644302
453 1.47313491 1.35478171
418 0.42116434 0.42190554
628 -0.87604369 -0.95356420
457 -2.04158863 -2.24449723
925 -1.01147320 -1.01271584
992 0.39109954 0.56365332
727 0.77393547 0.68966720
889 1.03989786 1.01382020
239 -0.43312196 -0.36366896
413 -1.87457037 -1.99210786
407 -0.64948602 -0.60278362
590 -0.99137924 -0.78713757
402 0.62302441 0.61493733
104 1.90091062 1.74625032
749 -1.25922474 -1.26342769
411 -0.18087824 -0.16257447
124 0.58303253 0.45307289
993 -0.77904823 -0.71976486
479 -0.02162579 0.22441894
638 0.57577551 0.48108980
396 0.49602270 0.52620545
824 -0.71442288 -0.69767297
736 -0.02438270 -0.05646517
705 -0.01262167 0.16953724
581 -2.23164138 -2.49790889
594 2.43872251 2.02005527
241 -0.98597182 -0.99345154
168 2.11574163 1.78224701
592 0.55679967 0.63551822
994 0.60032914 0.63906766
34 -0.88941049 -0.83852285
905 -0.80766619 -0.83730142
938 0.00592308 -0.08965398
135 -2.86862936 -3.19603820
483 -2.09636365 -2.19928982
520 -0.44882979 -0.40893279
504 0.38728930 0.43088993
510 0.33800197 0.38547860
273 0.14015518 0.23503327
394 -0.10719096 -0.02169604
906 1.01026364 0.97148251
904 2.33245197 2.04964298
894 2.78999756 2.25606163
440 0.17468239 0.21197144
795 -1.16442784 -1.14011157
165 -0.22807952 -0.11584722
743 -0.00199372 0.17402603
963 -0.10980823 0.00273473
327 -1.72093820 -1.85542527
279 0.18767285 0.07821296
679 -0.60015762 -0.56293027
111 1.55213960 1.48466925
683 -0.56451890 -0.55061599
591 -0.03613481 0.09156244
459 -0.90569950 -0.89000805
700 -0.69857165 -0.67270999
207 0.79796031 0.88267859
264 -0.15374259 0.10358308
425 1.41533146 1.32749617
514 0.42352075 0.36551216
471 -0.59509225 -0.67633488
436 0.73037441 0.73314272
684 0.54671219 0.57211841
943 -0.89801129 -0.61090410
918 0.28239098 0.34101343
2 -2.80179877 -3.31209503
248 -0.57093553 -0.48105802
348 -1.15475460 -1.04100055
343 -0.56491425 -0.49003153
12 -2.05410585 -2.04087899
93 0.68616733 0.56601938
503 -0.38883457 -0.34716359
826 0.15644582 0.17308192
791 -0.55690472 -0.70928375
766 1.50522384 1.44820085
585 -0.45866728 -0.38450746
26 -1.11841034 -1.11588472
830 -0.25397801 -0.00352403
701 0.41097619 0.50181275
560 0.89546783 1.06251928
172 -0.38698376 -0.40331635
726 0.66462523 0.66351134
788 1.65503486 1.56038335
98 -2.05455892 -2.15256325
509 1.39006975 1.23251370
798 1.47892970 1.20263235
553 0.38067249 0.24962526
876 -0.66971294 -0.59895482
24 1.57560909 1.46726464
284 -0.74846305 -0.68614307
31 0.97357461 0.93564488
54 0.84734096 0.83694101
833 -0.80701298 -0.86219914
577 0.69403158 0.60582175
255 -1.25274276 -1.21438332
235 -0.20399762 -0.17390793
488 -1.33999776 -1.37139259
299 -0.90173953 -0.81593886
623 1.27056381 1.29007346
851 -0.46417005 -0.42409097
492 0.32711934 0.41909562
582 0.23665258 0.24486730
461 1.13996263 1.03557563
989 0.85974203 0.75550377
990 0.32041018 0.39035551
933 1.24012157 1.22084514
289 1.12648665 0.94952657
189 -0.14585995 -0.01392153
973 -1.00755362 -0.90106827
767 0.01438946 0.04119943
334 0.18860437 0.21138146
645 -0.31793376 -0.20761603
42 1.54247273 1.42558899
738 0.53607205 0.64893363
433 -1.91109232 -1.97002413
712 0.41430405 0.32369309
485 1.34202132 1.36369677
176 0.29409398 0.35005899
815 1.27633720 1.18408311
415 -0.68275419 -0.62370641
920 -0.50710351 -0.47276014
291 -1.58689018 -1.80343572
657 0.03355075 0.12441615
37 -1.09665857 -1.11579363
606 2.44981018 2.11467478
62 0.14775874 0.13132878
574 0.18291747 0.25297622
971 1.10724454 1.12417768
848 1.72992230 1.62961914
799 -0.08061821 -0.10039201
