225 0.75962416 -0.76893525
491 -0.81325344 0.79137656
675 -0.70230874 0.70739976
419 0.86737957 -0.84405510
875 -0.33986466 0.33344798
724 -0.28738509 0.28090341
658 -0.40752038 0.41491172
340 -0.52809435 0.50098597
406 -0.71254272 0.70509864
182 -0.84551068 0.86559849
270 -0.78341475 0.77948681
143 -0.25183727 0.22541287
944 -0.45667943 0.45659916
100 0.31322499 -0.31619168
812 1.95111246 -1.92879718
761 -0.08373144 0.06076249
917 -0.06161307 0.08402988
204 -0.60719317 0.57818828
134 -0.17084058 0.17849461
272 -0.05920874 0.01478128
472 -0.06899678 0.04971768
13 0.70732701 -0.70820099
651 -0.01666514 0.00294935
230 0.31751353 -0.30196902
10 0.04891496 -0.03775676
953 -0.37667365 0.37628689
148 1.21081509 -1.18866595
195 0.61122802 -0.63324752
370 0.27950552 -0.34432284
203 0.66054063 -0.68013814
780 -1.08934872 1.06854849
735 1.11109311 -1.12028900
699 0.83751571 -0.86683464
138 -0.90135328 0.87619558
692 -0.30780329 0.29076675
888 3.25689787 -3.15139520
266 -1.09500655 1.10763956
437 -1.19590250 1.18951449
516 1.04793676 -1.06481515
911 0.01212289 -0.03667735
958 -0.03656895 0.02713060
711 -1.38282505 1.40121312
268 -0.59415955 0.61162892
732 1.03008546 -1.03496493
173 -2.34248320 2.38514443
115 -0.19261624 0.20541468
664 0.77656718 -0.82344532
15 1.67095498 -1.66158201
314 0.85703236 -0.86839708
817 0.92045062 -0.90441734
482 -1.70515578 1.74590412
765 0.26055726 -0.30069691
331 -0.80559341 0.80644214
605 0.32517660 -0.33762169
573 -0.83379255 0.84236735
670 -0.45328733 0.43167865
427 -0.12607625 0.12576348
305 1.36481332 -1.37467474
463 0.15469767 -0.15869633
831 -0.31223379 0.27239234
515 1.47268195 -1.48674414
775 0.81162275 -0.81330668
602 0.70582129 -0.71029760
310 0.61069921 -0.61503029
895 -0.25527231 0.25827429
621 1.15933434 -1.17022136
748 -0.11993299 0.12088767
769 1.47609411 -1.46858941
271 0.05245433 -0.05655401
640 -0.91884701 0.94179135
781 0.48078705 -0.47236253
900 1.23603804 -1.22679298
221 -0.14326740 0.10096418
599 0.99690998 -0.98851098
719 1.41381642 -1.44619330
997 0.61610110 -0.65098993
698 -1.31812795 1.31530934
598 0.66397198 -0.68476356
730 0.65184186 -0.67419668
258 2.35504135 -2.30877762
105 1.33369904 -1.30604449
678 -0.52327213 0.52436784
448 1.10993931 -1.12948085
903 -0.58690653 0.57341326
300 -0.26926940 0.26216163
502 1.44077382 -1.39782950
470 0.71089436 -0.72302003
947 -0.29673640 0.31037721
618 0.39306267 -0.38829481
242 0.72875237 -0.70430797
445 -1.87497274 1.93430848
352 -0.41696540 0.39327921
311 0.64629465 -0.66858835
706 0.21032337 -0.21829133
282 -0.64289901 0.63482973
952 -0.09520023 0.07943596
75 0.46988892 -0.49891639
416 -1.31385545 1.34080026
133 0.00823713 0.02477315
772 -0.70593964 0.66809962
326 1.64649247 -1.60732137
240 -0.23490390 0.23323432
532 -0.58680404 0.62222818
954 -1.42801071 1.43309989
136 -0.38370142 0.37116980
251 1.04095041 -1.04578137
583 -0.81621239 0.83361990
306 0.46189909 -0.47959048
377 2.01277557 -1.94442303
449 0.45913828 -0.44069363
567 -1.91546197 1.92895565
545 0.67846306 -0.67147075
793 -1.36820600 1.36891159
978 1.88813906 -1.85971891
113 0.12278877 -0.12741699
521 -0.01227443 0.01676693
890 -2.25631074 2.30095526
156 -1.34014924 1.35013591
843 0.54920811 -0.56625468
99 2.74325735 -2.69041152
981 0.30043961 -0.30619219
744 -0.45774267 0.43621263
373 -0.30226041 0.29424661
14 -0.06437714 0.05936913
725 -0.53694658 0.50417120
518 -0.98695898 0.99715411
893 -0.36608058 0.36628401
90 0.45208144 -0.49769996
588 -0.00598607 -0.00589486
383 0.78633711 -0.76164397
946 -1.23221717 1.22469546
139 1.03153371 -1.00360354
450 -1.30574361 1.30962642
28 -0.69848718 0.69592876
35 -0.47747926 0.48675937
423 0.99953404 -1.00847935
960 1.20840848 -1.21216825
341 -0.62144295 0.59293388
785 -1.09366502 1.11090480
804 -1.23287590 1.22264375
746 1.04384602 -1.02086359
357 1.12285613 -1.11466861
757 -1.94850330 1.98927138
313 -0.08958795 0.09518799
561 1.04356622 -1.04473225
662 -0.27190962 0.24963398
543 -0.09827587 0.08033172
297 -0.34067077 0.31837925
497 2.12196837 -2.09608972
409 -0.02936462 0.01467610
687 -0.22451114 0.23825180
887 -0.62103995 0.59142213
404 -0.55879696 0.55271799
214 -0.70050663 0.71155945
324 -1.69992860 1.72893070
401 0.22685916 -0.24151268
96 -0.19823633 0.18297310
57 -0.03003918 0.02580493
627 -0.67533269 0.66023947
116 -0.05760889 0.07187120
16 -0.50696994 0.51662926
123 -0.85313449 0.86055328
275 0.29290245 -0.28749470
278 0.81176179 -0.83632287
243 -0.15151773 0.14680328
359 1.33176646 -1.30928189
861 -0.95042719 0.93045759
222 -0.41739692 0.40678631
81 0.75542238 -0.77685648
432 1.31449907 -1.29868107
680 -1.50814435 1.54846830
811 -0.31732410 0.30697106
9 -0.45930804 0.39871243
29 -0.37502944 0.37180256
562 0.85567891 -0.84513924
537 1.58222657 -1.57425402
206 0.14858651 -0.14020190
38 -0.15552062 0.12399565
972 0.57820285 -0.55659159
102 -0.11929726 0.10851507
677 1.54299112 -1.52292710
478 0.06385416 -0.05870760
494 -1.68127348 1.70558720
856 0.44191589 -0.45563763
263 -0.62009654 0.60716970
395 1.61825536 -1.59379711
201 1.14982611 -1.14203141
389 0.87016510 -0.86290262
899 0.68056482 -0.70962758
550 0.94865845 -0.94157497
369 -1.24499604 1.22680190
49 0.07206425 -0.06015724
838 -0.74054829 0.70808448
674 -1.25942693 1.26234013
842 -0.70136588 0.68671643
196 -0.04572646 0.03476099
60 -0.49619056 0.49986830
787 0.83169900 -0.84907981
468 1.34930433 -1.34082787
431 -0.63257674 0.61842702
643 0.79783063 -0.81449406
378 -1.04366018 1.04214797
882 0.16897293 -0.17430531
566 2.96438381 -2.88190509
140 -0.12461142 0.10350884
127 0.36986773 -0.36979356
786 0.14364271 -0.15270416
996 0.33746398 -0.34517404
556 0.24615782 -0.26904709
823 -0.18078045 0.15131309
557 -1.32047632 1.35343398
476 -0.09816091 0.07166819
517 1.73149118 -1.71376659
998 -0.94170196 0.94569613
400 2.57873189 -2.48871586
155 -1.67548063 1.68410496
975 -0.28332234 0.26265260
41 0.52671928 -0.51867036
632 -1.54579621 1.55878712
86 -1.50635211 1.51000276
983 0.61702401 -0.61216570
534 0.04632583 -0.07003285
202 0.57518143 -0.59428763
118 -0.41877608 0.40098408
934 -0.78101529 0.79514590
178 3.03809419 -2.92467363
568 1.92401744 -1.88845661
835 2.20545095 -2.16123955
909 -1.09138703 1.12286757
637 -0.00881488 -0.00417733
294 -0.88393893 0.85973965
613 -2.68632172 2.70498390
982 -0.45789906 0.42667312
805 -0.90384405 0.89890678
968 -0.97921566 0.98741347
430 -0.93854802 0.94075045
293 -1.14529998 1.14247244
101 0.90614109 -0.88546185
303 0.47426748 -0.49624068
73 0.52340028 -0.55131204
245 -0.93238590 0.95635453
180 0.78046346 -0.74673069
840 -0.08703645 0.07927982
188 0.17593292 -0.16191297
65 0.65467457 -0.66588676
315 -0.02280015 -0.00922593
685 0.41503419 -0.41276298
976 -0.04724726 0.04866136
481 -0.02625504 0.02191016
335 -0.72230615 0.70581674
695 0.80422267 -0.79244361
821 0.02696101 -0.03909587
8 1.37602271 -1.35836945
477 0.28331927 -0.28660895
525 1.82837817 -1.80721059
132 -0.16251249 0.13180996
858 0.10120040 -0.10825166
942 0.81632286 -0.80959154
715 -0.85912407 0.85323248
987 0.53900080 -0.55506873
244 1.37445561 -1.37847908
386 1.07174151 -1.06571473
349 0.15306159 -0.16493505
464 0.10792387 -0.12323520
867 0.44996233 -0.48451924
596 0.55344308 -0.56741344
44 0.04384992 -0.07447910
642 -1.48821310 1.50144849
175 -0.37713901 0.37489305
6 1.70088986 -1.69455815
844 0.38770015 -0.35822773
256 0.36362752 -0.39554283
941 0.57855249 -0.60368964
541 0.68720087 -0.69344867
120 -0.66932977 0.67889338
500 -1.49707346 1.53510845
170 -1.25502983 1.27522443
246 -1.29611695 1.32696816
672 0.61915690 -0.61936389
50 -0.95033436 0.91694847
344 -0.56794883 0.55523721
922 0.47012469 -0.49406377
106 0.01860852 -0.00357066
563 -0.11075108 0.07452681
149 -0.96455030 0.98237597
385 -1.60150346 1.63024239
190 -0.40236977 0.39880068
656 -0.62975965 0.63508770
83 -2.49129818 2.56656155
337 0.03666153 -0.03668845
353 -0.03300637 0.00142401
616 -0.24332406 0.21330144
855 -2.38156476 2.40380477
762 -0.02887009 -0.01269470
405 -0.16593951 0.15277829
708 -1.16345613 1.14801478
797 -0.64909876 0.65068012
580 -1.92635566 1.96100382
519 0.34308667 -0.38120597
17 -0.45161634 0.45083796
250 -0.96854483 0.97763452
429 1.39745024 -1.40325744
39 0.92559657 -0.94831946
351 -1.13313364 1.11862946
131 0.17835276 -0.17833604
693 -2.91266777 2.98076838
548 0.38577375 -0.42793326
364 -0.34650006 0.33103952
609 0.16807767 -0.18014774
866 0.80431594 -0.81930111
716 -0.17029920 0.17162749
539 -0.85101972 0.85094847
792 0.20127550 -0.22583483
555 -0.95254717 0.95497715
76 -0.13445531 0.10317734
758 -0.35674825 0.32268074
740 1.12092897 -1.10935767
549 1.09447045 -1.10134627
0 -0.42547448 0.41743611
873 -0.80138381 0.80870123
345 0.54298558 -0.55903206
208 0.57703473 -0.56641445
506 -1.40345222 1.42137999
262 0.44519271 -0.43599985
153 0.04056714 -0.05045211
547 0.03684405 -0.08037800
898 0.17260134 -0.16981802
223 0.50625977 -0.53778313
228 -1.04296555 1.07139973
773 -0.10343592 0.09606594
760 -0.61734083 0.57686252
224 0.04366924 -0.03968176
771 -1.55533742 1.56240361
393 -1.32120814 1.35808859
192 -1.97900332 2.00032070
290 -0.21769311 0.20170308
283 0.25539667 -0.26266268
11 -0.16025392 0.15856651
398 -1.54508803 1.52239844
452 0.39232836 -0.41224827
853 2.03341467 -1.98373991
247 0.03175070 -0.04090362
354 1.22789584 -1.19281950
128 -1.07022965 1.08561185
426 0.09306449 -0.09892288
89 0.05247668 -0.05698918
808 1.25078528 -1.23224089
501 -0.44289935 0.45839064
319 -1.10320103 1.12018578
347 0.21464585 -0.23123533
745 -0.85961958 0.89327672
928 -0.46634297 0.46975082
151 1.27471747 -1.26529327
608 -0.29636540 0.28238610
597 0.23877065 -0.25895291
167 0.46348604 -0.46847524
617 -1.06373502 1.06764610
639 1.90585327 -1.87860954
988 -0.58337421 0.57603629
538 -0.75027874 0.74376728
422 1.20600512 -1.20460837
702 1.27890797 -1.25031094
671 0.33202261 -0.34107269
686 0.10226072 -0.10941692
872 -1.24877314 1.22574520
721 0.78880326 -0.77522559
729 -1.14036269 1.16665919
839 -0.50488607 0.48647958
381 -1.55411953 1.59108804
412 -0.03620022 0.02434866
380 -0.48912765 0.47084974
161 -1.45247430 1.47487924
707 0.36036643 -0.34207405
121 -0.38972202 0.40761019
914 1.28392270 -1.28473998
696 1.57784042 -1.52126888
23 0.70650279 -0.71821445
991 -0.34697757 0.33589921
25 -0.26198233 0.24242197
169 0.26472401 -0.26941629
800 -1.57385557 1.58200650
601 -0.84515225 0.85173291
292 1.05006021 -1.05808981
880 1.13664011 -1.12045634
896 -1.37908569 1.39889644
859 -2.01771398 2.02766334
829 -0.66633004 0.67289462
822 -0.17960821 0.16715576
703 -0.87183505 0.86420423
682 0.77317292 -0.77796823
951 0.83480826 -0.83940595
213 -0.43407662 0.42396575
755 -1.25085906 1.23435058
227 -0.27750238 0.28395553
302 2.22348465 -2.21718148
668 -0.55883318 0.55345518
807 0.41985186 -0.45190600
479 0.42635712 -0.43416140
332 -1.74640492 1.76513443
936 -0.01238137 -0.00553609
122 0.38446943 -0.41056045
339 -0.18835090 0.15739529
18 1.01372341 -1.01786206
881 0.50481370 -0.54962443
442 -1.13572570 1.16273499
152 -0.36248373 0.36587964
265 -0.12399672 0.12334765
46 1.31947367 -1.33293246
421 -1.26996447 1.30596870
234 -1.61480647 1.64263068
467 -1.49147451 1.51956032
205 1.39534740 -1.37209504
333 -0.85785195 0.85442288
84 -0.29537210 0.29195306
966 -1.80312727 1.83723713
559 -0.09404199 0.09188730
956 1.34372524 -1.31352435
669 -0.90132042 0.90654888
571 -0.75903922 0.72716321
95 0.59106511 -0.57608560
802 0.25838273 -0.26249963
72 0.74494069 -0.76278488
667 -0.36338712 0.34779503
713 -0.82821920 0.83848472
109 0.62364748 -0.60961092
819 -0.06496960 0.04383364
77 0.54276944 -0.54795878
179 -0.26729290 0.25406368
955 0.07392742 -0.11467538
995 0.25107895 -0.29036366
636 -0.53111989 0.52224231
267 0.33227573 -0.34251185
986 1.05697280 -1.05470915
32 0.66306697 -0.66409339
70 1.48716392 -1.48669707
3 -2.81727446 2.88687582
625 -0.01309345 0.00631445
673 0.03941540 -0.03714327
447 -0.32682464 0.33940461
681 0.51339252 -0.50852305
663 0.73881609 -0.77644056
30 -0.04810152 0.03942303
150 0.74130762 -0.74550857
107 1.44758881 -1.41474909
36 0.90513858 -0.92090345
572 0.26836945 -0.28392950
469 -0.18643590 0.18579232
892 -0.23780168 0.21981054
487 -0.23059518 0.19914629
622 -0.86388329 0.87470015
342 1.14478904 -1.13646829
803 0.98139622 -0.97399099
424 -1.25495218 1.26721285
718 -0.11985155 0.07642779
768 -1.20801462 1.19920557
397 -1.56429159 1.62527926
589 -0.78270006 0.76962920
63 0.95250842 -0.95074945
529 -1.74724844 1.78173615
320 -0.55251543 0.54514397
945 -1.24990535 1.24306451
328 -0.33300162 0.33016999
309 0.14908159 -0.15869873
145 0.33803301 -0.36103576
779 1.45998745 -1.41995796
646 1.34991990 -1.36086363
382 -1.53151661 1.56293280
921 0.33150574 -0.33928610
298 -1.24889785 1.25112875
891 1.76605091 -1.72850128
473 -0.09924075 0.10550954
739 1.02847216 -1.02988550
456 -0.36942540 0.36474909
937 -0.87833576 0.84701101
612 0.08212688 -0.07776310
774 1.17549382 -1.16834263
756 -0.35739201 0.38771482
177 -0.69028229 0.68551803
961 -0.88383352 0.89075467
948 1.25873195 -1.26133253
586 -0.16059445 0.15090232
750 -1.53381813 1.52671563
794 -0.84632188 0.84387036
484 -0.30894960 0.29794458
130 0.06200986 -0.05536586
874 1.35763654 -1.34729174
852 0.85550864 -0.89971072
391 0.39938780 -0.40007915
475 -0.22801993 0.20199367
197 -0.05393243 0.02212925
408 -0.75823018 0.76033728
579 -0.57022520 0.56411476
193 -0.34891231 0.31432881
129 1.02950352 -0.99713323
869 -0.60224102 0.57571039
231 0.68025183 -0.72205708
66 -0.17210467 0.15057510
734 -0.15968965 0.13401512
184 0.26518970 -0.30797163
710 1.04750296 -1.05647620
392 0.58501014 -0.57934485
950 -0.23240706 0.22259210
1 1.11760282 -1.13848614
841 -0.48144679 0.47265453
434 -0.63523615 0.60961497
704 0.34996066 -0.34781705
498 0.65757376 -0.67085933
164 -0.21520224 0.21191056
443 0.06486209 -0.06517735
832 1.09308413 -1.07473121
546 -0.09156499 0.12627166
43 -1.24796280 1.25314933
402 -0.76753985 0.77294099
635 -1.34228571 1.37744729
277 -0.53653447 0.54337647
907 0.18675579 -0.16372363
237 1.04634395 -1.04935724
690 0.27256429 -0.27482554
112 -1.47479199 1.52085274
420 -0.05896798 0.06001976
879 0.94302924 -0.94944378
374 -0.02787170 0.02323160
108 0.35339560 -0.34694465
371 -0.53105037 0.51265100
92 0.76030154 -0.74064883
56 0.51773746 -0.51794065
51 -2.01073631 2.04575420
209 0.10246276 -0.12612339
576 -0.53886289 0.52595739
304 -0.53969633 0.55872258
999 1.53824210 -1.52140513
962 -1.08498339 1.07699416
570 -1.33824367 1.33866017
241 2.34946593 -2.31069534
71 -0.60515757 0.60760223
287 -0.24845949 0.23649181
648 -0.92925603 0.94614601
441 1.63540238 -1.62179170
777 -0.23998142 0.22777407
174 -0.19155777 0.18770003
399 1.19938598 -1.20961419
53 -0.86229601 0.83257463
217 -0.70658188 0.71968886
417 0.56915693 -0.58126473
80 0.46892697 -0.48745249
215 1.53044563 -1.49957343
723 0.11523870 -0.12452791
926 0.12191814 -0.12493872
372 -0.28972794 0.26210042
316 -1.30005140 1.31357413
644 0.94414801 -0.92611689
185 0.22117421 -0.24361418
376 0.95154701 -0.96148202
974 0.93162205 -0.91974538
720 -2.97899075 3.10048507
533 0.54379689 -0.55307694
624 -2.61707645 2.71917379
360 1.77934362 -1.77589881
980 1.83164468 -1.81906382
362 2.26518191 -2.18912314
144 0.83467574 -0.83197206
157 -0.25406678 0.26077607
558 -0.74579965 0.72223304
620 -0.36837365 0.37494491
212 2.08642825 -2.03069042
857 -1.07237305 1.05115269
977 1.69357275 -1.68819174
665 -0.51708951 0.51058885
970 1.13485177 -1.14348245
307 -0.86826857 0.87682214
22 -0.08024065 0.09432551
575 -1.00037532 0.97778544
512 -2.08955522 2.12590934
52 -0.42273471 0.40761593
117 1.33737875 -1.34530153
74 0.70743470 -0.72428864
540 -0.34788822 0.31734197
619 -2.25988644 2.31945261
649 0.32784664 -0.35583709
789 0.49476625 -0.48240707
67 -1.24508345 1.25412610
317 0.94470328 -0.93369343
189 0.21462460 -0.21695550
932 -0.43597092 0.39939616
390 -0.21170386 0.21176059
691 -1.21008634 1.21911805
994 2.66951683 -2.61215557
238 0.12208461 -0.16901209
254 -1.26167391 1.29743667
308 2.00162041 -1.95013542
985 0.53278586 -0.52755436
446 0.27302596 -0.29819306
194 0.00995563 -0.05266982
159 -0.31669661 0.29002425
629 1.23802344 -1.25511380
296 0.93093946 -0.88775116
949 -0.02493705 0.01038632
142 -0.17411653 0.16759982
318 -0.71755474 0.70665938
4 0.90367233 -0.93932128
614 -0.79857637 0.80199402
709 0.75296165 -0.75904022
211 -1.12346554 1.17509305
198 1.25066978 -1.28567772
878 0.93279114 -0.91895337
863 0.72731585 -0.75744308
660 0.56161001 -0.59620031
366 -1.10537566 1.12450828
912 -0.37426183 0.35906471
587 0.02341069 -0.01304044
147 -0.05781104 0.01814445
361 1.30554870 -1.31306135
565 -0.56970008 0.57943614
493 -0.24130505 0.23744221
689 -0.32566065 0.32430424
610 -0.15012252 0.11698613
163 0.72015609 -0.71868535
828 0.54527463 -0.51682448
236 -2.67183585 2.75843599
21 -1.27814506 1.27351405
58 -0.80185297 0.80074287
199 -1.22317841 1.22150478
181 0.88637511 -0.86727722
187 0.89674618 -0.86307801
499 -1.00093037 0.99517974
27 1.11168687 -1.12364688
7 -0.85460377 0.84820241
329 -1.31880706 1.33063834
495 0.07073520 -0.05683760
474 1.23550805 -1.24279410
186 -0.55581925 0.53816393
551 -0.09147997 0.07500922
455 0.30998385 -0.32751693
166 0.14277577 -0.14380819
414 -0.69354338 0.65868578
338 0.10283214 -0.14640291
860 -0.04171815 0.01645884
160 -0.00524319 -0.02879774
200 -1.06524063 1.06986908
154 -0.55826556 0.55577849
938 -0.56907357 0.55383957
759 0.41667146 -0.44210637
55 -0.52979507 0.50506917
652 -0.36131421 0.35750830
615 -0.72965851 0.71966041
717 -0.78603056 0.75434209
276 -0.12965260 0.11623855
569 2.07505684 -2.06207348
219 0.33787500 -0.35311538
741 0.77460608 -0.80291470
526 -0.48161467 0.47206454
784 -0.15066640 0.15085719
733 0.61330093 -0.63043221
684 0.79248893 -0.80338695
885 -1.43350586 1.42067821
363 -1.16798554 1.22082773
910 -1.10294780 1.12799068
847 -1.22571582 1.24905325
782 -0.37157119 0.37463523
810 0.82574488 -0.81867190
259 1.37075356 -1.36089212
124 1.72461220 -1.67736094
764 -0.08610725 0.07722398
737 -0.53717183 0.55970071
365 -1.08175484 1.05430120
818 0.61381422 -0.62321973
508 -0.08246409 0.09597078
908 -0.34995668 0.33820856
356 -0.33976239 0.32332154
634 0.46250023 -0.46952249
940 1.66996537 -1.63428968
387 -0.39364096 0.38068156
411 0.61193706 -0.58791177
930 1.15242825 -1.17068546
654 0.88899179 -0.86779816
312 0.62737599 -0.65470184
939 -0.63763170 0.60219539
809 0.91084575 -0.89844010
260 -1.63052206 1.61557408
924 0.27210338 -0.29395749
504 -0.29624090 0.29473161
45 -1.13622945 1.14799066
229 0.57639151 -0.56567424
59 2.13011296 -2.06183690
530 0.40221726 -0.39814997
897 0.59691523 -0.59851229
796 1.26009560 -1.27577060
862 2.43561053 -2.36524381
607 0.53441662 -0.54786902
935 0.77253252 -0.75992951
595 0.91543481 -0.89564147
226 -0.10783682 0.10354377
633 -0.81678218 0.79918467
346 0.35559724 -0.37311188
727 1.45434307 -1.44624776
778 -0.84398001 0.82231637
146 0.45654676 -0.46256628
286 0.60217071 -0.60076318
5 1.00689996 -1.01387704
480 0.61034306 -0.60789056
824 0.47593067 -0.47698720
965 0.04996107 -0.04834732
864 2.69369954 -2.66496238
78 1.41582524 -1.40112949
295 0.46134307 -0.46313807
850 1.19598933 -1.20284755
68 -0.32303345 0.28773690
659 0.15372997 -0.15102457
626 0.23658495 -0.26378510
542 0.93036479 -0.90266512
814 0.30097091 -0.31552116
444 -0.45219026 0.40662533
849 -0.22623452 0.21874961
753 1.33066960 -1.34153854
923 2.12206706 -2.09253096
522 0.50116154 -0.51614841
379 0.82042509 -0.83557991
435 -1.04535145 1.04436893
465 0.50515141 -0.48966306
868 1.86990690 -1.87317054
336 -0.24980210 0.21655347
119 -1.60722658 1.61718714
536 1.67448827 -1.65255779
375 -0.00735070 0.00116934
688 -0.71506126 0.69527964
742 0.05493458 -0.11260162
979 1.10683916 -1.10748032
820 -0.65191293 0.62207238
535 -0.21454286 0.21270483
790 -0.16543023 0.16385300
694 -0.53534803 0.52313183
460 -1.27363702 1.24862043
603 0.06062983 -0.07039863
19 0.45952480 -0.45999803
388 0.47986089 -0.47259563
261 0.25527347 -0.28773221
20 -0.72140308 0.71870400
655 -0.29112553 0.29865891
253 -2.18050891 2.22052254
483 0.40530309 -0.41136623
913 -0.00396999 -0.01666149
593 -2.19038458 2.24036686
905 -0.88759207 0.88449245
233 0.74988276 -0.74311539
110 0.24385077 -0.27694885
471 -1.14300041 1.14943499
552 -0.72859418 0.74093471
114 -2.07924076 2.12403187
218 0.85607974 -0.83813662
806 -0.02560683 0.02202502
943 1.79468278 -1.76649400
770 -0.17211009 0.19301853
125 -1.12887980 1.11855391
438 -0.47986559 0.48448378
69 -0.03494470 0.03573010
600 -0.09887777 0.06794202
239 0.95526261 -0.95783775
462 0.65966652 -0.67184458
590 0.15072298 -0.20802070
714 -1.13187920 1.13828120
705 0.61165574 -0.61865660
321 -0.09951003 0.07646357
653 -2.07896378 2.11668681
783 -1.33367804 1.32615528
825 -0.18856422 0.15593662
257 -1.85489584 1.92436206
330 0.55015596 -0.54727294
916 0.08000994 -0.11846780
79 0.39791331 -0.40606545
33 -0.70386207 0.71326749
959 -0.93836474 0.95057585
591 0.76694800 -0.78057542
836 1.37743744 -1.35414995
269 -2.18224845 2.23347619
631 0.79575208 -0.80292324
854 -0.05789693 0.06088149
902 1.56676660 -1.56457216
85 -1.58913258 1.59147779
61 -0.08581346 0.06610747
162 1.42086274 -1.41675186
87 -1.41628814 1.41401081
407 -0.03803845 0.04058226
834 -0.29935862 0.30105867
918 1.57374372 -1.54752335
513 -0.88632580 0.82495693
647 0.94454060 -0.94781884
288 0.24964525 -0.25303027
736 0.81880116 -0.82788099
457 0.57516126 -0.55185825
967 -1.83876196 1.85046510
915 0.57446067 -0.58421263
523 -1.33909977 1.36955145
274 -2.20181466 2.25167589
889 -0.08359826 0.05993198
510 0.91215420 -0.91110666
564 -0.67320577 0.68315683
751 0.06229237 -0.07699611
64 0.57699146 -0.56127535
47 0.95618595 -0.96452532
97 -0.76882259 0.76992107
846 -0.53105287 0.49889270
111 -0.51821847 0.51234823
248 0.65429717 -0.65741171
527 0.18755148 -0.20343694
183 -0.30679394 0.26221128
210 -1.30055136 1.29755397
285 0.45620872 -0.47268364
884 0.44856170 -0.44652591
752 -0.46887658 0.46502423
801 -0.93634540 0.90985249
813 0.37932348 -0.38117922
993 0.03103873 -0.06558600
486 -0.55361696 0.53777117
877 0.60841092 -0.61765073
830 0.56581233 -0.58512696
798 -0.03017257 0.02739068
544 -1.42882820 1.44060856
48 0.30710451 -0.29743143
91 -0.45091304 0.45197787
845 -0.22852119 0.23726525
901 -1.28684513 1.27170545
931 -1.48162010 1.50126955
249 0.77551555 -0.77696942
788 1.64518511 -1.61730319
440 -1.46604442 1.46964583
367 -0.59030079 0.57038295
676 1.09399652 -1.08768630
650 1.56967956 -1.55871078
158 0.92204418 -0.89093876
630 2.33640889 -2.24589882
454 -1.31394763 1.33968353
428 -0.48473109 0.46622907
726 0.65528807 -0.66351443
220 0.12050341 -0.11957287
31 -0.26296521 0.27076339
135 -0.00303786 0.00315316
531 0.67864634 -0.68891268
165 0.02797122 -0.03571788
458 2.56322723 -2.48781586
865 -0.71261582 0.71290665
216 1.06643397 -1.08386581
403 1.83813649 -1.81355439
585 0.53990159 -0.55912442
126 0.58350214 -0.58936832
638 -0.02027511 0.03608195
611 -0.34890082 0.33777156
929 -0.43174506 0.41731589
103 -1.76636220 1.77968332
511 -0.86151582 0.88126910
433 -0.99510172 0.99038140
137 0.55903909 -0.55192558
358 -0.19036504 0.21303717
252 -1.33835060 1.33443968
280 -1.66607498 1.70877450
584 0.17814812 -0.18883403
82 -1.50661738 1.50231478
323 1.31497191 -1.30359259
451 -0.70746488 0.74049447
281 0.67679033 -0.70061950
232 -1.60389761 1.62836176
301 0.17316495 -0.18700634
747 -0.15534873 0.13163154
425 -1.10874444 1.10030475
990 -0.31881399 0.27754488
88 0.21551790 -0.23321788
604 0.13546884 -0.17583290
350 0.52792156 -0.52442295
343 0.21998560 -0.21366069
171 -0.88201167 0.89407361
776 -1.35687125 1.37211962
919 0.30013660 -0.29922112
795 0.00410693 -0.01332619
883 1.27392947 -1.27510056
368 2.50104031 -2.46169038
964 0.05589654 -0.06018484
168 0.62016396 -0.63040788
763 -2.05507085 2.09193438
279 -0.13137327 0.12037657
833 -1.52418691 1.53092370
524 -0.39810248 0.40950017
93 -0.62683660 0.62945594
42 -1.05647494 1.04780719
490 0.80951676 -0.80507860
12 0.68995702 -0.70740410
94 -0.08013892 0.06411960
235 0.33703300 -0.37938003
661 -0.41792008 0.40767009
728 -0.81428870 0.81349515
439 0.78507909 -0.77000322
886 -0.51123853 0.51262919
436 1.74763937 -1.72124090
554 -0.58797498 0.56691258
894 -0.07579247 0.08030041
697 1.14237104 -1.13799138
870 0.77995267 -0.78457973
560 2.32894179 -2.28497705
963 0.11424801 -0.11642766
322 -1.21128417 1.15382054
581 0.38128317 -0.35688852
488 0.59643046 -0.59375578
355 -0.40715230 0.38100201
528 0.67200107 -0.65584474
984 -0.70544869 0.69443352
906 1.38090675 -1.39835682
104 1.25700000 -1.22759454
641 1.21894818 -1.22488532
503 0.45551313 -0.43705124
871 0.90222453 -0.90841833
191 -0.83909836 0.82244777
410 -1.28274562 1.30533293
816 -0.20129137 0.18412223
969 -0.85801907 0.86045314
255 1.63234843 -1.62990888
2 0.65728995 -0.69261971
749 0.44577432 -0.45096841
514 -1.58900917 1.60639358
925 -0.78829825 0.78566930
141 -1.21727993 1.24198445
666 0.07942258 -0.11939709
40 0.44973459 -0.44671058
992 -0.74884460 0.77139883
767 -0.72185402 0.68655512
628 -1.02544851 1.02499970
54 -1.54623413 1.57271857
264 1.09623861 -1.09320056
413 0.21270601 -0.20278212
396 0.37345200 -0.40018602
325 0.91491425 -0.91089442
466 -1.12516430 1.08813041
273 0.16953904 -0.16170474
700 1.14473438 -1.11230684
289 2.04984483 -1.99395106
904 0.09087923 -0.08789452
957 -0.00096159 -0.00806128
731 0.06434739 -0.05165154
851 0.56987216 -0.57723324
505 -1.57958357 1.61363074
327 -0.48434327 0.45543089
577 1.10429167 -1.10085385
594 0.78525153 -0.78363496
172 1.32882313 -1.32021410
496 -0.26855699 0.24738999
348 -0.23898205 0.23154999
592 2.06416456 -2.04533010
453 -0.22083144 0.19692331
384 0.92424908 -0.88176262
927 -0.24103718 0.24830160
492 0.68029803 -0.71493912
62 1.07516810 -1.08083661
679 0.50496434 -0.52266259
701 1.76774490 -1.77474602
827 -0.14907002 0.14323079
34 0.93529362 -0.92562100
507 0.59500174 -0.61579155
578 -1.00062334 1.03193818
606 0.28517333 -0.29819428
553 -3.06606931 3.16634191
766 0.16966983 -0.18339822
722 -1.32053228 1.34233152
284 0.18310829 -0.20414822
176 1.15211700 -1.14438280
989 1.27032568 -1.26810070
743 -1.63634973 1.67314157
299 -1.74818307 1.77240285
791 -0.33525283 0.32626681
712 -1.04143815 1.01364394
461 0.12450369 -0.14807413
459 -0.27467433 0.28572177
207 1.63191951 -1.61656873
520 -0.53984187 0.51899061
26 -0.38738167 0.37369113
24 0.17052810 -0.17201340
509 -1.34250250 1.35346359
837 -0.39617696 0.40530070
489 -1.32519910 1.35074132
826 -1.76359564 1.81035993
754 -0.62413543 0.61425985
418 0.14767694 -0.14652468
415 1.25519583 -1.24076914
574 0.07906361 -0.08025825
683 2.05688681 -2.00405916
98 0.87592108 -0.86017627
334 -0.36488536 0.35624235
933 1.46482150 -1.44879176
876 1.27364761 -1.28952813
623 0.17004875 -0.17640563
848 -0.40756203 0.34394347
645 -1.14923216 1.15196267
37 -1.73437739 1.73701793
394 -0.11973648 0.09723077
582 0.10837654 -0.13802640
973 2.24120906 -2.18319608
920 -0.02238695 0.01558734
799 -0.73365619 0.72092440
657 -1.59585073 1.61635217
291 -0.94482022 0.94264231
485 1.07948592 -1.06960575
971 -1.07983462 1.08052249
815 -1.14872939 1.14351305
738 -1.78036287 1.81586941
