1 -0.85901201 2.60469660
4 -0.51500843 0.71900071
2 1.11741672 0.81843583
0 1.39320384 1.29769980
3 -1.03028357 1.86751410
93 1.41904498 0.44477066
70 -0.52661705 -0.44041226
5 -0.17747745 -1.59847889
58 0.54103731 -1.39179753
49 -1.09381057 -1.54929248
89 -0.47032986 -0.70535607
33 1.03191086 -1.19338933
79 -0.44947783 -1.22967650
95 0.07172605 0.06306714
14 0.48977720 -1.49912141
16 1.18204302 -0.86295707
12 -1.71409799 0.24437418
31 1.34856902 -0.21782083
48 0.31971381 -0.45135352
9 0.03819703 0.73414766
27 1.45142965 -1.25783630
62 -0.27112616 0.59927940
42 0.71688836 0.44039075
6 -1.11120358 0.46333936
74 -1.30559779 1.72241658
10 1.45568823 -0.20273637
69 -0.06042974 -2.86197578
84 1.18480373 -0.57030413
11 1.27254738 0.84482890
75 -1.17580424 -0.23011980
39 -1.61806967 1.13199039
82 -0.41780606 -1.02579957
28 -0.15457539 0.33512901
21 0.74556355 0.26974471
50 0.67625716 0.14297918
57 -1.30246101 0.36525817
44 0.02970982 0.07509153
59 1.64217885 -0.19101874
40 -1.50643366 0.29299629
83 1.30468146 0.24673740
17 -0.43844783 0.51311088
96 -1.85557491 1.88863916
72 -0.47947839 0.44251727
35 0.78811700 -0.85792387
34 1.32780953 -0.93450506
51 -0.00513563 -0.06687207
53 -0.33882700 -0.19154706
85 -1.08526511 1.88469099
26 0.06748986 -0.95546349
52 0.08734039 -0.70935537
67 -0.84926308 -0.02119831
66 0.32771239 -0.94578527
88 -1.08348714 -0.30372993
91 0.65340531 -0.10218592
97 1.76749595 -0.44374501
78 0.06939246 0.27638747
46 0.89249317 0.87003469
15 -1.92010060 -0.37801228
24 0.39129392 0.02304957
99 1.92117890 0.50297063
41 0.26580921 -0.74158832
19 -1.26232484 0.54388008
87 1.47578322 1.49092709
76 -0.13417409 0.56056085
68 -1.90810954 -0.99331098
23 0.66816017 0.20143478
38 1.05415627 -1.05164728
36 -0.06769728 -1.47247648
90 -1.61437483 -0.52541811
45 0.18280544 0.10582664
47 -0.49107755 0.28816570
80 0.54660636 0.07074760
37 -0.73360625 0.39339904
56 -0.41704461 1.55270787
94 0.53206393 0.59442798
7 -1.83769873 -0.36962172
63 1.24855660 0.96507664
55 -1.62452384 -0.33110957
92 -1.48102501 0.45970174
86 0.28923884 -2.59070922
77 0.58415954 2.68293849
73 -0.95016649 -1.05015133
98 0.48133679 -1.60785223
65 0.30175448 -1.15991039
8 -0.20875580 -0.31794901
20 0.40971001 0.20570865
64 0.74237282 -0.48315851
32 -0.36859313 0.16655078
25 1.06029973 0.92410280
22 1.05351204 1.65066597
13 -1.43767990 0.50678624
81 0.42391143 -0.69915073
18 0.34583626 0.34657964
43 0.09143181 0.95392330
54 -1.48258790 -0.94259454
71 -0.24683111 -0.28393796
29 -0.73709004 1.44839672
61 -0.76154114 -0.60556496
60 1.49665220 0.46021491
30 0.59982976 -0.08209098
