213 -0.51175651 -0.59038648
437 0.47361067 0.47199598
4 -0.31106533 -0.47051185
482 -1.05411748 -0.90606463
148 0.68350205 0.75761872
875 -0.63540718 -0.61573927
872 -1.70093556 -1.67567216
838 -2.56941108 -2.43886428
599 1.47068438 1.41938436
419 -1.03851587 -1.00560760
13 -0.26908645 -0.24512487
703 -2.03489384 -2.06042068
812 1.19464577 1.11720860
382 0.16025234 0.16880012
861 -0.29400362 -0.39648964
664 -0.73232839 -0.66357123
859 -1.33118800 -1.23556687
15 -2.87912242 -2.82264277
115 2.06651983 2.00736365
545 0.82174700 0.81154160
352 -0.95116450 -0.88090938
278 0.70584432 0.66419062
930 1.02939138 1.13704890
310 -1.76717169 -1.55281079
136 -1.38670015 -1.28864247
567 1.10639609 1.11328009
580 -0.96595335 -0.98357785
39 -0.67722466 -0.66652089
14 0.51983622 0.59603397
724 0.08669468 0.10863830
778 0.30153892 0.28724889
969 1.47777493 1.40607921
640 -1.22797290 -1.14282226
562 -0.28422718 -0.35618334
548 1.71300332 1.71676403
421 -0.34488126 -0.16724824
642 0.94414528 0.95301102
65 1.26086772 1.14773505
323 -2.03728846 -2.02527868
944 0.31759838 0.30671705
206 -0.84146299 -0.80364617
175 -0.25783229 -0.31315791
706 -0.07826142 -0.27239958
221 -0.03217283 0.08611797
821 -0.58704842 -0.43818169
620 0.42036468 0.25794287
699 0.41133557 0.49918803
753 -1.65352079 -1.52718342
434 0.92705671 0.81259924
911 1.39085875 1.35176851
775 0.43510044 0.46216352
225 -0.12375339 -0.20089462
643 0.49774210 0.62710353
744 1.34076981 1.28739511
613 1.07148257 0.96498272
318 0.26165598 0.18884415
10 -0.67430174 -0.56392049
788 -1.45424026 -1.49932055
863 -0.02552895 0.02321199
484 0.16397497 0.25096651
746 -0.21698743 -0.26287924
730 1.94278601 1.76778283
470 0.56291553 0.60522598
373 -1.75034264 -1.99715631
675 0.55429647 0.62798117
380 -1.82430394 -1.77110375
877 0.96833096 0.94410255
89 2.20583997 2.10305228
705 0.99113041 0.85706435
36 -0.42364048 -0.57067697
11 -0.35432228 -0.33234384
725 -0.29783614 -0.38486188
985 -0.24947077 -0.33046033
116 1.18503431 1.35054939
589 -0.37639283 -0.41088488
780 -0.62463036 -0.57453749
655 0.96842860 1.05238557
178 1.83411494 1.86600548
262 -0.12632942 -0.26255321
222 0.38482355 0.39379518
263 0.80807673 0.79001479
768 -0.07190506 -0.06188351
972 1.11674046 1.05932786
294 1.42571731 1.37791295
129 -0.72359823 -0.82423508
849 -1.48116528 -1.55013817
1 0.70032028 0.67267805
404 1.60412266 1.72081769
665 -1.07657714 -1.17704568
779 -0.51116304 -0.45265698
735 0.82418561 0.69685940
783 -0.26114621 -0.27913559
515 -2.10323149 -2.14995705
921 1.01832237 1.03792620
896 -0.05992840 -0.05122463
805 1.14452706 1.23280860
481 0.66150211 0.65705133
832 0.96758200 1.02795390
535 -1.09643620 -1.14786504
583 1.40808692 1.51039819
193 -1.13184632 -1.14406478
369 -1.32796588 -1.26514384
986 -0.60946998 -0.71744929
759 -0.35611657 -0.34680739
375 -0.37720189 -0.42042423
303 0.14291292 0.01211607
204 -1.15095112 -1.09946370
649 0.04942144 0.02797533
819 -0.21152308 -0.13689855
717 0.66641109 0.53532564
153 -0.47452508 -0.39805254
887 -1.10247152 -1.05910865
873 0.68010508 0.68987694
391 1.26941171 1.14450571
252 2.04250498 2.00688543
219 -2.02264287 -2.00188828
61 -1.53944643 -1.52287767
547 -0.85888333 -0.97100431
477 -0.25522417 -0.26257407
995 -1.44552738 -1.36258040
701 -1.68012918 -1.46622107
786 -0.61427177 -0.67382513
773 -0.38996588 -0.46841572
143 0.33694453 0.14051211
771 0.97040012 0.86357478
81 -0.49840170 -0.53189951
356 0.13494016 0.11008146
328 0.06375681 0.14307046
77 -2.02979727 -2.02944151
787 0.08063930 0.03566817
557 -0.35512469 -0.21452773
476 -0.60004323 -0.66388257
54 0.58588693 0.56789398
691 -0.30500679 -0.38660626
917 -0.86178985 -0.94471571
449 -0.93015746 -0.89039256
18 0.98950482 1.02362985
270 -0.73834929 -0.64795842
240 0.06273221 0.04358157
486 -1.26822327 -1.34005759
347 -1.30944643 -1.26201216
793 1.72553023 1.78867613
331 -0.16014793 -0.18531580
96 1.53507074 1.62143464
283 -0.70582434 -0.65825674
639 -0.10637258 -0.16901386
49 -2.18741204 -2.12637189
275 0.60415240 0.61112144
165 -2.36320896 -2.32036220
650 0.32867318 0.33927821
678 0.37253651 0.44990211
568 -1.01891202 -0.98299997
288 -1.07956173 -1.17378853
668 -1.78503281 -1.81443296
748 -0.03406405 -0.10696744
932 0.57717425 0.49632490
348 -1.75505025 -1.53979798
160 0.40156710 0.30138092
180 1.49875972 1.61675366
898 0.48951738 0.40004757
572 0.55114846 0.65227378
316 -1.05949344 -1.12900127
690 -0.02538367 -0.20118665
203 0.26007499 0.32888486
17 -0.83521889 -0.92694141
256 -0.64799545 -0.64438607
214 0.06283431 -0.05274867
80 -0.53265464 -0.40188185
493 0.94764573 0.81388789
199 -1.09729128 -1.11970805
532 0.30073189 0.25946707
956 -0.68502217 -0.63888848
244 2.06919617 2.14937000
960 0.30356541 0.31659331
573 -0.40052446 -0.34474200
588 -0.04205052 0.01077837
881 0.13075846 0.17417904
988 1.61232330 1.55182247
32 0.11605750 0.32065825
198 -0.86967808 -1.00599775
927 0.28979253 0.26288676
491 -1.16283676 -1.23240321
646 0.48514925 0.49084508
430 -0.11399869 -0.15750300
804 0.29138962 0.18938989
674 -0.32410057 -0.32838699
633 0.34343987 0.35556701
794 -0.62770131 -0.59005759
684 -0.74530070 -0.74272491
72 0.70107656 0.74052336
506 0.23500629 0.37348980
772 0.29252902 0.21937114
487 1.25398077 1.14196474
147 -0.25707809 -0.30375190
542 0.39739303 0.40391002
740 -1.37346943 -1.22799146
682 -0.65513679 -0.64241679
692 0.57131906 0.61046475
145 0.60939628 0.56512433
141 -0.08250444 -0.13352058
789 -1.29172551 -1.22819272
942 0.72150679 0.81972772
401 0.44346028 0.35247365
842 1.26445899 1.40623218
8 0.27102213 0.15991320
154 -0.06668327 -0.12935103
123 0.49619174 0.56562650
720 0.50772524 0.56014977
938 -0.85437536 -0.88880115
755 -0.72518009 -0.78304025
617 0.39482031 0.41264119
426 -0.89732885 -0.86112053
52 1.65325888 1.56340866
156 1.04399811 1.08882293
83 -0.31287623 -0.35319389
839 -0.31132963 -0.41761031
30 -0.21614556 -0.25938105
313 -0.26183706 -0.30291908
121 0.27940432 0.28192281
410 1.23237701 1.31857438
658 1.86992226 1.85285098
975 -1.31319558 -1.19146796
728 -1.55892018 -1.63197853
342 0.33903873 0.28162074
237 -1.13855319 -1.32911549
164 0.10797755 0.08575841
446 0.72669668 0.63707506
823 0.91089291 0.95985906
7 -1.52742252 -1.61705516
478 -0.88049827 -0.93155363
953 -0.02393237 0.05665225
146 -1.96982048 -1.92207042
268 -0.43081302 -0.32170946
21 -0.79753312 -0.91084188
389 -1.16904560 -1.10851927
711 0.53843624 0.63306698
435 -2.70376540 -2.83430320
951 -1.34780914 -1.29338549
69 -0.76279200 -0.87238572
182 -0.53856571 -0.54423663
241 -0.43503820 -0.47355013
99 -0.82577736 -0.95468198
179 -0.07300535 -0.11902644
797 -0.55848938 -0.57142636
317 -2.06860599 -1.93259526
269 1.66574932 1.72715892
680 2.41631258 2.48707768
431 -1.02008582 -1.00629673
35 1.31436141 1.37112750
609 1.80518350 1.63995926
75 -0.82312844 -0.78031464
949 -0.72963101 -0.76672981
120 -0.69108289 -0.87170980
954 1.56220169 1.55674682
762 -1.63114535 -1.63468128
340 -0.59083338 -0.67129335
893 -2.14647894 -2.16381080
831 -0.02336724 -0.10536073
76 0.01637693 -0.02625271
561 -0.87501208 -0.91550154
227 0.55636207 0.46409030
679 -3.40149840 -3.33766204
279 -0.10300898 -0.09054653
558 -0.27952546 -0.22733496
817 0.63553312 0.69586434
319 1.30519977 1.36828522
590 -1.67841296 -1.61713984
719 1.09107666 1.08480017
750 -0.31300902 -0.15650523
899 0.13866742 0.01426535
576 0.39628258 0.04743220
876 -0.48746259 -0.49745351
281 -0.30120893 -0.28069355
251 -0.51963885 -0.58765414
713 0.85345735 0.90947068
941 0.98589186 0.76083183
412 -0.35179924 -0.28809274
229 1.78399801 1.76267152
577 0.35795929 0.18438466
177 -0.36471892 -0.29705182
539 -0.42083130 -0.46434360
284 1.20235443 1.32832109
296 -0.81531062 -0.91291035
417 -0.21640803 -0.32390973
811 0.65218859 0.76013420
546 0.03211692 -0.05170030
694 2.43302992 2.47661789
760 -0.76869088 -0.72516879
659 0.53040171 0.50033221
998 0.76393553 0.67912512
475 0.59237232 0.49500922
824 0.83361343 0.84119196
563 1.11966912 1.10777787
197 -0.63623788 -0.59212753
736 0.14910165 0.07736324
651 -0.57872972 -0.63345888
253 1.24315296 1.29075192
201 -0.00473958 -0.16136854
800 0.33172396 0.23654500
741 -0.95671495 -0.95189023
243 -0.45791639 -0.44186298
758 -1.44542151 -1.56507498
661 -2.67025543 -2.56568892
900 -1.07193369 -1.03818908
677 -1.10128350 -1.07524735
232 -0.27301645 -0.17006996
598 0.20206830 0.25393525
346 -0.15631725 -0.09984978
584 -0.18221157 -0.07575287
467 1.31458949 1.29847605
358 2.23291885 2.24848883
138 1.89241138 1.75531668
822 0.59231929 0.51236108
233 -1.56603059 -1.37855925
472 0.74994000 0.60845299
867 -0.18022029 -0.05264051
550 -1.19621979 -1.11101358
621 1.82422008 1.89408675
952 0.23586427 0.11193794
850 -1.49354294 -1.32025724
67 0.45244494 0.45227312
765 -0.09515611 -0.04723363
764 1.74355171 1.54133642
271 0.11191237 0.11257021
392 -0.12264320 -0.10562372
961 1.13132474 1.22286257
718 1.14005845 0.97040074
228 1.44943589 1.49582989
386 1.70909624 1.66892976
541 1.05391628 0.92520710
285 0.35963669 0.34788151
814 -1.61445792 -1.76862204
618 -1.57132781 -1.55520219
62 -0.24098445 -0.39864611
943 0.21913727 0.20207490
608 -0.58268435 -0.64404227
825 0.86982596 0.98842164
781 -0.44824723 -0.57862932
106 -1.45157641 -1.37135329
555 0.32728217 0.27933780
549 2.03997087 2.13853784
134 -0.09772268 -0.10490670
98 -1.24816159 -1.34500141
335 0.05715839 0.16604855
353 -1.53029744 -1.42991620
869 -1.29026253 -1.40491361
457 -0.38150413 -0.38097772
390 -0.05554046 -0.06164247
503 -0.34563947 -0.35419398
836 0.98344979 1.04950776
992 -0.17085973 -0.10754532
309 0.13458153 0.25053032
634 -1.57810341 -1.45835417
330 -2.22720167 -2.24947684
53 -0.44457351 -0.38056239
946 0.24086148 0.30475449
423 0.95602665 1.00235953
282 0.28513094 0.32644586
351 0.10470636 0.02166384
420 0.02375484 0.02198253
6 0.27931339 0.28525335
413 -1.66800114 -1.49764601
739 0.29894431 0.38867229
543 1.12871727 1.05932709
349 -0.36770026 -0.42682465
999 0.26283551 0.23130344
184 0.11203302 -0.10437347
516 -0.45709067 -0.31821398
362 -0.47846279 -0.49871156
756 1.44241138 1.52195889
396 1.22161442 1.14248468
422 0.92621752 0.88383149
494 -1.36423775 -1.13314787
250 -1.38709180 -1.26748858
686 0.48356283 0.59869083
518 -0.65407014 -0.64836402
209 -0.01410670 0.02601996
326 -1.06915387 -1.06889245
880 0.45901699 0.40800038
168 0.32944007 0.57893320
108 -0.99456943 -1.02526866
403 0.99572815 1.02078680
344 -1.03181204 -1.10586829
616 -2.23187611 -2.25134831
126 0.88198540 0.94149127
97 1.05954060 1.09823280
566 -1.15144133 -1.21463107
669 0.59307080 0.57091549
603 -1.08551984 -0.94386380
950 0.18803025 0.15599636
830 0.87164443 0.88449126
105 0.29544153 0.34129538
981 -1.02848833 -1.13932045
704 -0.64372562 -0.60876222
334 0.81025952 0.86616674
884 0.57545321 0.71276965
964 -0.77880305 -0.82296730
43 0.00133561 0.05246803
320 -0.15200551 -0.12921429
708 0.78108821 0.77336596
383 -0.89848435 -0.88769530
321 0.29240101 0.23228923
721 2.22510311 2.12712393
28 1.92098937 1.88528412
257 -0.26627503 -0.39515789
747 0.53438783 0.56028651
983 0.01876312 0.10485968
397 1.45564322 1.54416324
212 -0.43921838 -0.54223414
971 -0.47212771 -0.52014103
499 0.75470892 0.85731080
361 -0.60903230 -0.82717200
479 -0.40710205 -0.45750082
101 -0.66218640 -0.82830296
297 1.07200467 0.95308132
78 0.61691389 0.50085523
575 -0.62958216 -0.59483940
844 -0.03796737 -0.01487975
976 0.86678864 0.77476431
432 -0.47477521 -0.54609736
133 -1.91269367 -1.94396969
443 -0.17647241 -0.04967880
619 1.26397032 1.11849878
496 -0.84834994 -0.76931173
406 -0.42800368 -0.46494960
50 -1.62728190 -1.56793966
468 0.69569781 0.78460836
918 0.42276616 0.54507930
247 1.70940250 1.76445229
196 -0.66277749 -0.58799978
991 -0.48495443 -0.57501726
993 -1.25818435 -1.17353158
818 -1.05582481 -1.03343238
937 0.30344675 0.26453194
790 0.38919167 0.36279090
354 1.17892163 1.17218989
366 0.41068942 0.38415664
128 -0.86573041 -0.84226989
211 -1.72998648 -1.74450017
92 1.33160974 1.24303199
512 1.44790642 1.46822529
113 0.34020200 0.26602802
997 1.38676188 1.37466894
5 1.70438786 1.73308065
502 -1.71162348 -1.76646758
322 -0.61460968 -0.67183121
395 1.06321482 1.07228227
626 0.17448870 0.12592341
238 -1.09454006 -1.04447808
402 -0.58397437 -0.63355885
723 -0.29845486 -0.20196076
107 -1.30163241 -1.17816899
304 0.10706745 0.21473550
889 1.91791461 2.04651967
525 -0.37461744 -0.37297238
261 1.23048072 1.21445627
559 0.35824782 0.49069984
907 0.40544366 0.45629819
102 0.76504516 0.59359884
885 0.94486260 0.99098115
60 -1.72978964 -1.84071647
350 -0.24421927 -0.25418863
195 -0.22372351 -0.22665356
685 -0.76464613 -0.84833184
441 -0.42578889 -0.47851465
915 -1.81882029 -1.80142447
853 0.04402256 0.07044103
827 -1.56470730 -1.53662705
230 0.35498069 0.35858003
581 0.93019364 0.86998786
122 0.15772310 0.22467404
841 -1.40870065 -1.61429632
23 -1.07881378 -0.88663503
139 0.32318871 0.39679777
556 0.60736944 0.33905184
82 0.15400773 0.17581843
51 -0.92738744 -0.85124210
332 0.35183832 0.27367875
58 1.48422171 1.46042468
118 1.43838198 1.46412991
931 -0.48707119 -0.51089108
596 -0.05635577 -0.09311145
492 0.22046559 0.14734292
671 -1.06532506 -0.89227786
90 1.10808121 1.18843621
215 0.60348847 0.56348803
903 0.55319481 0.51061353
757 1.52115649 1.44174478
947 0.79806112 0.82028011
987 -1.49118774 -1.52182389
912 -0.77997821 -0.78062443
306 0.55644639 0.52463563
41 -0.48460088 -0.49933734
104 -0.75294937 -0.65641417
234 0.53212580 0.54896686
433 -0.81580407 -0.80104261
70 1.10355983 0.92999624
300 -0.75500552 -0.75634960
338 0.38396928 0.41323684
3 0.52487864 0.51203737
963 -0.55922681 -0.68804307
624 1.43131739 1.38678512
835 0.30290930 0.28122596
860 0.04361049 0.03965091
511 -0.20435771 -0.13862763
336 0.08285927 0.05080894
782 2.00684717 2.02087894
733 -0.29352084 -0.39290887
965 -0.16396622 -0.33991755
393 -0.17731184 -0.21307801
607 -0.82694643 -0.86980612
236 -0.63830927 -0.41701721
698 -1.16291834 -1.25888218
86 1.33927314 1.33524484
958 0.34284909 0.36831437
125 -0.84210965 -0.76932255
914 1.30839802 1.06862725
88 -0.58800545 -0.70486881
751 -0.31623348 -0.42453228
276 -0.10098595 -0.22194476
157 0.95320040 0.98708664
46 -0.30148344 -0.30872608
312 -0.18480126 -0.19959091
570 -0.98980427 -0.94033139
715 1.45813100 1.36996324
497 -0.66079062 -0.76670795
286 -1.02859465 -1.20144536
882 -1.29661534 -1.26777597
894 0.23027851 0.11565244
806 -0.56784268 -0.60214085
855 0.33814468 0.30873940
103 1.55141955 1.34828500
606 -0.90495145 -0.85081109
846 1.06594588 1.08507212
169 0.08190036 0.23653603
587 0.76817417 0.68703080
84 -0.64411549 -0.82260342
109 -0.22614003 -0.21183386
194 2.35458554 2.42812617
159 1.73113864 1.76320923
508 -1.61960021 -1.58178361
245 -0.73582650 -0.83534537
663 -1.16568785 -1.18809107
242 -2.73085501 -2.60049972
666 -0.34568641 -0.52038053
305 -0.10732199 -0.38779872
405 -0.53439570 -0.59381845
463 1.01899814 1.15473605
707 1.04911678 1.24456785
272 0.20454085 0.25723079
379 0.47103887 0.53676416
119 0.44199679 0.48040615
0 0.09606693 0.16279527
360 -0.87351404 -0.82329155
398 -1.59204733 -1.59231092
802 -1.12555457 -1.19537483
31 -0.97122598 -0.97837352
87 1.99844369 1.87225477
130 -0.81871561 -0.79185602
858 -1.07218352 -1.05312558
315 -0.38727144 -0.48289943
355 1.03709445 0.96440639
926 1.06652041 0.97350568
114 1.86433701 2.05138453
795 1.06671527 1.04747436
424 0.90641846 1.06890615
501 1.04819103 1.09885858
628 0.01443156 -0.05823189
569 -1.10792688 -1.01530541
798 -0.74258366 -0.65465117
447 -0.60587571 -0.57823840
456 -0.46078673 -0.57701488
226 -0.33205190 -0.32223218
429 0.03661895 -0.09281896
370 -1.79356841 -1.92523378
521 0.45971973 0.46297472
324 -0.94749195 -0.87508468
368 1.39090040 1.23005595
127 -0.16962228 -0.20525422
298 0.58542497 0.47722704
144 0.64936747 0.68469997
517 -0.24177639 -0.28379881
856 -0.40949764 -0.49625789
110 0.44917862 0.36733167
585 -1.34786400 -1.39772379
34 -0.26713479 -0.38575528
465 -1.32478511 -1.43719479
745 1.30830810 1.31787907
890 1.13319035 1.13163552
290 0.05509401 0.11096296
188 -0.72742231 -0.60857989
181 -0.14706590 -0.36535642
100 -0.92532250 -0.74941040
892 -1.23363689 -1.27201428
73 -0.22790008 -0.29417130
891 0.54268392 0.70186409
444 1.05448837 0.91386040
636 -1.61807119 -1.61944039
29 -0.21014544 -0.32643409
224 2.55033067 2.47436895
337 0.20870964 0.05808413
163 -1.24934503 -1.15750946
202 1.02580117 0.99294116
623 2.48918715 2.48920610
314 1.26954134 1.33603286
9 0.88523790 0.99695233
152 1.09085304 1.07513227
770 -0.90440944 -0.73330979
345 0.11618348 0.06431226
293 0.59195019 0.65430949
311 0.27147779 0.18277818
510 0.23166967 0.10922082
187 1.78014086 1.80810774
377 -0.81894522 -0.71051164
427 -0.72869511 -0.64224915
657 0.86486086 1.03204310
888 0.47388955 0.52374254
905 1.88501589 1.85666360
916 0.05855965 0.10251339
864 1.15472335 1.11318893
709 0.64811357 0.76429448
696 1.19099267 1.14464091
605 0.79453853 0.86999172
810 0.14772690 0.30352959
865 -1.70993358 -1.74596905
381 2.21122645 2.13892103
586 -1.52242501 -1.56802187
895 -0.32689284 -0.31869374
149 0.03075736 0.32461295
970 -0.72418292 -0.81887347
834 0.80410056 0.76157350
329 -1.61533297 -1.39496140
208 -1.24703814 -1.18872118
742 0.84040798 0.69267672
777 -0.85172802 -0.87184222
820 1.29676200 1.29066153
681 0.52503215 0.42301785
71 -1.16599990 -1.14464266
761 -0.42158585 -0.57932239
990 -0.81196424 -0.61094580
450 0.24003733 0.20701933
462 0.63609311 0.74759621
170 -1.33620294 -1.27866763
378 0.93923890 0.91350580
966 -0.80936165 -0.74780269
448 0.34618094 0.37206325
161 -2.56015618 -2.45754109
264 -0.27456706 -0.46061704
654 -0.58309023 -0.57145186
132 1.04765928 0.96525467
801 -1.37073380 -1.45540938
909 -1.09856047 -1.18579655
601 2.34035192 2.27797850
509 2.02073318 2.10295880
376 -0.63195626 -0.65015714
652 0.26922388 0.35017681
615 0.88114403 0.91983235
996 0.53751192 0.54791848
425 1.36955911 1.36130276
578 -0.26116094 -0.23610901
452 2.21178842 2.28122019
438 0.54108150 0.54057755
874 1.24353689 1.27267462
672 1.09956146 1.25700541
359 -0.25293906 -0.28350292
451 1.41942992 1.55986567
246 0.35565478 0.37336851
266 -0.86967218 -1.01397736
622 -1.57680268 -1.45290935
693 0.42425505 0.61609213
63 -1.59480384 -1.52106492
210 -0.17860491 0.09581268
367 1.06478702 1.13050371
791 -0.96959151 -0.96955730
667 -0.09905054 -0.05779199
135 0.92104049 1.05510269
151 -2.60507692 -2.50018912
534 -1.20517605 -1.20217883
79 1.23081243 1.40125375
700 0.09911888 0.10564360
840 1.15160618 1.14161322
922 0.68093080 0.58133279
712 1.51132554 1.56889466
166 1.34358138 1.52282880
94 0.09265685 0.12029325
612 0.32056016 0.34753363
333 -0.02980564 -0.06211883
302 0.13283280 0.24210547
385 0.16442591 0.23786176
364 0.95491656 0.93465405
602 -0.79429240 -0.84680533
994 -1.15301322 -1.16230432
111 -0.58605531 -0.58469853
162 0.73110595 0.62158740
538 -1.53948961 -1.66033616
150 0.49314589 0.50903131
173 -1.47224539 -1.31626538
565 -0.96472302 -1.03594438
445 0.71932537 0.73069553
552 -0.34739043 -0.41941526
604 0.75433256 0.71151114
979 0.61362197 0.48422263
158 0.13794314 0.35550675
828 -1.67798601 -1.62124279
614 1.20801359 1.34371217
117 0.16818598 0.19808150
47 0.34204902 0.39088183
631 0.97676715 0.98345944
42 -1.47708315 -1.50200499
498 1.61956472 1.65924640
365 -0.06657787 0.01995531
140 1.48122752 1.71605636
363 -0.37228174 -0.35460661
416 -0.01151376 -0.03628372
852 0.36036021 0.35397444
190 -2.59356049 -2.60516819
267 -0.07992775 0.16753574
879 -0.36645439 -0.52694163
982 0.52687607 0.55862395
327 -0.85855330 -0.98464708
906 -2.50994684 -2.44374204
16 -1.47552669 -1.38602102
292 -1.82140982 -1.71838508
93 -0.85672985 -0.98612809
223 1.77464070 1.73537209
848 1.01781744 1.02844062
714 0.79343195 0.78364729
265 0.21521566 0.24523128
308 -2.00040194 -2.08696609
495 -0.83315344 -1.00935502
523 0.14741210 0.10388779
513 0.10570251 0.17912425
968 -0.84650978 -0.80154710
371 0.72184622 0.59389937
235 -0.59932443 -0.75115022
638 -0.02064624 0.05553512
387 -0.18911351 -0.16527502
301 1.33129200 1.35742138
2 -1.32112490 -1.44230818
591 0.30699479 0.33431446
526 0.06527821 0.05587582
868 0.77060065 0.60382454
171 -0.63449205 -0.84376867
959 0.34633689 0.36022405
878 -1.43076444 -1.41366293
537 -0.39748242 -0.44113885
399 0.67849336 0.69558389
249 0.89549489 0.93241438
809 1.32336699 1.22546767
192 1.20003626 1.20463462
854 -0.02002295 -0.05262893
440 -0.81362133 -0.61552025
137 -0.97150634 -1.03435753
957 0.74635630 0.73855795
980 0.61281195 0.64353758
357 -0.50780366 -0.68831192
766 -1.02816982 -0.99888124
813 2.17871085 2.13703211
453 1.14799540 1.34570231
540 0.55982853 0.69214829
928 0.32838825 0.36742824
579 0.91272179 0.92712152
374 0.56415043 0.67590274
702 -0.26422508 -0.15673213
85 1.85963839 1.78870086
656 -0.97645839 -0.93434554
33 -0.41000658 -0.30301951
524 1.10208211 1.18062246
792 1.22794554 1.20886211
414 -0.42007888 -0.37420903
593 -0.53938508 -0.56284113
287 0.00498510 -0.23411965
341 0.91510808 0.89941494
533 1.20851344 1.26589457
683 0.89281890 1.01702826
544 0.67859104 0.68264494
610 -1.14260012 -1.09738241
57 -0.81642386 -0.88839756
64 -0.25154659 -0.28543434
784 0.81707815 0.94473142
519 -0.57863321 -0.67954174
167 -0.20152754 -0.17573087
553 0.07274451 0.23886919
803 -0.00734954 0.19019390
611 0.84739129 0.87043285
769 -0.35456815 -0.62613262
977 0.60172222 0.74484278
299 -0.73964078 -0.57091879
91 -0.02352314 0.00231837
27 -0.83101210 -0.79386971
260 0.76397993 0.72820632
687 -0.76888676 -0.89994513
458 1.73616176 1.82231912
480 -1.44869565 -1.47333649
460 -0.26294344 -0.18915909
940 -2.11810669 -2.10286135
902 0.17352486 0.04334092
883 0.78482375 0.79743684
38 -0.68342457 -0.71674162
489 0.32972744 0.47963436
743 2.02490360 2.13405618
384 0.82713058 0.74353791
936 1.66722175 1.67630159
536 0.34460244 0.40105423
955 0.18893801 0.29731467
258 0.33299172 0.37333220
372 -1.05237135 -0.99387926
829 0.59978224 0.51830598
571 0.11256838 0.13138654
632 1.40467735 1.41552384
597 -1.41394164 -1.29949681
908 0.74143218 0.86171752
19 -0.47063831 -0.40666404
866 0.39229361 0.41774863
411 1.00545268 0.99522796
796 0.42657703 0.46913517
442 -0.07397254 0.03233238
737 0.78204906 0.86726919
40 0.19626919 0.10884071
851 -1.75286543 -1.94182234
807 -0.64264031 -0.72320569
670 0.83067146 0.63498758
662 -0.61235653 -0.56394173
551 -1.49315007 -1.54605701
630 -1.38763890 -1.38321838
248 -0.42574906 -0.37440240
459 -0.52708077 -0.61626925
66 -1.35499249 -1.37672935
627 1.43937224 1.42718884
455 0.19763749 0.09339864
843 0.08955868 0.05236142
454 0.13604685 0.13398160
910 -0.71222785 -0.67714106
436 0.35162598 0.38208693
514 0.78652361 0.73353240
464 -0.51136486 -0.52653040
925 0.53805774 0.54531493
554 0.14641159 0.08210263
676 0.67187843 0.54460958
710 0.43337757 0.38319788
901 1.11905111 1.10769829
289 0.46085101 0.61545554
295 -0.22281905 -0.18647234
200 0.76978437 0.77302449
870 -0.07629706 -0.03280176
174 -0.20623602 -0.21782080
409 -0.42710430 -0.36658171
978 0.27138178 0.40696977
155 0.68292051 0.75495878
731 0.99869145 1.00238038
647 0.19239431 0.05617249
934 0.89377284 0.85852759
529 -0.60168675 -0.71383445
500 0.25787711 0.24559863
220 0.98143240 0.98392298
923 1.51334552 1.50148199
635 0.91818325 0.73751807
641 -1.90615118 -1.91873726
785 -1.50726706 -1.46572547
935 -0.78774402 -0.76230107
808 -0.00065719 -0.10098754
415 -0.28577210 -0.21816073
131 -1.49383432 -1.52438959
697 -0.60728058 -0.66773197
22 -0.28118402 -0.22354127
738 -0.26655600 -0.28675234
407 -0.34169673 -0.43871206
483 1.94161806 1.94462578
688 0.03763059 -0.01833583
44 1.00190367 1.11075689
12 0.08311138 0.19122110
833 0.68011890 0.50559184
45 0.93609364 0.86403754
274 -0.79212155 -0.73795246
239 0.36237384 0.45791131
763 0.32310286 0.33434258
582 0.61180533 0.78877327
939 0.33290572 0.53229177
189 1.29064429 1.32539924
945 0.62480548 0.72896189
695 0.72854776 0.88524142
505 -0.13578771 -0.12515476
24 0.02588277 0.09454281
774 -0.12099430 -0.20586455
564 -1.47821899 -1.51303285
507 0.18762879 -0.02199942
919 -0.41262324 -0.28809351
280 1.38480250 1.44353559
967 0.14307242 0.10797366
20 -0.57859790 -0.72649683
749 -0.21094957 -0.22442030
752 0.07432586 0.04293300
595 -0.89283967 -0.88681612
826 0.37244761 0.40536361
504 0.87008874 1.05142063
847 -1.04883347 -0.92458878
600 -0.60700343 -0.59221151
886 0.04345002 0.11070183
488 0.27058323 0.32036082
471 -1.58458967 -1.58005275
59 2.03178095 1.78340104
857 -0.06918299 -0.26077754
520 -1.35141174 -1.29856324
26 -0.59377307 -0.44895004
142 -0.94476211 -0.93592049
124 -0.82540252 -0.74500754
418 0.18258902 0.35208922
231 0.32994211 0.24373945
388 0.05168972 0.10071176
989 1.48008761 1.38385709
648 -1.11278470 -1.07018379
594 0.75397514 0.75035118
307 1.03735194 0.79822409
673 -0.86281978 -0.90333979
172 -1.60296943 -1.62207762
734 0.87482388 0.83855673
183 1.34201466 1.45868254
816 0.01545240 -0.04522039
394 1.31356134 1.25197522
837 2.02010288 2.18933182
637 0.27970484 0.26539606
754 0.82652202 0.85979847
729 0.80453686 0.78179699
186 -1.82371473 -1.60019697
343 -0.44826831 -0.54254293
68 1.06797511 1.12044334
799 -0.53912449 -0.46979167
716 -1.18433278 -1.26081669
973 -0.81067712 -0.81523205
689 0.31954039 0.30365714
185 1.17198418 1.09671548
48 0.47979803 0.50682100
904 -1.68988409 -1.86312246
74 -0.83224111 -0.95163490
191 0.67408358 0.64491739
325 0.59232660 0.70259958
528 0.42158277 0.39922919
924 0.77840222 0.71889843
56 1.77686372 1.66357278
660 0.36207617 0.25947765
400 0.62708539 0.62072367
466 -0.42989083 -0.57929519
291 0.75058778 0.88859977
176 -1.84319458 -1.61644128
722 -1.66412748 -1.68465093
929 0.24985761 0.14377157
560 -0.44265487 -0.48408764
408 -1.29371136 -1.13013586
205 -1.87964190 -1.82654835
531 -0.01294403 -0.01011339
25 0.17803217 0.32694069
629 0.16960122 0.11460329
255 1.18313198 1.20631805
913 0.10285182 0.17871092
625 0.68728417 0.56278886
277 -0.10338819 -0.09853101
55 -0.15197960 -0.04266281
871 0.21940772 0.47289757
461 0.32341146 0.30529096
727 0.77342558 0.77348571
527 -0.88671159 -0.71190767
207 0.82235851 0.81165594
473 -0.43736851 -0.54481405
732 -1.50837984 -1.39806866
767 -0.01059960 0.18312692
897 0.53932759 0.68825532
218 0.19015514 0.27029800
862 -0.89790596 -0.77567954
254 -0.31219284 -0.37456464
530 -2.05294393 -2.08844579
776 -1.44979365 -1.50332747
112 -0.12221599 -0.01526572
439 0.33627872 0.26946470
644 0.83811048 0.63366340
490 -0.31532693 -0.19931627
216 0.35895630 0.21136502
948 -0.31608586 -0.28052776
726 1.14844288 1.28030140
217 0.20481241 0.19094143
574 0.31398588 0.30345774
974 0.33989671 0.37219807
653 0.72765402 0.78379948
815 0.82696015 0.90087200
522 0.58482220 0.57082510
95 -0.71732482 -0.98064827
37 0.75029406 0.72314832
920 0.82355267 1.09540675
273 0.63587814 0.53470604
469 0.07076775 0.14251924
428 0.55687584 0.68233900
845 -0.73502882 -0.74720681
984 0.62362340 0.45744700
592 -0.57140616 -0.40171111
259 -0.85584068 -0.97485711
962 -1.22846361 -1.28606727
474 1.21759878 1.07719425
933 -0.04879092 0.01880148
645 0.36694247 0.28256405
339 -0.96367150 -0.71681811
485 -0.16715629 -0.23485281
