437 -0.58421019 -0.60966897
724 -1.12743122 -1.10805657
658 -1.99120321 -1.91871980
14 -1.22347587 -1.18852922
290 1.62743895 1.69089273
780 0.59897090 0.50174566
567 -2.52189946 -2.42343795
258 0.38242902 0.29240835
105 0.16128413 0.13302722
618 2.18516291 2.25871138
419 0.73179902 0.75279875
15 0.50307322 0.43931780
588 0.41323986 0.39654653
282 0.25908069 0.23852016
903 -0.68489520 -0.69743941
225 0.66474498 0.48174639
472 1.16892391 1.24420862
675 -0.11663110 -0.15010770
6 0.85040897 0.77412673
134 -1.85464219 -1.77330989
725 0.64772504 0.71532434
917 0.60409016 0.55840253
692 -0.91203613 -0.90894829
543 1.29291763 1.30069768
101 1.10315685 1.11389630
251 0.52888395 0.51096726
839 -1.01824151 -0.94307932
900 0.48288802 0.44028909
448 0.72269358 0.69929705
311 1.60663524 1.67132236
975 0.49406606 0.50676365
602 -1.36815954 -1.38919540
723 -0.51232058 -0.54928182
946 0.38212563 0.38814114
651 -1.49760404 -1.39913587
730 -1.93025529 -1.83127669
310 0.12613034 0.02816027
221 0.31009844 0.13282125
831 -1.00768498 -1.09306722
548 0.48812353 0.32229014
470 -0.34292272 -0.53218208
677 -0.04795349 -0.12474533
953 0.72059451 0.60062535
230 0.85282294 0.77229925
866 -1.24114205 -1.24148469
136 -1.77045850 -1.71231574
491 -2.26709442 -2.11141677
278 -2.16021892 -2.06589944
138 1.22533029 1.20828302
627 0.36822353 0.28172739
345 1.17997466 1.31082171
115 0.31585870 0.30996950
746 1.42525988 1.44943138
761 0.26205350 0.30787830
568 1.44500642 1.51476423
344 -0.22228427 -0.30213267
144 0.34157556 0.25500583
429 1.54769916 1.69399843
270 -1.12369750 -1.17755324
772 -0.19135350 -0.21727226
978 -0.24835659 -0.33646160
832 -1.41843575 -1.31852551
583 1.52802846 1.50678996
663 -2.01799957 -1.88417542
151 0.47169012 0.44289481
57 -1.21075684 -1.14760078
674 -1.12808065 -1.07332237
811 -0.60375216 -0.55660930
563 0.07573543 0.06072653
786 -0.65130183 -0.65723085
998 -0.50519509 -0.49629364
678 -0.78619239 -0.83547842
13 -1.15933562 -1.10904079
143 -0.44172489 -0.48172349
875 -1.08255725 -1.13519210
888 -1.13946319 -1.15889399
708 0.62015520 0.51412001
823 -0.39665737 -0.36337036
948 0.55399033 0.57260012
416 -1.77668388 -1.63297573
537 0.34457556 0.38934183
389 -0.21763579 -0.26970655
100 -0.38316245 -0.43272830
132 -0.59969854 -0.66837342
502 0.56072379 0.50846735
116 0.89667447 0.92903306
377 -0.70782805 -0.78444433
16 0.44948399 0.43601501
10 -0.20306667 -0.13306450
711 -1.04339217 -0.97075259
370 -0.45622526 -0.51442707
625 -1.74456082 -1.68459340
335 -0.71626286 -0.65816458
755 1.35851306 1.34165258
864 0.22028955 0.21740622
867 0.75624186 0.64337622
275 -0.39047995 -0.42044623
696 0.07321692 0.04055784
297 0.04238829 0.08066543
35 0.05005004 0.07196522
631 0.47068558 0.45312808
307 -0.74665569 -0.80838248
573 -1.36560138 -1.30469019
383 0.67849135 0.68564246
81 -0.46923226 -0.56871831
76 1.66639409 1.57020850
156 0.51091878 0.51827677
930 1.43818679 1.47652733
454 -0.27086788 -0.40678154
146 -2.83768615 -2.69037092
960 -2.10660705 -1.97356636
372 0.18107468 0.12431045
985 -0.67050410 -0.74556064
898 -0.18440925 -0.27418539
487 -0.61425737 -0.52721841
762 0.14132118 0.14107317
515 1.00864056 0.96755267
382 0.94948677 0.97159008
353 0.27316187 0.34376371
423 1.24282485 1.29052237
909 -1.37950671 -1.41933768
341 -1.33269342 -1.22905178
272 -2.15354404 -2.03311993
771 0.88527999 0.79055727
642 -0.29356543 -0.20440399
774 1.01895232 1.07707292
203 -0.92839809 -0.91021844
130 -0.13600240 -0.11770419
605 0.26761361 0.26819295
506 1.16670849 1.10783433
881 1.26917413 1.27718400
769 -1.15743198 -1.10649625
944 -0.54048561 -0.54701777
49 -2.14018126 -1.99218180
145 1.76691274 1.91395208
178 0.69054931 0.76160497
303 -0.79145803 -0.75691423
7 -0.76826492 -0.73044508
735 0.46724741 0.50180220
552 1.99163752 2.06601037
951 0.35021879 0.34506718
787 -0.68882556 -0.75456254
559 -0.08823183 -0.04038531
463 0.41411737 0.39090760
243 -0.54068707 -0.52392794
385 2.21201564 2.37292977
661 -2.13677451 -2.02145436
445 -0.78715746 -0.87112192
893 -0.43257662 -0.47265435
812 -1.57461068 -1.42419817
121 -1.58315322 -1.58940280
74 -0.12612988 -0.28478375
804 -1.02574901 -0.93780750
28 -0.34907783 -0.44463154
190 0.00857975 -0.07948728
718 -0.52163593 -0.62700174
210 2.25871153 2.40469558
408 -1.18162407 -1.23762578
603 1.19521274 1.15374845
825 1.07947089 1.13862077
936 -0.73050737 -0.79995790
161 0.76778341 0.77185803
934 -0.87113555 -0.85794449
482 -0.75719087 -0.76862826
698 0.74855025 0.72804601
449 -0.14553436 -0.15914715
681 -0.52473795 -0.47025258
244 0.41680992 0.34105884
765 1.13465977 1.21579285
861 -0.65397609 -0.68317296
680 0.03248878 0.05192152
521 -0.16058152 -0.21201478
184 0.17124184 0.16148741
947 0.92076769 1.00896271
87 3.55823053 3.81402448
872 0.87287252 0.78996622
68 -0.53644123 -0.56771734
497 0.43923179 0.40145972
609 -1.11515938 -1.16239022
357 -0.51925843 -0.49665106
636 0.78004020 0.82200464
133 0.17608232 0.08657394
844 1.53008580 1.46053760
447 0.35776161 0.41988211
669 0.24502870 0.26656942
456 -0.33337361 -0.36129915
123 -0.17805244 -0.22992003
197 0.11027986 0.05904263
294 -0.80302188 -0.76041168
306 -1.63556914 -1.68611920
342 -1.93599788 -1.72427411
173 0.58230255 0.50272099
974 -0.17217421 -0.22036060
801 -2.76983530 -2.55192178
993 0.28043109 0.32424726
976 -1.43106361 -1.42229800
781 -1.22737088 -1.23249875
494 0.20360171 0.29108287
177 2.07674294 2.20269968
431 1.08853679 1.01243189
878 0.65066844 0.51586954
941 0.35905931 0.26707324
332 0.64568842 0.56442655
608 0.05644827 0.08818232
365 1.10148169 1.08017782
890 0.33563588 0.33588617
800 1.42546257 1.50942516
556 0.23350827 0.29614186
347 -0.21858824 -0.12914824
339 1.29916740 1.43673495
914 0.33397999 0.32702866
240 0.39748035 0.27525550
450 0.02502158 0.04796770
271 -0.22675718 -0.25562528
266 0.04559279 -0.05486782
740 -1.82158289 -1.64129974
245 0.74338925 0.74340369
23 -1.66476219 -1.62867782
400 0.22646468 0.18348177
885 -0.66477835 -0.76872640
214 0.49941904 0.48288932
538 1.09859783 1.08280292
853 1.09151281 1.21644711
773 -0.07127686 -0.09137700
405 -2.22636126 -2.16733033
233 1.42495148 1.49139553
707 0.69096354 0.77967782
999 0.10212429 -0.06280655
699 0.77557435 0.85991017
181 0.08169122 0.11616596
555 -0.69926742 -0.73549619
110 2.37975101 2.54349607
279 0.76207698 0.74743808
972 0.55589950 0.44688497
842 0.39583573 0.35154917
858 -0.53677539 -0.49945387
808 1.78872124 1.91723952
427 0.41090928 0.36865477
778 0.13523028 0.11801686
572 -1.74956048 -1.74062732
283 -0.08544954 -0.12510962
390 -0.35515536 -0.44432259
158 1.02300330 0.91833313
314 0.04744659 0.02954148
381 0.35515638 0.28801352
409 -0.71992016 -0.80669433
850 1.27338951 1.28385581
997 -0.51226622 -0.56842551
369 -0.48518319 -0.53695250
199 -0.89711171 -0.73335289
434 -0.81567769 -0.69232045
17 0.15826680 0.17345184
140 0.31332397 0.29749621
421 0.94183268 0.93235261
38 -0.72255508 -0.70402924
192 -0.46444766 -0.54893309
253 0.10707298 0.20725514
994 -0.20744263 -0.20636777
113 1.66347899 1.58418820
499 -0.64565356 -0.69863585
352 -0.15430309 -0.31983195
386 0.29286722 0.28967016
126 0.34870916 0.29764766
160 -0.94832573 -0.85179084
598 1.59566608 1.68419124
732 -0.50738102 -0.51255860
709 1.80098795 1.99432679
862 -0.12984759 -0.14077605
137 0.32340493 0.21867233
398 0.59359715 0.65269737
60 0.24536434 0.30478189
760 0.18114992 0.18153111
5 -1.63410910 -1.43774978
835 0.45398903 0.45885546
640 -0.23954507 -0.29045499
729 -1.36787342 -1.31495133
304 0.74615444 0.78685850
874 -0.28030625 -0.32541535
92 1.99807568 2.16226758
122 -0.68150097 -0.75641849
983 1.61632799 1.62240673
67 -0.75170701 -0.75005462
751 0.21005430 0.09283482
452 1.70722276 1.82909551
956 0.69684993 0.62499240
745 0.63927367 0.65904205
198 -0.77213801 -0.72931931
406 0.14570534 0.17021004
845 -2.19073313 -2.06119242
238 -0.83432741 -0.90914740
713 0.60339674 0.51730770
393 -0.06321103 -0.02046620
653 -0.77409641 -0.82074471
719 -0.32264399 -0.42570170
592 0.55634851 0.70174325
395 -0.37356754 -0.33574555
607 -0.24324205 -0.29584352
46 0.38106354 0.29030443
460 -1.69228344 -1.71777092
337 0.33462229 0.34575375
939 -0.07404206 -0.03003431
368 2.47182261 2.69399243
632 0.49663338 0.57634574
664 -0.61634967 -0.80652471
141 0.41960202 0.36890315
561 1.35131461 1.36246160
340 -0.07050257 -0.14265240
124 -0.78921302 -0.81588725
328 0.91896436 0.83841499
206 -0.31601049 -0.41148856
246 -0.01647249 0.09024808
208 0.63708365 0.55750495
148 0.52844908 0.56372039
27 1.17575920 1.11594086
52 1.88569839 2.01026926
412 -0.78063802 -0.88202883
937 1.35933654 1.29810004
857 0.82186501 0.89440306
424 -0.11717622 -0.18165159
910 -0.13492963 -0.12700171
364 0.13369443 0.02928846
775 -0.84753529 -0.75969684
545 -2.36147059 -2.10576471
687 -1.31650635 -1.29828392
779 -0.24595470 -0.29401706
586 1.89528485 2.09349262
260 -1.05881074 -0.98805083
493 -0.87011533 -0.96153120
336 1.59982147 1.68855235
570 0.60709939 0.60092219
869 -2.04586302 -1.91074554
90 0.65496145 0.62771443
41 0.60850410 0.55673054
256 -0.70445814 -0.72889021
871 0.60743831 0.71326262
634 0.07533631 -0.00402617
500 -0.03759332 -0.06667373
742 -0.41196247 -0.41858241
226 0.86973002 0.76902393
958 -0.28002748 -0.40809894
526 0.30819489 0.35506197
167 -1.35199579 -1.37102562
855 -0.61051270 -0.45934123
139 1.50744756 1.63005548
125 0.24445784 0.12382925
685 0.01362228 -0.06641021
268 -0.88551923 -0.98836383
513 -0.21218915 -0.36085833
670 0.54211589 0.42033707
247 0.76488220 0.80560176
792 0.15625453 0.13833599
882 -0.24334280 -0.29978219
188 -0.50412472 -0.57426254
599 -0.48535560 -0.52108979
296 -0.58161645 -0.54823582
805 -0.13764946 -0.11560471
53 1.09877712 1.14413289
595 0.07547455 -0.00877902
814 1.53825645 1.53666771
322 -0.24519539 -0.25395106
710 -0.08925140 -0.15419176
856 1.52528989 1.47977155
29 -0.23585209 -0.36477176
744 0.69755369 0.70271373
520 -0.62140373 -0.64235760
204 1.15145556 1.12065292
981 0.00949539 0.03543524
363 1.07414233 0.99419023
987 0.49124327 0.41286763
759 -0.33214783 -0.36014612
501 0.22428309 0.20148798
375 -1.14244048 -1.01880779
4 1.23379158 1.12619311
213 -0.56844450 -0.55028683
128 2.04321419 2.03938695
622 -0.28362854 -0.36062873
39 -1.26018785 -1.13545380
73 -0.86139098 -0.76215839
155 1.93326288 1.87309936
70 0.18261188 0.10276176
3 -0.22621825 -0.22087957
851 0.77117795 0.80609447
757 0.43744228 0.38982929
694 0.82007117 0.85679942
320 1.46899735 1.45955218
880 0.19102579 0.18209551
656 0.77930898 0.70664190
114 -0.16937207 -0.19250701
672 1.90834101 2.05896499
519 1.01550610 0.96090711
517 -0.22095247 -0.29769725
952 1.11733147 1.14275632
428 -1.53168455 -1.44755556
817 -0.58758143 -0.59622842
716 2.57755401 2.76642639
822 1.71095754 1.93034486
753 1.73979636 1.96738108
852 0.06420262 0.01952831
117 0.93344703 0.87301127
331 1.59374032 1.59644543
702 1.47407621 1.56305327
505 0.46197380 0.42032374
600 -2.46896712 -2.29277226
652 0.20866826 0.24820357
477 -0.17001774 -0.18486108
86 0.43847630 0.44665881
635 1.63809191 1.63896953
102 0.07675985 -0.04671585
596 -0.03399712 -0.19414265
56 0.50726708 0.52358655
693 0.19736188 0.05056333
962 -0.91162487 -1.00499166
986 -0.88379628 -0.84130252
673 -1.04257310 -0.90455326
597 -1.30109137 -1.34407184
967 1.13408129 1.03503608
194 -0.37209422 -0.41234778
164 -0.93759966 -0.98077868
281 -0.93416096 -0.89292404
9 0.08196817 -0.07978937
932 1.09824530 1.00147712
323 -0.93574252 -0.99382607
644 0.83755783 0.81953300
118 0.81051957 0.78897211
378 -1.68059315 -1.49120705
326 1.51960457 1.65116881
402 -0.63064806 -0.53218208
829 -0.11128178 -0.12491495
466 -1.16523738 -1.15743281
25 0.64264040 0.57491829
838 1.26205596 1.18082239
819 0.83457582 0.70381103
512 0.72083180 0.66613186
541 0.05162869 -0.02570793
403 -0.21406617 -0.34098021
443 0.59858064 0.60464378
945 1.06340573 1.09675294
546 -1.28490624 -1.28646690
637 -1.25949590 -1.14432141
399 -0.45573685 -0.30109273
988 0.00885133 -0.06971886
48 -0.22191560 -0.29604849
186 -1.03851422 -1.12142947
615 -0.47536151 -0.44002549
671 0.55700842 0.38450577
813 1.76747682 1.77958095
803 -0.41190438 -0.36302647
873 0.67898718 0.59528690
169 0.47356745 0.62018946
963 -1.17345421 -1.21444205
329 -0.03803786 0.06528816
612 -1.05573147 -0.99955970
422 0.83567465 0.90605449
695 1.84157107 1.94086548
209 -0.64967946 -0.56900647
691 -0.57370976 -0.64703009
892 1.74746434 1.87059340
785 1.39955311 1.40533908
388 -0.30161207 -0.31690193
77 -0.94299971 -0.92851220
11 2.35679336 2.49243472
809 0.50201891 0.46654904
263 -0.82549673 -0.84796505
557 0.58535090 0.57503379
44 -0.69298200 -0.74257105
107 1.25821927 1.33781790
180 0.31989403 0.24875000
926 2.02662012 2.11308964
841 0.09458558 -0.01714181
182 0.99890683 0.95729375
534 -0.09891911 -0.27377345
748 1.15157273 1.02428728
309 -0.52842966 -0.69637321
606 -0.62120532 -0.61902465
147 0.40199110 0.29557867
59 -0.88236833 -0.86268987
112 0.16189702 0.12863319
739 1.06503586 1.01056807
127 -1.82164016 -1.75913028
32 -1.57794317 -1.62849609
879 -0.99220839 -0.95866579
758 1.34665187 1.38805841
913 -1.40577666 -1.39553705
69 -0.39039001 -0.43264167
185 0.66410504 0.65158675
242 1.08658519 1.09320037
621 -0.47995350 -0.53964324
430 1.83826941 1.95694527
826 -1.25176487 -1.14351773
453 1.89183920 1.97960862
977 1.47535768 1.57887741
705 -0.13773810 -0.18526495
397 -0.89141120 -0.88924990
915 -1.73077146 -1.63077912
228 0.08283824 0.11604419
404 -1.13265916 -1.23499866
205 -0.57158469 -0.54682755
486 0.94241746 0.94429826
374 -0.89039475 -0.88456024
489 -0.62031109 -0.68099938
613 0.27214102 0.32409803
921 -0.07681146 -0.00392137
438 -1.91678500 -1.81055329
660 0.97290142 0.96272651
982 -0.79289396 -0.75973723
65 0.84001526 0.78925542
929 1.43274473 1.36713307
154 0.10865970 0.12616660
550 -0.75771968 -0.81680907
626 -0.74250653 -0.74940441
411 0.93045096 0.88170764
467 1.02123103 1.07161694
581 1.63150358 1.81286326
75 -0.70068101 -0.75356419
285 0.42889527 0.24172279
84 0.02566030 -0.00133988
516 -0.59607214 -0.62452263
1 -2.04134115 -1.97032435
464 -0.55819544 -0.59269967
818 -0.10305099 -0.25632254
277 0.70316953 0.76161709
142 0.93993531 0.91497784
166 -0.20236939 -0.25559276
720 0.06997658 -0.08725962
232 0.33069342 0.33306963
925 -0.57413508 -0.60287580
686 0.63348234 0.54595044
907 0.67362720 0.57765648
179 -0.47332196 -0.54208560
498 1.01209288 1.01136691
715 0.95859660 1.01668800
784 1.08864735 1.19905214
560 -1.11628807 -0.99175546
896 0.67699245 0.62694911
252 0.84864536 0.80519668
752 -0.10627479 0.00963226
616 -1.09013444 -1.05867024
36 -1.23058918 -1.23436459
639 0.54252938 0.33460189
549 -0.30541018 -0.34865057
273 0.00915600 -0.01270457
153 -0.24335063 -0.28140241
350 -0.26283643 -0.33765319
58 -2.09967867 -1.82731440
163 1.91889439 2.02059199
617 1.26883782 1.29344754
254 0.74400099 0.75015143
414 -0.00616768 -0.02993011
820 -0.73749072 -0.68780527
43 1.28174058 1.25364991
562 -0.71225556 -0.70716442
66 -0.29989891 -0.32864221
750 -1.46850335 -1.50620731
646 -0.80388689 -0.95405510
237 -0.55682981 -0.62626267
441 -0.07920524 -0.17316381
129 0.49705459 0.48373541
798 -0.58368234 -0.53182749
267 0.58759705 0.61101472
108 -0.32063126 -0.29860231
756 0.47985043 0.48014103
174 1.03110577 1.03797135
508 -0.04054755 -0.09245248
886 -0.67640261 -0.65858379
78 0.02215188 -0.01686496
539 -1.95468688 -1.79099827
797 -0.16272880 -0.33537258
103 -0.93616910 -0.84783581
736 -1.64648186 -1.50404382
95 -1.18024041 -1.08375899
215 0.85631197 0.93921565
688 1.10447489 1.08249861
690 -1.88618151 -1.67679401
544 -0.90200954 -0.92061386
547 -0.00604921 -0.06102773
109 0.89394420 0.91880847
950 -1.21036963 -1.05783344
763 -0.40768523 -0.41862683
380 0.41625662 0.42260273
396 -0.13387907 -0.19470241
120 0.02371849 0.05499370
737 -0.38110319 -0.45152265
2 2.28116278 2.48829392
83 -0.28790416 -0.43963092
968 1.04745007 0.97530077
302 -0.69548135 -0.66120082
432 0.62758019 0.57227420
530 1.49644283 1.63545734
633 0.47089318 0.50352165
522 0.90948158 0.88851676
426 -0.10577510 -0.10954879
721 0.70565089 0.72977656
955 -0.19911387 -0.29901889
371 -0.41235745 -0.48352149
965 0.23159699 0.14083994
589 1.39723626 1.54601511
80 0.42589541 0.50048622
529 -0.94388822 -0.88384823
31 1.49412057 1.55585320
234 -0.42669586 -0.37750353
20 -0.83940408 -0.91824723
970 -1.34963960 -1.46096380
170 0.63013991 0.61921212
88 1.07752202 0.96875618
316 0.04802899 0.04428650
19 -1.54672152 -1.45973141
794 -0.98722624 -1.04368391
193 -1.12895397 -1.28397992
942 -0.15257990 -0.12257134
157 1.45199873 1.57731244
224 1.25760675 1.28277749
346 0.35897498 0.36141816
292 0.73913213 0.70176385
887 0.87544258 0.89086522
420 1.10284222 1.30377168
980 -0.32837884 -0.33449499
308 -0.16976804 -0.10834528
96 0.65673703 0.57545381
911 1.09976723 1.20712111
284 1.18224276 1.35785675
468 0.61457904 0.57599781
159 0.41191582 0.45474616
313 0.37530943 0.41944513
478 0.23632490 0.13361888
807 0.28876349 0.22358270
202 -0.34746521 -0.33654984
949 -0.32752348 -0.37178887
996 -0.63484200 -0.72761138
51 1.02770114 1.02962311
580 0.84407394 0.84464315
510 -0.38259505 -0.49468748
966 -0.88819548 -0.85875726
969 1.92640097 2.07731449
289 1.71376823 1.71745275
195 0.62805606 0.58452335
162 -0.10861555 -0.02400464
558 -0.73337221 -0.74049722
834 0.11231473 -0.01902906
899 -1.63374785 -1.52392799
300 -1.53773738 -1.61396834
305 -1.10266901 -1.06094722
667 -0.27753195 -0.32609788
392 -0.46602173 -0.46554758
863 -0.03027485 -0.01571940
18 -1.10775170 -1.10390689
659 1.08579403 1.16654524
922 -0.31586897 -0.37497211
446 -1.80733951 -1.76552746
257 -1.34566259 -1.28763608
577 0.85095812 0.84415650
362 0.44046378 0.36889507
319 1.28693862 1.23412821
714 -3.24891475 -2.79084425
250 1.24290370 1.10365435
264 0.60596596 0.64940791
525 -0.27779369 -0.34062078
754 -1.35407413 -1.41786278
620 0.73151605 0.78989554
265 0.60298731 0.67679504
220 0.99695920 1.01956007
528 -0.39416691 -0.40101580
789 -0.38001644 -0.45798122
360 -0.76538742 -0.78309159
223 0.44805081 0.45067522
373 -0.19771540 -0.28896877
540 -0.90277233 -0.95317932
222 -1.03324454 -1.01490769
571 -1.02869661 -1.01177978
376 -0.86458758 -0.92304713
648 1.25314088 1.24652578
683 -0.53929848 -0.52409554
0 0.00308874 -0.03804371
590 0.69028478 0.70850391
840 0.24505080 0.20469263
262 -0.91812112 -1.04005622
919 0.95023161 0.97346723
511 0.57142165 0.52088067
229 2.21916282 2.33952125
594 -0.30157821 -0.36357532
259 -1.10277676 -1.12206657
348 0.45486549 0.56941081
928 0.18015013 0.15329203
918 0.23282802 0.19765734
85 -0.23273376 -0.30384404
417 -0.29043017 -0.38584127
912 -0.34759103 -0.40333054
298 0.98790079 0.97625994
413 0.95482716 0.83175893
518 -0.53256746 -0.56481902
72 0.29193429 0.25410521
40 0.84504337 0.90822647
401 -1.39225632 -1.44099360
868 -1.28710154 -1.27880563
810 0.86165762 0.87260579
865 1.00112820 1.02537084
902 -0.44285349 -0.54308112
796 -0.58009585 -0.61040501
584 -0.73035791 -0.68746885
231 -1.75145293 -1.54785200
624 -0.57300423 -0.65452295
565 -1.05800166 -0.97521083
440 -0.61925129 -0.60222598
666 1.52135974 1.62721976
183 0.93407429 0.93499811
747 -0.00875183 -0.11556231
532 2.31849110 2.47847723
706 2.22952638 2.34753368
216 -1.21617054 -1.25613076
704 1.05847038 1.07394097
488 0.26777662 0.22691113
338 0.15371197 0.15783932
379 -0.11426027 -0.18532027
943 -0.78938133 -0.67765216
662 -0.85441833 -0.81404867
837 -1.57685497 -1.44954519
359 0.18000444 0.12714294
848 0.13933989 0.04019335
870 -1.73160069 -1.70688298
940 0.49104355 0.54676624
964 -0.45602301 -0.60065980
954 0.20953083 0.19379945
71 -0.94041015 -0.94387029
649 0.26156968 0.12925857
301 1.02261226 0.99498705
846 0.44498755 0.46421875
187 0.06590916 0.00534869
495 0.65481737 0.61599838
593 0.71265937 0.66751509
473 0.07622725 -0.01134295
931 -1.68928556 -1.65298025
261 1.89086445 1.87757012
824 -0.16686882 -0.17974273
89 0.76130502 0.72400335
176 0.48963901 0.42866471
821 0.71270985 0.71984437
604 -0.18069325 -0.21604331
991 -0.20957243 -0.21946201
843 -0.86114833 -0.85211332
650 -0.55116977 -0.56700796
8 1.71519999 1.92759456
324 0.11387926 0.11182322
629 0.64993950 0.53037952
782 1.18526815 1.30424683
927 -1.06831599 -0.99781421
479 -1.60020853 -1.66382295
227 -1.50150922 -1.45819532
149 0.57784704 0.45186864
614 -1.56911365 -1.51924722
682 -0.22322659 -0.33296354
476 -1.20835957 -1.17229092
901 1.51745014 1.61263689
63 1.42441980 1.45151046
891 1.35686319 1.33121475
415 1.63235627 1.75215464
286 -0.18478329 -0.29113348
135 0.75389067 0.80656396
201 -0.37148608 -0.40743176
439 -1.08178036 -0.94437451
619 -2.02196749 -1.93361627
24 -1.17187908 -1.06336635
34 0.34066012 0.24876090
211 0.74654343 0.71355744
168 -1.36494258 -1.19650793
566 0.69663764 0.67406877
610 -0.41859021 -0.46928533
654 -0.04917670 0.00323589
407 -0.06588256 -0.12484913
354 -0.17418160 -0.19931936
349 2.17905501 2.32520129
904 -0.42988976 -0.41903675
442 0.66819278 0.67025227
481 1.01399860 0.98219389
601 0.57623157 0.51578514
200 -0.71792966 -0.79934605
469 0.01419439 -0.01532160
55 1.71485208 1.85073870
462 1.29643785 1.33131773
288 -0.37602680 -0.38300211
859 1.78942581 1.78634241
50 0.53016544 0.51283633
877 1.17031010 1.15349563
776 -0.49027211 -0.53956267
366 0.67934280 0.66858129
700 -0.68840858 -0.72947460
367 -0.46781316 -0.47556459
241 -0.26790225 -0.39813081
697 -0.75475768 -0.77374197
330 1.18674167 1.22473699
551 -1.03037515 -1.04244506
131 0.57545847 0.59269672
961 -0.21344593 -0.29993566
802 1.29984942 1.31398799
391 -1.53876687 -1.40764586
207 1.12344262 1.12681890
828 -0.98049874 -0.96385745
995 -0.03742361 0.02365316
295 2.41326806 2.59923416
979 -0.91783622 -0.99313142
318 -1.03930513 -1.12064295
728 0.76915653 0.74876093
655 -0.94656588 -0.88011049
679 -1.11952186 -1.15294105
894 0.49513989 0.40754997
61 2.12577383 2.27342005
806 0.25074160 0.19635489
104 -0.46655710 -0.54489042
793 1.18557514 1.17859105
111 -0.19912215 -0.19047679
255 -1.35772151 -1.39884368
564 0.82990799 0.87249553
701 0.74583582 0.68920251
542 -0.06176782 -0.09182932
219 0.53222903 0.49545268
630 -1.16991780 -1.23831841
119 0.78749126 0.79008071
433 -1.77146777 -1.64205981
276 0.10617547 0.07189252
938 0.59188733 0.54157115
795 -2.02068578 -1.89702713
351 -0.25721871 -0.44755147
435 -0.86932685 -0.89642855
847 -2.37660437 -2.17836506
587 0.59463171 0.59821429
91 0.39132148 0.39559927
741 -1.26727427 -1.23712095
45 -0.36372358 -0.58443059
471 1.62438082 1.70143657
465 0.22086724 0.23782350
908 -0.11140264 -0.08382153
854 0.35915035 0.29439252
576 -0.63529674 -0.68574880
569 -0.30398198 -0.37611222
293 -1.50713043 -1.54627048
239 -0.19702578 -0.13450952
788 -0.87331981 -0.89507844
315 -1.58939297 -1.48185763
172 -0.03798826 0.00479682
533 -0.06405703 -0.19987185
384 0.65395948 0.69241524
444 -2.03441277 -1.99978612
459 0.46731892 0.31075906
731 0.95840126 1.00216369
387 -0.41371103 -0.39352819
455 1.61023418 1.68941863
628 0.18960942 0.14195056
217 0.28967608 0.33330872
536 -0.01085542 0.08401850
317 1.31635413 1.36190931
475 -0.23215059 -0.24606141
535 -0.54380766 -0.52852591
895 -1.27101127 -1.10689749
21 -1.00736967 -0.88555051
883 0.37695373 0.23897551
152 -0.73481283 -0.76895539
684 0.98720022 1.05096240
42 0.07933467 0.07196926
836 1.49772225 1.56458067
287 0.81350416 0.67890401
712 -0.79872740 -0.81787526
484 -2.03877088 -1.82197856
30 1.40704355 1.36267766
849 0.09210732 0.05930615
992 1.11488001 1.04750938
767 -1.91251912 -1.80898126
451 0.71259487 0.71992837
269 0.38847546 0.34604453
212 -0.31485997 -0.28420925
906 1.18475080 1.21819300
777 0.79740416 0.77420023
358 1.80164760 1.97886693
989 -0.80627414 -0.85034985
727 -1.96847911 -1.79554778
726 -1.17834878 -1.21229068
924 -1.47289153 -1.39605824
106 1.41545331 1.50213342
790 0.72497026 0.61259584
833 -1.25573881 -1.26040484
165 0.18325692 0.01295787
175 -1.53208479 -1.51415250
196 -1.35971820 -1.33250319
668 -0.77037699 -0.77644644
959 -2.00132707 -1.80395135
98 1.07672721 1.00577422
591 -0.20010419 -0.28076633
916 0.24025012 0.17793875
150 0.70946776 0.64048941
816 -0.71522256 -0.74779824
457 -0.51052172 -0.55509199
575 -0.66841279 -0.76807416
235 -0.49560887 -0.50464552
249 0.57520844 0.44438627
248 -1.14145197 -1.07604764
236 1.42898987 1.53052234
171 -0.13587483 -0.11810381
645 0.25330770 0.05568754
643 -1.34583315 -1.28308859
54 -0.20013009 -0.15903407
410 -0.25619089 -0.26624222
47 -1.55317438 -1.43970851
734 -0.43401829 -0.46727531
884 -0.26914925 -0.35715693
361 -0.19036348 -0.19570015
897 -0.47995730 -0.39747352
507 -1.17826162 -1.10366861
504 -0.91068080 -0.92619403
579 0.14787446 0.16475406
79 -0.82191394 -0.84676456
483 0.59119771 0.63147641
722 0.00686963 -0.01382832
22 0.85738247 0.92025026
623 -0.05073756 -0.22441215
355 -1.34081433 -1.39747256
770 -0.44566428 -0.44732207
783 -0.59518913 -0.60586680
509 -0.10677196 -0.18409172
480 -1.85745360 -1.80214891
527 -1.15936517 -1.11468598
280 -0.11919110 -0.26548820
33 -1.72687982 -1.75564414
984 0.90202618 0.85965977
523 -0.12469364 -0.21492178
920 1.93154941 2.12575376
99 -0.61111625 -0.64865887
876 -1.14347253 -1.06696639
647 -0.26975324 -0.19323719
933 -1.62968774 -1.55883181
218 -0.15393421 -0.11534624
531 0.41669457 0.46311903
703 -1.79843747 -1.79087913
64 0.29772761 0.26243084
768 -0.53286587 -0.66069943
923 -0.46757164 -0.49632070
749 1.11160236 1.07742428
334 0.85618224 0.72155695
657 -1.65644253 -1.53248988
799 -0.45968329 -0.52193588
97 -0.04016752 -0.12670689
333 -0.08620795 -0.27588908
524 0.67213840 0.65041151
676 0.40539079 0.43911203
689 -0.34350427 -0.44448514
274 -0.39190387 -0.44021530
905 0.19777537 0.12247227
733 0.70369960 0.57196726
957 -0.91306453 -0.76841725
764 0.23276631 0.13724092
582 -0.51538339 -0.47864586
356 -0.46889957 -0.42386008
490 0.98745563 1.04635917
425 1.06294592 1.04868663
830 -0.16936455 -0.21902382
496 -2.34444401 -2.31530375
94 1.08138803 1.13897900
743 0.01963593 -0.08585317
299 0.24131428 0.08020200
638 -0.46949892 -0.38513451
860 -0.69389918 -0.72817234
717 -0.78569020 -0.78802861
394 0.80069280 0.73504212
325 0.77263148 0.71638448
935 1.32515077 1.35695412
585 -1.25680525 -1.24586175
37 1.32650559 1.30676027
12 -1.13364463 -1.12852110
474 -0.89741929 -0.82781735
191 0.27079902 0.21926399
578 -1.02890562 -0.93389690
738 0.49791954 0.50474091
889 -0.64170600 -0.65302462
312 -0.57146000 -0.44817947
492 -1.75270793 -1.70945518
418 1.46507469 1.50757951
766 -0.26979528 -0.29082452
82 0.61043482 0.52304335
971 0.17883297 0.13381879
973 -0.52033137 -0.54845370
321 -0.93816699 -0.97974944
554 -1.35972309 -1.30273549
827 -2.08800231 -1.97847026
93 -0.33529203 -0.34153351
553 0.28950512 0.34122524
611 -0.34080746 -0.47340776
461 -0.44984070 -0.41384025
514 2.07759481 2.25928426
641 0.38113275 0.31157688
815 0.19061886 0.19548658
62 0.34759037 0.36865881
458 -0.33910436 -0.29505761
665 -0.41713232 -0.44957280
990 0.73809641 0.77961401
327 -0.29286914 -0.35453849
343 0.33103371 0.31424439
503 0.98355757 0.87214821
291 -0.71595196 -0.68027727
436 -0.48370368 -0.42211822
574 0.21914078 0.32011534
791 -0.47575484 -0.42782884
485 0.07352083 0.07981025
189 0.90216247 0.92556711
26 -0.52510412 -0.60070019
