658 1.45993709 -1.47376922
946 -0.65518129 0.62272046
389 0.00535873 -0.02223005
780 0.00061369 0.00448018
15 0.57143762 -0.54569017
839 0.80637186 -0.80539216
221 -0.13096628 0.18172834
567 -0.53552774 0.50347005
724 -0.91401283 0.94930156
627 1.27911240 -1.33973413
14 -0.70364182 0.68170107
290 -0.87447845 0.89636530
270 -2.45676471 2.42452573
730 -0.49070216 0.53836509
680 3.18715928 -3.33423541
543 1.63932056 -1.63597811
419 0.95379020 -0.97597319
823 0.18494192 -0.16338351
105 0.32238697 -0.33803071
548 -0.30036854 0.26018158
13 0.19843242 -0.18539232
930 0.16871279 -0.15708105
310 2.30277377 -2.40737881
746 -2.72582281 2.67065271
225 1.22918285 -1.18727397
307 -1.42701977 1.33190149
328 1.70477441 -1.71366061
275 0.76810468 -0.81662795
431 3.14361933 -3.21270988
725 2.15505875 -2.19546408
998 -0.70849284 0.66791967
678 0.88034875 -0.86632842
651 -2.81397292 2.72693085
258 -1.45828033 1.44532961
491 -1.09811421 1.13521462
674 -0.21120274 0.16092176
978 -1.51269341 1.47634731
583 0.35043014 -0.35014086
563 1.15927155 -1.18014164
937 -0.51616314 0.52315639
10 0.68682697 -0.70755045
487 0.33701659 -0.36698553
948 -0.58639767 0.59813313
113 0.20621945 -0.21757186
203 -0.85989132 0.90671976
251 1.01007457 -0.98876623
975 -2.11766978 2.04151118
861 -1.23878370 1.25569150
429 -1.11389054 1.12644535
502 -0.97764711 0.98732864
692 0.97281111 -0.99216600
136 0.19144626 -0.17719506
735 -0.22304639 0.21357898
812 0.53256198 -0.51911213
831 1.14906068 -1.13506329
6 0.40698889 -0.38654958
74 -1.12252419 1.17397872
197 -0.13351094 0.13660902
987 0.77628697 -0.75507615
515 0.10461348 -0.06583820
35 -1.38572715 1.34881526
787 -0.54621469 0.51175630
278 0.06528975 -0.00507355
762 1.35373345 -1.36286612
393 -0.09774789 0.12569010
335 -0.56632347 0.61439597
900 0.67179423 -0.64941276
210 0.60266091 -0.63435202
7 -0.28476206 0.26157583
588 -0.15568478 0.18413581
842 -0.07838492 0.06315981
985 -1.18560755 1.14278703
618 0.76637873 -0.71981623
675 1.50477994 -1.46841984
723 -0.00756390 0.06238579
696 -0.51203002 0.47931151
421 -0.71048513 0.68960310
570 1.17989661 -1.19596440
953 -1.21868884 1.23439648
568 -2.53361902 2.49817457
605 0.44325313 -0.38682762
801 -0.95355858 0.89262518
141 -2.15789349 2.16781438
526 1.65631152 -1.66541801
87 0.92245440 -0.88735412
283 1.44966732 -1.45120694
412 0.01731085 0.01695551
699 -1.69312872 1.68192209
437 -0.37069394 0.40730922
505 0.49908358 -0.48491168
101 1.52679360 -1.53555586
448 1.01259190 -1.00738840
81 0.03099336 0.01515520
5 0.33992540 -0.36189238
146 0.07975763 -0.01146252
470 -0.04933266 0.13667335
145 0.57772098 -0.61379810
832 1.12665939 -1.19798992
144 -0.67306478 0.67770057
449 -1.48715005 1.43889648
294 0.11530893 -0.10646469
52 -1.29659638 1.23214397
625 1.26138712 -1.23893135
520 1.51797467 -1.51743776
761 -2.45486878 2.43623449
804 1.22883668 -1.25051663
786 0.03247238 -0.01166046
243 -1.38144432 1.36234777
785 -2.31845819 2.28407532
190 0.50756452 -0.51187831
311 -1.41100508 1.35352931
76 0.88581359 -0.85378380
875 -1.12410716 1.13957975
977 -0.38069136 0.44702339
993 -1.05989756 1.03394614
636 0.69650430 -0.69563442
454 -0.78697399 0.85739084
853 0.90266249 -0.92546486
934 0.04044010 -0.01841051
456 0.64134533 -0.69177457
443 0.95510728 -0.98823742
121 -0.28125918 0.22460093
308 0.44248822 -0.51648181
395 -0.36939340 0.31624729
792 -0.33624758 0.30898772
138 0.92870337 -0.95153112
46 -1.13265975 1.15018654
956 0.63919038 -0.55735035
825 0.09792041 -0.08594743
888 0.91681303 -0.90359599
960 -0.71719508 0.76676957
769 0.73395878 -0.73759653
214 -0.08643797 0.12012182
337 1.10637677 -1.04943137
115 -0.98217164 0.92765789
917 0.07248316 -0.00678522
306 0.38002882 -0.39087362
463 -0.59276707 0.59837334
453 -0.34415817 0.32181561
914 0.61676380 -0.58497458
240 -0.08881500 0.05477312
909 1.60470049 -1.60674249
631 2.28902399 -2.31080487
143 -0.50772954 0.50376612
521 0.64421021 -0.60303703
729 -0.26766800 0.29513675
677 -1.40511071 1.36787894
297 0.33090177 -0.22547741
160 0.05714080 -0.02697009
972 0.74260806 -0.73412023
864 -0.10589998 0.10504912
663 -0.49805443 0.48591331
808 -0.14780067 0.09926655
867 -3.06231639 2.98708046
898 -0.78548406 0.80695875
447 1.74289096 -1.72372269
24 -1.33398993 1.33532017
811 1.14700785 -1.07382324
771 0.46319723 -0.47992212
939 0.32765876 -0.34885359
238 -0.51329291 0.54158356
123 0.38221175 -0.36181920
941 2.20792489 -2.33024102
903 1.37179084 -1.37883855
737 0.65215178 -0.64970422
617 -0.47699200 0.42964664
173 0.69277122 -0.66818666
230 -0.36234880 0.40488175
506 -0.42102556 0.42634996
424 -0.90789199 0.90719557
519 -0.44947753 0.42811841
881 -0.39911192 0.39186150
693 -0.89297393 0.90256279
427 -0.38307369 0.40115446
740 0.41100205 -0.40695823
944 -0.15993231 0.11695547
177 -0.79834275 0.73451798
482 1.10607865 -1.15050728
573 0.58344014 -0.63739046
758 0.10989985 -0.08890015
148 -0.33032098 0.26238520
370 -0.50292127 0.51742011
438 -0.08780735 0.03207056
347 -0.07943912 0.07893758
303 0.13242581 -0.21431590
363 0.57462500 -0.53936557
559 -0.04966157 0.10176846
386 -0.18080384 0.19773198
430 0.27837317 -0.27940371
727 1.07364694 -1.07616454
247 0.98894741 -0.96089169
282 -0.98452952 1.02124409
441 -0.16209981 0.18024158
734 -0.10031393 0.10842012
184 1.62528207 -1.66154692
602 0.47227021 -0.43817119
742 1.51236364 -1.53116388
773 -0.60638309 0.61688287
819 1.37765350 -1.39170184
878 -0.78958122 0.78815727
383 -1.07318957 1.08526383
707 1.17399440 -1.22115641
155 0.30928462 -0.26778915
869 0.66276538 -0.65686125
125 -1.25880926 1.27513947
350 0.37847848 -0.32024378
592 0.03685242 -0.06332895
323 0.13756861 -0.12814879
757 0.11973644 -0.08306193
132 1.45066366 -1.51994890
385 0.71770076 -0.75359497
314 -0.27817208 0.25261953
382 -0.58602515 0.63495261
598 0.35004932 -0.31839507
353 -0.01463178 0.05091458
880 0.08497365 -0.09234815
755 -0.06238134 0.16574291
661 -0.30175773 0.31132554
357 -1.76391934 1.74864139
137 1.76690744 -1.75077700
377 2.27866085 -2.26346020
910 -1.18208439 1.15999482
775 -1.42249570 1.39555622
446 -0.37568023 0.39664809
976 -1.88960945 1.86109944
341 2.17804626 -2.26855880
560 1.76956266 -1.77590666
772 -1.08619602 1.09551013
698 1.32753848 -1.38175806
167 1.60252540 -1.62623903
304 -1.66818160 1.66006388
253 0.69117191 -0.71428611
695 1.43221564 -1.41997687
999 0.15314658 -0.20672692
499 -1.57457776 1.60295593
537 0.10136818 -0.02357096
28 0.46691128 -0.47161456
244 -1.80402995 1.75148764
423 -0.16714180 0.14493838
850 0.37473592 -0.40429319
408 -1.81610504 1.76981000
114 -0.26342635 0.25425252
188 -1.36203264 1.31185026
466 -0.00563463 -0.04371541
873 -0.31242664 0.35800367
779 -0.36567039 0.39455518
340 0.06851740 -0.06360238
494 0.17600328 -0.23181703
716 -1.49825757 1.45429464
246 -1.20332007 1.21215619
597 -0.24967304 0.26275969
208 -0.24440825 0.27470772
754 2.04494197 -2.03708086
546 -0.94256678 1.00191006
710 -1.88877852 1.95922521
332 1.06004988 -1.14601257
744 0.04621274 -0.02151546
2 -0.28030141 0.25373545
691 0.18468604 -0.18011927
974 0.52935283 -0.49712055
279 0.43937550 -0.44184492
147 1.31076195 -1.27461944
633 -0.86238871 0.85917204
751 -0.41115890 0.47064167
863 0.55416377 -0.51812331
893 0.27444599 -0.25938028
151 -1.29018619 1.28553109
103 -0.13906405 0.15149292
936 -1.37871810 1.41373109
969 -0.20614453 0.16895983
346 0.13032976 -0.17040559
16 -0.62806921 0.60558569
206 1.99307341 -2.05239846
595 -0.54871751 0.55145198
967 -1.87418446 1.87865295
252 0.81914465 -0.83168051
277 0.07092523 -0.01935700
639 -1.53383103 1.55654560
380 0.34255943 -0.29282982
664 -0.86568540 0.86765128
242 0.62912504 -0.63073230
497 -0.63877747 0.66118905
807 -0.97966353 1.00581985
467 0.77273466 -0.76152535
635 -1.19778462 1.20239366
659 -0.72549793 0.70439021
398 1.04473668 -1.00316220
545 0.35218904 -0.33405013
858 0.12995842 -0.12440079
180 0.00470340 0.08911716
57 -0.14619534 0.22315804
673 0.85868223 -0.88210606
838 0.74874662 -0.80737960
805 0.87341227 -0.87603106
711 0.96808111 -0.95049685
345 -1.82414116 1.77640143
918 1.20709335 -1.28760728
68 0.15296837 -0.12625160
100 1.02099020 -1.01397112
90 0.70083721 -0.66810169
342 0.21925165 -0.25288882
381 -0.98459947 0.99046664
606 0.86494663 -0.88146922
843 -2.58376824 2.55066298
231 -0.08628407 0.12667715
263 -0.84025541 0.81865869
433 -1.15117164 1.21958266
445 -0.84837520 0.85280437
285 0.81005277 -0.79219032
518 -0.35697071 0.41212316
552 1.55094084 -1.54608561
140 -0.27615979 0.32171606
739 1.02824905 -0.97662383
38 0.47878109 -0.52813717
39 1.15432710 -1.14821715
706 -0.78266338 0.72907341
472 -1.50154144 1.53611783
653 1.63921648 -1.66593017
774 1.55746315 -1.59746747
130 -0.88698019 0.90843646
652 0.43904352 -0.39650124
116 1.32570773 -1.33853014
271 1.01832204 -1.03468674
996 0.37301324 -0.31099254
102 0.74058603 -0.69434001
705 -0.16673215 0.23952849
369 0.54664283 -0.48163756
906 -0.02245738 0.07703854
798 -0.19850199 0.13869941
516 -0.08459833 0.03613879
784 0.42008321 -0.42179021
714 1.13223825 -1.11516831
822 0.29831204 -0.30826107
947 -0.33048592 0.38801838
544 -0.78457355 0.79501718
921 0.88133502 -0.90117942
856 0.97086576 -0.90912779
628 -0.69274515 0.66702182
390 0.50627202 -0.44042161
92 -1.19146007 1.20131481
800 0.01372735 -0.04016069
134 -1.01346181 1.05506246
209 -0.20543193 0.23890221
718 0.61408982 -0.50742456
508 0.87430793 -0.85573316
837 0.62323668 -0.68509540
952 0.92077578 -0.90341458
245 0.21078183 -0.26631149
810 0.33268453 -0.37245358
205 -0.25488619 0.26519417
460 0.36057171 -0.33424513
169 1.67865403 -1.69064814
640 0.26076263 -0.20357500
344 0.96379396 -0.96959218
669 1.06282643 -1.09860038
195 0.19590129 -0.18210830
292 -1.11699266 1.16525194
178 -0.87041803 0.85484674
288 1.41267100 -1.44886480
963 0.20572736 -0.16387278
747 0.34491496 -0.29442650
564 2.75292938 -2.87668258
329 0.39017791 -0.33984612
153 0.39540936 -0.35251571
608 0.20700920 -0.23626482
69 0.67813970 -0.70529835
907 1.42098065 -1.41423774
685 -1.81147179 1.80465501
683 -0.25932553 0.23881960
110 0.74509532 -0.76230637
11 1.62915035 -1.67581218
670 0.58803842 -0.50730031
789 0.83867040 -0.78124712
596 -0.50760637 0.58004623
452 -1.85502907 1.72473547
402 -0.68860850 0.70017563
577 -0.80919687 0.84650002
510 -1.11717703 1.14943378
966 0.15470863 -0.21332515
434 -0.36178727 0.39805358
962 0.76452105 -0.71525043
404 0.09823860 -0.05835826
828 0.71300553 -0.73762568
896 1.19863837 -1.19441381
731 -0.25094266 0.24871221
945 0.31742252 -0.31209462
73 0.84173919 -0.82688864
166 -0.33477026 0.34808954
612 -0.72019031 0.73724719
222 -1.51216190 1.50571177
27 0.18662276 -0.13868802
681 1.26123159 -1.31306886
232 -1.38767603 1.34404435
365 -0.87102564 0.83288235
58 -1.06459122 1.06311558
556 -1.75774712 1.76284047
118 0.37268374 -0.37965570
621 -1.09145257 1.10760142
154 -0.36953913 0.39655608
320 -0.05077468 0.02389150
759 -1.71161466 1.68884126
411 -0.05816029 0.08217744
156 -1.29407611 1.27651775
18 0.20230403 -0.21209559
501 0.02564488 0.00685456
561 -0.40775277 0.40658570
922 0.39517492 -0.39243868
580 0.66574558 -0.64690540
257 -0.84945850 0.80709060
223 0.32591666 -0.26957832
687 -0.05479437 0.11728316
1 -0.76992020 0.75964361
23 -1.15502429 1.15434002
885 2.38839687 -2.44256953
111 -0.17216398 0.16917303
923 0.12754393 -0.06118853
541 0.60013626 -0.54672684
814 1.33260694 -1.29940807
493 0.02432819 -0.01834760
234 0.39419492 -0.44676949
745 0.92346211 -0.95929614
322 -1.26193885 1.26589674
406 -0.10490076 0.11920535
549 -0.22912578 0.21231553
273 0.37778901 -0.42184725
872 2.98720370 -3.14451414
422 0.63656047 -0.66262412
748 0.04422823 -0.02705040
185 -0.44215533 0.45757411
932 -0.25110872 0.26825140
866 -0.31256288 0.33150488
694 -0.62201467 0.58823137
550 1.29471685 -1.31526816
615 -1.13953000 1.12187229
609 0.56627155 -0.58932894
409 -0.58424743 0.59590749
765 -0.82459015 0.83152059
732 -0.67207530 0.62366319
67 1.28496166 -1.37140767
375 -0.07208751 0.06188927
262 0.10040126 -0.04952521
44 -0.34017476 0.35407492
601 -1.00061155 1.04939143
760 0.58234796 -0.60239834
104 1.45417812 -1.41626116
17 -0.51012521 0.46976932
847 1.35500090 -1.42972954
128 0.98575336 -1.05978931
49 -1.98113889 2.00439014
958 1.46199110 -1.49719589
272 -1.10429911 1.06563993
403 1.63537853 -1.64007754
818 0.17412337 -0.10039511
20 -0.26450703 0.28297187
198 -1.40094294 1.46391375
834 1.19269307 -1.22528675
233 -0.29377327 0.25731533
196 -0.36934424 0.35758909
211 1.53527781 -1.59034922
309 -0.27205086 0.26805967
9 -0.38854638 0.41832766
331 -0.41538720 0.44029964
719 0.84241911 -0.86126622
555 -0.52651686 0.48097935
604 -0.18160013 0.14257339
478 0.73237497 -0.72550948
378 -1.10343058 1.07201163
414 0.61100861 -0.64782552
450 1.26174480 -1.24659099
728 0.60910353 -0.57055219
522 1.00991766 -0.93870427
870 1.27038937 -1.23194185
603 -1.49397212 1.45372485
60 -0.33648751 0.28484537
228 0.09500800 -0.07912526
213 0.04893667 -0.01414140
835 0.48503241 -0.51059229
362 -0.87161429 0.81089673
259 0.13424832 -0.16554117
400 1.19828514 -1.19190540
778 -0.57857508 0.57131118
688 1.31971961 -1.42496056
31 0.28174688 -0.31259391
622 1.66419433 -1.68139304
572 -2.43035576 2.40140629
336 2.06305140 -2.13794864
194 1.56066138 -1.55841861
855 0.31042675 -0.29879754
708 0.07722127 -0.05113790
713 -0.66290261 0.69895222
172 1.07058966 -1.18261851
911 -0.14066610 0.14124410
171 -0.65416658 0.67536758
85 0.26775559 -0.19575621
648 0.96435509 -0.99170470
982 1.92112360 -1.97574629
352 0.21856127 -0.14691380
756 -0.45129075 0.45976528
821 -1.71813207 1.70061243
41 -0.42145992 0.44997931
126 -0.88979230 0.90148323
305 -0.55193627 0.56193015
624 0.98208089 -0.97819245
562 -1.28969521 1.23522598
86 -1.46594314 1.48511835
997 1.78793745 -1.80470715
871 0.36609069 -0.30737265
829 0.14115191 -0.15096483
129 -1.18753812 1.18019454
915 -1.44653539 1.42575239
457 1.46694542 -1.50261836
599 -0.00578016 0.03622644
107 1.87630959 -1.88738722
161 -0.57371104 0.55635926
229 0.06565252 -0.02831121
817 -2.08515334 2.05078320
793 -0.30738112 0.30923280
124 0.24894251 -0.18073594
250 0.66908476 -0.63390104
235 -1.08389567 1.09587959
512 1.20879053 -1.14217889
489 -0.17639314 0.18417020
164 0.16387073 -0.08400105
901 -0.34272746 0.27735914
182 -1.11566643 1.13123165
29 1.48670744 -1.52612064
686 1.77342047 -1.74762156
83 1.27092984 -1.23054814
204 -0.94573651 0.95366854
70 -2.33124065 2.29887134
65 1.57447648 -1.63535846
3 -1.23714405 1.27638334
316 0.00834057 0.03274930
254 -0.75456111 0.74843924
313 -0.73215819 0.77942624
218 -0.34499237 0.30101029
530 -1.59111873 1.59417831
983 1.61000058 -1.64889378
59 0.23411022 -0.23476355
428 1.31877158 -1.25914017
634 0.92816466 -0.94910385
266 -0.25064977 0.26624501
511 0.54908334 -0.54050896
986 0.26223779 -0.22846872
926 -0.26276932 0.28699468
435 1.09269185 -1.06799005
538 -0.04231819 0.07383504
53 0.72180681 -0.72340974
569 -0.45129173 0.48473985
293 -0.77063568 0.76053836
396 -1.19782777 1.20823025
968 -0.41323461 0.40928861
158 0.34210147 -0.30174532
388 0.28409756 -0.28897966
513 0.64728867 -0.58173963
77 -0.35768462 0.37082519
471 -0.26363033 0.22517735
432 -1.58740272 1.60001830
908 0.20257273 -0.25586284
667 -0.84976838 0.83196252
862 1.14588827 -1.13150182
56 -0.64328605 0.62319539
360 -0.15023236 0.17490050
955 -0.56757609 0.60895085
40 -2.11629360 2.03669821
500 -0.07112058 0.08104088
736 0.66069522 -0.63529558
371 0.85605324 -0.84135183
887 -0.19317182 0.20850785
226 0.51707723 -0.49750511
192 -0.50086825 0.48534885
995 2.06523080 -2.11477304
405 1.37754131 -1.31618333
994 -0.86769966 0.86748441
376 -0.68024968 0.73568507
642 0.60478592 -0.61523668
899 -0.13043980 0.19394455
339 1.19839013 -1.29325251
300 0.74174084 -0.72146067
584 -0.21288488 0.17796184
475 0.77105644 -0.74479047
671 0.67639676 -0.57229141
607 0.76238330 -0.75390194
942 0.11580664 -0.11569333
426 0.31629870 -0.38738076
895 0.73009554 -0.71717006
199 -1.24989056 1.25901963
781 0.69170042 -0.68005991
80 -0.77140255 0.74852160
586 -0.87142378 0.84794200
884 -0.72755350 0.74477943
575 1.40563868 -1.38251698
215 0.02318476 -0.01668274
690 -1.43835479 1.38960308
255 -0.46380524 0.52169270
109 0.77786438 -0.63898596
532 -0.56374266 0.59258057
165 0.42164408 -0.39155760
874 0.28154820 -0.23403155
845 -0.12752505 0.21517977
91 0.35548377 -0.35500030
534 -0.75079488 0.69769280
139 -0.25013303 0.23396326
741 -1.13611864 1.15675370
700 1.92985277 -1.93562135
417 0.94945461 -0.89615178
851 -2.26385812 2.18567633
600 -1.83307097 1.82375404
929 -1.54096233 1.58701465
202 -0.78305073 0.83099954
820 -0.23719392 0.25266608
857 0.87552067 -0.86404097
477 -1.56932931 1.58829727
535 -0.35779772 0.33900604
276 2.16491599 -2.19286152
721 -0.53419602 0.50279039
715 -2.02904242 1.99006480
841 -1.17123642 1.18543325
965 0.42079614 -0.40519230
289 1.60428730 -1.62424035
183 0.43097498 -0.46167695
587 -1.93039214 1.85041719
249 0.56125094 -0.55733262
902 -0.34053087 0.38116266
495 0.45432658 -0.41879933
879 -0.98084685 0.94699977
753 -2.07106660 2.02543234
852 0.62666923 -0.59972139
890 -1.13377488 1.18388719
372 -0.12642345 0.07434305
181 0.28099347 -0.23869766
261 1.07862669 -1.09734440
981 1.27195822 -1.24517438
610 0.81251773 -0.69476332
122 0.22988845 -0.30027756
662 -0.37656739 0.29237358
256 -0.22377534 0.25347922
656 -0.34030421 0.38397842
79 0.48647659 -0.47914319
392 0.93919438 -0.87883898
557 1.27392573 -1.25744910
481 -0.42522497 0.42666180
391 0.14821430 -0.14237043
540 -0.01314616 0.06046201
127 0.12064779 -0.16519586
529 2.45284536 -2.57859995
96 0.85343836 -0.83543023
637 -3.18203303 3.08539383
913 1.44926656 -1.47842346
120 -1.62892481 1.55045018
488 -0.03880321 0.00442445
45 -0.30541197 0.30814132
163 -1.76145399 1.77179174
159 0.44496070 -0.44221249
912 0.64068365 -0.61643521
991 -0.79866035 0.76462617
298 -0.06323157 0.00615414
359 1.86350620 -1.84537348
98 -0.13234004 0.18707646
75 -0.70548342 0.71360492
565 -2.36775750 2.26965057
894 2.02751331 -2.11452394
131 -0.20019021 0.19085562
517 -1.38681959 1.40677737
646 -1.37329902 1.35114868
806 1.41688937 -1.35068643
951 -0.85092254 0.87858504
25 -1.44084369 1.42340312
373 -0.16060046 0.16795722
868 0.50640866 -0.48046351
133 -0.20074278 0.24784061
207 0.46494540 -0.50864168
296 2.05985945 -2.12637048
348 -0.55430460 0.54475490
486 0.19563429 -0.17144351
682 2.06709862 -2.04571509
34 0.01737211 -0.03457467
420 -1.80278257 1.75946658
547 -0.16114505 0.14828656
36 -0.26222702 0.32796983
558 -0.85560757 0.83100906
980 -0.65890698 0.60943828
623 0.32970701 -0.34939025
970 -0.55463907 0.59899584
168 0.19460069 -0.21357652
179 -0.86347554 0.93255520
88 0.23304831 -0.17807635
654 -2.26742900 2.19799816
796 0.26731175 -0.22239553
474 -1.54042951 1.50052535
813 -0.34187521 0.30258625
848 -0.28019654 0.33417332
629 0.81474604 -0.82268156
679 1.46564122 -1.47229072
672 -1.83236555 1.87187737
201 -0.98996200 0.91161731
840 -0.01435328 0.02374666
319 -0.59540541 0.57459696
464 -0.49202212 0.50851661
865 0.57304785 -0.52938959
844 -1.23131833 1.27423663
71 -0.53060971 0.54884933
301 -0.93977023 0.85634651
267 0.75689518 -0.76503704
374 -0.88719743 0.91670669
777 0.11451807 -0.11267879
763 1.04104917 -1.11112546
876 -1.59213926 1.54889523
142 0.36469339 -0.35228376
239 1.31545796 -1.38257527
593 -0.51418288 0.57988805
416 -1.03445514 1.02985505
473 -0.44479590 0.43769709
507 -0.51443720 0.46190972
704 -0.70559332 0.69501236
48 0.10838592 -0.09862863
702 0.77279311 -0.82458349
647 0.06397398 -0.01871874
645 -0.67409230 0.66381488
632 -0.66956124 0.69740511
644 -0.26063411 0.27796042
268 0.05168419 -0.09480451
630 1.87111932 -1.90364461
174 1.60885191 -1.66360557
826 -1.95063344 1.92600141
992 -1.10505813 1.13790168
626 -0.99058798 0.97997367
886 -0.17679135 0.20595536
444 -0.38351629 0.40924865
709 -0.27454472 0.26084027
949 -0.06510089 0.04675954
4 -1.10989601 1.12933882
750 -0.73130306 0.82980712
802 -0.66898442 0.68362074
619 0.57933448 -0.50654067
703 0.70986672 -0.75751642
846 -1.66661910 1.60831847
743 -0.24991134 0.29382055
752 0.11293856 -0.13477663
295 -0.26778764 0.29248807
281 -0.31471705 0.31753628
366 0.52591382 -0.58129544
988 -0.06673249 0.07140345
620 0.23525262 -0.25475753
367 1.85519400 -1.88784097
217 0.78542952 -0.87678142
19 -0.67519586 0.67675210
697 0.99464146 -1.01843606
317 0.55811711 -0.55624425
8 -0.64128971 0.58792301
349 -0.55054707 0.57449351
655 0.15715287 -0.15802591
451 -1.21131696 1.22719076
43 -0.03627869 0.01858557
590 0.20709811 -0.17814508
78 0.14741278 -0.13049768
882 0.50442316 -0.42832177
927 0.65821319 -0.60104821
919 -0.79879869 0.74542608
95 1.52150750 -1.46457052
440 1.90204084 -1.92990436
589 0.60014097 -0.55297407
897 0.82980701 -0.83758860
216 -0.78044482 0.79878246
554 1.06545104 -1.09639890
354 -0.68641210 0.63131729
959 0.99847215 -1.00001871
333 0.67617448 -0.67380933
324 1.53288083 -1.58020373
581 0.06562278 -0.07704271
66 1.74798322 -1.75121695
816 1.75651515 -1.79431411
498 0.38956553 -0.38092762
135 -0.55866981 0.57774595
480 -0.53249622 0.58739076
72 0.97825635 -0.92097668
469 -0.50864285 0.53006944
490 -0.42242358 0.41018722
576 -0.92211366 0.94460941
462 0.59223267 -0.61640250
32 0.16664885 -0.20633549
33 -1.02012063 0.98890452
738 1.67581864 -1.64413277
248 1.24306535 -1.31338900
701 0.86206241 -0.83190194
170 0.34580375 -0.26560050
284 0.57420803 -0.64203892
241 -0.59018272 0.58268930
186 -1.91861255 1.89302007
860 0.03949168 0.04877067
302 0.66458207 -0.61861506
484 -0.34113972 0.34465975
219 -0.69923183 0.70446267
979 -0.36514869 0.42969215
407 -1.57168549 1.50033706
904 0.66023301 -0.70136726
299 0.58770644 -0.54156097
809 0.74301523 -0.78308305
326 1.22508412 -1.23952600
524 -1.28291302 1.27288159
397 0.37985714 -0.29339638
364 1.66609359 -1.69389756
401 -0.93103602 0.95077252
594 0.32636208 -0.33908540
666 1.43037241 -1.44352109
950 1.17086383 -1.16669737
928 -0.15520622 0.13607383
788 1.87033441 -1.89558994
776 0.54672612 -0.59139597
571 0.97562297 -1.00732026
830 2.36098923 -2.33590366
504 -0.00814902 0.03327329
660 1.08500184 -1.01859248
89 0.03006148 -0.08145942
468 -1.20128882 1.13147836
892 0.93114218 -0.96600245
551 -0.79147126 0.69740297
984 0.95669378 -0.98691836
0 -1.65805605 1.64660593
47 -0.07564466 0.04933065
803 -1.10936319 1.08955885
749 -1.29594588 1.23710753
413 0.04034550 0.01771120
479 0.85368437 -0.81538664
224 -0.46430956 0.48290292
954 -0.42438789 0.33819919
93 0.04778630 -0.08498739
833 0.28537633 -0.31656338
684 -1.49995017 1.45929083
616 -0.36559390 0.39591970
455 1.36763614 -1.34910544
274 -0.60754967 0.57675961
399 1.17077616 -1.21100086
368 -0.93881900 0.92085216
891 0.02398915 -0.02661796
492 0.75015549 -0.69835247
415 -1.57769034 1.49660738
265 0.95986560 -0.93969799
338 2.16620699 -2.17059845
712 0.59893339 -0.62247234
989 -0.98667388 0.99732287
379 -0.13103578 0.12603498
794 -0.19867674 0.21099257
193 0.69977837 -0.64687499
64 0.38029883 -0.36633300
51 -0.55333245 0.60025279
964 -0.39825875 0.46812248
938 0.35556222 -0.35459113
227 -1.80806697 1.73102891
859 -0.73674005 0.72755188
387 -0.31974282 0.27353930
877 -0.10784991 0.20077176
358 0.68464665 -0.69250615
30 0.59105981 -0.61449734
849 -0.81103918 0.88270108
410 -0.39679072 0.38276785
783 1.10432590 -1.05338247
854 0.88995848 -0.88151367
157 1.46183263 -1.48134025
582 0.23006039 -0.19457760
21 -0.35692455 0.36476352
585 0.28529919 -0.25524592
334 1.37564748 -1.36691128
790 1.28830280 -1.30705999
260 -1.16213205 1.18257329
50 1.02286422 -0.98123324
22 0.74388226 -0.76032056
720 -1.01840711 1.01562536
668 -0.23514064 0.24974082
889 1.26330979 -1.27771663
933 -0.29601798 0.32868585
465 -2.03074810 1.93908430
318 0.43185475 -0.42094856
767 -0.13991656 0.13999746
591 -0.24664021 0.24939724
212 0.59158544 -0.54393305
106 -0.72181362 0.74005188
797 -0.66069811 0.67610310
768 0.59972242 -0.58299113
84 0.50006449 -0.43298952
614 0.91897498 -0.88699347
883 -0.24726894 0.29726824
799 1.43305142 -1.48301614
187 -0.88169408 0.87168990
613 0.24054840 -0.24778200
175 0.28930155 -0.23034176
689 -0.29437611 0.30229962
117 0.59254386 -0.60041279
824 -0.81327945 0.82953441
108 -0.85932084 0.85216845
220 -0.02818341 0.05517319
539 -1.58809833 1.57106520
61 0.51613672 -0.44924859
961 0.45707861 -0.44233013
935 -0.12462467 0.08451341
55 -0.54984068 0.53359736
649 0.60871382 -0.60296012
42 -1.07569854 1.04926411
578 0.12052358 -0.13441598
315 -0.86490637 0.84179789
836 0.92524912 -0.85280082
931 -0.08892856 0.07965858
176 -0.05007188 0.02527062
330 -0.86469756 0.79015225
650 -0.07583882 0.10662215
528 -0.50389781 0.51518588
325 0.81888347 -0.83279056
924 -0.88985310 0.92761780
418 -0.42227425 0.41219500
356 0.37017295 -0.34447281
459 0.62412319 -0.63286454
351 -2.00035901 2.00008608
361 -0.46653917 0.45411841
525 0.56085966 -0.58600173
236 -0.78267024 0.78547889
63 -0.49528677 0.53604996
384 -0.37994018 0.41855160
566 -0.80476465 0.77242995
643 -0.26728816 0.28661612
943 0.89532264 -0.89806520
12 -0.02570896 0.03477545
916 -1.31553015 1.36790976
152 -0.96989558 0.94085269
722 -0.28733503 0.32104072
971 1.00374387 -0.93112779
973 -0.80642947 0.74759737
321 0.38985783 -0.36329137
503 -0.67166735 0.70592432
54 -0.32073805 0.23397165
119 0.66174870 -0.59205563
439 0.68010990 -0.62553201
531 0.82239812 -0.82954617
162 -0.19775709 0.19667887
542 -0.98739564 0.96689462
533 -1.46221862 1.48505171
553 0.17196921 -0.15257266
957 -1.36830293 1.36986730
483 -1.86102346 1.87417279
150 -0.19645674 0.19495647
726 -0.48557289 0.57925385
286 -2.65983607 2.60234498
611 -1.26668324 1.28169116
442 0.25098488 -0.23236920
200 0.33973418 -0.33298520
436 0.63203908 -0.65085348
527 0.25070442 -0.14498935
476 0.20823534 -0.15225437
536 0.49334246 -0.47608873
766 1.44761168 -1.55971335
827 -1.50979657 1.52695956
905 1.97639449 -1.97341967
733 -0.04841418 0.09448268
782 -0.17406716 0.12816098
112 0.03414713 -0.09832698
82 -0.12103640 0.14342599
97 -0.02783985 -0.01696102
343 0.68232120 -0.66798545
291 -0.36850997 0.30507671
764 -0.62773213 0.61088281
717 -1.78048386 1.75752728
269 -0.00472328 0.01369875
99 -1.22093323 1.20727750
791 -0.44871197 0.40721550
280 0.15220189 -0.15229483
264 -1.51210175 1.49938834
62 -0.21368084 0.31325837
925 -0.20896881 0.20774155
496 -1.61801212 1.55617778
770 -0.83937916 0.81354655
394 -0.20192643 0.21200184
940 -0.04934423 0.03236886
665 -0.80431420 0.83859581
657 0.06336434 -0.07458776
37 -0.89879769 0.89097571
509 -0.65883356 0.66027547
237 -0.36084075 0.38068807
574 0.69179077 -0.70839324
641 -0.15859732 0.15879186
676 -1.32216720 1.26895854
355 -0.05195048 0.04013866
287 0.97269605 -0.97798948
458 -1.21062266 1.21643594
191 0.71370035 -0.71262628
94 0.07128140 -0.02047880
485 0.76061315 -0.75233772
149 -0.94785315 1.00830993
638 0.46798980 -0.42391554
990 0.44330340 -0.42028110
815 -0.16222246 0.11064202
920 0.76245416 -0.70247731
461 2.67039938 -2.69553012
795 0.08249430 -0.06803146
579 -1.14312507 1.18531910
327 -2.68850836 2.68520605
425 1.56855301 -1.55518114
312 0.44330654 -0.44963457
26 0.95991705 -0.98271694
514 -0.81867192 0.75667726
523 -0.55749695 0.54146320
189 -0.53300354 0.52823386
