4 -3.89219860 3.89576803
0 -3.80223144 3.66894690
1 -4.28105245 4.29157698
3 -4.47786487 4.45196212
2 -4.50955562 4.47253875
99 0.47225743 -0.57775357
97 -0.04095382 -0.18291128
71 0.02136032 -0.04351633
40 0.45224913 -0.47287083
23 0.26055676 -0.19546048
89 0.68027534 -0.80031973
64 0.34617990 -0.53707996
20 0.18990578 -0.00372255
70 -0.09422421 0.21161226
17 -0.00188963 -0.13482663
63 0.10801007 -0.23749950
29 0.40428175 -0.45544384
86 0.40373626 -0.55031347
76 0.40788676 -0.52481852
39 0.33223018 -0.39909621
79 0.22930920 -0.21221460
72 0.10725342 -0.31143117
48 0.13098998 -0.32220527
84 0.13233678 0.04945639
30 0.31635482 -0.54043761
82 0.13273855 -0.06766864
25 0.43277218 -0.29154155
13 0.67583834 -0.86523955
9 0.14374677 0.14151455
90 -0.31331737 0.30000934
59 0.43749037 -0.34541921
24 0.01156051 0.25752859
57 -0.42223712 0.23819980
87 -0.24012966 0.21566451
44 -0.14742424 0.39422501
16 0.50046950 -0.63781361
92 0.15742912 -0.19669018
65 0.48131257 -0.45681234
67 0.30832113 -0.63360945
41 0.43422335 -0.31268918
74 0.20305470 -0.07940488
37 0.48828274 -0.48072565
26 -0.08504873 0.13619272
10 0.23111191 -0.05213483
43 0.31074526 -0.33317320
14 0.28910490 -0.06005178
8 0.22597507 -0.38684660
62 0.39784626 -0.19705550
94 0.74355870 -0.68401627
52 0.34400227 -0.27466266
56 0.04830960 0.01031876
15 0.15416783 -0.03801802
11 0.14829447 -0.15203996
73 0.51215494 -0.48039829
46 0.11471260 -0.55235677
58 0.05354998 -0.21568891
27 0.59243091 -0.64665001
68 0.49026775 -0.41786340
53 -0.12404014 0.16401421
49 0.24545227 -0.12019491
32 0.05285255 -0.02368215
35 0.00289342 -0.21590630
51 0.42529412 -0.07565530
80 0.55323807 -0.52585824
60 -0.05677886 0.08648346
47 0.31518268 -0.28503491
5 0.32075199 -0.13974610
36 0.00069617 -0.01754261
19 -0.41334266 0.25680312
42 -0.15954265 0.12536254
50 0.24101419 -0.25783907
83 0.10749585 -0.03392577
22 0.07484587 -0.36294178
81 0.04356621 -0.19448752
66 0.38695598 -0.47415649
21 0.36327139 -0.12759245
88 0.12299372 0.15087139
31 0.12296752 -0.11082546
12 0.33930887 -0.43166083
85 -0.11313563 0.07533248
98 0.66154963 -0.53658654
45 0.30664533 0.03423670
18 0.12953882 -0.18266740
78 -0.11906721 0.12028164
54 0.01183912 -0.03384833
33 0.39541972 -0.24950883
34 0.44770468 -0.47471089
28 -0.25206085 0.22830889
61 0.21991607 -0.22345498
75 0.31332840 -0.31172188
91 0.39149095 -0.70062466
93 0.24280043 -0.10683020
6 -0.29011008 0.27837831
7 0.19436075 -0.28456412
69 0.68495361 -0.74764940
38 0.51098064 -0.22651060
77 0.37256655 -0.11746922
55 0.67875723 -0.65614384
95 0.24813355 -0.53498843
96 0.24879331 -0.11076629
