182 1.11354136 1.07212006
225 0.08426113 0.19841998
944 -0.36679948 -0.13928822
18 -1.34139599 -1.49269788
419 -0.11498435 -0.06382591
651 2.03677026 1.92697222
193 -2.20146025 -2.36978168
735 -1.07007020 -1.14777560
70 -1.04019291 -0.97966668
41 -1.67314972 -1.59573255
599 -2.35350659 -2.37529758
222 0.94378300 1.05456863
232 0.39598582 0.39855523
596 -0.71819964 -0.63335108
516 -2.24299771 -2.39001037
240 -0.76849752 -0.79155271
729 1.12841726 0.95426410
423 -1.88029190 -1.91236466
445 -0.63813007 -0.57429172
888 -0.82427605 -0.89154450
377 0.64048712 0.68514851
811 -2.10416689 -2.20424350
223 -0.87660996 -0.98409026
672 0.25935298 0.22526495
8 2.84331790 2.81863595
270 0.43944370 0.42333297
470 2.04308158 2.00107778
38 -0.26336485 -0.25444983
744 -1.36524036 -1.14822730
605 -0.45262083 -0.49298454
2 0.47872283 0.56136421
817 -0.61517233 -0.66196289
732 -0.41077439 -0.29913950
772 0.72280721 0.64893923
774 3.13550519 2.95169046
116 -0.56833113 -0.44410868
397 -0.48834343 -0.53907166
775 0.52885957 0.51712274
136 0.03200965 0.18448281
134 1.78815604 1.64526340
102 0.73096310 0.59558369
184 -0.51305701 -0.48434833
305 -0.79566665 -0.89831299
936 -0.16823794 -0.11074646
472 -0.06057697 0.02306470
755 -0.27907239 -0.27874640
243 2.01051972 1.86249031
13 2.35615301 2.35800003
831 0.18849119 0.16893502
373 0.30243372 0.36782099
297 1.02353988 1.08935434
543 1.13606161 1.05103050
872 -0.29543986 -0.20093383
561 0.85359638 0.85043481
500 -0.86202151 -0.81618002
144 -2.11933669 -2.06592626
16 -1.28463729 -1.38112962
319 -0.36636611 -0.33582917
76 -0.87058747 -0.86565843
191 0.08336696 0.17531602
588 0.14976886 0.19245046
437 0.09149405 0.09578169
118 0.51493818 0.50277918
23 0.87259069 0.92357171
762 0.31205018 0.39140749
314 -0.73983985 -0.89606523
152 0.44424782 0.49499598
890 -1.04636092 -1.05725127
721 -0.84842324 -0.83842958
568 -0.66366198 -0.67001104
204 -0.41211756 -0.46465734
482 0.72810916 0.72527880
878 -0.65807669 -0.59853018
133 -1.49242404 -1.42379138
559 -1.18668071 -1.24032008
148 -0.14833204 -0.22712978
639 0.02825193 0.03306488
300 1.12608583 1.16816428
570 -0.83792082 -0.66732823
298 0.86071959 0.82450136
251 -0.79872960 -0.89467516
403 -1.08052324 -1.22134895
658 0.12165866 0.18318933
331 -1.99861696 -2.21683265
512 -0.68843138 -0.76083418
978 -0.77561662 -0.74797924
572 -0.76780523 -0.95441683
17 -0.28694385 -0.22969461
28 -0.77122187 -0.77401248
14 -0.28360099 -0.17145203
567 0.71859555 0.74659085
449 -1.31968652 -1.30888783
244 0.59502284 0.52561751
9 -0.25550656 -0.23315812
453 2.19892267 2.01015872
139 0.90241792 0.94930326
458 -1.61083743 -1.63842213
953 -0.94328505 -1.06084511
452 -0.35314360 -0.34446184
999 -0.88698428 -0.72293839
378 -0.00033553 0.05204874
854 0.09786572 0.25917323
677 0.21155727 0.18048589
853 -0.58636818 -0.56380233
537 0.45519869 0.47343174
804 -1.50505080 -1.46331290
523 1.93370866 1.78736439
100 1.91199892 1.95773929
200 1.71152465 1.77303348
416 0.70531462 0.63501022
370 0.79629941 0.79468551
476 -1.48333639 -1.41637217
5 0.64093695 0.61456600
392 0.42593237 0.43372626
822 1.31927918 1.38807460
899 -0.87995900 -0.84956193
515 0.68033813 0.59447561
302 -0.37982395 -0.32620518
490 -2.02036017 -2.05046812
226 1.32781085 1.40694251
552 0.46207092 0.36815339
912 0.12809341 0.14938137
282 -0.98241730 -0.99720548
529 -0.36838760 -0.39657112
518 -0.41294947 -0.27600082
465 -1.19010599 -1.11771354
194 -0.65003819 -0.56893210
632 1.72649655 1.82409277
675 0.36653984 0.32274824
339 1.68994794 1.66399318
487 0.98039058 0.90049435
6 -2.43334439 -2.56878175
125 -0.64974745 -0.83747429
656 -0.22489034 -0.16976104
796 0.53745295 0.65834148
642 1.80463103 1.89948150
71 -0.43372664 -0.57891300
468 -0.45872850 -0.39100356
652 0.09389543 0.19241175
917 -0.06018886 -0.28541717
170 -0.45282792 -0.53795445
393 1.61552865 1.51550698
519 0.33505044 0.23232686
266 -1.00125870 -1.06399641
927 0.09539714 0.19267516
580 1.01980548 1.09249504
739 0.39642056 0.54872301
306 0.63181282 0.62288864
165 -0.27008390 -0.15503259
369 -0.21446651 -0.10432257
221 0.01076619 0.05117092
59 0.88388030 0.78298367
958 0.31878665 0.36835500
108 0.07232695 0.19990657
180 0.33855718 0.37522107
823 0.71534800 0.79290534
974 0.35744726 0.38061341
941 0.55796268 0.65977691
985 -0.43824550 -0.29050295
635 -0.08749129 0.02042813
310 0.99062419 1.03545236
35 0.62229921 0.60677380
766 2.04336410 1.99567391
502 -0.31693703 -0.17446592
951 1.66696140 1.72238085
92 1.30328557 1.23669438
895 0.83129556 0.68464963
86 -0.38429070 -0.36614383
638 0.54272610 0.54163613
90 -0.45140986 -0.39771059
699 -2.32721765 -2.35164326
631 0.25819687 0.19030739
127 0.04820075 0.12197847
584 -0.45450161 -0.49912031
39 -0.28692150 -0.26631955
945 -0.19023334 -0.25765558
122 0.61504846 0.61903362
746 0.72562961 0.67453869
612 0.61045280 0.73364034
813 1.25247545 1.30204994
325 -0.80611791 -0.89040574
646 -2.38120125 -2.57428120
258 1.17617594 1.13126176
907 -0.03903180 -0.02210174
934 0.53437134 0.65350158
398 0.34217090 0.26371938
317 0.79897644 0.80712456
156 -0.54328416 -0.43054685
467 1.59011468 1.66769597
789 -0.84114423 -0.92527925
725 0.39207862 0.30904033
44 1.04397282 1.06938874
478 -0.64924921 -0.71703379
946 0.54753022 0.62875159
498 1.93793404 1.65693639
579 0.57884682 0.51873695
256 2.19265249 2.18757945
150 -0.11054640 -0.16329369
117 2.84200955 2.65878256
787 -0.39030511 -0.41879218
780 -0.23390928 -0.00546050
230 0.70970457 0.64927817
785 -0.19016559 -0.20548447
441 0.37022762 0.56997609
847 -0.42379474 -0.17429609
446 1.74708171 1.82625346
769 -0.30279114 -0.12274699
586 1.58499102 1.50073183
723 0.91865565 0.89957663
765 -0.21253828 -0.15996492
448 -0.69490384 -0.71248074
385 0.33384907 0.34119707
10 -0.47177011 -0.56041722
864 -0.39554232 -0.50755125
157 0.77808681 0.85133694
730 -0.45163066 -0.50052123
81 -1.46887425 -1.40673119
800 -0.01666515 0.10393167
203 -0.84837249 -0.64167594
123 0.92217749 0.97201262
832 -0.06844075 0.11072253
821 1.36184700 1.31481862
756 -0.18768385 -0.09377718
687 -1.08858094 -1.01691006
892 -0.30489313 -0.25935072
930 -0.29816695 -0.42666733
208 -2.18969023 -2.13834542
547 1.10477517 1.18635239
760 2.66499221 2.58171429
113 1.52555461 1.50694393
280 -1.28191843 -1.27989580
778 -0.50427355 -0.53998383
554 1.38082074 1.33937765
857 -0.14714712 -0.11319040
859 0.70736491 0.73684583
997 -0.32832456 -0.24968444
326 1.36011214 1.36859873
676 -1.00297435 -1.01748158
996 -0.22743256 -0.23216616
908 0.02326541 -0.07323266
754 1.28453949 1.17296627
563 -1.31009927 -1.22458106
382 -0.83820800 -0.78970390
748 0.86460622 0.92256642
349 0.53164906 0.63327816
66 -0.26733569 -0.13415194
178 -0.21781280 -0.35376955
318 1.60776910 1.66849619
162 0.93563944 0.92740137
195 -1.83443265 -1.91011216
526 0.17064066 0.28094172
142 -0.13488791 -0.13501368
720 2.04762650 2.01300816
391 0.16944751 0.12032035
36 0.63347500 0.56274566
839 0.25114497 0.24634495
493 0.16135333 0.23534248
167 -1.06602448 -1.11508643
759 1.42244501 1.27178678
932 -1.47635636 -1.39209123
236 -1.56751806 -1.64872094
506 0.75269067 0.71805794
786 0.27618454 0.35845329
212 0.10733819 0.12779073
442 0.57419356 0.51437211
779 -1.84395394 -1.85164820
447 -1.05551933 -1.07842346
613 0.30113360 0.40917024
141 -0.21372594 -0.34942637
549 -1.05710196 -0.95893342
982 -1.01168568 -0.95432908
875 1.49723184 1.34651933
173 -0.09327186 -0.06102452
49 -0.83213572 -1.06172026
671 -0.32575614 -0.20026060
866 -1.21542396 -1.18218314
120 0.34930645 0.35163769
153 -0.57763272 -0.54215890
389 0.13301136 0.16457858
698 -0.11842115 -0.00148812
432 1.09426728 1.15289856
938 0.63245054 0.66065173
556 -0.09142455 -0.14382895
705 -0.01328869 -0.09211710
641 -0.39195288 -0.51369166
168 -0.46827571 -0.81702745
309 -0.20935794 -0.30698675
294 -1.50763786 -1.45589125
187 -1.79239091 -1.70493078
260 1.59361457 1.56869480
484 -1.33319826 -1.30316447
986 0.27532054 0.39787077
83 -0.66221649 -0.54901743
107 -0.53690152 -0.62330552
703 -0.71999484 -0.87009297
316 1.13467235 1.11248251
380 -0.56200198 -0.43920045
627 -0.30345587 -0.35596394
959 -0.32802874 -0.21605339
293 0.14340268 0.24334918
15 0.14907766 0.06753068
4 -0.52882846 -0.32767264
843 -0.22331224 -0.21622277
792 1.80594898 1.77692038
420 1.06388873 1.05557275
625 -1.53809540 -1.62625564
881 0.08509222 0.21627537
206 -1.49882450 -1.53594833
311 -1.00975567 -1.01112619
607 0.37424317 0.36848503
670 1.45961351 1.47442110
481 -2.33991846 -2.46284903
604 0.29112628 0.29657259
797 0.27584443 0.27621876
873 -1.63869748 -1.82596416
911 0.90408421 0.93273162
491 0.16305802 0.20086603
87 -0.15279001 -0.16783047
475 -0.54632791 -0.67106943
201 0.63662243 0.68424900
138 0.07320878 0.04024753
361 -1.11237059 -1.08274646
30 -0.39870100 -0.51784268
161 -1.41244827 -1.39642783
693 1.64906149 1.61958602
617 -0.56602027 -0.59349188
643 -0.15744286 -0.23383275
112 0.50996949 0.46338723
849 -1.13478799 -1.12714665
404 -1.55730050 -1.45332684
630 -0.68545675 -0.68613409
292 -0.67151205 -0.76809447
562 -1.36036081 -1.34843157
845 -0.48968922 -0.52976380
147 -1.49375844 -1.53429074
202 -0.54071327 -0.62209446
975 -0.18677597 -0.18781914
344 -1.18536221 -1.11549429
717 -0.63000338 -0.56488531
354 -1.61864224 -1.58574637
324 -1.93338544 -1.91807333
885 -1.58025042 -1.71777035
649 -0.16962678 -0.21175600
585 -0.24145214 -0.21775203
900 0.76294485 0.83625200
209 -0.52271654 -0.48055833
879 -0.56718681 -0.57095613
192 -0.35294804 -0.20338712
880 -0.47334177 -0.55777015
724 0.67095344 0.58802461
818 1.55887625 1.53104912
709 -0.87714372 -0.98661351
20 -0.74308287 -0.74753304
106 -0.05288736 -0.16897035
980 -2.57746250 -2.73064750
126 -1.37458939 -1.32920362
690 -1.54335004 -1.45288018
943 0.72302115 0.76354096
869 1.15278620 1.15259434
761 0.97807286 0.98417268
328 -0.52446457 -0.38823561
528 -0.48817749 -0.38408767
409 -0.60524317 -0.67478822
340 1.60570236 1.51585779
889 3.31865831 3.14681234
636 -0.44850929 -0.48640094
101 0.78345322 0.74923058
861 0.11076128 0.12091157
61 -0.31988149 -0.16206155
925 -0.45025004 -0.36339207
275 0.40809418 0.44872148
882 -1.12703255 -1.10586902
679 -0.65796547 -0.62001782
870 2.30195684 2.31547196
939 -0.49391734 -0.72113107
926 0.02178426 0.07678616
903 0.38997073 0.36968042
371 -1.61066051 -1.75901224
655 1.46234951 1.47414921
384 -0.79128726 -0.88715782
740 0.87971390 0.82759045
696 1.32297656 1.30958861
967 -0.49125594 -0.65865072
450 0.77992727 0.89565973
269 0.01862175 0.05182401
640 0.97000885 0.96835083
477 -0.85171179 -0.82471629
812 -1.61413517 -1.68939835
753 2.15460079 2.14298314
915 -0.95011299 -1.05533339
169 0.15060681 0.16178295
321 -0.16112748 -0.14250274
480 0.86937057 0.80641928
707 -1.93357607 -2.07145055
379 0.81839726 0.91342055
174 0.81555977 0.77498342
788 0.10415647 0.07953641
702 0.53202346 0.57722524
906 2.20808931 2.02629833
246 -1.60177145 -1.64239270
923 -0.40608821 -0.48491160
828 -1.31685973 -1.14353616
909 0.69293609 0.77016451
647 0.26717425 0.30083021
272 0.15297664 0.20829386
901 0.72313772 0.82715367
504 0.45261080 0.41503364
542 -1.54445527 -1.63953000
151 1.48703800 1.46276528
26 0.81606308 0.94840328
620 1.60350395 1.58317908
546 -2.03536731 -1.96045224
279 0.27955415 0.33669527
129 -1.46592527 -1.41879804
763 -0.11299714 0.01652185
931 1.40148819 1.27457884
834 0.34336268 0.30604554
337 0.89594752 0.92774982
893 -1.24126500 -1.15843445
751 1.60545139 1.56165190
682 -0.68625698 -0.64786425
734 -1.17951910 -0.98148815
348 1.30365585 1.34061578
928 0.33239261 0.31399590
848 1.16455033 1.30693567
902 -0.50864512 -0.47953040
711 -0.04739204 -0.15998088
356 1.22888960 1.20914561
691 0.97336611 0.96276407
345 -1.35067220 -1.31614925
374 -0.54667488 -0.45597647
366 0.22093374 0.39459580
695 -1.54767265 -1.62136549
991 -0.65472108 -0.71007999
95 1.15092791 1.08684870
213 -2.28812010 -2.54712364
400 -0.52063787 -0.59531577
624 0.83996848 0.93210701
278 0.25939687 0.27141157
715 -0.49339756 -0.55050165
743 -1.37746048 -1.27683917
545 -0.33145224 -0.23236073
357 -1.02591015 -1.06892324
810 -0.28182224 -0.34885179
922 0.02816141 0.01093741
527 -0.85338740 -0.90299365
73 -0.47768728 -0.51659092
948 -1.08950885 -1.11978205
228 0.01028482 0.01874034
421 -0.59472705 -0.60349331
355 -0.51459302 -0.57899393
288 0.27852420 0.32324652
615 1.02846743 0.99024612
905 -0.32193630 -0.39888918
674 -0.37711263 -0.39216249
336 1.35493088 1.41901684
330 0.58134420 0.54447683
155 -0.23527111 -0.30977425
412 -0.55604723 -0.57237818
199 -1.06041862 -0.94072394
499 -1.72195755 -1.77995958
719 -0.18475585 -0.07759953
988 -0.12805956 0.07479346
463 -0.06624921 -0.02323443
131 1.20226740 1.18869599
897 -0.28971962 -0.24174440
758 0.72325978 0.66742571
426 -1.72165721 -1.88950528
154 -2.12321962 -2.41202796
987 -0.79094756 -0.68592784
727 0.65041490 0.63039334
268 1.21819930 1.27422058
606 2.14193975 2.12434543
387 0.16712020 0.14713972
835 -1.17810598 -1.35672231
793 -0.74244790 -0.55387979
263 1.15237751 1.17520264
950 1.28857012 1.36258400
653 -0.18625661 -0.29027776
557 1.00012134 1.15311216
217 1.64151177 1.65911052
826 -0.00366536 0.06917001
7 -1.94137539 -1.98412874
921 0.17611541 0.14981943
189 -0.81211380 -0.80940241
190 0.41516253 0.40737987
320 0.59713758 0.67237009
781 0.25815161 0.32148552
172 -0.00506148 -0.11944548
704 -1.20801550 -1.34327556
673 0.37508934 0.43349328
97 -0.62302006 -0.50631463
65 1.63318993 1.77825543
583 0.08470136 0.14102559
807 0.26949745 0.21223144
451 -1.01428262 -0.89710958
211 1.59114600 1.56129126
954 -2.00600746 -1.98316965
770 0.50347165 0.55218009
140 0.80414536 0.76379070
524 0.35252383 0.33257087
714 0.28185815 0.21696826
67 0.09645863 0.12925093
245 -0.32104130 -0.39716449
360 -1.11006110 -1.08744000
353 -1.04726058 -1.17568834
408 0.85420255 0.88173311
750 -0.35244472 -0.31400627
53 0.50124856 0.58271012
618 2.05161462 1.93441006
63 -0.10547485 -0.10379894
689 1.72321609 1.62640196
218 -1.01050433 -0.82285730
307 -0.07552007 -0.03721535
801 -1.31081790 -1.24169193
11 0.18188913 0.09337487
511 -1.20679492 -1.40387426
315 -0.02444116 -0.00645596
808 -0.97795810 -0.97459780
819 1.71294819 1.74810338
803 0.07682661 0.09569504
994 -0.56015933 -0.49156524
341 1.21676204 1.18981952
466 -0.12319921 -0.03429764
234 -0.05014999 -0.12586941
521 -1.09668143 -1.12962389
214 1.12435782 1.11844874
460 2.01389892 1.91953125
497 -1.31036121 -1.18786898
72 -0.40969877 -0.36611506
619 -0.79871575 -0.75392817
0 -0.51927028 -0.40397978
764 -0.81306503 -0.96641378
74 0.11221499 0.17429799
602 2.26867635 2.36178894
145 -0.84683087 -0.81124697
239 0.65595959 0.60787617
555 1.43808617 1.40754563
196 -1.12113622 -1.20823885
33 -0.38143401 -0.32199609
565 -0.62778125 -0.63100225
517 0.03188622 0.09674729
874 -0.04983593 -0.00662738
667 0.81669943 0.91445658
633 -2.08088823 -2.12551375
659 0.16278099 0.09195015
858 -2.02159034 -2.07181131
993 0.25281675 0.42032364
486 1.48138085 1.30980661
401 -1.42712751 -1.24662291
96 -0.83389485 -0.75229234
313 -0.85458562 -0.81347097
427 0.14788452 0.24594266
558 -0.03787295 0.06366303
501 -1.88709693 -1.84776311
886 2.11670818 1.92567538
56 0.33199763 0.28382735
46 0.39373942 0.27636024
24 0.47858020 0.42633255
621 -1.41309778 -1.50162978
220 1.02288297 0.97659783
471 -0.07653082 -0.01224676
898 -0.98848190 -0.80348200
359 -0.35732838 -0.33668839
60 -0.44530782 -0.46916053
976 1.38367880 1.43844770
242 -0.39309802 -0.31613201
852 0.03640097 0.08773534
981 -1.23696227 -1.31137282
197 1.36596815 1.34185591
290 -0.14455032 -0.06775807
532 0.88252807 0.79607575
364 -0.01917624 -0.07713318
920 1.09222247 1.01109151
968 0.76652154 0.87602888
158 -0.48653438 -0.44881368
257 -0.04528415 -0.02131279
863 -0.41450056 -0.22218525
163 -0.10709176 0.03423700
143 0.03474291 -0.04838965
12 -0.08768191 0.01262242
566 -1.33619621 -1.46725353
969 -0.38053847 -0.29920174
1 0.45612303 0.51084936
577 0.02054998 0.11222192
329 0.68566614 0.76118291
768 0.66175526 0.56980580
752 0.35879949 0.38696726
794 -0.92593084 -1.02064892
983 1.41239791 1.34808534
286 0.82507064 0.87537785
47 0.32872403 0.34622361
289 0.48206637 0.49532002
830 0.81145096 0.81040754
84 2.05153782 2.09355403
896 -0.52442013 -0.40860811
407 -0.03961329 0.11830502
264 0.13552930 0.03148351
544 0.44062724 0.46733520
623 1.46019911 1.40776606
55 -0.58694692 -0.48131384
431 1.92235048 1.72618302
795 1.08443412 1.08926845
308 0.57778671 0.46424612
132 -0.74639761 -0.80793672
429 -0.63464732 -0.86572338
276 1.32583188 1.33959448
940 -1.56851784 -1.61415663
287 -0.38324238 -0.37856691
110 0.21844597 0.40705824
198 0.07841747 0.15669995
166 -1.14781246 -1.17237285
395 0.27433723 0.16293895
509 0.12221683 0.06764843
569 -0.04248095 0.06665225
80 0.41419841 0.39255159
573 -0.67372649 -0.77162163
660 0.55351925 0.57816510
52 -0.78820155 -0.61960160
346 2.41622714 2.42183205
960 -1.05404600 -0.96755389
942 -0.27866453 -0.32148320
868 -0.16128725 -0.04899940
186 0.88194110 0.81331381
372 -1.46047027 -1.56530872
494 0.63368208 0.66771315
718 -1.28584415 -1.26042838
188 -1.24483565 -1.34765922
303 0.68728717 0.70556667
844 0.08938617 0.05993527
58 -1.19765640 -1.18048081
351 3.37010202 3.13790417
434 0.49458341 0.57763110
836 -0.68240531 -0.73253188
733 1.02979909 1.11784644
399 0.91436719 0.84008263
358 0.09180811 0.12401836
464 -0.54767534 -0.56873907
410 -1.65636795 -1.69145319
856 -1.65916251 -1.68006213
614 -0.61974947 -0.55896998
616 -0.00169325 0.22073555
708 -0.46280096 -0.56378908
783 2.14659713 2.12152145
54 -0.40048125 -0.41825210
284 1.45903751 1.49164697
574 -0.79231762 -0.79284266
513 0.91822640 0.91649675
249 -2.28557966 -2.27651410
216 -0.71791027 -0.81079106
241 -0.78134769 -0.76270517
342 1.01208707 0.95804105
25 -0.02170241 0.11201982
104 -0.09523987 -0.03162643
589 -0.17937436 -0.28493113
777 -2.13466612 -2.21593581
553 1.42909919 1.28290022
456 1.58978280 1.48463205
114 0.90275667 0.82977281
582 2.54436671 2.46379613
924 0.31797202 0.24659319
757 0.97611035 1.01343439
684 -0.60435394 -0.54872958
347 0.50379120 0.51637234
601 1.22168822 1.23347182
455 -0.64921534 -0.65571621
350 -1.37145979 -1.34017788
842 1.10984261 1.04929281
564 -0.25448210 -0.29535251
149 -1.34065610 -1.32279272
34 0.05157172 0.15553906
587 1.11491690 1.07937464
887 0.23017718 0.15769550
281 0.59029003 0.51810604
19 0.30475143 0.40639318
42 -0.87106884 -0.74970970
581 0.89535917 0.87765725
814 0.11085728 -0.07779000
662 1.75273886 1.72546365
530 1.68051250 1.65152574
805 -0.04831364 0.11196085
3 -0.27360875 -0.26557488
571 -0.48532670 -0.37318394
592 0.17654878 0.15425593
365 -1.05025852 -0.98345724
726 -0.93197268 -0.93858012
248 -0.32439678 -0.32230797
784 1.09097447 1.10451844
776 -1.34717725 -1.58833530
496 1.06845971 1.02474400
402 -0.48650338 -0.49246212
850 0.78832180 0.83807873
296 -0.26434680 -0.33945525
164 0.37572980 0.45416331
622 0.61588641 0.54610144
611 0.96620039 1.01763635
91 1.14541065 1.16486578
454 -0.13399511 -0.16737652
40 0.08582456 0.10071003
390 0.66390154 0.78198376
956 -1.17779055 -1.19043170
884 0.10915533 0.23681582
27 -2.16403530 -2.14826204
773 -2.62495238 -2.74856626
663 -0.11396812 -0.16516936
688 1.56574437 1.32819963
694 0.31738505 0.29140979
957 0.03758314 0.12424735
252 0.11784334 0.25809488
146 -0.96659086 -0.90180851
271 -1.01561483 -0.89981648
430 0.00216596 -0.14331572
457 0.39217873 0.45566496
790 -1.27813809 -1.20214947
159 -0.60899678 -0.53592751
608 -0.10124947 -0.11419976
265 0.37065551 0.31588553
462 -0.90071696 -1.02615375
295 0.05091070 0.08266406
837 0.32434643 0.37177228
21 1.68416187 1.62279803
322 -0.51736193 -0.52041436
469 1.72757449 1.58779355
510 0.64449581 0.54294950
738 -0.05392828 -0.13212132
657 -0.04913924 0.02235068
312 -0.14677684 -0.19496100
706 0.09979395 0.15368554
979 -0.11542183 -0.16155405
989 -1.36029594 -1.23196111
598 1.19563790 1.22849711
323 1.05631569 1.06036393
977 3.45448749 3.39206149
205 0.74152037 0.64879598
995 0.42604071 0.64183830
45 -0.27627412 -0.38130737
115 2.08174494 2.08393527
433 0.09597589 0.10104337
609 0.01114197 -0.14745560
428 -1.10307161 -1.19452224
283 -0.05285993 -0.07031498
664 0.25086932 0.15143662
540 -0.98720743 -0.90635504
669 -0.53028766 -0.38121308
301 -1.86558825 -2.10602506
396 1.71173036 1.63473899
841 0.57671425 0.58479121
93 -0.31546219 -0.27138744
919 -0.01984275 -0.02405671
479 0.83900711 0.74671625
520 0.42798403 0.64393803
50 0.18392433 0.10445202
883 0.61045829 0.68826475
514 -0.18273573 -0.17368593
716 1.34022778 1.52431814
840 -0.65772369 -0.60118614
871 -1.94505700 -2.09094056
937 0.07273015 0.14894500
862 -0.52403600 -0.61203930
591 0.33782758 0.26736723
594 -0.79342258 -0.88236429
259 -0.79984362 -0.80352677
534 0.01704734 0.13351985
855 0.73811511 0.57796011
710 0.49256056 0.39139823
668 0.49639644 0.44584052
135 -1.66687817 -1.62272291
343 -1.77047463 -1.83499754
661 -0.03533443 -0.01896860
965 -0.15973685 -0.12369746
215 1.88684415 1.71073599
394 0.38253620 0.28213549
539 -0.00258468 0.02129161
829 0.39602011 0.39453619
865 0.44000461 0.42590149
742 -0.87791776 -0.94490351
82 0.62569899 0.60537303
825 -0.38087584 -0.32240437
64 1.05080666 1.14506891
109 -2.53767511 -2.75078088
338 0.69827918 0.80629780
916 0.05994979 0.12798440
918 -0.62056479 -0.67056317
405 -1.30450753 -1.31681936
175 0.52811762 0.60324439
665 -1.00091447 -0.93949707
505 1.62642604 1.65586825
860 0.07218980 0.05939166
75 0.93497979 0.87731225
680 -0.30648673 -0.34652244
820 -0.95579579 -0.99233954
802 -0.05529834 -0.06649188
183 -1.32542363 -1.40025360
89 0.93264561 0.85486338
876 0.57260133 0.55008082
637 0.12273112 0.24673158
388 -1.78478413 -1.90376302
548 0.77566898 0.79383212
692 0.23933010 0.27920911
846 -1.57749659 -1.62030393
103 -1.27698691 -1.17857031
904 1.07122862 1.01782245
933 -1.32517540 -1.52062150
422 0.96006050 0.89190879
32 0.69116557 0.62419513
179 0.86084576 0.84160543
610 1.34695464 1.33633556
952 0.06110316 0.04429544
914 -0.88786694 -0.80232167
626 0.37308294 0.38168024
99 0.25005332 0.18911005
533 -0.35021615 -0.24974898
749 0.25330360 0.33852838
383 0.06505288 0.22950589
973 -1.31162018 -1.32109589
29 1.00131037 0.87372840
949 -0.48280121 -0.41448288
424 -0.43368070 -0.28478445
229 1.13603007 1.13186959
998 -0.43059292 -0.52352126
522 0.22880712 0.30792293
495 -1.72127403 -1.84497197
745 0.12538346 0.07282824
575 -1.18582301 -1.07744170
57 -0.85649122 -0.87812210
767 -1.18566626 -1.31293333
634 1.15797158 1.08545695
488 1.11429839 1.16247500
98 1.84801211 1.80204129
227 1.32483073 1.32967814
79 1.01624113 0.89250323
413 0.43767867 0.39533803
741 0.29101930 0.33250283
111 1.26687273 1.26432326
381 -0.34540929 -0.40955278
507 -1.87065554 -1.85065947
629 -0.14657387 -0.10960183
961 1.22768960 0.94079097
425 -0.66839437 -0.75023524
415 -0.32711811 -0.16547773
414 -1.10434279 -1.16605399
105 0.43771707 0.63587865
119 -0.56104472 -0.56145196
247 -0.29794683 -0.34453237
210 0.47651482 0.61058346
891 0.62062195 0.57174262
600 1.92529082 2.00382554
782 1.37278279 1.32556442
253 -0.55438986 -0.60298223
48 -0.03538106 0.05552532
363 0.22313351 -0.08112032
984 -0.33362733 -0.48264788
550 0.58921620 0.48425289
335 0.66097080 0.63700379
386 -1.74291437 -1.56978905
816 1.13289498 1.03084809
274 -0.00507245 0.04660586
181 -0.24193626 -0.33736671
121 0.19817760 0.12234096
962 -1.22733895 -1.11153777
438 -0.59196224 -0.55410129
78 0.66923504 0.59803305
970 -0.01814904 -0.04160342
536 -0.16679355 -0.12475652
701 0.23951250 0.28657658
560 0.58542831 0.61595253
648 1.63753325 1.68748065
678 0.13948451 0.17005818
250 0.63954632 0.62389612
700 -1.14203394 -1.14973866
439 1.90865401 1.92993764
443 -0.65832300 -0.50159314
713 -0.01182949 0.12714601
362 0.20249761 0.12067094
541 -0.59188681 -0.63158361
22 1.00332638 1.05866016
972 -0.03354745 0.01358309
177 0.57050030 0.48878775
237 1.28563937 1.42286903
833 -1.17358711 -1.23445250
485 0.98103927 0.90672560
697 -0.77633045 -0.66417475
531 -1.49855214 -1.39247737
593 0.30347600 0.40610510
444 -1.14626494 -1.17448369
483 -0.26490360 -0.21312257
799 0.00328504 -0.13080746
597 -0.54808334 -0.67255836
913 -0.23752985 -0.20188550
255 1.01796776 0.90997782
628 -0.27307650 -0.28667793
963 0.34437753 0.25406459
798 -0.14646415 -0.08671135
352 -0.82666330 -0.82498591
77 -0.15275572 -0.24135182
285 0.30378732 0.28610790
535 -0.07410750 -0.09713567
851 -0.32561475 -0.35528890
595 -0.59716216 -0.57090450
650 -0.49514120 -0.33409314
233 1.32422593 1.25847694
603 -0.62402312 -0.57937012
686 0.20183658 0.39466596
128 -0.08050934 -0.04788979
277 0.86670588 0.80261851
137 -0.34201500 -0.31522568
411 0.07017243 0.00881536
551 0.13888794 0.24874013
418 -1.24794057 -1.19742399
955 -0.56894965 -0.41289925
576 -1.03235121 -1.06027815
827 -0.09958044 -0.12473073
406 0.51527007 0.57121591
538 0.51598321 0.60364992
68 1.19587653 1.07235667
771 0.52464379 0.60873095
736 -0.54540535 -0.37479439
947 0.41601967 0.49762456
332 -0.01612755 -0.08600482
37 -0.55365409 -0.53680794
894 0.01633420 0.05137012
737 -0.90110041 -0.80153215
712 -0.47746017 -0.65755271
666 1.12655486 1.21870609
333 0.59247198 0.63376642
459 0.96332999 1.02297234
966 1.09447162 0.90447664
722 0.66789926 0.77606210
176 -0.43647142 -0.28696826
62 -0.28567528 -0.29893984
51 0.19922675 0.27633456
224 -1.09560897 -1.17025426
935 -0.81020559 -0.78764097
590 -0.45568680 -0.35092455
809 2.14357312 2.20683983
367 1.49297080 1.54204809
489 -0.21932768 -0.22525589
436 -1.51828180 -1.56554347
992 -0.10535142 0.02223029
525 -0.23394493 -0.27765871
235 -0.67787685 -0.48903001
867 0.92947761 0.85784498
474 0.63596963 0.61662479
683 1.29769150 1.46042210
376 -1.39494622 -1.42990215
877 -0.01128092 -0.11121770
31 -0.54977431 -0.55697400
806 0.08720285 0.08860850
43 1.11793816 0.92100976
685 0.32193271 0.27828599
375 -1.06636556 -0.99377981
731 0.29567394 0.22830874
728 -1.57036063 -1.42503519
824 0.59915496 0.39336430
368 1.21916479 1.19075844
334 -1.47734105 -1.54275109
254 -0.78505549 -0.66480694
261 -1.45750057 -1.49653153
435 0.99120156 0.82447798
492 -0.96463397 -0.88184666
85 0.09701543 0.10973712
304 -0.83575945 -0.71476201
171 -0.53923350 -0.53619382
838 0.31275510 0.27280718
69 0.39695405 0.55512623
910 -1.06963820 -1.05224001
644 -0.29688946 -0.22745868
461 0.91077130 0.70841962
791 -0.06312646 -0.02760737
964 0.97229777 1.01114821
578 0.42160139 0.42933740
327 -1.07807798 -0.98226671
681 -1.21392636 -1.34219005
238 0.67674087 0.64969211
94 -0.29204187 -0.30368520
262 0.17762398 0.25464699
160 -1.19132286 -1.31773047
219 0.04661812 0.05994552
185 0.07616421 0.10599615
130 0.48167551 0.44908152
207 -0.12117498 -0.25148659
503 -0.89411023 -0.94882022
291 0.27572100 0.21249150
508 0.32151031 0.43512259
267 -0.90108807 -0.94832368
440 0.97217571 0.96225154
273 -0.81458046 -0.57036691
654 -0.06833789 0.01699655
815 -0.40315609 -0.30145229
473 -1.38226611 -1.28823967
971 0.40892526 0.17974879
299 0.25513995 0.37485583
747 1.34343555 1.21635418
124 -1.18612884 -1.08473042
88 1.35334276 1.29453382
929 0.06240328 0.13153837
417 -0.50045769 -0.39035231
231 -0.68574530 -0.66800045
990 0.64686153 0.80628725
645 0.23712896 0.21263528
