18 0.22175996 -1.49748956
28 -0.81461588 1.28375571
11 -0.20562505 1.15748323
21 -0.25426279 -0.00201288
1 0.70782578 -1.24402936
10 -0.90970108 0.11793860
12 -0.13336518 -0.01112501
14 -0.17060353 0.54180808
8 0.55885642 -0.68581756
2 -0.25269223 0.28861642
3 0.02351187 0.42742034
16 1.31199339 -0.36036863
13 -0.52680876 -0.11183529
25 0.41814710 1.63158247
22 -0.73979034 0.05284848
24 -1.39995625 1.75650235
9 0.32969117 -0.98658719
26 -1.00026408 1.26547881
0 1.11183655 -0.90103152
27 -1.00565568 1.59484509
15 0.46360654 -0.87937831
17 0.29278923 -0.32524433
5 -0.93645725 1.42143185
23 -0.55227235 -0.20409176
20 -0.03594626 -0.36181721
29 3.30083082 -2.01879542
19 -1.08387199 -0.40991188
6 -0.98569524 0.22394299
4 1.93825151 -1.34767289
7 0.32848359 -0.41644563
