18 0.88367212 0.82700042
21 -0.85779279 -1.02210051
28 0.25038156 0.21758994
16 -0.26905045 -0.27465353
1 0.40303162 0.38976844
22 -1.05893505 -1.13883837
25 -1.32884487 -1.58972033
12 1.04569940 1.09942783
14 1.20506432 1.32208811
3 -0.53616462 -0.69580701
11 -0.71637407 -0.93208658
10 1.06686202 1.01587068
13 0.25263456 0.28410529
26 0.41165490 0.35165376
9 0.77502262 0.81349182
15 -0.81653811 -0.54432147
2 0.33712604 0.19903292
24 0.90424627 0.87507351
8 1.23383252 1.41998995
17 -1.50348477 -1.75801600
27 -0.12325477 -0.38476584
5 0.02707963 -0.12973741
19 1.19808477 1.20965092
0 0.25311078 0.47786398
20 0.43958625 0.34073692
23 0.94316753 1.17926446
29 -1.86462360 -1.36039540
6 1.01669594 0.88251908
4 -2.02196606 -1.40219583
7 -1.54992369 -1.67248975
