184 -0.48941385 0.61098927
18 0.58450509 -0.56691068
225 -0.93699518 0.70377949
70 0.10985967 -0.04260969
605 -2.61263456 2.38105784
182 0.88472300 -0.88460279
423 -0.69315436 0.84916998
875 1.93037951 -1.74324285
523 0.01073092 0.00249237
437 0.19813027 -0.16210114
270 -0.19260069 -0.00142357
596 0.47596218 -0.43848345
13 -0.68594081 0.89567135
393 1.68428560 -1.68732565
232 0.22859266 -0.21762474
729 -0.79073447 0.81690115
133 0.54083100 -0.39549693
888 -2.26731306 1.83133676
222 0.39918240 -0.55623125
744 -0.62033309 0.68685254
419 1.41873330 -1.23952725
721 0.49753200 -0.65232063
193 1.71216908 -1.45677443
599 -0.54182437 0.55900339
297 -0.91558957 1.02550777
240 -1.21652061 1.34302061
403 0.70585241 -0.77992445
14 0.75291514 -0.56750940
811 1.70190173 -1.74546932
512 -0.02504384 0.20117182
944 1.09333639 -1.13978312
2 0.12325006 -0.23135095
118 -0.56765374 0.65739806
878 -1.16137342 0.91890553
516 0.45493809 -0.43571209
28 -0.76923710 1.08844966
59 -1.56033694 1.32096518
243 1.61639195 -1.60980361
113 1.21401081 -1.20664728
974 0.56198871 -0.74807137
168 -0.40828114 0.06598518
893 -2.76628428 2.80438270
612 -0.26608520 0.39873885
139 1.10067389 -1.14822113
519 0.07329450 -0.09036838
76 1.31925200 -1.07002415
397 -1.17460605 1.07231900
470 1.26968119 -1.16632912
230 -0.62033631 0.61986859
912 -2.78944137 2.89489850
699 1.53852715 -1.18774056
223 0.23440890 -0.23385741
635 0.28131709 -0.01500570
446 0.24677866 -0.36378335
465 0.81473338 -0.92730319
83 1.09140301 -1.13931772
458 0.85398049 -0.84493042
953 -0.19234956 0.23158012
672 -0.71832693 0.49581773
339 0.57420876 -0.54391944
5 -2.04890398 2.00601182
822 1.58752488 -1.29396804
515 1.13523325 -0.95697453
472 -0.29747485 0.02627062
389 -0.50182386 0.36480270
344 1.77131407 -1.65552543
735 -0.98000925 0.60407493
286 2.66753694 -2.50232127
294 -1.54779010 1.46644419
310 0.04075223 0.10952613
570 -1.15746159 0.93883165
879 -2.13625055 1.88961063
632 0.42101944 -0.13480702
44 -0.45181357 0.66105183
331 -0.76685458 0.76362437
203 2.18689177 -2.13182337
404 -1.69056396 1.71216791
572 -0.07416713 0.40203397
854 -1.88541672 2.09238904
936 0.28101928 -0.32529899
17 0.41424215 -0.22110060
930 0.81815422 -0.83136553
108 -0.83101026 1.08717309
90 1.46961611 -1.17450511
552 -0.12678048 -0.00035716
604 1.19912653 -1.18083041
449 -1.50308735 1.54085883
38 1.91272619 -1.92622405
651 1.03889591 -1.33161749
134 0.26608187 -0.18870862
282 1.43779503 -1.40213188
917 0.09988691 0.00043953
320 0.54130268 -0.42520672
370 -0.70685382 0.60269597
774 -1.25092704 1.09416090
102 1.56501010 -1.60412036
675 -0.52390882 0.59486456
730 0.00848202 -0.17062706
982 0.97325921 -0.97599905
116 -0.17642212 0.18818837
592 0.64016098 -0.58062949
392 0.84000897 -0.94690755
795 -0.89936109 1.08067428
978 -0.89425639 0.67281797
579 0.92287705 -0.94089665
568 0.40932902 -0.30973957
787 0.62658547 -0.77121545
820 0.34465498 -0.50273323
559 0.03916496 -0.10867618
639 1.01542491 -1.18423457
958 1.58303190 -1.53730230
314 1.03709292 -1.13404248
354 0.51879273 -0.45519709
244 0.80378346 -0.89758083
468 0.84609726 -0.59792506
985 -0.15092760 0.12826560
873 0.84289536 -0.77610513
122 0.46403834 -0.38235640
342 0.46686033 -0.34173664
676 -1.16900230 0.72992342
658 -1.61460840 1.56093542
996 1.55324402 -1.69908526
452 -0.27250834 0.48582372
999 1.22767808 -0.98818542
15 1.56580213 -1.61590841
112 -0.22480168 0.44803241
588 -1.36835126 1.40312119
41 0.52440935 -0.26171350
66 -0.31983186 0.27343510
638 0.38984229 -0.12732108
445 -1.50141798 1.79776121
136 -1.50573226 1.81086018
152 -1.00215377 1.20397717
36 -0.08169137 0.04908414
453 0.87007857 -1.03050741
931 -0.94569297 0.78256813
945 -0.03083432 -0.05705047
100 -0.37833711 0.55012675
518 0.00655508 0.05728923
769 0.37433340 -0.53387904
87 -0.06992528 0.16509588
475 0.49222124 -0.63673337
325 -0.43326697 0.32673730
35 -0.14861913 -0.20269627
749 0.15553797 -0.05409934
385 -0.20116970 0.36229214
29 0.23572250 -0.13149861
81 0.96199055 -1.26896012
707 1.04967035 -0.98397196
691 -0.92336494 0.64498520
191 0.84411076 -0.74584913
64 0.12641655 -0.05338010
4 -0.20131136 0.15169946
378 -0.06114378 0.15935543
828 -2.61606023 2.53865373
340 0.50419982 -0.66231304
306 0.37869920 -0.25367590
120 1.28396340 -1.28082459
23 -0.84825130 1.01193573
206 -0.28055899 -0.04936724
861 0.15127520 -0.36523796
762 0.70692937 -0.71444090
804 0.61934777 -0.69895167
755 0.92910218 -1.07950910
226 0.28567323 -0.13379825
785 -0.77861423 0.66652762
618 -0.90134920 0.75630475
142 0.51150352 -0.65888527
567 -0.88067122 0.87379666
760 0.80805911 -0.85566155
831 2.54262825 -2.49812821
941 0.47520396 -0.26119899
500 1.68101769 -1.40656827
260 -0.41428895 0.39591209
529 0.61099448 -0.43344282
170 2.43230441 -2.10920797
732 -0.84005094 0.95153019
778 0.84638059 -0.90673172
194 -1.32602780 1.30812776
236 -0.41622555 0.36600910
319 0.26684975 -0.04723485
907 -0.58759604 0.60353292
779 1.56547373 -1.50000891
156 -1.02653753 1.05603227
364 1.12046970 -1.25388640
498 0.99720188 -0.97213938
49 -0.89031075 0.98827713
349 1.50922704 -1.27950418
123 -0.51498565 0.31679522
272 1.17489570 -1.40049780
863 1.00265430 -0.99207664
537 1.91234064 -1.69582373
482 0.55973981 -0.61788773
490 2.78490965 -2.74004383
993 -1.14551682 1.17475633
401 -0.75923053 0.88269233
561 -0.91977024 0.85936289
526 0.84916556 -0.59842614
939 -1.27709768 1.38886115
391 -0.96516682 0.74389656
823 0.71790665 -0.67008832
313 -0.33585589 0.37652853
144 0.49680759 -0.47358911
127 0.94782746 -0.74214137
200 0.11513179 0.06787555
554 0.66222823 -0.43959600
696 1.73606990 -1.51288459
859 1.09712749 -1.03358348
786 -1.39112360 1.24989430
915 -0.38671777 0.38000960
864 0.50253850 -0.64521451
544 -0.26637658 0.57847087
981 -0.78730558 0.72988219
733 1.34076547 -1.30358680
671 1.31126896 -1.06255617
832 1.29516284 -1.00703694
988 -0.01556046 0.25846516
909 -2.13443468 1.99513609
856 -0.82757171 0.81183882
899 0.54981373 -0.32769929
125 0.16077468 -0.26191414
901 -0.96040018 1.11559877
426 -1.54723150 1.49721107
204 -0.23909034 0.51956580
481 0.22650957 -0.50018437
750 0.41774026 -0.45978020
218 0.65445285 -0.34310012
279 -0.37748391 0.46421047
926 1.06987827 -1.42635877
373 -0.02828760 -0.28229037
585 -0.07052735 -0.00817966
228 0.53578908 -0.47087645
586 1.51841099 -1.52034478
192 0.57323000 -0.31829874
258 1.20564303 -1.23908502
724 -0.45621961 0.67525273
703 0.08086542 -0.32981605
336 0.66736673 -0.46618075
317 -0.05718365 0.29429123
448 -0.70574467 0.80268745
316 -1.04358700 1.39772026
266 0.16163431 -0.23443681
305 -1.42389124 1.57911723
946 -0.44618890 0.41198749
524 -0.29372078 0.10753628
74 -0.21585115 -0.00436730
842 -0.94311889 0.97115728
775 1.19401056 -1.37233952
925 -1.57734456 1.38718253
642 -0.24882162 0.24679150
436 -0.90229899 0.70173317
268 -0.44819794 0.47018408
556 -0.62587727 0.58427163
817 -1.47497688 1.12856841
922 -1.06802871 0.99545646
641 -0.57423946 0.60777816
9 -1.19107116 0.97362441
337 0.70825746 -0.71849845
501 0.57738330 -0.79769243
900 0.16838746 -0.03222441
42 -0.64283337 0.70205404
890 -0.31309964 0.19710444
911 1.05892192 -1.24984525
491 -0.35679949 0.39609911
734 -1.58734791 1.62654078
416 -0.82298698 0.77131237
819 0.82635136 -0.81851848
220 1.04018858 -0.90578817
857 0.02755020 0.04918134
107 0.13848528 -0.26607776
880 0.22996100 -0.20963134
201 0.26819716 -0.11707813
646 -0.75707339 0.63737201
212 -0.25810217 0.12982550
288 0.31194530 -0.18722909
502 -1.56666832 1.73929162
447 0.74717457 -0.77321563
476 -1.25763994 1.22212644
980 0.32254749 -0.63670854
613 1.01715867 -0.94490840
126 -0.42077486 0.43985925
234 -0.32469026 0.18455850
451 0.48370536 -0.62400640
970 0.81401057 -0.90937633
690 0.88676745 -0.90058726
93 -1.64173688 1.72609649
322 0.68375941 -0.84153586
155 -0.13412603 0.14769020
617 1.28914537 -1.57190610
460 0.56797719 -0.40243321
563 -1.21001860 1.04459261
382 0.04351144 0.32720936
6 -1.65851269 1.74013126
8 0.15548002 -0.08575855
580 -0.24903412 0.29313287
619 1.51899696 -1.43680514
256 1.09719993 -1.25397061
684 -0.26653756 0.34977945
239 0.30703860 -0.03245738
940 -0.76498399 0.90510582
165 0.34455679 -0.24492285
821 -1.27870588 1.61142086
162 0.24356549 -0.10709443
117 0.37056484 -0.37759888
154 0.31950817 -0.25092800
987 -0.71296788 0.76089628
302 1.33786299 -1.28815165
687 -0.53863534 0.43294418
810 0.80563152 -0.85039716
969 -1.61191036 1.28485103
275 -1.09827378 1.17452736
620 -0.34888406 0.44653210
670 -0.35480655 0.16759592
486 0.49015103 -0.81475338
752 1.51310185 -1.67986574
547 -1.64235827 1.69227828
546 -0.60603156 0.26317346
377 -1.51749030 1.48627781
885 0.02447224 0.06536397
300 -0.41100816 0.47235029
180 0.78756626 -0.62541603
441 -0.20573994 0.19212315
950 -0.71280046 0.76922316
839 -1.26787510 1.16314126
11 1.37875050 -1.33758473
16 -0.94310440 0.80513034
584 1.48922357 -2.04262204
581 -1.68990394 1.73834351
751 0.42897350 -0.68467411
932 -1.27325668 1.43447214
384 0.78801057 -1.15618070
682 -1.69008585 1.54953488
421 0.05313487 -0.34512410
422 -0.65872540 0.74299502
997 0.99709403 -0.87062040
543 1.65558272 -1.71997245
398 1.48044689 -1.49347737
326 0.22466312 -0.55205386
65 -1.66105297 1.62915259
361 0.72277954 -0.55144039
725 -0.60538280 0.48465270
434 1.49197473 -1.44165641
79 1.01259165 -1.41509352
872 0.42845514 -0.25027403
908 1.96220863 -2.01894592
954 0.92534650 -1.08870774
487 1.20596177 -0.99792145
951 0.33712430 -0.45010662
549 -0.35178494 0.62511063
161 -0.45505894 0.56240741
520 -0.80336503 0.96384389
748 -0.38803298 0.35705623
358 -0.48933658 0.50031658
464 0.46210979 -0.17795340
246 -0.43039347 0.40102748
897 0.87169643 -0.80195637
853 -0.41532083 0.42722662
150 -0.96036959 0.79430643
656 1.03424839 -1.27097358
12 0.15213484 -0.00706701
715 -0.23772522 0.20626180
318 1.92645222 -1.82919184
884 -1.34874701 1.27290547
357 -0.04184862 -0.21202078
284 1.15179334 -1.15129823
195 1.54516600 -1.48259111
606 0.57512635 -0.71364898
329 -0.35675280 0.32296105
938 0.71429746 -0.77901633
855 1.84784208 -1.81510061
794 0.66724600 -0.46308428
129 -1.15640073 1.46832591
558 0.83359550 -0.70208967
343 -0.43319775 0.08856992
217 0.24981154 -0.14926207
652 -0.46595573 0.27674668
746 0.61139532 -0.39277429
84 -0.24251601 0.45110285
209 -0.72405784 0.95773929
189 0.69559793 -0.61036683
772 1.47891758 -1.46033708
928 -2.24750759 2.35852913
104 -0.08447956 0.22721981
766 0.24747732 -0.58719135
812 0.43192750 -0.20008720
669 1.17855640 -0.76422571
673 1.42299124 -1.31782426
805 1.51376187 -1.20249886
20 -0.05593927 0.20200813
466 -1.36455211 1.03253557
841 1.11908205 -0.70329885
959 -1.14436419 1.12450172
157 -0.35162718 0.36811563
82 -0.55700969 0.63526367
478 -1.98885010 1.89498325
497 -0.50539764 0.61327182
379 -0.60361523 0.62682546
338 0.52150204 -0.46766695
943 -0.03828129 -0.03142898
869 -0.70070597 0.85922182
843 1.28362695 -1.31935758
409 0.79637352 -0.96040512
67 -0.03755044 0.28858223
86 1.00066619 -0.60597488
647 0.68852766 -0.73833602
131 -0.92073773 1.14219994
166 -1.28029798 1.67405880
360 -0.68047068 0.50521419
163 0.83657525 -1.03068654
369 0.16268069 -0.04166166
353 0.33228361 -0.10158603
758 1.34354400 -1.43905902
311 0.60607813 -0.48546550
796 -0.89956876 1.14875705
153 -0.24849966 0.70556909
517 -0.76672902 0.43775909
659 0.81613230 -0.90720340
698 -1.97169920 1.81325966
432 -0.86574186 0.99042455
148 1.90395355 -2.10665604
793 -1.12351396 1.22623999
689 1.36853627 -1.28114950
89 -2.18081003 2.14872939
527 -2.07464159 1.81640153
712 0.88951056 -0.80614028
241 0.50781062 -0.63247727
186 -0.61044565 0.63946793
428 0.09579961 -0.30460997
39 0.16034808 0.23239799
797 -1.06821867 0.88705060
255 -0.16415217 0.02881904
7 -1.11022983 1.10084436
471 1.49958590 -1.27758841
298 -0.48890515 0.43077408
718 -1.51731000 2.11142447
394 0.56265195 -0.59180479
753 -0.90879618 0.91244073
172 0.95750080 -0.85462211
905 -1.52637805 1.54723175
351 1.83923766 -1.65087325
138 -0.04855186 -0.08757628
807 -0.03184528 0.15000634
264 -0.29972214 0.33603762
521 -0.16278383 0.10610138
837 -0.35420770 0.35650117
836 1.51512377 -1.56644944
330 1.01952187 -1.01649941
78 0.42441614 -0.49226817
55 0.20251700 -0.06873147
197 1.54691103 -1.43599482
173 -0.70178454 0.88805865
199 -0.16850348 0.32385972
849 -1.68045920 1.70368657
528 -0.30899302 0.44271584
739 -1.70296753 1.28944901
792 -1.35140803 1.23042673
889 -0.27339373 0.19190883
566 -0.19880811 -0.20854449
178 -0.08148853 0.06350915
756 -0.54367243 0.61634098
61 -0.38484717 0.61607531
96 -0.30972388 0.45725894
541 -0.49691395 0.75379619
660 -1.38038779 1.08987910
52 -1.48556137 1.46064375
427 -0.79234106 0.67821627
847 0.60007515 -0.57173420
216 1.44399601 -1.42721904
694 -3.37724340 3.33026476
281 1.71921682 -1.59985920
167 0.63077580 -0.33860536
363 -0.56832342 0.28241932
759 0.45745100 -0.11539377
25 -0.13567950 0.21795429
56 -1.36149508 1.23842066
813 1.01324845 -1.14317360
146 -0.12163553 0.14738120
740 -0.22819516 0.37879502
355 -0.82700667 1.00968730
933 0.24048914 -0.19603500
640 -0.29450797 0.18006923
430 0.97478209 -1.06338757
818 -0.32873088 0.41943503
976 -2.70359514 2.90628360
106 0.53947072 -0.51351668
396 -0.56872426 0.15498787
467 -0.05926031 -0.20547445
10 0.30038044 -0.15946510
644 2.05942622 -1.91596090
214 0.16056862 -0.21975844
141 -1.42363689 1.20325571
293 0.18480911 -0.34592142
412 1.58203382 -1.81481468
68 -1.14703487 1.07714308
72 -0.60555988 0.47992697
895 0.55490555 -0.50709744
109 0.58523594 -0.90548949
399 0.20780039 -0.19324909
916 2.79261966 -2.95609036
736 -1.27753072 1.23984190
764 1.69263084 -1.60939643
991 -0.92635435 1.02457250
95 -0.09397098 0.03341130
514 1.38703940 -1.26255704
213 -0.72372300 0.55720026
292 1.56100973 -1.73483881
463 1.03338714 -0.85144274
33 -0.46468720 0.62137571
806 -0.04495555 -0.10532664
390 0.45777296 -0.39119381
545 -0.38129272 0.41347008
362 -0.58898852 0.37942003
387 -0.35749493 0.20079696
679 0.69608088 -0.85952050
835 0.98371652 -0.86117517
887 1.23043246 -1.41880220
433 2.33343580 -1.93752338
653 -1.04515656 1.24836463
280 -0.26387333 0.60488039
957 -0.54648476 0.39078556
371 1.17147808 -1.47383806
372 2.35302234 -2.68622392
315 -2.15332095 2.01709699
252 -0.16557363 0.43602036
921 1.34513288 -1.29267153
846 0.27658104 -0.16211233
386 -3.21039648 3.34279761
368 0.54880438 -0.62781141
359 0.83062218 -0.89573175
539 0.80298339 -1.04005267
803 0.92291408 -0.80088635
634 -1.29571028 1.30678307
790 -0.16086172 0.37760263
765 -1.39025591 1.38941731
58 -1.22342991 1.40896400
553 -0.65297033 0.79610080
583 -0.67167469 0.85160469
321 -0.76035579 0.67405309
480 0.47774102 -0.41085268
754 0.61263970 -0.93672486
582 -0.04199190 -0.21259118
356 -0.14524980 -0.09091224
919 0.71645461 -0.56283449
30 0.94737350 -0.90893644
623 0.77916467 -0.85866023
825 0.45688274 -0.09305621
431 0.15929365 -0.17869835
643 0.00501610 0.20160353
532 1.19625463 -1.09047519
374 0.00651806 0.13204852
499 -0.65392656 0.44139807
174 0.90425157 -1.32626885
702 1.47018598 -1.71507046
714 0.95726255 -1.12165021
308 0.30149120 -0.31402561
347 -0.45263779 0.47286977
602 -0.12615265 0.25094421
420 -0.85215026 1.06013879
624 -2.49369229 2.34630966
677 0.82626121 -0.61878119
625 1.10557898 -0.49140878
860 0.25809239 -0.26350568
411 -1.43044798 1.29327902
504 -1.04671325 1.07250891
845 0.15312165 -0.19747973
1 -1.17500689 1.15705450
802 -0.00267717 -0.17067039
534 0.31413625 -0.38150280
780 1.26998222 -1.34886317
208 -0.87330796 1.14985195
705 -0.46480794 0.45526256
720 0.28564587 -0.09282120
688 -0.38123798 0.03664869
346 -0.59854434 0.70626132
73 -0.10912732 0.10389682
309 0.44742673 -0.65438988
763 0.57974167 -0.84142361
649 0.07220949 -0.04145639
47 -1.68783534 1.48531362
801 -1.55438709 1.39602272
493 -0.55727530 0.53166084
631 -0.60204567 0.56891806
666 -1.00015599 1.10278954
886 -1.04015006 0.96688862
407 -1.02131531 0.99837726
898 1.57627554 -1.46412578
450 0.55865641 -0.44015510
816 0.47531504 -0.55834518
506 0.43517609 -0.36036887
442 1.35373248 -1.28236667
704 -0.77185948 0.59132917
610 -1.95358565 1.75148065
242 0.26787198 -0.26140528
994 -0.76338867 0.97437875
383 -1.70123538 1.83508816
227 0.43635286 -0.68311188
827 -1.36647100 1.43477771
789 -0.83339921 0.61371760
627 -1.45294183 1.19284918
770 -0.54782734 0.07561218
927 -0.02785134 0.02220134
92 0.21043242 -0.05228935
376 0.25856568 -0.31732589
771 -0.68045941 0.83133760
800 -1.21471763 1.09549591
366 -0.27598713 0.40980132
50 -0.33182654 0.18927994
883 -0.55136248 0.73035494
686 0.26897148 -0.28500201
510 0.35578520 -0.71980917
968 -0.82866799 0.83196436
145 -1.19552389 1.24302095
276 -0.03454975 0.31518426
636 0.67539163 -0.87199746
871 0.87895666 -1.05798688
312 1.10826092 -1.08572989
91 -0.57143035 0.27363502
881 1.10814501 -1.01316242
332 1.02908252 -1.37789364
743 0.08025370 0.22172479
147 0.52181595 -0.12587260
667 -0.72032148 0.91906071
26 -1.51360905 1.48536702
977 0.61204729 -0.18459437
202 0.46486578 -0.29998972
975 0.63644554 -0.47448009
727 -0.33771039 0.49880527
575 -1.48266693 1.53139391
799 -0.68304799 0.66081351
663 -0.02582460 -0.06758085
983 1.93632678 -1.88747104
115 -0.44271011 0.37031504
737 -0.42632387 0.46846618
187 0.00462975 -0.17111203
48 -2.15309075 1.89688483
655 -1.04104028 0.94203214
963 -0.30710794 0.31168441
348 -1.23125358 1.14317336
848 1.71659122 -1.61670452
269 1.68275789 -1.85149601
60 -1.01188827 1.17065894
934 0.38752578 -0.09394748
457 0.05386733 -0.29815426
674 1.56385426 -1.66332149
488 -1.20814961 1.14864842
341 1.51218426 -1.46808885
237 0.47194249 -0.04887584
99 -0.38126374 0.21786487
595 -1.64675626 1.63104920
742 -0.90373333 1.07593005
571 -0.07255571 0.09212031
140 2.09048118 -1.91745737
365 0.11471324 -0.00871890
111 1.03467177 -1.23933424
248 1.31970114 -1.33709616
469 0.74969714 -0.64131954
761 0.67058152 -1.10736188
906 0.32187942 -0.43449098
429 0.69100515 -0.70849962
496 -0.00369940 -0.01310545
716 0.22404496 -0.35492097
622 -0.18685207 0.40116100
866 2.07845028 -1.67972945
110 0.23725182 0.17493345
198 0.83509584 -1.07676101
614 -1.32491220 1.20264538
455 -0.87018976 0.93631438
350 -1.38671594 1.46012237
979 -0.46775550 0.34979123
783 0.45804180 -0.32206194
425 -0.85819991 0.73792612
40 -0.07104249 -0.23321230
143 -1.53009670 1.29868594
989 0.61983716 -0.99420478
495 0.10692982 -0.06322867
542 0.09588815 0.04314129
119 0.13364780 -0.24108566
247 -0.49401629 0.05242321
782 1.13227764 -1.07289754
307 -2.02543781 1.86468399
511 0.86563389 -0.77215637
19 -0.53638161 0.46999083
903 -0.85753989 1.10577986
992 -0.34090746 0.37109475
24 1.63650328 -1.55945946
190 -0.26921306 0.10022440
972 -1.09998018 1.14823847
902 0.12876043 -0.23848423
285 1.44967703 -1.27549770
615 0.20799839 -0.06610911
723 0.78483442 -0.77489351
159 -0.27862239 0.37916934
844 1.29502761 -1.05171196
169 1.53854003 -1.51738607
265 -0.00121546 -0.27035143
462 2.95476418 -3.16634415
334 -0.99046978 0.56631167
962 -0.05146562 0.01813669
865 -0.24844332 0.29597769
867 0.87217615 -0.80826210
380 1.32407820 -1.83895737
726 1.68150546 -1.23273976
507 0.07956470 -0.14464060
788 0.88675457 -1.16375218
402 -0.02149260 -0.04274618
101 0.91860784 -0.89533776
278 -0.06172653 0.10518943
287 -0.86121669 0.76910269
706 -0.67296254 0.81019481
196 -0.60655957 0.89826587
454 0.61227267 -0.80218354
418 0.84620673 -0.88649242
151 1.05926159 -1.07251134
205 0.38363970 -0.80493261
71 -0.26117690 0.19343465
577 0.35204722 -0.21544699
105 0.47361186 -0.65345855
870 -0.78600486 0.90375091
587 1.93728220 -1.92017061
324 1.26786371 -1.26246664
263 -0.43205157 0.81477592
668 1.01249345 -0.51361891
913 1.79590066 -1.84730572
876 0.05144618 -0.05108601
513 0.03923740 0.05421695
135 -0.26720402 0.29610347
960 -0.65590179 0.84339093
661 -0.81378531 0.89333365
637 1.28378310 -1.40328308
494 -0.72819022 0.85185810
540 -0.12623958 0.20312098
621 1.45072340 -1.15783065
798 -0.10481626 0.04872699
904 -1.22455516 1.17708075
77 0.14294605 -0.21684110
188 2.42029299 -2.33789370
274 0.40828103 -0.62491412
477 -0.69975618 0.70235594
709 1.01178674 -0.93355017
181 0.47935566 -0.56734692
301 -1.03670024 0.90334942
914 -1.17731696 0.92364115
98 0.09090740 -0.21485932
829 -0.10560024 0.34695542
3 1.85929522 -1.91688030
966 0.79850973 -0.56355393
114 -0.97985310 0.94731201
485 -2.22981902 2.09226224
413 -0.60546490 0.93618874
479 0.51905030 -0.65695076
683 0.11268972 -0.19556732
345 0.20436184 -0.49936271
629 -1.13609622 1.02104305
757 2.06325852 -2.14593865
328 -1.35287778 1.33327475
440 -0.13095149 0.14343474
776 1.47675882 -1.67202124
877 -1.51203949 1.48711683
296 0.69167322 -1.29120247
630 0.00025268 0.14622761
229 1.00345921 -0.79571226
128 1.32857923 -1.30178187
277 0.24497568 -0.27174456
245 0.18079908 0.04337124
616 1.11849447 -0.90384470
961 0.44654777 -0.47187277
565 -0.08660128 0.18231211
250 1.95408135 -2.05059553
685 -0.34469695 0.40183157
221 -1.56695325 1.53759526
414 -0.30332811 0.63580223
183 0.65488106 -0.75631575
995 -0.99558736 1.21231311
573 2.09361306 -2.37627574
63 1.17431939 -1.48544094
130 0.02429194 -0.32652939
965 -0.40288185 0.59544168
896 -0.88579685 1.40233844
808 -1.39456054 1.54086802
46 0.26188510 -0.57310713
525 -1.25477770 1.39153559
352 -0.86470837 1.17039417
271 -1.15139584 0.86351598
303 0.95623549 -0.84279191
235 -0.44059965 0.78454918
535 -0.25154864 0.17010277
838 1.62587694 -1.94073361
608 -0.39010480 0.17738092
121 1.53477630 -1.36720632
576 -0.39533024 0.30099324
97 0.00381841 -0.17172102
711 -1.41756308 1.53100727
693 -1.18501023 0.70061151
406 0.51616714 -0.22240343
697 -0.68250226 0.76537279
924 0.68879167 -0.74178769
62 -1.68699180 1.63942829
536 -1.78006123 1.30364271
920 -1.75324505 1.73488459
695 -0.42237823 0.65628053
918 0.23618130 -0.43639117
132 -1.71028733 1.32850555
665 0.50077737 -0.48454054
400 0.01632983 -0.27496097
719 -0.97263794 1.13265734
738 0.96092969 -0.83925973
164 -0.48068225 0.24383123
555 0.51276561 -0.38428375
562 -0.74811964 0.66467309
531 0.00837899 0.01723753
31 0.69467068 -0.73163479
591 0.72316428 -0.77832444
367 0.73662067 -0.93286431
594 -0.36431729 0.19218458
607 0.89732457 -1.09887655
444 0.41192403 -0.40997095
27 0.22541973 0.19195390
892 -1.71472718 1.67510440
45 1.55078423 -2.02832267
597 0.12408877 -0.05471691
57 -1.91612059 2.07919399
891 -1.61272653 1.23679546
955 -0.40769839 0.32899979
868 0.60040516 -0.40140268
22 0.88259161 -0.57786767
609 -0.05313499 -0.20009791
503 0.45337497 -0.36469877
289 0.27804274 -0.21681861
986 -0.02741187 0.26869954
814 -0.28732179 -0.09085661
177 0.50929648 -0.55137745
251 -2.13047617 1.78504458
456 0.33109396 -0.32913944
851 0.81715131 -0.81724509
973 1.22462105 -1.29183429
0 0.29899922 -0.63380926
923 0.61215032 -0.80273422
850 -1.47851363 1.11934593
840 -0.13744224 0.11786743
51 0.51202027 0.08367548
158 -1.64882486 1.59197621
395 -0.46035199 0.19420637
509 0.64953489 -0.48832784
415 0.80694996 -0.73224539
375 -0.45352158 1.19100867
680 1.52125874 -1.79995124
443 0.80443383 -1.01867068
858 0.06090381 -0.42742740
882 -1.11775568 1.28214032
574 0.75741134 -0.74083761
408 -0.18224480 0.08435208
710 0.37974075 -0.20507754
600 0.11115074 -0.20768744
942 -0.72862004 0.81203294
826 -0.89020128 0.71686316
291 -0.23807455 -0.16783755
103 1.58292887 -1.53857422
304 -1.09240121 1.17453578
967 -0.59046632 0.35657555
533 0.29408126 -0.24829994
650 -0.62349314 0.56155805
852 -1.86184752 2.06567866
211 -0.34117791 0.40102422
474 -1.58321875 1.78904619
538 0.14176124 -0.08443712
381 2.14841801 -2.17064453
175 -1.48568854 1.21855727
601 -0.24358975 0.03332572
937 0.27961874 -0.11753092
257 -0.39619793 0.24107101
492 -0.38816499 0.12606688
862 -0.86534585 1.14074006
998 -0.89275122 0.64863074
185 -0.82007966 0.76869926
678 -1.08779394 1.33565971
564 -2.07996683 2.01276897
598 -1.54562813 1.41616743
633 0.18320413 -0.06353484
54 -0.14576977 0.28491683
323 0.29905718 -0.27856217
713 -0.29535312 0.22756663
483 -0.79743128 0.98691589
80 -0.05760864 -0.09367460
210 -0.41818146 0.85276028
53 -0.19963877 0.55942026
767 -0.35019123 0.78033728
238 -0.03264696 0.04719957
548 -0.93469477 1.01387257
550 -0.47555019 -0.15295911
32 -0.68958059 0.52520719
530 -0.13219748 -0.16732274
626 -0.34010256 0.26722463
295 -0.06756691 0.03420541
722 1.09785995 -0.94587219
233 1.81291408 -1.95049134
435 1.66773999 -1.57726541
290 -0.69481407 0.46695608
741 -0.05127566 0.11599323
611 0.89282194 -0.85749447
964 -1.12083041 1.06728366
708 -0.46002681 0.59301324
219 -1.01143270 1.07938377
578 -0.47217603 0.42747565
522 0.23852840 -0.43595469
956 0.47453911 -0.33217463
874 -0.59649022 0.65334981
569 0.34561926 -0.34929686
745 0.74166259 -0.91550020
439 -0.31126124 0.56666759
34 -0.89190768 0.52924784
768 0.33662526 -0.11774792
773 0.00182547 -0.10123410
249 0.38844981 -0.42577395
834 0.75382469 -0.62548115
948 0.22349118 -0.28389948
484 0.86810334 -0.85393333
664 -0.04973346 -0.06452916
335 -0.87743712 1.01944489
781 -1.70884816 1.96011956
424 1.28862380 -1.08182062
947 -0.81300778 0.81775499
657 0.75865894 -1.04689316
815 1.08218686 -0.91714319
935 0.29781279 -0.32856067
551 1.78260075 -1.61939293
259 -0.13715569 -0.08402580
681 -2.11635010 1.95639584
830 -1.26656793 1.10048747
333 -0.60549066 0.29737033
984 0.50533474 -0.82423147
85 -1.53091610 1.33493384
459 1.51959098 -1.48179817
283 -0.38787522 0.22510295
589 -1.26070662 0.94918801
971 0.19830574 -0.38428336
179 -0.01328741 0.48245913
777 0.03848562 0.10048482
438 -0.46390001 0.25670807
508 -0.46840425 0.11481525
505 0.47502528 -0.52391598
648 -1.96006834 1.80470923
700 0.58960174 -0.44496582
489 -0.54348086 0.60095612
557 0.77741159 -0.37394029
692 -1.74169629 1.64485661
662 1.00716659 -1.00559319
94 -0.93379166 0.94432292
124 -0.44077995 0.61128474
952 -1.36297933 1.36862999
910 0.10835772 -0.22610019
833 0.95851176 -0.89702704
603 0.00822445 0.30197534
949 -0.27493915 0.10079596
262 1.67691268 -1.25421496
701 -0.94157186 1.36482389
784 -0.50722799 0.43488707
405 0.42403300 -0.29651912
88 1.46985919 -1.40721012
137 1.18958519 -1.16080606
809 -1.47356025 1.36012832
327 0.71222886 -0.67957079
388 -0.30312205 0.78004532
21 -2.34257319 2.02796616
261 -0.77819246 0.77260347
231 -0.66016296 0.44938441
267 -1.05913453 1.01843465
75 0.87266875 -1.50022231
224 -1.11472602 1.15529396
654 0.14262570 0.11361459
717 -0.90023683 1.04061557
824 -0.84651271 0.52944172
171 0.62606550 -0.28363594
69 -0.32300962 0.31101583
791 -0.80821538 0.90765619
560 0.67250202 -0.92445234
990 0.13202029 0.21743311
593 0.45990757 -0.69911426
207 0.84421379 -1.21617244
149 -0.23063562 0.17766616
894 -0.16308326 0.18187792
253 -0.29335374 0.34359697
645 -0.72214539 0.61352007
410 0.82101807 -0.39521012
590 0.28778369 -0.40828683
273 -0.39095156 0.62732786
37 -0.24983097 -0.12431879
254 -0.94858580 1.08920016
417 -0.91140728 1.24540855
747 0.00215226 0.01390970
215 -1.08291139 1.06812143
461 -0.03958684 -0.25164316
176 -0.18588618 0.48095843
299 -0.28572164 0.30943311
731 -1.23355560 1.32799420
728 1.06241842 -1.22173931
160 -0.36385206 0.57882446
628 0.44575414 -0.17668644
43 0.21672355 -0.15588322
473 0.71921704 -0.62441085
929 0.95917983 -1.23753281
