72 0.89370524 -0.90280118
5 -0.88548180 0.71754630
66 -0.48400694 0.50276425
49 0.14567404 -0.14086036
56 -1.09705370 0.93648799
61 -0.05947402 0.05050449
47 -0.19598513 -0.04523014
23 0.95113787 -0.87572385
46 0.10057310 -0.13735846
45 -1.02483138 0.75483985
57 0.63584447 -0.43929255
62 -0.30357362 0.03567562
94 -0.89525837 0.70967580
82 1.32067432 -1.56169591
8 -2.04207027 2.17581533
15 -0.45947870 0.71907440
63 -0.79185199 0.61040733
21 1.13729701 -1.04542915
99 -0.92784333 0.77575378
78 1.39688769 -1.44662518
41 -0.40296806 0.37104311
53 -1.38501165 1.44776174
44 -0.25076476 0.23487457
29 -0.40817648 0.47128106
95 0.08756579 -0.09342796
48 1.00352218 -1.17758336
85 1.51112446 -1.49052255
79 1.16405874 -1.22964493
14 -0.78261560 0.78341152
93 -0.33869546 0.65362073
54 -0.17011507 0.29638520
25 0.34496619 -0.52699446
50 1.22299895 -1.24570713
65 0.32535428 -0.45919613
98 -0.22638186 0.36472636
75 -0.81244512 0.83996683
51 0.77945118 -0.59254938
89 0.98837881 -0.92721974
12 -0.07754300 0.50369043
83 0.63994377 -0.61656094
16 1.93517894 -1.99821478
71 -0.55295579 0.44823736
59 0.40579972 -0.19851377
80 0.96292669 -1.13692608
0 -0.25099573 0.03460944
35 -0.00174129 -0.13481024
88 0.10334079 -0.02616660
84 -0.34958948 0.38017685
34 -0.73393543 0.85973797
36 -0.37053645 0.32690336
52 0.24332742 -0.31899159
3 -1.59534629 1.47340760
69 -0.54686890 0.37976337
92 0.76799467 -0.73370400
70 -0.44384275 0.53292921
38 0.72677541 -0.48031488
22 1.39616179 -1.32165416
40 -0.07822491 -0.07282223
10 0.63474148 -0.88615440
91 1.29904497 -1.23515112
13 -1.19920995 1.15964613
37 1.65236963 -1.39781836
86 -0.45711276 0.63302905
30 -1.26442874 1.32931589
60 -0.61878704 0.37711522
58 0.06732147 -0.28921112
97 -0.38403162 0.48593137
87 -0.34408685 0.35326665
11 -0.76105539 0.80177563
33 -1.46001753 1.34855105
26 -1.05934116 1.03411216
6 -0.07516575 0.00201789
90 -0.21382863 0.30526360
55 -0.45069058 0.29018839
20 -2.04693601 2.05704737
76 -1.44670431 1.33564370
18 -1.08552153 1.17964873
64 0.08669770 -0.18354835
74 -1.13746630 1.33488457
96 1.38899469 -1.37354591
28 -1.66620260 1.67502188
24 -0.61583229 0.85034538
19 -0.17877639 0.18449105
31 -0.07931297 0.09799281
43 1.29148743 -1.32319275
32 1.32765366 -0.84981362
7 -0.95692464 1.10084827
27 -0.82644520 0.77927561
9 0.69969316 -0.63870765
1 -0.93105537 1.33637472
73 1.39935999 -1.51233333
17 1.66199018 -1.82284417
42 2.02197208 -2.15484559
68 -0.32913383 0.38368330
67 2.28671555 -2.17990928
4 1.84845650 -1.74947081
81 -1.00085425 0.78678862
2 -1.54466966 1.48688845
39 1.80286455 -1.70231125
77 0.41922811 -0.42481997
