0 3.81553780 -3.24353774
3 3.69804870 -2.45270975
2 3.53527136 -2.19875841
1 4.39257381 -3.11412231
4 3.85442494 -2.95625808
94 -0.08849979 0.32534644
89 -0.37081920 1.34994144
37 -0.77932102 0.95361159
12 -0.08860557 0.40403704
84 0.60992983 -1.21740512
86 0.34710152 -1.22318959
93 0.08968771 -0.21389277
80 -0.03824363 -0.22294951
52 -0.68565107 1.58723028
14 -0.07064523 0.65052705
69 -0.10513436 -0.53774980
65 0.02358717 0.18727444
23 -0.59202277 -0.37581063
26 0.29992294 -0.44356448
61 -0.35995353 0.71100474
19 0.12541423 -0.25997439
10 -0.38178786 -0.13958729
9 -0.37450866 -0.05680281
34 -1.02276817 1.68815665
74 -0.20950563 0.66171715
71 0.02732907 -0.63380234
82 0.59228264 -1.60914006
33 -0.14713662 0.42806285
51 0.57196837 -0.80098115
20 -0.43178840 -1.49700608
83 -0.49074812 0.75156470
40 -0.64104721 0.34398556
66 0.34258114 0.02870935
6 -0.62526792 0.89517256
39 -0.15877013 0.35673602
81 0.20605952 0.71359982
85 -0.36314131 0.23434579
49 -0.14216132 0.12282600
63 -0.41658337 0.43052533
53 -0.20456704 0.85751786
17 -0.40151033 1.23971446
79 -1.16349206 1.22151575
18 -0.73082581 1.13268871
13 -0.71191406 0.92821959
76 -0.36412706 0.57884506
99 -0.75416940 0.77281074
92 0.29309414 -1.04536266
46 -0.84356749 1.07154805
29 -0.47349329 0.42604314
55 -0.40210064 0.00568512
44 -0.30811210 0.06415966
48 -0.06680901 -0.57617332
21 0.72510010 -0.34275414
77 0.17569152 -0.01209213
91 -0.63976885 1.17196771
58 -0.15758075 1.15055593
28 -0.29087039 0.19806675
36 -0.23826811 0.43396334
41 -0.36867949 0.36164679
43 -0.35118793 0.30700330
59 0.12189405 0.10238501
15 -0.79520294 0.14244301
8 -0.70598865 0.03122629
35 -1.15710482 0.78298507
87 0.17965101 -0.57129997
72 0.43891977 -0.54712145
11 -0.26717022 1.19414665
64 -0.93588834 0.06669792
22 -0.21364387 -0.03176123
73 0.73371954 -0.96878411
24 -0.33723977 0.31218872
54 -0.04114778 -0.34355918
30 -1.26268059 1.83400916
60 -0.39563174 -0.06829598
32 0.74963017 -1.85326727
27 0.14696588 -0.26795142
5 0.19961744 -0.43088032
75 -0.23497990 -0.34759292
50 0.69283648 -0.95072036
68 -0.87586813 0.84124651
45 -0.00827667 0.41451681
57 0.06875867 0.18123898
97 -0.43948270 0.41265101
56 0.24860372 -0.17890181
78 0.68626649 -0.59737982
96 0.32928823 -1.83755591
42 -0.73935755 0.69633638
70 -0.84492260 0.52338469
7 -0.42112548 0.22098207
16 0.74086163 -0.99700798
67 -0.17904028 0.33778673
95 -0.29872444 -0.08082861
38 -0.14372940 -0.26336978
90 -0.49999567 1.01433553
47 -0.21879702 0.87081291
62 -0.33125732 0.51215434
25 0.25003615 -0.79647173
98 -0.47683884 -0.22934487
31 0.09970968 -0.34308563
88 -0.53311603 1.64095034
