225 -0.09629832 -0.08379160
419 -0.03421767 -0.01877315
658 0.07222278 0.10462300
599 -0.39455371 -0.38684976
917 -0.03875604 -0.05065817
437 -0.70782395 -0.71021431
340 0.14168080 0.12874854
675 -0.49755471 -0.50418282
724 0.12630289 0.10620669
13 -0.37522570 -0.33381531
515 -0.08593373 -0.07872101
491 -0.01987018 -0.02956469
143 0.39878512 0.36460813
692 -0.63616160 -0.67145405
115 -0.75098660 -0.76927428
448 -0.44158444 -0.38529395
775 -0.02855550 -0.03081653
812 1.67414435 1.65414920
272 0.16159969 0.19439533
138 -0.63069480 -0.60246820
699 0.38533403 0.37584037
182 -0.37436031 -0.36682897
148 -0.66741575 -0.65536551
888 0.70594694 0.67606704
958 -0.31041637 -0.31880613
472 -0.17163319 -0.17372753
282 -1.07146429 -1.06555112
370 0.90824522 0.93808848
944 -0.57455798 -0.59580666
817 0.37422094 0.36144439
230 1.81573838 1.79099993
996 0.21738681 0.26547303
997 0.01573391 0.07378179
136 0.35651338 0.35116647
395 0.97391799 1.05032732
100 1.01600966 0.98699678
746 0.37066724 0.35476668
780 0.89104159 0.90722020
662 0.10777273 0.11011632
866 0.13145505 0.16323459
573 0.11770397 0.11155620
785 -1.47952617 -1.49130438
134 0.14530843 0.11936679
463 -0.00028907 -0.00206233
978 -1.62045094 -1.64857541
687 1.66008092 1.64036015
116 -0.88459643 -0.89228466
203 0.33958778 0.37106568
242 0.61326033 0.57835951
324 -1.04345371 -1.04792333
605 -0.26274689 -0.24648769
133 -0.63362066 -0.60805484
35 0.77305974 0.78657960
258 -0.26721055 -0.21006348
86 -0.85313309 -0.85192497
118 -0.24107664 -0.21592440
497 -0.10878832 -0.10901871
678 -0.30049683 -0.33140514
895 1.20818552 1.22114261
757 -1.18731725 -1.17856292
28 -0.30074552 -0.26134196
946 0.62134631 0.60400168
875 -1.30009082 -1.30998012
651 0.06659670 0.05925957
470 1.08350588 1.07784099
105 -0.18340200 -0.17612356
748 -2.13456463 -2.22234055
266 0.46680288 0.48580174
903 -2.41039546 -2.49315296
306 0.33558669 0.35363926
38 1.85411316 1.81183468
711 -0.14993880 -0.11041295
541 -0.36220758 -0.33876734
49 1.71076264 1.68741209
823 0.01602479 -0.01313562
500 -1.29689377 -1.29197807
10 -0.77006357 -0.76484699
431 0.81635708 0.81881181
167 -0.06099296 -0.06558455
588 -0.13428260 -0.12289501
256 0.15091561 0.19907610
567 -0.11263699 -0.12546757
270 0.42776759 0.42747049
674 -0.32209476 -0.34429924
81 1.05320812 1.01957457
698 -0.37634185 -0.33872715
621 0.06085686 0.08149865
972 0.42220462 0.43680942
294 -0.86330976 -0.87909871
452 -0.35500359 -0.32459857
102 -0.61270169 -0.58802617
303 1.78168696 1.72909533
538 1.06181266 1.06198795
326 -0.18612642 -0.17870743
416 -0.00057322 0.00585308
378 0.80384469 0.80975524
840 1.21317211 1.17714554
278 2.01972975 1.99959630
911 -1.00421622 -1.02022647
314 -1.59383104 -1.60079959
349 -1.35554943 -1.36162922
618 -0.83065114 -0.83421255
953 0.63936006 0.66350640
429 0.17667734 0.20581965
293 0.44591375 0.49830118
406 0.29394999 0.28593312
543 -0.09725727 -0.08071390
297 -0.21126211 -0.18597147
732 0.65379392 0.70202469
15 0.53697625 0.53793154
613 -0.05807921 -0.02995349
204 0.45054303 0.45041164
300 0.88771533 0.90289712
545 -0.17821631 -0.13998818
399 0.15235230 0.12878630
214 1.24859357 1.20943148
583 -0.55123566 -0.51127417
156 1.39182278 1.37028757
735 1.12633530 1.12339913
401 2.50722493 2.42959366
521 1.48808834 1.46959414
173 -0.45392155 -0.45605415
331 0.36825576 0.41499488
598 0.54697938 0.57217705
357 0.42263881 0.40739173
831 -0.75813991 -0.75422834
268 -0.66483176 -0.64556123
313 -0.54558795 -0.52756044
805 -0.57877010 -0.60466711
421 -1.49514790 -1.56225060
744 1.49159033 1.47121701
729 0.23730097 0.23659462
761 -1.52073264 -1.54398194
518 0.72575492 0.74859573
832 -0.79497699 -0.80746860
856 0.70857444 0.71502644
427 1.30152578 1.32683139
765 0.16458821 0.19300675
409 -0.36781879 -0.35556441
227 -0.90925691 -0.88299077
240 -0.60234572 -0.59234601
494 -1.23110576 -1.25587621
887 -0.33594672 -0.28402822
245 -0.57116687 -0.61075807
771 -0.25060653 -0.24507790
669 0.35390234 0.38199981
998 0.87560323 0.86288482
389 -0.39484439 -0.39392798
900 -1.38068722 -1.36507896
271 0.34004178 0.32333247
251 0.46019213 0.46813699
838 -1.29708962 -1.31096879
16 0.31440502 0.31524781
423 -1.22241668 -1.20508833
723 0.15788837 0.15919125
9 0.62798758 0.68079265
502 -0.59056580 -0.62346736
153 0.62326310 0.63599394
352 -0.42820451 -0.39776713
772 0.29456737 0.31377743
445 -1.18732934 -1.20779480
305 0.20731975 0.25874625
482 0.10482097 0.13634018
221 -1.04077111 -1.01588804
861 -0.06165732 -0.08840472
478 0.10349462 0.11321442
975 -1.19634349 -1.21019628
107 0.95509801 0.96950330
90 -1.41687467 -1.42604922
73 0.71139664 0.73540554
562 0.49416981 0.51750882
341 1.12320870 1.11267141
195 -0.45567614 -0.41437272
867 0.56771494 0.60445693
811 -0.21562729 -0.19608397
476 0.68465115 0.72736067
449 0.73151589 0.70460230
881 0.97189819 0.97955500
952 -0.91320186 -0.91476208
893 -0.43727051 -0.48956890
947 1.78262570 1.76036433
986 1.95820910 1.92501008
477 -0.08600641 -0.10771718
516 2.31608695 2.26772608
842 -0.73156443 -0.74384762
640 0.09779985 0.09422774
642 -0.74345177 -0.72150230
890 -0.45399639 -0.39422165
781 1.44779737 1.47014735
715 -0.98141118 -1.01395817
572 -0.84591732 -0.85476837
740 -0.71918409 -0.70452002
344 -0.84840341 -0.86240223
450 -1.69762232 -1.70008232
206 -0.97690479 -0.99234884
177 -0.58223243 -0.60795668
53 0.66511140 0.66038912
161 -0.45826992 -0.48437087
311 -0.30001215 -0.25430009
608 -0.45643590 -0.45268560
144 -0.14810234 -0.11995870
787 -0.47675448 -0.48445893
670 -0.19766233 -0.18043311
140 -0.98131545 -1.00234762
519 0.54422281 0.57176522
120 -1.94532385 -1.98190925
127 -0.82960604 -0.83333436
243 0.31898156 0.31303214
672 0.87578329 0.85370465
41 -0.85922329 -0.89557949
966 -0.31920194 -0.30944902
719 1.87213092 1.88607774
786 0.37796724 0.40555416
101 -0.02790396 -0.01561386
664 0.34867251 0.40003256
383 0.25685161 0.26823403
822 0.38212592 0.42754865
821 1.21601367 1.23841331
532 -1.84446742 -1.89254451
302 1.14366845 1.11999746
197 -1.02730151 -0.98613911
275 0.20849593 0.19880869
843 1.40853070 1.37449532
501 0.29951564 0.30051129
8 -1.10592799 -1.10840077
547 -0.10293791 -0.06423939
170 -1.13104178 -1.17425419
76 1.62904417 1.60316096
351 -1.32797790 -1.33432823
880 -1.36742646 -1.39251123
335 0.43668769 0.44490297
44 -0.46693512 -0.46640840
677 0.56758502 0.59000378
601 0.95374430 0.97156628
873 -1.48328626 -1.51294986
392 -0.26872447 -0.23294464
671 1.56732659 1.52108106
829 1.14479748 1.13790499
769 1.14500775 1.19756644
405 1.74345469 1.75758515
561 -0.05376527 -0.04906701
936 -0.51573699 -0.50607028
941 0.40585656 0.40938361
981 -1.13015904 -1.11528611
404 0.21987417 0.25961414
155 -1.23633764 -1.20047521
835 1.51921790 1.47449507
6 -1.07389869 -1.04542490
292 0.59862910 0.60002236
178 -0.16249255 -0.15223595
244 1.24292553 1.27038053
525 -0.97357098 -0.98831944
616 0.37917487 0.36801100
398 0.65627821 0.65365466
369 -2.49093227 -2.55706539
315 -0.78851497 -0.73596978
163 -1.58436687 -1.55946718
768 -0.21319276 -0.19704719
779 1.52854082 1.49445830
128 -0.99402165 -0.99711970
855 0.02195398 0.01421384
400 2.36494615 2.30304265
319 -0.49471586 -0.49631326
819 -0.89360116 -0.88028027
693 -1.10974354 -1.13978570
14 -0.34354367 -0.32658096
50 0.01066013 0.04146474
190 1.57811466 1.53258274
353 -0.16196270 -0.15375178
113 -0.51953001 -0.50616561
432 -0.33276594 -0.32565491
721 1.50337011 1.45845117
804 1.18072986 1.18153668
506 -0.99117676 -0.97096815
373 -0.83241294 -0.85679156
627 -2.26389500 -2.31137123
290 -1.18344933 -1.19551551
526 -1.46849918 -1.44981968
60 0.26308487 0.25987832
725 0.13080385 0.14158749
57 0.31173023 0.32741681
330 -0.73682928 -0.72219285
265 1.67113803 1.69151502
328 -1.05349261 -1.03318116
263 0.94991234 0.95033727
557 -1.72996887 -1.76305416
899 -0.12947592 -0.09420746
586 1.93558745 1.90206570
762 1.19730706 1.21004185
922 0.41788029 0.44639839
412 0.38484104 0.35362047
680 -0.74654177 -0.74333319
968 -0.54973262 -0.51203804
25 -1.68511443 -1.72006535
420 0.01230907 0.02439077
139 -1.49026847 -1.51535660
332 0.97627053 0.98358441
347 0.89823492 0.89862636
222 0.23890469 0.25502021
23 0.57835155 0.59262037
123 1.43584819 1.42846108
885 0.47112610 0.47050757
960 -0.22281926 -0.16455907
310 0.37312136 0.38598033
480 -0.11389222 -0.10604826
844 -1.06333249 -1.12905375
354 -0.87092253 -0.90034933
380 -0.66024562 -0.62579513
537 -0.47079348 -0.45894098
277 -0.30446605 -0.29163662
706 -0.70696871 -0.68705421
857 0.47132227 0.49173375
999 0.58411769 0.61747746
708 -0.32014384 -0.33681606
696 -0.61633928 -0.60291376
656 -0.06824429 -0.03367590
164 -1.35763089 -1.33890802
602 -0.64015923 -0.58738146
4 0.88690731 0.89159944
637 0.82235737 0.81498782
556 0.04194180 0.04832604
548 -1.54089151 -1.52934641
898 -1.00876046 -0.92721183
951 0.38359593 0.39247343
950 2.14521438 2.07305226
414 -0.77213144 -0.75410130
121 -1.07710386 -1.06948217
194 -0.71011784 -0.65294666
339 0.93163411 0.94961601
75 -0.41355124 -0.40423437
213 -0.67522787 -0.66333283
858 1.93916734 1.91027236
65 -0.06960361 -0.05721328
175 -0.36136106 -0.36031971
408 -0.11296725 -0.08809064
529 1.43455940 1.40975353
337 0.56858600 0.62766711
983 -0.91830945 -0.92626800
976 1.83084713 1.82095992
71 -0.84349897 -0.80985777
730 -0.91736948 -0.88946691
89 0.45472669 0.49101714
151 -0.32864932 -0.32628264
99 -0.96592447 -0.93277726
852 -1.06881033 -1.03816591
912 -0.89947113 -0.90309902
70 1.91302951 1.85251148
625 -0.53727607 -0.51301378
546 -0.80585785 -0.77612892
612 2.08732559 2.04362649
237 1.14993389 1.16359118
39 0.99271410 1.00310067
32 1.04786305 1.01943319
364 1.47994253 1.47494002
276 0.09861992 0.10665649
579 -0.89894581 -0.90810457
381 -1.02401906 -1.04724672
995 1.59712078 1.60332658
793 -0.51793601 -0.49634275
686 -0.30748913 -0.31582578
469 -0.02614193 -0.00238085
673 1.43118894 1.43191546
208 -0.30804540 -0.26671147
193 1.10425585 1.10560834
703 -0.86540661 -0.87203382
473 -0.17292622 -0.12995082
196 -0.97876902 -0.97219959
987 0.32408883 0.32898757
682 -1.53588399 -1.53818889
3 -1.39868790 -1.40832589
131 2.00310049 1.94533626
555 0.15531588 0.12802203
939 -0.46432052 -0.46625147
200 -0.17762931 -0.18123434
530 0.57664570 0.58374800
550 -2.12601434 -2.19501128
77 0.93192862 0.91754154
970 1.26236231 1.22709219
30 -0.55688622 -0.54869876
283 0.73226805 0.73066841
942 -1.18340070 -1.17566983
982 -0.37282245 -0.36988909
792 1.11364352 1.12466187
928 0.22038197 0.25182213
382 2.12297101 2.07431360
424 -1.38922538 -1.40504177
376 0.67133337 0.71317494
186 -1.42868500 -1.48148333
202 -0.63238809 -0.63132117
568 -0.85897193 -0.87174964
97 -0.54431746 -0.52383481
17 -0.24901174 -0.22190024
317 -0.06165113 -0.04353734
755 0.77832691 0.79592822
794 0.67939535 0.65062321
385 -0.39341249 -0.41126432
27 -0.13375238 -0.08711551
690 0.78347613 0.76280792
481 0.34072283 0.31967813
345 -0.82280816 -0.82320611
985 -0.19028202 -0.16996857
777 -0.41491458 -0.39879316
223 -0.51236987 -0.49939096
117 -1.01761225 -0.99880700
954 -1.60619491 -1.66628056
624 -0.18828921 -0.15966097
797 -0.82957669 -0.85491783
246 -1.56902295 -1.58005936
597 0.21220658 0.20499357
774 -1.62025454 -1.63168342
891 0.55779476 0.59960104
639 0.66998730 0.65435410
468 0.36780333 0.38676723
474 1.26332809 1.25173660
224 -0.55509794 -0.58848950
956 0.90194615 0.92627616
95 -0.66324303 -0.65527139
914 0.50387637 0.54839588
882 0.29111780 0.36123918
108 -1.11442296 -1.13095736
238 0.04194604 0.11302012
685 -2.08817187 -2.14974258
132 2.47367302 2.39296848
681 0.55343638 0.58743244
157 -0.07536721 -0.09169853
847 -0.10206724 -0.10784059
807 -0.45393050 -0.43995066
184 -0.59346993 -0.55971288
201 2.01256328 2.00072433
377 1.08868623 1.08157006
7 -0.81295983 -0.81600468
632 -2.15469419 -2.18148298
309 0.49735477 0.48112924
549 -0.71184616 -0.67186568
737 -0.35689238 -0.37546240
934 1.37057111 1.39241678
539 1.56439464 1.58675492
169 1.64721282 1.61634994
487 0.23073407 0.27902294
192 -0.25647810 -0.25389311
980 1.38764577 1.36396029
570 -1.06385100 -1.05004528
342 0.43954491 0.43428675
909 0.34301902 0.34627160
745 -0.97992379 -1.00016023
508 0.20896523 0.19764693
250 -1.70197721 -1.73097322
617 0.65153432 0.63346986
710 0.73173963 0.72593533
596 0.76071537 0.78965487
801 1.38042696 1.38534482
733 0.15097169 0.11891295
386 -0.44517359 -0.43587298
589 -0.80737372 -0.76107611
188 0.68651239 0.67336865
636 0.62952197 0.63318709
66 -0.82479697 -0.81094662
159 -0.53109910 -0.53583860
493 -1.42612389 -1.43455157
512 -1.37299854 -1.38933073
896 -2.27109213 -2.33964715
122 0.15328667 0.17893837
902 0.45669460 0.52625616
709 0.02321622 0.01389876
390 2.11237215 2.08620226
643 -1.03153531 -0.98340639
803 0.34515892 0.35077929
648 -0.87838739 -0.90507434
820 -1.74450392 -1.79663940
359 0.92657815 0.92965238
430 -0.33620177 -0.34002181
587 0.86377000 0.85295956
58 -1.59565811 -1.57090281
318 -0.07457847 -0.05826234
96 -1.61837845 -1.63248203
689 -1.83093728 -1.85915881
559 0.51028761 0.49773403
756 -0.42139976 -0.43659727
80 -0.22968951 -0.22688559
869 0.00112656 -0.01068970
854 -0.97902136 -0.95520944
72 -0.33636046 -0.28098001
760 -0.88258533 -0.88794684
129 -1.63689014 -1.67963233
702 0.60701078 0.56402270
892 -0.50949927 -0.50602423
428 1.28641619 1.30634828
551 -0.50309734 -0.51071450
215 0.46048039 0.48408232
962 0.20825001 0.24010616
114 0.46083026 0.46090829
181 -0.52719538 -0.54448293
456 -0.38528327 -0.34341802
741 1.48154327 1.43867638
534 0.60600115 0.60057557
360 2.54946816 2.49097413
839 -0.47373372 -0.45029967
142 0.50928596 0.53090179
974 0.09053643 0.08999373
853 -0.55656106 -0.56804637
219 0.06131245 0.05794006
809 -0.30231404 -0.28342815
850 0.23369310 0.27583032
564 0.44665150 0.47451637
910 0.61166040 0.62396551
43 -0.31607792 -0.31958616
782 0.14985740 0.16935101
713 -0.99033536 -0.95757861
55 0.13664562 0.15061781
784 0.77556593 0.78464023
29 0.60869981 0.58493986
750 -1.10960099 -1.10082791
63 -1.80054195 -1.85156131
307 -0.45583009 -0.42389161
393 -0.57335701 -0.58723887
422 3.06229490 2.91399082
18 -0.35533166 -0.33299569
600 1.82098321 1.75753122
646 -0.55509254 -0.53967168
517 -0.73253935 -0.73219204
11 -0.19019792 -0.20359260
247 -1.42334488 -1.43846786
859 -0.58672549 -0.58092088
563 0.21481209 0.25222952
56 0.54978016 0.57309846
566 0.53776219 0.60238183
860 -1.74563727 -1.76258638
51 -1.96601725 -2.00783984
141 -1.35087403 -1.37886437
948 -0.07274230 -0.10271284
52 -0.89996671 -0.83271066
707 1.11881883 1.07704945
874 0.97021742 0.94053844
410 0.59010567 0.59036734
580 0.09593482 0.06270264
231 0.95994897 0.98946290
988 -0.50239609 -0.42298454
808 0.10361954 0.14254425
654 -1.77229223 -1.81891000
209 0.92606258 0.96023910
455 -0.00752519 -0.01446058
74 0.50098418 0.52292074
346 -1.09124947 -1.05529745
262 -1.10607665 -1.11328655
304 -0.35490478 -0.28726002
923 0.25373964 0.28056866
800 0.26383565 0.27713347
19 1.49007067 1.49650895
663 0.08465293 0.08903839
460 1.22163330 1.22804511
718 0.10442894 0.13671222
897 1.00477022 0.99202172
320 0.23916653 0.25152180
269 0.21726996 0.23021705
828 1.35637991 1.35451775
668 0.29022529 0.31995625
484 0.40574484 0.35896817
644 -0.12773322 -0.12724758
930 0.14942200 0.15668797
372 -0.58860277 -0.56679211
316 -0.03504866 -0.02850230
464 0.76932428 0.79619119
759 -0.21670301 -0.18752628
67 -0.37308167 -0.39014539
286 -1.26969789 -1.29302026
391 0.57562906 0.57585300
179 -0.33557017 -0.30867990
229 -1.95278361 -1.99516206
397 -0.57242639 -0.61331447
878 0.65865983 0.62837806
36 0.18774016 0.18153334
569 0.48051813 0.51651874
595 -0.22842219 -0.21455743
308 2.85352810 2.70615671
622 -1.57751899 -1.60482960
443 -0.24951565 -0.24640286
374 -0.42875317 -0.41257050
841 -1.53587900 -1.53972370
257 -0.43057726 -0.42847140
610 0.13417214 0.14299203
447 0.14572352 0.14726098
137 0.91988740 0.97126735
979 1.56950986 1.57033251
467 0.75672025 0.74329792
367 0.69741624 0.69073993
773 0.35804808 0.35302404
742 0.82393472 0.82127490
254 -1.45372223 -1.50464787
937 -1.12625649 -1.08580237
371 -0.13897135 -0.08144707
298 1.30779523 1.28904506
907 -0.52807393 -0.50783150
46 0.01842348 0.05933612
0 -1.12319248 -1.13686211
384 -0.74839357 -0.74032356
336 0.16473196 0.19029018
145 -0.19550159 -0.20398322
495 -1.08613594 -1.15249661
752 0.72876383 0.76513690
879 0.87637350 0.82073563
727 0.62503935 0.61539873
59 -1.02412123 -1.04844645
92 0.50759310 0.48132718
211 0.06329416 0.08780998
926 -1.05266032 -1.09507101
454 0.09328118 0.11282016
522 0.99029803 1.03385907
174 -0.01771947 -0.00994280
961 -0.63968530 -0.64021373
103 -0.69525621 -0.68625843
540 0.06128846 0.05848439
991 -0.02114331 -0.00240912
620 -1.56379138 -1.58328692
146 2.41183203 2.35497634
932 -0.98882617 -0.97757334
720 -0.80477917 -0.81479344
287 -0.24880835 -0.22811946
652 -0.08525799 -0.11981610
166 2.21071511 2.15392051
758 -0.35277781 -0.32973783
921 -0.47882117 -0.45761198
333 1.02444904 1.02653464
442 -0.96209153 -0.97959714
810 0.12078226 0.11513399
802 -0.15127918 -0.14589959
927 -1.89169778 -1.93112662
845 1.22649217 1.18700052
365 1.89517824 1.86699755
667 0.61310311 0.63468535
818 1.48951731 1.48679900
259 -1.31604925 -1.34364414
641 0.94480640 0.92858332
180 -0.03292099 -0.00197649
228 -1.20173782 -1.18216414
955 -0.66289118 -0.64172996
325 1.35204282 1.34115305
285 0.82047770 0.81373153
5 1.17310617 1.16235207
226 0.52748343 0.49395750
426 1.35595830 1.31701136
949 -0.73189880 -0.75366847
288 0.45031121 0.49079376
441 -0.72290315 -0.73648320
524 -0.41857779 -0.39341335
704 -2.35219732 -2.39505865
871 -0.81399516 -0.83246142
149 -1.31753475 -1.32637445
241 -0.46407841 -0.46537146
716 0.73302811 0.76311674
475 -0.34742939 -0.33245440
109 0.23941272 0.21057476
731 0.55224490 0.52198600
609 -1.40172394 -1.40819461
91 -0.60567165 -0.55235431
22 -0.73114851 -0.75028558
280 -1.25662514 -1.27758127
825 0.12413845 0.18039501
83 0.21715039 0.24211662
796 0.38846059 0.38714088
924 1.18405776 1.20503064
187 -0.17619334 -0.16059106
110 -0.27459169 -0.25253200
739 -0.55371776 -0.50585740
863 -0.87062647 -0.84114110
296 0.77274641 0.79276852
130 0.48618109 0.47974248
763 -1.47947870 -1.48267014
498 -2.60981979 -2.67185862
814 -0.75919001 -0.79127908
615 1.33186677 1.31465552
198 0.93628007 0.93739510
152 -0.04324029 -0.01305685
158 -0.35216973 -0.35156934
604 0.32145884 0.30717001
694 -1.11632052 -1.10164874
717 -2.11983970 -2.17628818
388 0.20293006 0.21876828
210 -0.53339301 -0.53414039
499 -0.26637291 -0.27247483
565 -1.30435706 -1.29619854
836 -0.24503340 -0.21956722
162 1.96678603 1.93607913
379 -0.54282024 -0.51489599
650 -0.70929312 -0.70840542
234 -0.16509626 -0.21876457
248 1.11218707 1.09255408
631 0.90518059 0.94519740
789 0.11810814 0.13730017
216 -0.01153505 0.00806693
776 1.18718927 1.17444634
753 1.36875141 1.38874669
253 -1.88587310 -1.90452649
770 -0.85199918 -0.86101304
199 1.18615448 1.18706777
1 -0.36027399 -0.34500918
363 -0.42860045 -0.42158505
232 0.08432534 0.07677042
695 0.58096267 0.58226510
112 -0.69983655 -0.71160228
864 1.19665448 1.18479495
734 0.54655380 0.54115709
938 0.81848208 0.82845411
554 0.50210686 0.49943224
150 1.51840426 1.54761313
78 0.02051783 0.04983157
160 0.23222849 0.20990844
355 0.73972180 0.73758465
908 -2.33843117 -2.40039988
361 0.95485106 0.92131747
575 1.99455185 1.93034869
614 0.74632108 0.73687855
312 1.06034118 1.06844914
490 0.46761550 0.44868879
111 0.14581730 0.19204656
444 -0.25298448 -0.25861953
915 0.27540265 0.30963855
571 0.41802595 0.38634167
79 -0.46892976 -0.45296291
236 0.44306648 0.42518090
552 0.92497576 0.93153337
61 -1.73982749 -1.81089078
868 2.46853563 2.41256978
457 -1.38502699 -1.41596055
862 1.59480982 1.56266856
185 -1.09564398 -1.09400802
584 1.41963041 1.41152808
21 0.44625082 0.40359661
527 -1.34714271 -1.35523872
261 -1.83888790 -1.86557557
634 0.29007061 0.28200067
660 1.05774058 1.02486915
544 0.71018008 0.71082556
619 0.19412582 0.23180861
438 1.33342450 1.33460057
220 -1.11114012 -1.15715355
329 -0.00205127 0.00430696
171 -1.98751086 -2.00894263
714 1.45027081 1.41054204
217 0.29542625 0.34704618
666 0.86971180 0.87882996
147 -0.06556664 -0.03870366
655 0.19572696 0.20776871
212 1.26808920 1.29271253
126 -0.37813701 -0.38055177
513 0.99374497 1.02378939
154 -0.94749188 -0.97320967
471 0.92994986 0.91353920
69 1.19875806 1.23136094
84 1.35164740 1.34881518
45 -0.56939160 -0.55598340
458 -0.00484156 0.02246817
957 1.08807140 1.07222466
916 0.08211774 0.10576719
884 1.45753650 1.47997627
653 -1.73249443 -1.78329692
778 -0.52532101 -0.53814637
462 -1.08723280 -1.11394701
504 2.21078493 2.14233744
577 0.36819879 0.35320582
533 -0.61130342 -0.59180633
630 2.02973595 1.99861430
435 0.39941918 0.37715725
260 0.08343499 0.14317138
338 0.75318024 0.74797870
85 0.69455023 0.70238582
106 1.45981667 1.41726499
607 -0.28555741 -0.26761531
486 1.45995989 1.44113725
790 -0.78952712 -0.79664293
402 0.89068199 0.88081578
205 2.39388574 2.35333065
661 -1.23460307 -1.27318023
747 -1.46585937 -1.52973117
135 -0.92877433 -0.92511028
119 -0.71164393 -0.72649391
267 0.88991417 0.87905092
751 -0.61109176 -0.61259706
603 -0.44184022 -0.45507558
350 1.28539290 1.22904368
489 -1.67433180 -1.72855962
64 0.69014127 0.71297639
647 0.31737503 0.32408220
20 -0.39072326 -0.35055623
824 -0.19558273 -0.24971323
523 -0.82815120 -0.81174725
931 -0.84263235 -0.84504852
889 -0.37189577 -0.33059926
479 1.18713703 1.22684962
47 -0.09666961 -0.06801027
417 0.99548968 1.05617450
629 -1.61189695 -1.56144532
531 2.21346628 2.19425295
396 -0.67872879 -0.60733964
963 0.71356465 0.71350658
446 -0.69683737 -0.67166713
124 -1.30196575 -1.34696319
635 -1.60548331 -1.63237579
665 0.99379311 1.02759218
837 0.73074486 0.72895162
218 0.51114564 0.49378542
919 0.16466562 0.17443270
659 0.73324346 0.74382851
705 -0.69915893 -0.65167502
375 -0.25170622 -0.26386402
969 0.75661518 0.79549539
68 -0.51246467 -0.46739505
165 -0.37626827 -0.42619453
279 -0.37072129 -0.34822564
959 -0.43116265 -0.47588185
403 0.54904861 0.56204637
676 0.15619425 0.16607295
764 -0.03544154 0.04435864
535 -0.90011559 -0.94314727
977 0.10335560 0.14063558
434 0.52063596 0.53522608
593 0.34175887 0.34250153
465 -1.33367784 -1.33756185
233 -0.68713939 -0.67030562
940 0.44579178 0.47632405
688 0.05627497 0.08368322
366 0.03998879 0.06306922
684 -1.43882625 -1.45049428
691 1.15859611 1.11942264
576 2.00119486 1.94308424
929 -1.53403168 -1.52909616
965 0.10651450 0.13213627
816 0.39852622 0.42257865
935 -1.61651087 -1.62874751
846 -0.67941293 -0.66789848
301 1.03470588 1.02178782
2 -0.89694283 -0.88112897
48 0.23330951 0.24820940
628 -1.54150822 -1.57191370
901 0.12401442 0.17053963
321 0.83751577 0.84078429
558 -0.40948229 -0.41113849
883 -0.29989835 -0.27309227
925 0.08987779 0.10298599
249 -0.55973025 -0.53285017
358 1.14062613 1.10521287
451 -1.40773698 -1.38032708
945 -1.59344745 -1.58575102
649 -0.83908285 -0.81491866
536 0.55415165 0.55311442
611 0.25634715 0.29320928
511 0.29058296 0.29415917
905 0.01435051 0.03185032
407 -0.84472844 -0.86239980
697 1.01134679 0.98889878
252 -1.85875008 -1.87089761
411 0.74733348 0.70992394
865 -0.48588890 -0.53465321
870 0.67889344 0.64522037
872 0.83166276 0.81753795
592 0.61817090 0.61598143
749 -1.21453119 -1.18816886
542 1.11476214 1.13399878
849 -1.98196060 -2.03107810
798 0.98881442 1.00665038
33 0.29769946 0.29891508
722 1.41882944 1.41488814
626 1.01895214 1.01391280
984 -0.66707833 -0.64854319
638 1.58241173 1.55668242
191 0.83489836 0.82081682
356 -1.67332623 -1.71253692
834 -0.34472498 -0.33158086
295 0.61267057 0.54188521
736 0.88686092 0.87789219
581 0.00783102 -0.01592288
387 0.01771292 -0.02723874
830 0.60377367 0.63673580
510 -1.17006517 -1.22360744
207 1.71445121 1.73388942
994 0.78908354 0.75548309
578 1.12096815 1.13787731
728 0.57324391 0.57216796
453 -1.45795118 -1.47699343
289 1.46641511 1.40611737
783 -0.21463243 -0.19470932
24 0.77114162 0.78486705
520 1.06139306 1.08189807
87 -2.13660370 -2.16334460
886 0.22370274 0.24348803
281 1.14936719 1.15604963
125 -0.53737262 -0.51965372
788 1.11966472 1.13631706
93 0.56898579 0.55027384
343 0.82283577 0.83012747
274 -1.16297637 -1.17342467
104 1.89726158 1.88426158
183 0.43098891 0.44859649
585 0.95855476 0.95649488
590 0.73576362 0.81013314
918 0.82608444 0.81170956
913 1.97855745 1.92547059
594 1.63609937 1.61459881
906 0.51946661 0.55407138
992 -0.12500378 -0.06824658
466 1.19449887 1.19124401
327 -2.15780072 -2.19334297
633 0.48049359 0.55909329
806 -1.57503930 -1.61992927
284 -0.09318758 -0.06485845
496 0.83982784 0.82254492
993 0.41184801 0.39662685
322 -1.09121311 -1.08643334
754 -1.47527152 -1.45386120
989 2.02230625 1.95142481
505 -0.48874964 -0.48664673
795 -0.24154417 -0.21757372
34 -1.08008716 -1.04623684
323 0.09245179 0.12440082
413 -2.16117757 -2.25920305
235 0.71316668 0.76647801
553 -1.05403178 -1.06971040
560 0.27809002 0.29996777
362 -0.51251658 -0.48670994
606 -0.55620433 -0.53256882
459 -1.44199841 -1.44447138
31 2.00311905 1.93136665
273 1.16544555 1.14975649
488 -0.14173630 -0.10435672
368 0.11790055 0.15297930
726 -0.56516016 -0.55320786
876 0.55569701 0.58922194
54 -0.07848980 -0.10855518
42 -1.07731543 -1.08886512
894 0.43732046 0.42089195
877 -1.54058719 -1.55199288
264 -0.03249518 0.00203736
591 -1.16016501 -1.17733289
990 1.26220794 1.26595788
82 0.51523507 0.51251296
440 -0.40229262 -0.39287993
700 0.05209762 0.07260023
813 -1.02048443 -1.05227489
623 -0.05789923 -0.10113501
415 1.14229191 1.13465318
851 0.25714214 0.32325471
766 3.04967052 2.89297025
943 1.23600323 1.21560687
418 -1.79276979 -1.84900673
40 -0.86522126 -0.81879820
507 0.68299434 0.67590889
679 1.69100356 1.65459395
964 0.54294232 0.56133037
189 -0.17688884 -0.17497069
973 -0.07334402 -0.06463203
176 1.14475768 1.16217554
827 1.16468246 1.14262353
88 -2.46598824 -2.53956949
826 0.35789331 0.37735963
743 -0.20778962 -0.23440614
439 -0.13261912 -0.11593535
348 -0.81898280 -0.79563811
483 0.08518034 0.13823733
503 -1.22110246 -1.25347553
239 -1.80181722 -1.84247364
433 -1.97361086 -2.02854735
833 -2.04454255 -2.05237841
394 0.42241783 0.43950619
168 -0.61340888 -0.58890132
509 -0.71063378 -0.70861507
528 -0.79935143 -0.81103751
436 0.82738710 0.79137085
26 -2.11762610 -2.20018791
12 -0.53302982 -0.55073750
425 0.87284933 0.91750357
904 1.40339929 1.38701253
967 -0.65773730 -0.65103597
94 2.31515387 2.28116308
172 -0.64586341 -0.67119996
62 1.77041018 1.70412110
701 1.23528248 1.25246331
461 -1.04471537 -1.06576582
767 -0.09896022 -0.06745807
657 0.84618188 0.86684859
582 -0.71651595 -0.67672520
645 0.95364548 0.98521576
299 0.08375251 0.09365716
712 1.33514582 1.33745367
334 -1.44914141 -1.48805258
791 0.31132562 0.29597392
683 -1.34630489 -1.33345368
255 -1.87414365 -1.95886065
492 1.42828411 1.45495881
98 -0.09062031 -0.08704239
920 1.66638298 1.69543738
291 -0.72117684 -0.73371796
848 -0.32792747 -0.24369760
799 -0.18186923 -0.16498342
815 -1.18234065 -1.17954654
971 1.89576136 1.88325938
933 1.02558123 1.03839220
37 -1.15961496 -1.17570901
738 -0.76974712 -0.78253396
574 -1.03153978 -1.03855572
514 -0.60191306 -0.63998066
485 -0.53380156 -0.54307416
