72 -0.27386116 -0.27878217
5 0.27748575 0.18903525
66 -0.55377910 -0.61226885
49 1.10306823 1.12152180
23 0.16509469 0.08383149
56 0.87795291 0.88880425
47 0.43217276 0.43495378
98 -0.58465911 -0.56211498
79 -0.53933351 -0.52388924
61 -1.28676745 -1.22272129
15 -0.12624973 0.02595345
46 -0.80626423 -0.80341095
45 0.05973621 0.02166971
0 0.73126658 0.77853569
21 -1.03113788 -1.03627103
57 0.11029857 0.13555061
54 0.53990693 0.52942698
14 -0.27340358 -0.16784680
44 -2.60446886 -2.48921364
62 0.37141148 0.33100384
82 -0.58339898 -0.57736995
95 0.36916037 0.30046848
93 -1.58351784 -1.47656805
88 1.49425515 1.61196562
41 0.41342655 0.30956643
78 0.41289048 0.38789065
75 0.32157579 0.31145395
12 1.26099398 1.33322398
80 -0.36713156 -0.50573321
48 -1.21391196 -1.22948478
51 -1.32036906 -1.17856031
99 0.14230278 0.02477114
53 1.25291785 1.23873501
8 0.08107566 0.00455770
65 1.46009800 1.35147491
16 -0.85950333 -0.78730504
25 -0.46074260 -0.52979656
85 0.47748285 0.51142117
84 -0.17548074 -0.14073820
89 -1.02237778 -0.98138535
83 0.74653308 0.79894942
63 -0.11647395 -0.15098943
29 0.30633684 0.24463080
59 0.07423410 -0.03755121
58 0.49751401 0.53430654
94 -0.72828353 -0.89984268
71 -1.41476154 -1.46870401
35 0.59376139 0.64712216
38 0.84607305 0.80600125
87 -0.03485029 -0.13602914
34 0.76630949 0.79796267
22 1.16547010 1.15134149
10 -0.55546622 -0.54894102
50 0.30638560 0.22273452
60 -2.37228726 -2.38163867
92 -0.33727281 -0.32615813
36 0.35288136 0.26923028
6 0.38764227 0.32072396
26 -2.36604866 -2.29677084
70 -0.33482738 -0.28462532
37 1.90819422 2.05960093
91 -0.20070332 -0.21371761
30 -1.81510070 -1.73397957
11 1.00016940 0.93432656
52 -0.89843831 -0.92275100
3 0.49349320 0.48340274
69 0.41149987 0.37796476
24 1.27920041 1.30939139
13 -1.33569040 -1.34351099
40 0.79621602 0.80059300
55 0.14737531 0.23412444
33 -0.95273062 -1.00659507
19 0.83955462 0.80440042
86 -1.33220534 -1.27749449
20 0.97154347 0.97813444
97 -0.00963590 -0.05226336
74 1.52112179 1.68229595
18 -0.40224489 -0.39673695
76 -1.98875171 -2.00317175
90 1.72830653 1.83133639
9 0.32409797 0.30600072
32 0.36716190 0.43047348
64 1.31622564 1.34606756
96 -1.19613426 -1.14081431
28 -0.81138448 -0.87351195
73 0.41904743 0.32271467
42 -0.89331961 -0.81936134
31 1.78939796 1.86996259
27 -0.96004012 -0.95350907
43 0.29690143 0.20357066
67 1.63379789 1.64907443
1 0.78677087 0.83524698
4 1.17352445 1.17339809
17 1.63032128 1.73025541
2 0.43248795 0.22841159
68 -0.97619410 -0.90891782
39 -1.83214441 -1.73328234
81 -0.92129655 -0.97759707
7 0.55969321 0.56322890
77 0.22882711 0.11913043
