18 -0.19778507 0.30150225
21 -1.06622581 0.92549241
28 0.27750165 -0.18369604
14 0.99918423 -0.89765523
16 -1.14115800 0.87262866
11 -0.84214343 0.88421803
1 0.37286251 -0.25305793
12 0.24130882 -0.02274156
10 0.20951378 -0.03511065
22 -0.67805647 0.59464969
25 -1.10916112 0.91734137
3 -0.83191801 0.79981744
9 -0.22601087 0.34550967
2 -0.03082296 0.12539055
13 0.41567929 -0.29103413
8 0.88250005 -0.66340039
15 0.94329969 -0.83288041
24 -0.20192300 0.43356030
26 0.31718181 -0.06422521
27 -0.39011795 0.40157209
0 1.63575239 -1.64133522
5 -0.30472334 0.37881883
17 -1.22788202 1.02912195
20 -0.59835540 0.61036977
23 1.19736788 -0.96978079
19 -0.77900058 0.71967796
29 2.20537567 -2.68045554
6 -1.01386332 0.86169731
4 2.33054759 -2.70642567
7 -1.38892800 1.04043049
