225 0.66927640 -0.66834653
658 1.68341616 -1.69370687
419 -1.22845786 1.20301373
13 0.68471752 -0.68253329
143 0.35831776 -0.32322564
599 1.24240576 -1.24477508
340 0.06210488 -0.04992826
437 0.76848170 -0.74518544
724 0.55068668 -0.52372014
472 -0.20982791 0.23885552
775 -0.59099447 0.60399282
812 1.63870016 -1.65684620
115 -0.37927675 0.40063999
515 0.87566676 -0.88181204
675 -0.05067810 0.07972275
272 0.20401440 -0.14910624
370 -0.06433941 0.09236289
491 -0.32025050 0.31631314
944 -1.51030492 1.49557183
230 1.72938572 -1.75582070
817 1.08774373 -1.09228721
917 -0.80987334 0.81388435
662 0.77075350 -0.74409640
699 -0.15621188 0.14654245
470 1.39179629 -1.39297992
692 -1.31961342 1.30738958
182 -0.35014982 0.34299414
138 -0.52623046 0.50848329
100 1.17666696 -1.17649809
136 0.34007122 -0.32871880
148 -0.44866861 0.45588311
866 0.90013202 -0.86565614
258 -0.83558264 0.85280084
678 0.83974557 -0.84818142
746 0.59195183 -0.59899374
116 -0.17455104 0.16407541
10 0.67539203 -0.67628626
651 -0.65432378 0.64019458
785 -0.59261427 0.60911625
105 -1.02744725 1.02778131
780 -0.28754170 0.29406555
463 0.79827969 -0.77653757
448 -0.55572571 0.52917135
875 -0.81854645 0.82773645
35 1.64137466 -1.68765621
203 0.23611154 -0.23072911
303 0.54706624 -0.55890053
134 -0.40930298 0.42089313
567 1.78068083 -1.78076781
573 0.94598047 -0.93004036
687 0.34204762 -0.33933521
324 -0.21838983 0.23272379
282 -0.86203808 0.87219441
711 1.61968603 -1.64497234
748 -1.73599660 1.68879958
888 -0.36275826 0.33729535
895 0.72336730 -0.68553241
605 -0.83191255 0.81631206
395 -0.52319548 0.54000300
946 -0.47005637 0.47037162
293 -0.08145099 0.10138968
406 -0.60982442 0.62015220
996 1.12302184 -1.11936640
621 -0.59684783 0.60664552
314 -0.48946466 0.48933043
761 -1.06041380 1.06478822
167 0.33870468 -0.35497397
958 -0.43898982 0.42671203
732 -0.53004503 0.53195243
416 -0.23817088 0.23931542
516 0.97496785 -0.98022672
978 -0.69733312 0.71268611
133 -0.18338376 0.19616685
81 0.42345900 -0.39188626
86 -0.19981568 0.23979236
297 -0.81138366 0.81773444
294 -0.76608613 0.76582031
744 0.99485710 -0.98613032
840 1.16770032 -1.14919490
497 -0.35808094 0.37808221
583 -1.50087141 1.49894994
903 -0.97101851 0.98781714
306 -0.28646396 0.30357043
15 0.49085562 -0.45874815
900 -0.39218657 0.40681622
735 0.32940155 -0.32503397
102 -0.78850795 0.78776880
204 0.02763545 -0.04092629
521 -0.51381273 0.50613581
757 -1.26422217 1.29669640
500 -0.80266970 0.81279994
997 1.99727156 -2.03462613
541 -1.54048987 1.51700152
429 -0.74253135 0.72318987
698 0.56430344 -0.53854349
831 -0.15427437 0.14252279
445 -1.04317331 1.05254793
588 -0.07517262 0.08806167
266 -0.21504540 0.23593234
270 -0.45646210 0.47875553
38 0.12929975 -0.10303350
256 0.41645575 -0.37960643
271 -1.27910976 1.27126507
401 0.56759876 -0.56499503
49 2.47285608 -2.50535769
843 -0.23694378 0.24115105
242 0.97617022 -1.01229600
953 0.72748974 -0.71113578
278 0.96384230 -0.96579744
311 -1.40736774 1.42183063
326 -0.02475957 0.01964671
118 -0.09233480 0.09586145
240 -1.40359761 1.39015227
427 0.37773035 -0.35776034
545 -0.64931331 0.65032612
305 0.45462451 -0.47089944
452 -0.87181732 0.89247253
618 -0.77786573 0.78504149
251 -0.61101132 0.59095564
664 0.40106526 -0.37864444
823 0.30482387 -0.30307026
300 2.45551788 -2.53153512
28 -0.24930556 0.25792318
532 -1.64591343 1.62448749
16 -0.81991280 0.82468903
672 0.53370279 -0.55503075
842 1.35924233 -1.36388759
890 -0.90156476 0.91594945
378 1.21803884 -1.20852551
245 -0.23168190 0.23449027
494 -0.29633543 0.29676870
856 -0.08142162 0.07086901
674 0.78036579 -0.75485228
781 1.39044519 -1.40873994
805 -0.60494306 0.60624187
421 -0.90384451 0.90534908
538 -0.08959331 0.09239548
195 0.67227236 -0.67101230
331 -0.14926832 0.17541691
243 -0.27056475 0.28083663
771 0.19977192 -0.18985837
399 0.97790315 -0.96441939
669 -0.16739492 0.16617325
518 0.95705514 -0.95532412
221 -0.69133017 0.68932500
640 1.31989837 -1.35040771
178 -0.42835664 0.43011992
352 -0.69622175 0.70755955
127 0.13082757 -0.13184063
341 0.06519993 -0.04165832
952 0.10886433 -0.10484829
409 0.50597481 -0.49085944
431 0.91683994 -0.93335363
968 -0.15395214 0.15491098
227 -0.48280980 0.49568549
423 -2.10849093 2.07115386
477 0.04467074 -0.04548311
389 0.00693014 0.01150151
344 1.00831104 -1.00958838
740 1.25150991 -1.28176942
941 0.36698396 -0.35538060
613 -0.86337704 0.85293369
502 0.76094099 -0.76391678
313 0.07057554 -0.06843378
357 -0.29529516 0.30844554
981 -0.09536247 0.12006940
811 -0.31973098 0.30492581
911 -0.78218997 0.78964678
975 0.39567636 -0.35826160
829 0.10870230 -0.11433745
786 0.58926538 -0.55980163
275 1.67346473 -1.70612865
9 0.72755965 -0.70561433
73 -0.25569172 0.28324251
543 0.92794573 -0.93399186
369 -0.23828120 0.26695956
53 2.29417420 -2.31130742
562 0.25544328 -0.23045995
153 0.58328742 -0.56080795
44 0.01037096 -0.02031300
561 0.38842318 -0.38571400
290 -1.28850096 1.26349226
156 0.51593016 -0.50163170
90 -0.14767215 0.17115473
155 -0.80599980 0.79982017
170 -1.23661528 1.22989688
519 -1.16996660 1.20111407
302 1.48956113 -1.50845426
972 0.11014913 -0.11310416
244 0.39134595 -0.34251663
642 -0.04097019 0.05584748
598 0.46886536 -0.46266144
349 -0.55741625 0.60675305
765 0.25055464 -0.22737531
173 -0.23338285 0.24258981
880 -1.43805975 1.38522587
601 -0.80456588 0.81812883
893 0.61600592 -0.60732438
947 0.87544693 -0.89417029
838 -2.34681839 2.29426305
715 -0.16943741 0.17266545
89 0.67477650 -0.67768383
482 -0.80637977 0.80957403
6 -1.79338666 1.76726501
999 1.47117207 -1.47041008
161 -1.55032196 1.53079936
449 -0.63097637 0.62343271
787 0.35437118 -0.35500358
501 0.22608038 -0.22585962
680 -0.47265912 0.47641434
887 1.14872944 -1.13813083
772 0.39411725 -0.40323174
525 0.20970673 -0.23452494
986 1.02461718 -1.01124385
354 -0.73064131 0.70846628
190 -0.21480358 0.21883282
899 0.74669906 -0.75140749
769 -0.38749921 0.39683456
383 -1.12355856 1.13338880
998 0.70458281 -0.69934298
41 0.59327104 -0.59095392
835 0.58682246 -0.58949415
432 -0.63909291 0.66347679
268 0.51753345 -0.51211312
57 0.73531594 -0.71992087
404 0.50196998 -0.50297666
677 0.38282013 -0.37544086
627 -0.89742503 0.90179064
547 -0.38426786 0.40573115
476 0.76364593 -0.74369209
120 0.29141058 -0.27395593
861 0.33480441 -0.34505849
113 -0.37600725 0.39164298
263 0.90737130 -0.91031891
392 0.00266281 0.01515474
8 -2.18537914 2.12014978
214 0.13734000 -0.16141602
729 1.04861134 -1.07059481
822 -0.73823911 0.72265122
140 -0.70770485 0.69471311
506 -1.06505407 1.07798041
821 0.57805004 -0.56729420
400 1.24121849 -1.26694442
315 1.94091182 -1.94533435
928 -1.01793776 1.02396364
351 0.98287816 -0.97612484
450 0.35768954 -0.34145373
213 1.17138204 -1.16030447
983 -0.20273932 0.22215816
310 0.69185462 -0.66495253
804 0.69299045 -0.69617331
855 -0.92756786 0.92475489
844 -1.49358285 1.44669684
193 1.95319191 -1.96865758
730 0.71770418 -0.71151330
546 -0.53675000 0.54193474
353 -0.16968124 0.19085699
478 0.82781809 -0.81761526
380 -1.16478276 1.17591319
556 -1.40920746 1.38183585
197 0.37620846 -0.35127211
873 -1.69056343 1.65269890
128 -1.03266412 1.04509639
70 0.87974794 -0.90521948
762 -0.62796622 0.66497676
572 0.02626300 -0.02999109
670 0.65716986 -0.64571034
337 0.02830859 0.01832723
328 -0.04155832 0.06569960
25 0.29439886 -0.29343948
335 -0.33092754 0.33907026
339 -0.63575354 0.63533883
398 0.18981792 -0.15327678
381 -0.97670306 0.97633716
832 -0.34491980 0.34600665
779 0.30231997 -0.30949397
151 -1.65382890 1.62381054
858 1.57511032 -1.60549006
163 -0.69105033 0.70436324
345 -1.49587619 1.50669397
77 1.72798251 -1.74825468
951 -0.86858420 0.86526894
708 -0.46165743 0.44871445
616 -0.35796594 0.37478135
819 0.04394039 -0.02210926
882 0.52619993 -0.50032561
14 1.03605501 -1.04044686
942 -0.89304215 0.90045263
420 0.60231357 -0.58486603
50 -0.16852090 0.15672908
671 -0.42558676 0.43031431
480 0.39465153 -0.38024251
373 -0.16712216 0.16197757
950 0.86891054 -0.84765171
222 -0.05767054 0.08299350
208 0.37175669 -0.36572886
186 -0.30601861 0.31682201
101 0.72886324 -0.73628438
71 -1.42402920 1.40608831
107 -0.13287937 0.14228225
4 -1.64367832 1.63355381
625 -0.40616752 0.42412799
721 -0.68394645 0.67567572
936 -0.86122795 0.87576442
177 -1.28081486 1.27306580
852 -1.53681992 1.55534165
175 1.09518791 -1.09172441
719 1.85841796 -1.88153328
954 0.14190564 -0.10279760
246 -1.16403620 1.15805633
976 0.03613091 -0.01735342
76 0.34641442 -0.31944750
405 0.25112500 -0.22565250
414 -0.29755802 0.28821671
201 1.13034938 -1.08909405
164 -0.72220902 0.72035900
912 0.11600892 -0.11544419
960 -0.01415902 0.06017782
386 1.01758828 -1.03321120
131 0.11033360 -0.07468925
803 -0.94923304 0.96914734
693 -1.91567832 1.86527836
549 0.32938173 -0.32810339
481 0.41483752 -0.40238324
99 -1.69520858 1.71252150
385 -0.84975142 0.83762248
424 0.74473271 -0.76247636
768 0.63828326 -0.62649709
637 1.08844305 -1.05545301
792 0.17746587 -0.12640007
169 -1.35723827 1.33832531
723 1.42963859 -1.45433955
797 -0.82928040 0.84782118
265 0.93095218 -0.92546352
75 -1.52203528 1.50908363
555 -0.90456629 0.89861568
568 -0.20484444 0.20984590
725 0.46300601 -0.45035364
885 0.18037690 -0.13978913
966 -0.18450173 0.18019689
597 1.13394494 -1.13447115
987 -0.99198824 0.98475896
332 -0.40865135 0.40943517
608 0.29556149 -0.28305881
30 -1.08106463 1.03991788
656 -0.59061268 0.61060662
922 -0.46822121 0.49834298
342 0.04490881 -0.04183451
319 -0.30298496 0.30344884
364 0.30767004 -0.29467956
881 -0.49475903 0.49899611
283 0.06787812 -0.05791993
867 -1.30588740 1.32220846
206 0.77783812 -0.80010696
65 -1.09385027 1.07601145
970 1.59158112 -1.60866420
123 1.88435096 -1.90059995
706 -0.70263269 0.73937141
807 0.43197212 -0.44478538
682 -1.49805430 1.49171098
23 0.32984085 -0.33371765
991 0.97412061 -0.95445875
563 0.50031719 -0.49776721
696 -0.59598239 0.60672907
566 0.40905542 -0.38232199
237 0.36062903 -0.33048892
602 0.59380357 -0.58916924
718 2.08028498 -2.10422327
60 0.25593681 -0.23915736
570 0.36802655 -0.37044498
589 0.34843361 -0.31348915
793 -0.01132822 0.02291399
930 0.66689320 -0.66429593
529 0.43015227 -0.42263175
982 -0.03652986 0.04558376
292 -0.20944509 0.21732110
192 1.26418909 -1.26090732
460 0.80175361 -0.78029485
537 -1.56447207 1.54960349
408 0.13185719 -0.11277495
29 1.36407618 -1.35911604
117 -0.33396699 0.34397134
382 0.82088722 -0.82952238
898 -0.79294545 0.79873031
330 -0.76208518 0.76432398
144 -0.82119106 0.83807064
194 1.65555193 -1.66905969
188 0.65518011 -0.68075209
755 -0.94225767 0.96534621
139 -1.55278876 1.55080287
909 1.91917176 -1.93042895
914 -0.95187002 0.96521453
412 -0.96350697 0.94577564
39 0.93680267 -0.95215445
995 0.87242191 -0.90024875
760 0.19823215 -0.17007670
474 1.15623670 -1.13828121
632 -0.67655986 0.67808391
247 -0.63972907 0.66441396
612 0.49058859 -0.47491215
526 -0.79269614 0.80941108
224 0.25686040 -0.24671014
559 -0.15510945 0.16028917
639 -0.33589264 0.34964665
512 -1.90157288 1.86538093
202 0.56579442 -0.56097504
66 -0.96271933 1.02128034
320 -1.10531312 1.08160635
934 -0.10910839 0.14013131
857 0.21880039 -0.19442230
854 -0.62711068 0.66401609
595 1.06477879 -1.08512335
63 -0.71415376 0.69080892
579 -1.48869104 1.43544979
122 -0.92624218 0.92740576
750 -0.13775026 0.15365287
646 1.90115878 -1.93825883
557 -0.39653463 0.40798350
530 -1.70551049 1.71068603
707 -0.50400346 0.51143426
517 0.77548794 -0.78604443
129 -1.24081325 1.21238461
238 0.00671333 -0.01224406
132 0.18180641 -0.16178609
985 0.38213955 -0.36724239
159 -0.15775757 0.16707187
741 0.66655037 -0.68359967
58 -0.47837215 0.48214755
121 -0.17089540 0.18524951
142 1.18889494 -1.22326945
624 -0.01443123 0.03581336
668 -0.14203424 0.14353705
200 -1.06063874 1.05073017
859 -1.51066977 1.46653260
359 1.53151715 -1.55986597
703 0.13759678 -0.14137975
318 1.63593531 -1.67215145
473 -0.06464280 0.07349243
681 -0.73072204 0.70869375
596 0.00704419 0.00745968
874 1.59662896 -1.61339621
27 0.05605929 -0.05400185
390 2.60542017 -2.65110984
891 -0.16742025 0.17417352
157 -0.10893879 0.10876347
839 0.66717272 -0.67552660
487 0.94119892 -0.91952849
685 -1.46944699 1.46817633
32 1.95917374 -1.97038733
51 -1.37386487 1.37076946
869 0.00498783 0.02439063
539 1.39948353 -1.40348417
777 -0.91371091 0.93637795
939 1.00217583 -0.97528511
95 0.66764439 -0.64646123
794 1.90927185 -1.95289458
617 -1.47862821 1.48904902
469 -0.56249663 0.54352339
464 0.47056761 -0.46477946
948 -1.21350505 1.22856383
74 -0.22934854 0.25426300
391 1.58460534 -1.61872245
774 -1.69120348 1.64301634
587 -0.26551440 0.23902144
663 1.28569444 -1.27190043
376 -0.87570217 0.88869937
828 1.58656330 -1.59410952
430 -1.12477855 1.12035609
97 -1.55818731 1.57872742
372 -0.33330595 0.33730180
644 -0.75469690 0.73161432
250 -0.29338096 0.31247049
745 -0.46009855 0.46872392
580 0.87869382 -0.88884157
309 0.97408949 -0.99423714
896 -1.91558449 1.87623093
841 -1.20912336 1.20367628
11 0.22879875 -0.20895515
196 -0.63743874 0.63667469
742 0.09217398 -0.08125193
96 -2.12630037 2.09925079
215 1.09768493 -1.11259396
962 -0.26337440 0.26723699
784 -0.71363913 0.71330268
974 1.31585571 -1.35914019
756 -1.15477338 1.12534898
710 -0.49543074 0.47209575
550 -1.54637800 1.50329352
847 0.25122115 -0.25371800
493 -0.10034578 0.13001781
234 -0.59632863 0.57899526
223 -0.03307056 0.06333260
393 0.51654744 -0.49236520
360 1.57233739 -1.60108627
277 0.44755478 -0.44587044
108 -0.77679625 0.76602081
59 -0.09917387 0.11880881
276 -1.22074410 1.19843408
67 -0.00317494 -0.00493512
673 0.81970506 -0.80314991
892 -0.41746068 0.42075368
802 0.10415503 -0.12386301
56 0.47984565 -0.47216632
371 0.62865788 -0.60714439
422 2.63749377 -2.72415722
231 0.72881293 -0.71152372
636 -1.30225642 1.29212684
548 -0.84938816 0.85459594
782 0.26802908 -0.26444327
467 1.51861468 -1.55232262
333 -0.73256076 0.75823460
184 -1.40621954 1.40191231
80 0.39827732 -0.39794305
689 -0.06220776 0.06829886
55 -1.29462800 1.27011499
17 -0.55630123 0.53364546
956 -0.98905521 1.00821652
43 0.79506967 -0.78621946
717 0.94552749 -0.93292847
468 -0.12676034 0.13813124
36 -0.45384670 0.44096265
709 -0.21845678 0.21984890
586 -1.33585056 1.33201327
216 0.10726795 -0.09744274
7 0.46442190 -0.45307500
455 0.44576536 -0.43924772
347 1.45664281 -1.46304225
317 -0.23891406 0.29743473
397 -0.11535732 0.09774191
961 -0.09032548 0.14839876
923 1.24119184 -1.22624970
702 -0.75617600 0.75209146
229 -1.57318841 1.54208677
733 0.70595043 -0.70944755
377 -0.12020350 0.11661287
442 -0.34399764 0.34788711
179 1.22367334 -1.24317387
716 -0.07186839 0.11152816
720 -0.33478830 0.35030242
654 -1.41162557 1.40354281
759 -0.29457516 0.30749596
262 -1.31178868 1.29730817
910 0.03931772 -0.03779053
564 -1.34403839 1.30662694
809 0.55209750 -0.55284738
620 -0.01931291 0.00759898
428 1.69732358 -1.71679585
713 -0.98515462 0.99428122
304 0.18883461 -0.18029277
845 1.28794968 -1.31059260
456 0.39799741 -0.39745734
800 -0.68650759 0.70603658
610 1.23855285 -1.26863811
219 -1.15131983 1.12981183
46 0.56790321 -0.54291254
3 -0.39767183 0.40176774
853 0.20073940 -0.22450838
569 -1.60626869 1.57207706
820 -0.62851892 0.64043562
254 -1.04086299 1.02085634
298 0.91805792 -0.92301811
686 0.20428951 -0.22072992
609 -1.03737581 1.02466788
181 -1.06923624 1.07648921
551 0.96616987 -0.97333583
454 -0.50509845 0.50772809
796 0.38566930 -0.36854699
158 -0.13681549 0.13184533
307 0.03095880 -0.01970255
52 -1.66757765 1.64411597
346 0.55943023 -0.51935291
374 -0.85143465 0.83185801
540 0.19789970 -0.15814510
758 -0.81446966 0.83829248
734 0.67118143 -0.66977123
937 -1.44993766 1.44133470
648 -1.13677875 1.13119385
508 0.71443253 -0.71145126
902 0.56181716 -0.52622660
808 -0.64972007 0.64096864
484 -0.95322765 0.94049836
18 0.92375183 -0.89826721
443 0.91409686 -0.90072602
921 -0.58828556 0.60771504
522 0.25210824 -0.22603597
137 -0.00956201 0.04533181
667 0.51856414 -0.51125254
631 -0.27535922 0.31588964
92 0.90118384 -0.90668106
739 -0.69098525 0.67610866
897 1.23880472 -1.25694837
980 0.72854772 -0.73349636
622 0.89205322 -0.88098091
862 1.89418880 -1.91924576
162 1.64437011 -1.64284737
83 1.17085048 -1.17181836
112 -1.57550434 1.55409331
643 -0.60213553 0.62653786
704 -2.82735373 2.75695827
690 0.47791958 -0.47817546
534 0.78113039 -0.76222838
801 1.50332357 -1.51499675
441 -0.87679867 0.89797711
932 -0.31410110 0.32726373
603 0.66615467 -0.63553777
447 0.86388912 -0.87922667
850 0.44699939 -0.41380696
72 1.15047557 -1.16185291
145 -0.11267922 0.13084116
286 1.06847700 -1.09160894
650 -1.39083337 1.39149475
945 -2.31883852 2.29615824
228 0.71024818 -0.69229277
938 0.26404718 -0.22599065
737 0.59686217 -0.57927411
209 -0.48825910 0.50424824
365 -0.36152701 0.36702178
600 1.17912948 -1.14595658
280 -2.60790423 2.50924707
410 -1.32827650 1.31953922
296 1.52544597 -1.55364988
825 0.42052923 -0.39799384
174 -0.26037173 0.29134536
752 -0.30904884 0.30895027
152 2.18063072 -2.21180518
269 -0.73664244 0.75913141
217 -0.61745817 0.62128160
61 -1.94463407 1.89807189
915 -1.51959927 1.51735952
91 -0.76566678 0.78217588
185 -2.18312217 2.12816760
285 0.54995617 -0.56016277
180 1.84608137 -1.85827258
926 -1.35455551 1.36981094
615 0.98025806 -0.98066413
110 -0.76008860 0.76281392
0 -2.16335267 2.11627554
211 1.37033812 -1.40423358
864 1.27359685 -1.26886823
652 0.42705620 -0.41724099
22 -1.22907394 1.18063131
109 0.66486112 -0.68138453
114 1.45474148 -1.47421915
361 0.08233263 -0.09317212
604 -0.89428423 0.84985500
988 0.03509388 -0.02537438
426 1.87997274 -1.92188440
146 1.85413114 -1.87304332
949 1.34341331 -1.33595328
5 0.28342563 -0.27745415
660 -0.92180422 0.93196920
818 -0.03130112 0.05074722
19 0.40743889 -0.38790498
287 1.01710290 -1.04049814
955 -0.92838931 0.95679339
336 -0.04120727 0.03296959
205 1.14950694 -1.15527435
778 0.16921586 -0.15841972
979 -0.17516755 0.18193525
325 1.34342317 -1.39298985
126 -0.58172580 0.57954615
257 -1.46131101 1.42449871
226 1.17480693 -1.19110952
363 -1.51153321 1.49207377
438 1.16791038 -1.16090913
666 0.09163492 -0.05872459
878 0.47584710 -0.47471893
694 -0.44058626 0.44717329
150 0.62211473 -0.60450576
141 -0.62542147 0.61472587
232 0.88837341 -0.89029207
367 0.63470679 -0.64142946
863 0.30550998 -0.28048138
154 0.75048990 -0.78185223
695 0.08109461 -0.06919775
103 0.04991473 -0.02195474
884 0.34359710 -0.33220610
927 -0.44295440 0.43194579
957 -0.26125552 0.25598068
220 -1.10621174 1.08607333
940 0.27358703 -0.25343544
773 0.46230323 -0.46794615
879 -1.88619023 1.83021444
490 0.91245588 -0.92188705
753 0.44978754 -0.41766102
84 0.36015449 -0.35357227
316 0.79531343 -0.81428148
236 -1.20688847 1.16746658
78 1.02305488 -1.04718390
860 -0.41203913 0.41744124
379 -1.92923225 1.90849955
259 1.65551255 -1.67515982
614 -1.48747538 1.48663487
751 0.12955211 -0.11930156
253 -0.93501333 0.92486473
836 1.06742445 -1.07723044
498 -0.93883347 0.94962407
731 -0.90764557 0.87185676
444 0.69544411 -0.70125123
160 -0.04867628 0.06831805
554 -0.16490653 0.18684477
68 0.93193860 -0.95247787
908 -0.87579440 0.89807422
524 -0.46837336 0.47501198
198 -0.33473687 0.35486138
816 1.13661574 -1.14462948
665 1.11506347 -1.11139789
308 1.41008007 -1.43493341
883 0.63464354 -0.61634918
789 -0.13459749 0.18502055
47 1.17209241 -1.19202833
527 -0.31945301 0.32099337
267 0.99621203 -0.99611148
261 -1.48939009 1.47828437
647 1.25751492 -1.22027728
20 0.62845681 -0.60762812
790 -1.60560491 1.58112849
187 -1.11662746 1.07444514
714 2.54929930 -2.61262976
119 -1.16178124 1.17677989
565 -0.42099108 0.41393855
166 2.54186917 -2.56880126
111 -0.12845833 0.12705658
1 -0.39065517 0.41823961
552 -0.92292258 0.91527664
147 -0.00890198 0.04314861
868 1.05691891 -1.04149751
210 -0.26160504 0.26728215
69 0.56670539 -0.55849952
634 0.22572552 -0.21327804
924 0.40882595 -0.39513038
558 0.72125239 -0.74652362
106 1.60824660 -1.60840381
814 -1.26777489 1.26224028
810 0.15312951 -0.14311861
916 -2.08328696 2.03016137
79 -0.03808310 0.04378717
218 0.89469974 -0.88979710
446 0.79457564 -0.76669272
248 1.47623716 -1.48470620
872 0.93556078 -0.93796719
48 1.24934471 -1.25576124
233 -0.22933795 0.22394929
513 1.18087944 -1.14453883
653 0.69608991 -0.69562027
495 0.15524499 -0.16007569
688 1.29849967 -1.31640123
384 -0.88107777 0.87271899
402 -0.25571303 0.25961522
329 1.02496575 -1.05852011
533 0.33599005 -0.31657859
649 -0.22026255 0.24801150
535 -0.25900772 0.27433004
475 0.04880290 -0.03938662
691 0.45448655 -0.45002228
471 1.41470879 -1.44869617
338 -0.63197105 0.65991653
907 0.33432535 -0.32094781
635 -0.99755208 0.98482944
628 -1.63893113 1.62206557
619 1.54013163 -1.55962246
824 -0.34140551 0.36299930
462 -1.89184818 1.88713321
130 0.07896866 -0.05786071
776 1.78756885 -1.81028249
21 0.23037872 -0.21090327
85 0.59683544 -0.55918044
434 -1.51382651 1.50068549
511 -0.89892066 0.86537250
571 1.60317667 -1.61888590
301 0.24944454 -0.24498750
388 0.62074383 -0.61653529
770 0.36272969 -0.36470715
135 0.30068358 -0.28763713
312 1.65956151 -1.70097958
531 0.49821947 -0.47492936
149 -1.19022372 1.19231310
661 -0.90971845 0.89035799
279 1.62539828 -1.64618876
281 0.70248410 -0.66856159
260 -1.19906692 1.23266075
575 0.95038183 -0.95246496
387 0.27676748 -0.28206589
165 -0.19798198 0.21444242
288 -0.06971780 0.09107220
977 0.06602087 -0.04226347
457 -0.84892741 0.86382935
659 0.95648911 -0.94586738
747 -2.04590759 2.00254651
871 -0.99247960 0.96859364
403 0.36345557 -0.37087693
523 -0.81934166 0.81263352
64 1.84124583 -1.85861337
435 0.57829927 -0.58366351
584 0.43044068 -0.43191545
479 1.16839576 -1.13001888
963 -0.36188041 0.34798108
697 0.50314876 -0.52713482
727 2.02493676 -2.07618639
295 -1.38474448 1.42105558
499 -0.63423533 0.63646393
212 1.59359371 -1.60524010
931 1.27898194 -1.28436405
241 -0.86979437 0.86580130
171 -1.29180263 1.30306470
458 0.44565415 -0.42150417
355 1.05641445 -1.07387300
919 0.00588640 -0.01675721
964 0.55122628 -0.51254490
356 -0.36070145 0.36216850
593 -0.97943652 0.97465787
969 -0.11838112 0.15138844
544 0.81275762 -0.79450924
358 0.02434483 -0.02216087
199 2.21114229 -2.26849765
496 -0.42623064 0.44194631
504 0.17297093 -0.18576426
764 -0.76409179 0.77535778
641 1.05869821 -1.05351051
407 -0.13956011 0.14935661
350 -0.27334914 0.25801466
45 -0.41385992 0.42377678
865 -1.44604993 1.40507868
486 -0.03099882 0.06369605
607 -0.91188990 0.91273693
536 0.14964221 -0.12828169
417 1.44014034 -1.46047012
655 1.04386698 -1.03441174
929 -2.19744593 2.14936437
542 0.70977732 -0.70153991
489 -0.42222394 0.41191747
935 -1.20987151 1.18148328
676 -0.32598813 0.33685993
191 -0.11415287 0.10678292
366 -0.57762235 0.61397084
870 0.03363622 -0.03670910
837 1.94369972 -1.98178061
592 -1.87678160 1.85361873
124 -1.67340079 1.63542964
901 0.75572654 -0.73788229
577 -0.36709459 0.35400941
959 -0.73834722 0.71512573
705 0.35702116 -0.35030995
834 -0.49220140 0.47240047
626 1.24406700 -1.22169570
763 -1.63996492 1.61289403
411 0.84007886 -0.85507579
249 -0.68618777 0.70028452
889 0.24396172 -0.23089570
905 -0.12094230 0.13191399
2 0.13342638 -0.13849313
967 -0.65790086 0.66029074
629 -1.19391015 1.20013439
87 -1.34158837 1.34350465
576 1.73409394 -1.77468489
581 -1.51857963 1.49671364
684 -1.14481370 1.13759176
321 1.37908813 -1.36532072
925 0.05172851 -0.03235312
413 -2.18411064 2.12979627
451 -1.82394245 1.83549188
783 -0.15092915 0.17050392
375 -1.77527000 1.73101495
273 2.02993390 -2.07342649
795 2.05910168 -2.07446210
590 -0.86902974 0.90105414
465 -0.74388966 0.75639599
630 1.53533675 -1.56469741
594 1.33994525 -1.33634172
93 0.10791132 -0.09488351
846 -1.41167933 1.41180728
396 -1.79180505 1.75076485
638 0.79425562 -0.79036733
813 -0.47096603 0.46524969
82 0.66745598 -0.70168384
33 -0.26011256 0.29236491
510 -1.14498994 1.15797791
749 -0.30218719 0.30567522
264 -1.49973412 1.51505671
274 -2.60957524 2.54813014
849 -1.64816483 1.63685020
104 2.47873568 -2.55423136
906 -0.55548544 0.58337887
585 -1.82335484 1.81099590
886 0.75182959 -0.75557902
252 -2.35379613 2.30523085
754 0.93328696 -0.91716348
24 0.83335877 -0.84446880
766 2.41538442 -2.47047327
505 0.19684164 -0.18518591
992 0.46973585 -0.46545442
453 -0.16221983 0.18100734
633 -0.43891402 0.48244929
913 1.52750242 -1.52589308
183 1.41212105 -1.39627797
578 1.15007484 -1.15986112
798 -0.21369672 0.23454056
440 0.03880098 -0.06767296
189 -1.68552198 1.66424901
323 0.91084936 -0.92358753
368 -1.21669861 1.18620090
965 -0.01941847 0.02323691
466 2.12626336 -2.15302067
827 0.47052107 -0.47871626
488 -0.47050556 0.47807908
125 -0.78799363 0.78446116
877 -2.41816174 2.40390973
289 0.36781015 -0.38706492
984 -0.64697401 0.67967305
507 0.57571317 -0.58574315
736 0.49109654 -0.48458925
994 0.77112242 -0.77780345
830 2.31844906 -2.36927205
459 -0.38340074 0.39030927
284 -1.53851671 1.55638917
722 -1.17821562 1.17105628
34 -2.23359263 2.17241827
728 1.59234191 -1.62385746
439 0.32752802 -0.32693048
993 -1.19977611 1.18669256
611 1.11013136 -1.12338060
26 -1.72826235 1.67270340
806 -0.85079178 0.85965237
12 -2.02942342 2.03337587
343 0.04356346 -0.05212883
700 -1.65200757 1.61962082
327 -0.41731365 0.43838820
88 -0.43383291 0.44992095
894 -0.40195988 0.41585739
415 0.22416827 -0.22994033
207 1.18041829 -1.17596854
560 0.88333858 -0.86907479
918 -0.51697964 0.49973426
520 1.00260832 -0.98470248
679 0.88345271 -0.88445465
40 -1.77692941 1.74247573
235 1.16052301 -1.17630966
591 -0.54117546 0.55136386
743 -0.52705962 0.55283852
503 0.53196831 -0.53865582
348 -1.85978904 1.86051492
168 -0.37539911 0.40281095
362 -1.44145188 1.44237361
623 0.33333585 -0.33765095
394 -1.56479029 1.58428526
606 -0.37582229 0.38135892
31 0.50122332 -0.51524011
973 1.99835199 -2.02147596
767 2.04858925 -2.07868060
943 -0.26912006 0.30524377
990 0.20305686 -0.20242258
826 -1.97627486 1.90484268
788 1.83433348 -1.84057867
322 0.47840001 -0.44588087
726 2.26780820 -2.27525206
876 0.07516361 -0.05428292
483 1.16072098 -1.18264553
418 -0.66719362 0.67423928
239 1.15106341 -1.18915014
42 -1.13103738 1.12493987
94 1.24551466 -1.26399213
528 -1.96549792 1.93338743
833 -0.05880270 0.06232711
176 -0.37167731 0.39923018
54 0.34991694 -0.32999874
851 -0.18421817 0.17951068
989 1.54257689 -1.57430370
509 -0.65798451 0.65703884
920 2.26509779 -2.30475797
425 0.16396032 -0.16686964
683 -1.34041001 1.35897781
904 -0.06547756 0.10669756
299 1.67886566 -1.73428050
553 -0.34205824 0.33792548
172 -0.88378827 0.88052605
433 -1.27710014 1.29552647
436 0.93870687 -0.90740847
791 0.27416231 -0.26879313
492 -0.00296068 0.03416401
657 -0.91191655 0.92846535
255 -0.28955370 0.30947783
334 -1.13058125 1.10757946
62 -1.39639352 1.39462438
701 1.13510802 -1.15430311
291 0.01884724 -0.04863127
98 -0.02359119 0.04702732
461 0.32226761 -0.31537226
37 -0.65689714 0.68451855
582 -0.28010742 0.27625384
712 1.67006540 -1.69367296
799 0.66494760 -0.66716038
514 -0.88002714 0.89511613
645 -1.45616811 1.48753052
815 1.29466638 -1.28568354
971 0.57144690 -0.54753073
933 -0.71654787 0.73144276
848 0.04686888 -0.02003243
574 -0.35792583 0.36089667
738 0.95893059 -0.96936315
485 0.55219070 -0.53434979
