419 0.44742782 0.41510994
225 -0.10695365 -0.13154886
13 -0.07068378 -0.09534351
472 0.56484522 0.57092473
724 -0.17793687 -0.12812453
658 0.01114658 0.01277648
491 -0.94305366 -0.96431888
182 0.24569073 0.24158884
675 1.58563587 1.63261728
258 0.68781565 0.68512770
136 0.29861032 0.29123468
917 -1.02552292 -0.96115338
143 -0.32046070 -0.31586115
148 0.10360124 0.10077695
775 0.08259262 0.08274498
138 0.70972796 0.72528147
395 -0.54536945 -0.59159201
944 0.25241309 0.25184351
748 1.44618485 1.49099375
340 -0.25080052 -0.26955504
599 -0.53683774 -0.51770870
370 -0.39758824 -0.44829478
463 -0.42657597 -0.44387820
678 -0.60568466 -0.60167130
958 0.33347650 0.37673985
406 0.59407925 0.58772037
272 0.77455098 0.74120946
812 -0.31712767 -0.29299847
785 0.34121842 0.32404558
735 -0.14019679 -0.13645795
771 0.19800786 0.15232974
102 0.09700040 0.08271672
270 2.20086755 2.28379865
282 0.21344997 0.22527209
692 -0.40963385 -0.40650968
515 0.41952444 0.38402969
621 0.22223907 0.23786788
831 1.05537736 1.06657176
115 0.94939752 0.95771926
875 1.46938455 1.52906093
711 1.33199244 1.33046461
651 -0.82238366 -0.86164623
437 -0.16858038 -0.18180375
470 -0.58327735 -0.59499678
230 -1.70979588 -1.65823363
49 -1.70331177 -1.67064715
888 0.76573862 0.78090504
10 0.14225893 0.15934069
521 0.66842811 0.60411740
780 -0.10650082 -0.13847920
662 -0.93765281 -0.94505077
266 0.32886021 0.26883511
732 0.23331251 0.16686166
903 0.98399522 0.96295729
573 -0.24429924 -0.22303375
687 -0.70199758 -0.69077859
35 -0.30244576 -0.31221981
953 0.17192643 0.15783005
900 0.06435399 0.00852154
786 1.18223124 1.17591483
38 -1.16518764 -1.20655540
445 0.26677456 0.20530720
787 -0.77680774 -0.77879793
516 -1.61352731 -1.58592607
204 0.72097639 0.69596049
314 1.33137940 1.33503333
562 -1.02886856 -1.00172115
740 0.54894245 0.51121921
817 -0.74026570 -0.76028819
838 0.51570779 0.50970206
293 0.04120082 -0.02684309
746 -0.64484670 -0.59950404
326 0.72827941 0.73506218
195 2.02751013 2.08393225
409 0.53369164 0.53820129
978 0.70276537 0.67629595
427 -1.22156678 -1.17372053
156 -0.34554713 -0.37169836
761 0.53930836 0.49819039
518 -1.22964979 -1.23499819
81 -0.28385779 -0.32284573
476 -1.56378836 -1.55990876
567 -0.64898994 -0.69337029
134 0.63736105 0.64922765
118 0.36876876 0.30889819
497 0.53314968 0.53139445
15 -1.88798936 -1.85882914
399 -0.21606282 -0.21233105
448 0.55140049 0.52723921
543 -0.47847773 -0.48351817
598 0.05920466 0.10159868
538 0.50317871 0.48419814
221 0.95598511 0.94291523
561 -0.52862516 -0.49600339
310 -0.58650886 -0.60267094
404 -0.79178247 -0.82299584
224 0.16718145 0.17417591
744 -3.55829765 -3.44668359
416 -1.10215091 -1.09169780
899 1.00092668 0.98431195
243 0.92343457 0.90248025
271 -0.24307359 -0.22577393
811 0.39300106 0.39855191
369 2.16107248 2.22909151
699 -0.23283884 -0.26726062
893 0.03110759 0.06142023
500 0.95957205 0.93524853
203 1.12440515 1.13684102
240 0.32647652 0.31874752
133 -0.73759179 -0.75348182
251 0.12055379 0.09550682
345 1.55444859 1.56202057
873 1.20167639 1.19389450
843 -0.84260902 -0.88067014
545 0.21155672 0.14991220
113 -0.99783259 -1.00321176
669 0.86432370 0.84710466
952 0.85617417 0.87448481
14 -1.03346420 -1.04335614
642 0.17055926 0.13594680
866 -0.45937715 -0.47896497
353 -0.78762531 -0.78957889
300 -0.32680981 -0.33257785
341 0.03862691 0.05571080
53 0.49222244 0.51571501
227 0.00559573 -0.00947186
344 0.81981821 0.77867451
311 0.49752720 0.48952602
541 0.36741463 0.33941613
616 -0.10081258 -0.10320926
946 -0.89358645 -0.92391281
105 -0.20576220 -0.23636279
303 -1.36754777 -1.37393945
208 1.52732521 1.52280387
996 0.44810217 0.43317197
501 1.50583964 1.57630296
765 -0.00398250 -0.04283031
352 1.29957017 1.35487776
401 -0.30064860 -0.32692241
423 1.78847818 1.82227082
588 0.11981597 0.11559102
494 0.17230317 0.16968282
213 1.87088266 1.93712511
151 -0.79406768 -0.81891037
762 -0.58836255 -0.58856084
855 -0.69221022 -0.71628371
290 1.23551105 1.27466639
431 -1.65523151 -1.61194547
75 1.35151041 1.39626053
968 -2.39452122 -2.31748747
197 0.83713184 0.86325837
306 -0.98833175 -0.99280557
583 0.00080857 -0.05714435
941 -0.24815987 -0.24607314
294 0.29488381 0.25969956
100 -0.86929697 -0.89177682
664 -0.62021135 -0.66129794
324 -0.25669093 -0.26900425
28 0.82176603 0.79620696
429 -0.23201711 -0.25384468
729 -0.22799669 -0.21986149
331 0.10813927 0.07170327
698 0.74800456 0.74038842
997 0.21900408 0.17857567
852 1.04680347 0.96310371
397 -0.01096139 -0.01481298
392 -0.68541720 -0.70654624
86 1.35301280 1.39884700
478 -0.15361369 -0.16326096
244 -0.02273091 -0.04799542
482 0.48833637 0.47704972
305 0.13140505 0.13013348
245 0.00607768 0.02415437
895 0.19569308 0.20571994
793 0.17576576 0.14308667
618 0.52362233 0.49306002
477 -0.72521967 -0.67032696
537 2.10331399 2.12814441
685 0.32184567 0.28683400
6 0.60070705 0.57686440
337 0.90699398 0.85814262
432 1.54423515 1.51300070
283 0.68825695 0.70172964
347 0.39656757 0.36617213
823 -0.58168975 -0.59681007
951 -1.65104022 -1.66612623
16 1.19074078 1.12530831
805 -0.14138178 -0.13032806
73 0.18959528 0.11539865
167 -1.14640444 -1.13487750
981 -1.24729255 -1.27404706
116 -0.89241558 -0.91610907
719 -0.52176932 -0.54245818
90 0.05515859 0.04649037
792 -0.21719977 -0.22841834
556 0.50696674 0.50496737
297 0.60670964 0.58428578
844 1.66532123 1.72205536
983 1.07026230 1.02319366
201 -2.02223670 -1.99153792
942 -0.19678028 -0.17949937
858 0.01529374 0.01437228
173 0.24487247 0.21200275
672 -1.19057450 -1.16069956
750 0.48006770 0.46320509
452 0.51517018 0.51725480
605 -0.56854632 -0.58991331
408 -0.77595209 -0.79624147
589 -2.53524071 -2.46882564
39 1.27347091 1.29159255
385 -0.34108693 -0.32003249
214 0.53727228 0.56794311
568 -0.62471655 -0.64199259
263 -1.90965015 -1.85212668
640 -0.89555013 -0.88896263
779 -0.72836878 -0.71801063
380 0.44120937 0.44465833
29 0.26939260 0.27160965
194 -0.80488525 -0.79718998
856 0.01861894 0.02127587
25 -0.14592068 -0.16328161
155 -0.57797672 -0.59436622
595 0.71025404 0.72771554
190 -0.19852027 -0.23685102
525 0.21112868 0.24094218
570 -0.59196537 -0.62282802
381 0.26804956 0.25806806
398 -1.29115892 -1.30819604
421 -1.13638687 -1.12957292
99 0.82916231 0.79580823
8 0.87070150 0.88408227
999 -0.19326877 -0.23130431
841 0.88254907 0.90503819
57 0.07324418 0.11194727
23 -0.13928983 -0.19722104
196 0.08480566 0.09264628
887 -1.91520948 -1.87882822
995 -2.56940580 -2.46724230
880 1.09037679 1.12179694
821 0.23337208 0.22665393
723 0.01415918 0.02293924
101 -0.47495470 -0.46724881
170 1.09391678 1.15937230
842 1.21280048 1.19491145
41 0.44712456 0.42237856
142 -0.54087577 -0.53705727
882 -0.97865570 -1.00029053
193 -0.22767364 -0.25743909
506 0.96544007 0.97143656
601 -0.80613111 -0.79856196
972 -1.02432945 -1.02185249
268 2.03296642 2.08378756
782 1.25996227 1.29363120
302 -0.86585546 -0.85508395
781 -2.12669002 -2.04767258
382 -1.78431582 -1.74989401
9 -1.23664042 -1.28963165
730 0.83570663 0.84325685
454 1.00234755 1.04666934
480 0.48573247 0.51212647
66 0.51620996 0.50046616
278 -0.51302761 -0.52368022
804 -0.27109523 -0.29350437
928 0.49459548 0.48791242
450 1.06952687 1.05926353
702 -0.64805908 -0.63561848
885 2.06090154 2.13590157
960 1.37420924 1.34630700
481 -0.21395413 -0.25060853
313 -0.46433083 -0.49234468
840 -1.24237214 -1.30352156
912 1.24227363 1.24604440
627 1.33364678 1.37020152
768 -0.10792930 -0.12605954
502 1.06520689 1.08990535
242 -0.74013918 -0.68795857
632 1.50137139 1.49542917
188 -0.70278714 -0.69042163
76 0.43313570 0.36818132
206 -0.12562727 -0.11052410
922 0.12060053 0.14676369
373 1.30841492 1.33677134
680 -0.05442601 -0.07806279
947 0.04409494 0.02782780
393 -0.93248087 -0.91630616
987 0.39406323 0.35676478
708 -0.42993204 -0.40983619
890 0.48633898 0.47606763
275 1.16399305 1.22072860
161 -0.07074160 -0.10913963
127 2.09088577 2.16657919
774 1.03368048 0.96764316
342 -0.33232261 -0.32095377
674 0.38920716 0.41197281
819 1.27470286 1.27010241
70 -1.50966899 -1.54483673
975 0.12199987 0.11930933
696 1.04261958 1.02174009
863 1.05555866 1.03489987
354 -0.10648213 -0.09079218
563 0.40638362 0.40663049
950 -1.87035595 -1.86609744
128 0.65451098 0.66244081
96 2.18781673 2.20112012
349 1.18500732 1.17270797
548 0.79810307 0.77144589
720 0.31801481 0.30164539
546 1.18180233 1.19894623
757 -0.39879520 -0.48510293
139 -0.11110450 -0.10043166
414 1.16491739 1.13025402
383 -0.51374608 -0.53001699
519 -0.78163620 -0.81014334
153 -0.32924784 -0.37989100
982 -0.19541724 -0.17815109
716 0.09268824 0.04834445
359 -1.62448510 -1.53610329
911 2.21430054 2.19541491
772 0.15742626 0.13600962
706 0.58922079 0.55704878
721 1.14290573 1.16636978
95 -0.16080867 -0.23630493
177 2.36957998 2.45627461
769 -0.60469075 -0.63058695
469 0.03433802 -0.00265913
998 -0.77342166 -0.76186575
180 -0.23885578 -0.22713868
532 -0.61065573 -0.60058699
71 1.57312091 1.56317167
718 -1.23759172 -1.26654563
222 -0.83392362 -0.83716293
566 0.32249827 0.30826269
857 0.01656895 -0.00783456
223 -0.74142395 -0.76610251
332 -2.15368405 -2.13303616
936 0.40951318 0.35636329
555 0.23665076 0.20409013
131 -2.16771987 -2.09928078
861 0.45971669 0.45496493
937 0.52506493 0.53126929
89 0.06441486 0.02672773
597 0.23112839 0.21493431
677 -0.14262047 -0.14817142
335 -0.14116744 -0.14618131
934 -1.26253576 -1.21183907
123 -0.98737198 -0.98495245
307 0.60657877 0.58095283
808 -0.03898389 -0.03792711
559 0.01359570 -0.02539229
557 0.32241784 0.33578816
107 -0.36949639 -0.40274128
828 -0.79478550 -0.76831736
881 -0.24727227 -0.27917459
250 -0.01718875 -0.02115557
608 0.68751499 0.69837848
319 0.43085310 0.40728340
145 -0.88653104 -0.92050612
357 -0.27660390 -0.28393831
572 -0.61671419 -0.59149801
807 -0.70065454 -0.71463962
602 -1.08885096 -1.13774424
378 0.36739202 0.35451865
639 -2.08225170 -1.99345341
132 -1.06761516 -1.06804118
715 -0.56505285 -0.57147859
725 -0.92492416 -0.94382837
637 -1.00611865 -1.00965960
192 -0.27054914 -0.29495812
339 0.76554449 0.78411376
228 0.78808267 0.74744836
468 0.76707927 0.79106220
526 -0.17350862 -0.24072606
985 0.64698536 0.59392272
159 2.06456978 2.15028667
745 1.85146447 1.90758336
610 0.23887966 0.25493244
351 -0.39101653 -0.36888723
869 2.06941803 2.14093434
400 -1.99804679 -1.96941724
389 0.02275197 0.00442418
547 1.34023915 1.36646372
839 0.68749108 0.67415123
580 0.05299230 0.06628814
909 -0.49041617 -0.51819632
586 -0.81566390 -0.77928596
424 1.23508149 1.27973589
649 0.66369856 0.61660819
237 -0.90272120 -0.93788194
157 0.89139621 0.90168539
464 -0.89035602 -0.85762838
234 -0.56346590 -0.54998667
460 -0.68164200 -0.72812836
534 -1.03267942 -1.03348470
328 2.05418504 2.09419676
277 0.22012365 0.22483282
794 -0.20034157 -0.20098922
449 0.61054071 0.59990873
898 0.28753753 0.25942855
412 0.01756525 0.02958712
44 -0.24322424 -0.27050222
689 1.96999752 2.08056115
108 1.31607032 1.36137659
226 -1.49351036 -1.46715393
836 1.21929546 1.22053339
512 1.11529866 1.16498882
681 -0.61374746 -0.62428128
4 -0.25484528 -0.27661988
966 1.03684612 1.05737950
493 0.22077408 0.17906093
976 -0.96891530 -0.95486075
199 -0.04565387 -0.02961104
405 -0.91985157 -0.92729526
796 0.51441671 0.47839834
390 -1.31347188 -1.30988172
179 0.05605402 0.01704614
829 -0.94667104 -0.94083751
265 -0.23404145 -0.23557166
77 -0.89327080 -0.88825150
285 0.29856575 0.28295810
164 0.97105136 0.98935535
758 -0.32805111 -0.37460468
517 0.45982930 0.40464567
144 0.10895231 0.10238561
231 1.10121002 1.10308630
315 -0.65142145 -0.72222993
467 0.03624496 0.03206903
186 1.20433638 1.21051225
962 -1.77414912 -1.74436920
184 2.37228932 2.46984584
752 -0.34549778 -0.32936198
670 -0.54597249 -0.56808873
710 0.04122321 0.00791404
238 1.21195635 1.21930746
178 0.18553747 0.18293249
656 0.44762543 0.44943804
835 -1.07168515 -1.05868801
30 -0.75036479 -0.68121279
874 -2.91514433 -2.78118340
636 0.36035096 0.36176728
487 0.04444537 -0.01283737
309 -0.34725799 -0.37018570
596 -1.31573405 -1.31193876
625 2.42239283 2.48969066
137 0.76675905 0.76549785
847 0.26392523 0.25516831
832 0.74798891 0.69940102
986 -2.17045355 -2.11417883
854 1.11778974 1.11419409
867 -0.66962139 -0.69728587
374 1.32569681 1.33589421
773 1.04666304 1.09384877
558 1.60978665 1.62830144
473 -0.13708636 -0.18717348
58 1.30341341 1.33591658
67 -0.83859752 -0.80510202
926 0.99119128 1.00837997
612 -0.72964900 -0.73310207
742 -0.22973559 -0.23262865
622 0.50207806 0.50979753
694 0.95953857 0.95159462
292 -0.98763611 -0.99100461
364 -1.25576687 -1.26106167
939 0.03578736 0.00173996
822 -0.18168142 -0.18487035
17 -0.36479141 -0.32627181
120 1.42544971 1.44774321
121 1.04493261 1.10507232
318 0.24018336 0.23437206
371 1.64329131 1.66014478
569 1.45684764 1.46428946
930 1.67565989 1.64871929
63 0.09646257 0.07538342
169 -0.58539409 -0.59236988
910 0.48495725 0.48595498
671 -1.65483282 -1.62408067
72 -1.05745976 -1.04294283
755 -0.33098349 -0.37512529
246 1.03118766 1.00481420
420 -0.68742415 -0.67884044
60 -0.53885730 -0.57848131
80 -0.15603608 -0.17654363
802 -0.34406083 -0.32912430
552 -0.86232069 -0.88055827
209 1.06763579 1.06977140
376 -0.81277370 -0.83257156
638 -0.90575271 -0.88751889
956 -0.54258489 -0.51918962
333 -0.67729745 -0.70990507
259 -0.93037762 -0.93040919
784 -1.80174837 -1.78531292
65 -1.09202920 -1.14144190
442 -0.02899241 -0.05776104
51 -0.24707357 -0.27944617
18 1.00712623 1.03133250
163 -0.99277522 -1.01261220
551 0.05503490 0.05750933
609 1.88500348 1.95152792
430 -0.10447300 -0.13613331
760 -0.59601970 -0.61990257
891 -0.64720169 -0.65127647
693 1.77114520 1.82175060
650 -0.77376601 -0.76120615
908 1.26164378 1.19303376
455 -2.03687513 -1.95965019
330 1.15629025 1.22122737
682 1.43515989 1.44528553
859 -0.13245442 -0.13126097
892 0.17740228 0.17534687
948 0.85248396 0.86818508
254 0.07507439 0.11727861
50 -0.07802353 -0.08791682
853 -1.35028914 -1.30560496
673 -0.31430268 -0.33670396
474 -0.77101254 -0.74506880
600 -2.19406760 -2.08654016
317 -1.12628930 -1.11694511
734 0.01434787 -0.00938927
932 0.64421754 0.60582971
902 -0.27668194 -0.33316257
122 -0.59070646 -0.60003080
443 -1.15738114 -1.15850748
613 0.28905492 0.28096659
256 -0.33999063 -0.35650201
140 1.77724017 1.83886151
3 -0.55433159 -0.57794704
296 -0.88448757 -0.83665801
97 0.63158802 0.62998559
174 0.51510845 0.48517930
955 -0.32400960 -0.34383851
539 -1.69603245 -1.69337010
988 0.73174353 0.73101775
152 -0.00443967 -0.03590210
129 1.17439301 1.14163264
809 -1.17293109 -1.17817615
974 -1.37979468 -1.34045176
690 -1.41268326 -1.40484980
386 0.44408544 0.41335324
529 1.29490497 1.28301413
59 -0.13478181 -0.15115416
377 0.20496870 0.16142794
549 0.58393928 0.57839631
360 -0.10992668 -0.17195190
878 1.32547072 1.36575202
114 -0.01101204 0.00415670
648 -0.28096041 -0.25794170
217 -0.41783426 -0.42357189
391 -1.06387431 -1.05104791
438 -0.29633122 -0.27387543
276 0.43205179 0.40201086
709 0.68969694 0.69371113
36 -0.00409337 -0.04949096
52 1.41151172 1.43018151
803 1.53086194 1.57642998
181 0.08237262 0.03901669
19 -2.01974106 -1.97741094
980 -2.48279264 -2.38817793
446 0.07310940 0.04522924
110 1.51326635 1.49990663
202 1.02951680 1.01091062
106 -1.39423833 -1.31833423
991 0.73927176 0.74254478
422 -2.57484991 -2.53004344
456 -0.48075251 -0.49834749
84 0.27987973 0.26094512
707 -0.81605129 -0.83943641
571 -0.19528159 -0.21401643
20 -0.86680002 -0.86476754
247 1.26967593 1.29386491
346 -0.45990258 -0.50540203
575 -0.42288381 -0.42488451
617 0.27828409 0.24028803
499 1.40991303 1.45758315
646 0.45787278 0.45583488
219 0.59226382 0.58681692
896 1.25653837 1.24178323
205 -2.56379256 -2.51452523
286 1.12836818 1.16453382
945 0.35398620 0.34392899
756 0.30628181 0.28599266
312 0.53538663 0.47830556
800 0.41119404 0.38551277
949 -1.24779821 -1.21087594
428 -0.39424913 -0.39111500
879 0.53446707 0.52251059
32 -0.99444260 -0.98620931
444 0.87842735 0.86542130
954 -0.50146395 -0.51493358
759 1.42782035 1.42289198
643 0.91336352 0.89990592
872 0.18790485 0.15331361
810 -0.86831545 -0.86158192
624 -0.53649861 -0.61277904
797 1.72784100 1.75508934
260 0.34398363 0.27639795
27 -0.80554416 -0.83530164
91 -0.01999092 -0.00871399
48 -1.15111051 -1.15341694
884 -1.16349634 -1.15986000
216 -1.65915976 -1.64922315
55 -0.74042613 -0.72404640
713 -0.49003856 -0.48719827
498 1.32739115 1.35087311
717 0.89428011 0.90821050
112 0.93226889 0.94143179
215 -0.83040059 -0.84877385
703 0.12630051 0.12587415
269 0.91408178 0.91717406
150 -0.23386579 -0.24735001
540 0.46497167 0.40963174
801 -1.84260040 -1.78949877
46 0.03247759 -0.02294338
550 1.57715025 1.63331724
979 -1.54166018 -1.55130743
175 0.53562685 0.48270629
495 0.86874195 0.86324730
644 -0.56353982 -0.52935640
379 -0.68903436 -0.75965901
200 0.90273530 0.86691568
970 -1.25844817 -1.25644708
304 0.58444667 0.54881260
7 0.96220030 0.91978043
915 0.93535910 0.89711069
11 0.95292121 0.99245221
160 0.67372178 0.70198891
117 -1.13895512 -1.11158963
126 1.19311033 1.20873415
372 1.04067980 0.99213180
146 -1.90784451 -1.85622428
530 -0.70216214 -0.72569903
739 0.77916336 0.79866270
158 0.26933934 0.23030202
320 0.28305429 0.29228894
267 -1.98654705 -1.91722304
92 0.20871173 0.19081361
778 0.70192299 0.63500506
87 1.21855872 1.16916289
513 -0.17673557 -0.23168094
789 1.04901847 1.01821140
210 0.15880495 0.17133664
615 -0.83177928 -0.80277376
957 -0.11128407 -0.11160951
737 -0.38671807 -0.36906720
741 -1.63238529 -1.54511031
565 0.46152734 0.46388179
641 -0.20047439 -0.22717019
631 -0.42843205 -0.46764990
695 -1.46309742 -1.37500284
233 -0.18591206 -0.13978397
298 -0.71246015 -0.72711344
686 -0.46459452 -0.47803340
236 -0.04334279 -0.03967148
43 0.37895133 0.33104926
475 1.44741441 1.49980654
287 -0.81756803 -0.78641230
329 -0.73560006 -0.73216098
614 0.51640844 0.50431849
961 0.29498750 0.27149938
845 -0.33502608 -0.34405185
229 1.91362729 1.96625172
361 -0.55250594 -0.53693383
508 1.94106632 1.98071479
927 1.03993393 1.07064760
607 0.63237106 0.65330943
162 -1.07517709 -1.09647187
74 0.82421254 0.82346235
653 1.94494956 1.96774433
338 0.27333237 0.23372620
316 -1.76802806 -1.70517709
325 -1.39224116 -1.34018137
923 -0.24745401 -0.27927140
652 -2.56616951 -2.45989575
5 -0.46082280 -0.43679226
654 1.79255273 1.80390983
763 1.69842633 1.73236422
620 0.46700210 0.45866910
0 0.46509080 0.45620828
135 -1.31890990 -1.34438566
109 -0.07432290 -0.04235152
510 1.20970375 1.25028545
660 0.72233052 0.75766170
814 -0.45058153 -0.44633307
544 0.46291450 0.44991922
860 -0.66901509 -0.65172350
587 -0.59899925 -0.60738002
323 -0.65639383 -0.68676420
78 -1.36317931 -1.34406410
83 0.74308523 0.71415428
554 2.57075643 2.71219485
457 -1.14983334 -1.15144320
837 -0.16651865 -0.18779790
124 0.42795594 0.44210248
977 -0.41586470 -0.44500181
211 1.51222657 1.57679678
262 0.18134118 0.17056265
818 -0.90732009 -0.87788169
929 1.53652061 1.54700365
897 0.67612025 0.66249748
593 1.31752662 1.35018161
365 -1.54536800 -1.50166035
827 -1.19727817 -1.24078554
733 -1.62168381 -1.56350448
218 0.97741220 1.00490937
714 0.09184976 0.07677658
198 -0.80971132 -0.80915722
119 -0.88311735 -0.88016731
447 -0.38302395 -0.38891765
367 -1.02385771 -0.99821395
564 1.39305917 1.38973396
61 2.11361200 2.17618755
458 -0.69421760 -0.70191726
590 -0.70963668 -0.77119849
280 1.13742423 1.16634400
149 0.48483986 0.44190718
825 0.56959673 0.54877924
850 0.01336244 -0.04219622
465 0.34102603 0.33230723
85 -1.51120682 -1.49956880
490 -1.49489731 -1.45185250
668 -1.13426383 -1.13093426
994 -0.48917487 -0.49833580
940 -0.60080164 -0.61374216
141 -1.47589086 -1.42097387
407 1.03345439 1.03677996
350 -0.83898621 -0.84330403
185 0.61174614 0.61171715
522 -0.24321924 -0.34047813
253 -0.96207642 -0.93044012
434 0.95837575 0.93472420
691 -0.13970570 -0.16134239
56 -0.73213616 -0.73394119
257 1.05286563 1.06417145
154 0.63394432 0.63078789
248 -1.89584151 -1.86546700
921 -0.18285728 -0.18942719
295 -0.13421420 -0.17738742
484 0.99201106 1.02456824
603 0.24792463 0.24245751
281 -1.88889936 -1.84994904
626 -0.99122174 -1.03178759
634 -0.20761328 -0.19060940
914 -0.89859512 -0.93142546
410 0.28377081 0.25914283
584 -2.10909356 -2.07132007
441 -0.56117026 -0.59418966
413 0.12643812 0.11305044
279 -0.84007012 -0.87342607
403 -0.74789502 -0.77044143
579 0.34972905 0.31377106
166 -0.96095685 -1.01156419
993 -1.09160529 -1.10241141
629 1.37080795 1.43670564
47 0.65030796 0.62301057
232 0.21514345 0.18118606
64 -1.07875969 -1.04370486
916 0.07616786 0.06492247
130 -0.39771759 -0.36018107
924 -2.05497136 -2.00153612
273 -1.21543028 -1.17413447
125 0.88868970 0.91327778
862 -0.30933204 -0.30738348
868 -1.75796918 -1.75802337
336 2.29477634 2.38387955
426 -1.87391115 -1.81646339
165 0.21646714 0.21151279
635 0.22669058 0.19866261
666 -0.48712053 -0.50860297
783 0.58696427 0.56622358
387 0.78600746 0.79681145
864 0.30603899 0.31249032
187 0.55161114 0.53488406
754 0.11403490 0.05710499
435 0.17898423 0.22531205
925 -2.11242116 -2.10730066
191 -0.53414710 -0.52651793
22 0.05951510 0.02074086
301 1.41665148 1.43085210
663 0.33858430 0.33485441
531 -1.23790911 -1.25913138
816 -0.34465431 -0.40706696
358 -2.43751780 -2.34144890
820 0.59860532 0.59158431
388 1.02995940 1.01655718
905 -0.20337221 -0.20014369
919 0.44835804 0.41737246
849 2.30539326 2.35618223
363 -0.00721357 -0.01232823
753 -0.96159272 -1.00517576
68 -0.04353735 -0.03593522
938 -0.54633118 -0.54743085
667 0.88731753 0.87101602
647 1.53316649 1.57163340
965 -0.89238254 -0.89479355
171 1.18583536 1.21892631
935 0.90249661 0.95248930
212 -1.23511347 -1.23563679
505 0.81894430 0.83284982
865 1.03469917 1.05087366
355 0.58881731 0.54717924
417 -0.27518869 -0.27210151
967 1.76907629 1.82386608
581 -0.66267033 -0.63973772
523 -0.54710944 -0.57987504
871 1.46762564 1.54309855
486 0.82890905 0.84129285
496 1.84918622 1.89832292
604 -0.33683890 -0.36304116
813 0.24498203 0.27432939
886 -1.00667951 -0.99936767
592 0.16668645 0.14759430
489 0.65686532 0.64973183
366 1.56066878 1.55835564
959 -0.02495547 -0.05976469
913 -1.11510825 -1.10136141
542 -1.58714154 -1.56012195
45 -0.95184493 -1.03099632
661 1.75252244 1.77189543
33 -1.26481553 -1.32320675
907 -1.44348880 -1.46279898
883 -0.34855581 -0.36924484
536 -1.49143863 -1.44030907
111 2.21891922 2.34461133
628 1.01621315 0.99758227
533 -0.33810868 -0.34247752
509 1.08485508 1.11694715
777 -1.33168051 -1.32886438
906 0.38942412 0.38892946
524 1.12058886 1.11703013
440 0.38989977 0.36307448
103 0.15981234 0.14595292
870 0.12102683 0.06636016
776 -0.83472188 -0.84608535
697 -1.92853704 -1.86496459
261 1.17696909 1.14294559
411 -2.36483024 -2.24091139
764 1.32929984 1.30960208
252 1.66676144 1.68972374
846 0.35816228 0.37039444
904 1.12967948 1.14022035
451 0.02175763 -0.00858112
747 -0.36243707 -0.39555781
984 0.90924354 0.93273871
630 -2.24022069 -2.07446083
402 0.82641471 0.78056124
471 -1.85821990 -1.79064093
676 -0.67768940 -0.69878803
511 0.43410091 0.44857304
655 -0.75862454 -0.75498798
462 -0.10956146 -0.13509257
901 -1.27638506 -1.25226566
591 0.68407522 0.68714021
705 0.34961948 0.30801831
362 -1.91060015 -1.87053166
322 0.10056364 0.04517556
327 0.54710398 0.51161130
79 -1.54371235 -1.53591632
751 0.02538761 -0.02875247
688 0.46064995 0.41994347
731 0.20544870 0.20828431
453 0.66777963 0.68548803
321 -0.16381366 -0.18471169
736 1.24509362 1.28498717
665 -0.71896882 -0.72395394
633 1.54998295 1.56310353
834 -0.38326938 -0.38167969
528 -0.00629532 -0.01729182
479 0.81637257 0.78539951
384 -1.01698600 -1.02232415
727 0.04993883 0.06490085
795 -0.22863799 -0.23580392
659 -2.05142899 -1.98265331
220 1.90151994 1.97338446
964 -1.36987820 -1.39611290
790 0.46269429 0.43027975
504 -2.02751212 -2.01606334
704 0.24760289 0.21319657
94 -0.94343844 -0.96613176
2 -1.46567785 -1.43517555
274 0.77065230 0.78908703
308 -2.03518231 -1.97666548
623 1.98039009 2.03431322
93 0.44925868 0.44794016
527 0.08996260 0.01656969
40 1.03408635 1.05563330
356 -0.41482166 -0.41046204
770 -0.47091907 -0.50403785
1 -0.50727133 -0.53977061
679 -1.65878150 -1.60544344
439 -0.69362326 -0.69832781
684 1.50354443 1.57828402
560 1.20693724 1.21456811
619 0.29758315 0.26679415
82 -0.59093841 -0.63367577
288 1.02034683 1.02103898
375 -0.12582053 -0.16360333
824 -0.73860505 -0.71524454
24 -0.59314188 -0.57600504
889 0.10819818 0.10261980
577 1.01990118 1.03491591
466 -0.91989200 -0.94683028
576 0.75773235 0.74800261
368 -0.66581553 -0.65754942
183 -0.97256551 -0.94347589
289 -0.93549499 -0.92718403
241 -0.22025519 -0.20443264
88 1.03869720 1.04274998
931 0.02304936 -0.01501018
992 -0.80735893 -0.81736101
147 0.06694051 0.01555700
26 1.98575746 2.05002793
963 -0.05355406 -0.09284241
284 -1.38275424 -1.35249765
798 -0.62275221 -0.60047352
425 -0.57504630 -0.59767571
833 1.46833629 1.49947156
700 -1.03173703 -1.06285052
69 -0.49772223 -0.53815679
806 1.06071190 1.06348629
348 -0.07487202 -0.14413401
726 -0.36408011 -0.34691116
264 1.24487536 1.30887381
701 -0.91005921 -0.87759154
249 0.17643489 0.14840755
343 -0.81452630 -0.82645048
507 -1.28231025 -1.29161718
877 0.69991343 0.69899829
54 2.18012632 2.20481615
176 0.65522685 0.58709883
535 0.72257465 0.72221559
503 1.67283077 1.66586200
722 -0.69155240 -0.70519032
483 -0.70290670 -0.70458199
239 1.72260689 1.75481930
585 0.44527087 0.41254287
611 -0.94709277 -0.97114517
12 -1.59660564 -1.63980543
749 0.59261686 0.55469233
31 -1.57831114 -1.53886064
969 -1.24884168 -1.21424509
851 0.59361468 0.54920217
394 1.18816318 1.19574641
766 -1.89960671 -1.83538354
189 -0.01578615 -0.02467179
299 -2.24761197 -2.14288504
21 -0.42334902 -0.43643997
788 1.15507352 1.14934554
334 0.95150556 0.99180847
104 -0.95024928 -0.96402309
582 0.11638076 0.07789413
459 0.21926256 0.23737074
894 1.34421457 1.34508633
791 -1.01414905 -1.01352965
594 1.72487188 1.81478197
415 -1.88428720 -1.81493782
34 0.88505123 0.85437540
461 -0.50184656 -0.48178135
436 -0.23672687 -0.22797500
168 2.18319479 2.32799406
553 0.86322827 0.82918365
830 -1.01128885 -1.00795367
396 0.54884267 0.56557678
207 -1.12305953 -1.11515850
520 -0.87425173 -0.86222781
728 -0.34323801 -0.35708012
485 0.13230875 0.10680485
990 -0.66718792 -0.68522419
918 0.47309534 0.47445346
943 -0.71869730 -0.78679832
235 -0.94065519 -0.94226537
255 -0.14115048 -0.12879291
973 -1.40802588 -1.43783318
433 0.81879126 0.74209142
989 -0.18173207 -0.23241190
488 0.56366414 0.53300353
743 -0.71963273 -0.74975270
606 -0.13142182 -0.12337624
62 -0.36725205 -0.41810378
645 -1.69216398 -1.68500770
683 0.33416628 0.37681096
42 1.11085411 1.07368349
971 -1.32259793 -1.31049409
514 1.84648297 1.90132984
826 0.30512095 0.34596769
799 0.75013151 0.74079167
920 -1.36230649 -1.38570746
98 -0.56830176 -0.59408360
37 0.17827749 0.16701438
578 0.17254382 0.13467620
848 1.23307236 1.18811423
767 0.74896781 0.69318272
876 -0.87243913 -0.92836602
712 -0.89355536 -0.87507431
418 0.71227882 0.74362439
574 0.21749583 0.16337077
172 0.40610449 0.42317882
492 0.11549403 0.06730016
291 -0.00295881 0.01618890
738 0.61495156 0.61045732
933 -0.14469307 -0.14111420
657 0.23512903 0.24670769
815 1.31419207 1.36908129
