18 -0.84134694 1.17889701
28 0.62266498 0.87353944
22 -0.96881528 -0.18942702
21 0.79889352 -0.33976831
12 1.49223136 0.89490484
16 -0.00267390 1.55283427
25 0.47554829 1.37666163
14 2.13315019 -0.74681079
1 -1.27954162 1.51687054
10 -0.66073013 -1.48432408
3 1.10229847 -0.60390036
9 0.85478340 0.01786964
15 1.33282873 -0.29952322
11 -1.58108923 0.05142323
8 -0.52362286 -0.51246377
13 -0.95360054 -0.02961574
5 -0.31103977 -0.48281668
26 -1.52667853 0.01006214
24 -1.17442795 -0.32209555
2 0.10198090 -1.10788729
17 -0.60362696 0.54794896
0 0.82130008 -1.30292089
27 0.36325299 -2.31864130
19 0.00939880 1.13996023
20 0.88174315 -1.13208966
23 -0.99121259 0.83095877
29 1.36329700 1.17485915
7 -0.45351196 -1.20606395
6 0.43632399 0.04018038
4 -0.91777760 0.87137838
