0 -1.74409532 -3.35285843
2 -2.06909285 -4.00819086
1 -2.71523147 -2.97020174
4 -3.22025054 -4.24668760
3 -3.12807510 -3.64830931
58 -1.39715853 -0.20008745
89 0.13518021 -0.34072919
94 0.09402054 -0.30911591
85 0.38979731 0.35009038
55 -0.13530929 0.57080772
34 0.67074503 0.63490614
40 -0.46948265 -0.77344237
83 -0.83621520 -0.43519102
5 -0.52286920 0.05183788
17 -1.43533218 -0.29423189
82 0.54019842 0.80121798
84 1.15079810 0.26538660
26 1.05723783 0.91264346
23 1.57376910 1.05990129
10 -0.64221068 -0.87061465
47 1.21090226 0.71792256
74 1.18432141 0.13921222
39 -0.38833940 0.55036146
37 0.08425379 0.62839491
16 -1.55399204 -0.96832412
52 0.85536391 0.26037378
12 -0.72189506 -0.47123624
61 -0.87282207 -0.68820589
93 -0.53612876 -0.35165904
20 0.17517334 -0.26583566
99 -0.58549933 0.11721155
57 -0.48782091 -0.51367770
49 0.50054405 0.31653157
95 -0.28299237 -0.08272588
15 1.08122988 0.45951758
8 -0.00849345 0.34689031
46 -0.04618900 0.08196676
27 1.13217817 0.19996544
51 -0.66244328 0.99729098
56 0.86284537 0.48697431
6 -0.56920594 -0.01636771
86 0.50885740 0.72624896
32 1.24840385 0.63608819
69 -1.26992033 -0.83472436
64 -1.40603849 -0.82265401
66 -0.07262507 0.32392511
9 0.56426151 0.49373611
65 0.16309672 -0.28290455
19 0.42281248 -0.59127071
48 0.75559007 0.93928731
97 0.49743591 -0.08364833
81 -0.88168590 -0.23010683
43 0.25477440 0.38944297
91 0.34442906 0.01623239
25 0.05997215 0.15617875
14 -0.04690204 -0.03474938
96 0.55691882 -0.12956883
80 0.24765655 0.42351483
71 0.78447261 1.14868550
87 -1.49046036 0.04198541
13 -0.85006486 -0.09414867
30 1.26984534 0.62333004
42 -0.38802167 0.38047628
79 1.54121782 1.24544702
50 1.04746562 0.56898813
70 -0.39634950 -0.01969087
35 0.39702198 -0.06672554
41 -2.16079538 -0.21975026
33 0.32460324 -0.01642656
22 1.31876542 -0.12338787
77 0.48959164 0.11336888
63 -0.24199935 0.10023148
60 -0.22789152 0.57795851
11 0.54334482 0.48215418
72 0.15927881 -0.02356845
44 -1.26616935 -0.92108399
76 -0.21441477 0.51181732
24 0.04809906 0.13851270
92 0.48365509 -0.36533049
21 0.33086625 0.79663241
68 0.42595068 -0.23111583
36 -0.11911862 0.04390026
7 0.67152227 0.30989503
78 0.65835287 0.38395434
67 0.10489919 0.78386649
62 -0.39283893 0.81356062
75 -0.30598180 -0.24903741
90 1.89580682 1.43964333
28 1.45398640 0.89876189
88 0.33294937 1.04597138
18 -0.75205587 -0.81150084
31 0.45679448 0.54052453
59 0.69254059 0.24912838
54 0.01613105 0.21193878
38 1.96582690 1.42260062
45 -0.23353301 0.15780085
53 0.30144443 -0.12272289
98 0.97726386 0.88193978
29 0.36806159 0.26561931
73 0.36548562 0.84905643
