642 -0.48457394 -0.63257057
802 -1.78024203 0.65162305
601 -0.24683407 0.51178286
470 0.29809706 -0.18791014
102 0.22048410 -1.40242147
787 -2.17400490 -0.11801517
467 0.08610224 -0.19349486
762 0.98387383 -0.32781079
757 -0.93753543 -0.91826473
364 1.57612037 1.68236462
370 0.41967202 -1.89144162
689 0.63216112 -2.27858943
882 -0.08438235 -0.97874540
653 1.61209457 -1.44165735
673 -1.79321083 -1.36808034
108 -0.89827458 -0.15667337
26 -1.18318771 -0.79541239
923 -0.13815192 0.84457547
974 -0.20283291 -0.47847964
128 -0.95746223 0.38035358
205 0.82479676 0.60103947
883 0.78747985 -0.47904036
764 -0.13606544 -1.62385764
155 0.20545766 -1.05190102
86 0.90116603 -0.83766724
775 1.41721141 0.91370707
342 -0.50792608 -0.52762027
801 0.73928722 1.25825342
956 -0.35832070 -0.59731507
980 -1.19809634 1.12718834
306 -0.67367947 0.45578600
711 0.02324036 0.72225649
578 0.13041494 0.34730464
489 -0.44223803 -0.57628754
298 -1.58446901 -1.29113217
588 -1.11614946 0.87449689
369 -1.08569241 -0.91405439
508 0.99307817 -1.02044888
966 0.87035964 -1.29810826
916 -1.31969418 1.72630844
635 -0.70844739 0.57423044
610 -0.16242570 -1.37512319
984 -0.05260128 -1.44256635
389 1.74522440 -1.27983234
810 0.67329775 0.75691041
290 -0.75170421 -0.21737447
852 0.92222463 0.58999842
111 -1.54071138 -0.84141404
991 -0.37183281 0.28204618
587 0.75757685 -0.64487151
84 -1.92746516 1.18415849
431 1.27882754 0.30940916
855 0.68247820 -1.21107951
455 -1.00736547 1.40186431
424 1.12709604 -0.42164143
654 -1.69553093 -0.56261617
281 1.49549581 -0.25723180
859 -0.22215704 1.64168319
953 -1.42242202 -0.13200420
421 1.14279927 -0.38426267
297 -1.32181991 1.27693123
332 1.73774682 0.53732870
266 -1.63895092 -1.10325416
690 0.42101621 1.34166072
497 1.40611735 -1.82006940
591 1.26201622 -0.61089127
146 1.77699517 1.26305559
592 -1.54987656 -1.51095312
275 0.86242909 1.13944441
994 -1.00419245 0.05181776
615 -0.04193056 0.63740602
291 -1.49695278 0.71126664
865 -1.85355465 0.87938892
165 1.02976800 0.99289906
107 1.43951089 -1.54780209
199 0.04435131 1.56751484
175 -1.79862145 -1.46411568
807 -0.65050101 -1.67772630
231 1.42569158 -0.57527474
315 1.54181234 -1.38391123
408 1.39971313 -0.08579067
728 -0.96320464 1.95371688
760 -0.05392593 1.04311924
235 -0.95695895 0.87115479
518 -0.91573579 -1.81151989
552 0.72715935 -1.53289658
245 -1.47908759 -0.08701084
796 -1.11672943 0.26766533
257 -1.00429566 0.98489690
818 -0.71565130 -1.45168150
325 -0.89579198 -1.65270541
448 -1.46105970 1.76515828
136 -1.02125762 0.89305961
36 -0.77390028 -1.69169141
747 -0.35574492 0.07215054
564 -0.09678202 -2.35127498
753 0.54967761 -0.78447904
525 -0.38601244 -0.94369288
125 -0.35870559 0.84465021
184 -0.85121870 -1.69588666
657 0.91932003 -0.92416324
356 -1.20964045 -1.04251844
516 1.76137807 -0.27881882
969 0.91645094 -0.54383381
287 1.84003830 -0.72510430
729 -0.14456657 0.13938451
847 -1.40762736 -0.91452765
23 1.63917621 1.11541287
429 -0.01389562 -0.49467802
964 0.51848979 -0.59872656
761 -1.04229700 0.77270851
860 1.03990671 -1.20927307
939 1.35178563 0.38602879
166 0.74996224 1.82925870
186 0.61665785 -1.46126217
784 -0.07969754 -0.80427188
381 0.02842176 0.92746672
334 -0.30064263 0.51729852
931 1.51787869 0.59303584
49 -0.69150660 -0.39641834
567 -0.47417763 0.71226989
613 0.85151864 -1.30700439
219 0.59902997 -0.69099273
646 -0.89599821 0.50856112
837 0.63093386 0.15218681
15 0.39653156 0.34920548
347 0.86599438 1.13730881
545 -0.80250911 0.45546534
336 0.12016830 -1.21086484
478 0.98364089 0.96011061
406 -0.35397075 0.63700125
303 -0.35119009 1.03190422
680 1.15826070 -0.08715070
271 -1.10312078 0.36486189
504 -1.94080484 1.33762467
296 0.55991107 0.12094423
990 -0.58488783 -1.05921775
693 -0.68277173 -0.77642617
692 -0.50055009 -1.10183383
907 -0.02474169 0.79760565
954 -1.22276595 1.22675547
324 1.57809923 -1.56554520
556 0.11351280 0.73587130
60 -0.43509466 1.47076655
500 -0.98840770 1.12413905
167 0.30377868 -2.09386839
695 -0.49759718 0.21675447
460 -1.80806335 0.65479879
768 0.63942736 -1.23152841
25 -0.64328589 -1.05146236
829 -0.97464893 -1.21402751
61 0.00067698 -0.35546809
553 1.06615563 0.31701001
65 1.49667791 -0.14662010
415 0.72817335 -1.52726971
469 -1.71528760 -0.32385546
380 -0.55920956 1.19615033
282 0.44976954 1.03190293
112 0.45574880 -0.36277548
789 0.52012556 0.63244713
198 0.45356821 0.31302777
506 0.90369847 -1.48331080
354 -2.49380375 0.37701070
328 -1.17999782 -0.28641650
375 1.29477544 -0.76935681
897 -1.55615131 -0.43104216
144 -1.05826771 -1.30090276
147 -1.76625859 0.95763227
349 -0.99602485 -0.32236467
566 0.93814184 -0.98560029
978 -0.86492236 0.55616444
135 -0.41288764 1.24089956
617 -0.16390184 1.69076601
523 -1.80514712 0.35700031
66 -1.35449722 1.42920582
662 -0.67388263 -0.34269142
240 -0.93907493 -0.33743774
98 -0.79757043 -0.35570628
599 1.20242759 0.47169737
346 0.44726637 0.23428291
713 0.35357005 -1.29295445
95 -1.01026501 0.72248183
840 -1.90827041 1.38736687
87 1.02501470 0.15101755
622 1.10995841 1.76220566
204 1.21983106 0.69802176
110 1.16096719 -1.62281003
75 -1.48904796 0.59596652
299 -0.37596647 0.52427667
206 -1.53808472 -0.02031879
726 -0.91510864 0.24553727
318 -1.46826680 -1.48899497
549 -1.26387717 1.57362109
463 0.18749624 0.89073198
404 -1.15787388 1.26537540
244 1.73068796 -1.48428152
783 -0.79029426 -0.00629588
225 1.07863502 -0.06993870
559 -0.43357907 0.17478127
999 -0.37499607 -0.97551074
597 0.76838059 1.15115401
884 -0.01502214 0.79115449
90 1.08748711 -1.36448723
632 0.38780585 -0.24608952
945 -1.31853573 -1.01481052
384 0.87270439 -0.40319700
258 1.47540540 -1.09951538
656 0.10332934 -0.91075692
926 -0.29780607 -1.37422336
742 -0.04199795 -0.58284033
698 -0.53315221 0.31850279
794 -0.74492689 1.45743615
122 -1.56868374 1.30628646
207 1.15200693 0.95659449
992 -1.77905322 1.22355133
930 0.05196475 1.01573330
1 0.82048712 -1.39831302
355 -0.43019253 -1.93152702
873 -1.06208964 -1.21852561
401 0.86108444 0.87662439
486 -0.28162665 -0.30140254
12 0.43043149 1.82592867
623 1.29265480 -1.39739858
34 -1.43449170 -0.91871135
902 1.42153519 1.54866111
265 -0.26850542 0.93068128
816 -0.23046820 -1.24451280
565 0.97911636 -0.46154883
319 0.64512292 1.98290026
910 1.01462669 -1.33488035
779 0.78709324 -0.31505450
509 1.40464008 -0.60714718
251 1.18207583 -1.33003013
9 -1.25229514 1.51381660
633 0.04171666 -0.26907654
141 0.55571080 0.52261283
699 1.11062322 -0.01459313
365 0.59437047 1.61251919
134 1.47090687 1.04588414
511 -1.96194788 0.25122361
241 0.41596970 -1.48124005
922 -1.08574337 -0.21505398
89 -1.38086707 1.15918539
183 -1.63616045 0.66596142
487 1.17519588 -0.91419245
877 1.21195687 1.35610364
686 0.72867526 0.71656555
604 -0.29535790 -0.22630703
63 -0.70155507 0.40743319
148 -0.63820295 -0.95436432
870 -1.62480979 0.06510368
149 -1.63940977 0.31738315
196 -0.41301431 0.27989598
374 -0.38950647 -0.22838947
337 1.08065806 -0.65312742
967 0.98700085 0.73684699
187 -1.05135382 0.11539638
132 0.52932333 -0.25107532
857 0.67357782 0.54317286
358 -1.19432608 -1.42407113
475 0.07948033 -1.15767195
672 -0.51763872 -0.56699384
442 1.35974759 -1.20740239
814 -1.04935144 0.48155835
220 1.42733983 1.14032839
756 -1.28502341 0.53890832
145 0.61395085 -0.51230952
51 0.27171166 -0.66532367
845 -0.13026851 -1.54994203
997 0.58015275 1.02682138
503 0.96269619 0.73739095
932 -1.56516975 1.79043463
881 -0.81499990 0.31202728
774 0.97249724 -0.69800975
182 0.34826270 1.15457642
13 0.73034566 0.36166890
755 1.20494107 -0.92207272
190 -0.25709120 -0.10699792
242 -0.95798252 -1.33118174
928 -1.56248157 1.55010156
491 0.77188015 -1.14565155
33 0.35571628 -1.36250377
395 0.11275798 1.42371376
239 1.06343579 1.64393795
202 2.04315565 0.40830866
428 -0.98401342 -1.53844561
543 -0.42948296 -1.68007956
574 0.04309289 -1.82596777
563 0.73263803 -1.25652286
743 -1.09918143 -0.29600903
93 -1.38522376 -1.49716911
269 0.36655860 -0.49195452
331 -1.02010015 -0.02585101
598 -0.35217203 -0.08403128
832 0.15748143 0.76989436
675 -1.49151876 -0.22305987
730 -1.63032610 -0.03000152
887 1.34718708 0.81215951
280 -0.85216721 1.18657476
314 1.15477753 0.70938970
715 -0.08538713 0.81831308
392 -0.01369186 0.15874419
130 0.85785287 -1.41793137
311 -0.44465984 0.68609763
947 1.67664619 1.47193461
345 0.30165775 0.68094694
158 -0.57925486 1.88211177
353 0.36150457 1.43353907
948 -0.23573672 0.71220035
293 -0.88909253 -0.37216207
708 -1.50329979 0.90066853
580 0.99784848 -0.08341325
461 -0.04148931 0.36194878
607 -0.98484106 -2.10258791
20 0.61103188 -0.24075386
589 -0.07997051 0.53143752
710 -0.60666796 -1.82707228
41 0.04897049 -0.20784774
452 -0.59193653 -1.49011654
422 -0.26184571 -1.06857919
803 0.77326643 -0.64870118
77 0.70076431 -0.43531185
40 0.82632356 -0.08705247
339 1.12560378 -1.50640132
101 0.73680546 0.64911397
519 -0.82233914 0.04706519
286 0.10361925 -0.71026894
790 -1.11530800 -0.42205926
0 -0.85148781 0.66430218
163 0.20845050 -0.52927495
878 -1.46527434 -1.60638896
371 1.27084466 0.76229349
261 0.07777564 0.76013546
57 1.33746297 1.06435557
313 0.71466113 -0.05371872
377 1.05199697 0.99867303
773 -0.59973234 0.78656618
866 -0.17029129 -1.73286235
52 1.23429616 -0.92069596
833 -1.07083937 -1.01735568
758 -2.00001230 -0.25019235
441 1.28401793 -1.19953551
113 -0.41264929 0.07222972
436 -0.62197539 1.19131289
17 -1.76406796 -1.21222902
684 1.06087135 0.88109825
752 0.30079740 0.16219558
793 -0.30063592 0.12757287
210 -0.83947697 2.09945941
423 -0.79291427 1.69573111
330 0.98801621 -1.38432977
139 -1.54521291 0.98979818
505 -0.02032780 1.54589475
665 0.53534868 -1.33253647
678 -0.97025008 -0.30580206
55 0.54870274 0.73595070
671 0.60059931 0.88826078
48 -0.59280936 -1.10658426
683 -0.64384590 -0.95173459
493 0.94779508 -1.62412935
174 -0.39121694 -1.16370546
116 0.92084513 0.16318341
705 0.43268421 0.13313775
259 0.82000573 -0.39079175
917 -1.12585225 1.62383302
890 1.12013524 0.57129996
222 -1.42487732 -0.78882160
624 -0.97196381 -0.87781660
727 -0.32512928 -0.55007493
47 -0.45803783 0.68311017
838 1.23997204 0.74639162
961 0.28030423 -0.65370190
981 -0.64924417 -0.56813853
634 0.74245287 -0.00363207
426 -0.84284650 -0.91689335
387 1.63619392 -0.15047741
960 0.56443367 -1.83240548
99 0.09823296 0.58276320
539 0.59473942 0.63671248
740 -1.56898145 -0.79465492
822 0.26689929 0.72038118
590 0.24683734 0.01336378
750 -0.02813697 -0.30823662
133 1.05583180 -0.07059045
417 -1.76732354 -0.08354944
898 -0.47052341 1.36390036
440 -0.12458675 -0.07916023
510 -1.10475150 -0.84833698
799 -0.11185822 -1.05230950
351 -0.58296983 0.10287561
546 1.00797819 -1.60282094
849 -1.03422329 -0.20877153
21 1.04620505 0.21765664
651 -0.75327479 -0.47141229
763 0.64202166 0.92680933
649 -0.24497395 1.30513260
502 0.20799161 1.10253283
712 -1.08333876 1.07520225
115 -0.52112319 1.04317825
918 -0.21988359 0.55401851
14 -0.04333345 0.61137966
995 -0.73725339 -0.73722041
808 -1.07765089 -1.20237624
284 1.02331882 1.23488936
253 0.56885350 -0.37602661
445 0.04245138 0.14810059
934 1.41282463 -1.19952620
968 -0.35671995 -0.04499722
221 1.41891205 -0.00294962
772 -0.98993039 -1.02761239
900 0.94001338 -0.78996315
10 -1.14432706 1.55232416
647 1.85541613 -0.22345862
722 0.23282960 0.74264323
972 0.67834658 0.13907727
731 1.57098302 -1.21740397
863 -0.63964690 0.76202854
555 -0.99240862 0.14526232
320 1.63168926 -0.31347473
856 0.79558212 0.17716474
600 -1.29695058 -0.80801672
124 -1.12806816 -0.89673580
718 1.04816279 -0.94775877
419 -0.32473286 -1.27805914
38 -0.58520274 1.31072847
644 -1.21865355 0.98689321
786 1.15051513 0.82267049
724 -2.07235979 0.42920225
861 -0.83256217 -1.22053123
238 -0.69474699 -1.09132404
682 -1.15817556 -0.05198959
494 -1.14183567 1.21015867
938 0.76927312 1.86195504
674 -0.24363173 0.65923829
854 0.21830545 1.24040311
326 0.34616259 0.23203546
137 1.04405697 1.14547398
2 0.63672553 0.02541800
97 1.60551670 0.20024559
798 0.23077559 -0.02802245
79 -1.53362345 -1.86854368
208 -0.30652741 0.65727908
188 -1.39084869 -0.81021927
385 0.43689744 1.26296810
831 1.00601732 0.74179312
912 -0.44211124 -0.26493539
193 1.13871417 1.79600644
398 1.76970538 -1.55259317
596 -0.60520030 -0.58955838
824 1.70780101 -0.85009584
43 -1.22080292 -1.15981039
513 -0.98765043 -1.39767559
929 0.42461166 -0.71030878
535 0.29239634 -0.79603575
886 0.04926585 -0.18448242
7 1.48134146 1.37663235
701 0.49148080 -1.24346309
228 -1.72781495 0.03146983
94 -0.30426629 -0.39379487
663 0.04913411 0.65762815
29 0.82350826 1.28306651
333 1.38188496 -1.28205392
96 1.59312019 0.43749471
676 0.43097580 -0.31228627
637 -1.25967498 0.23113279
920 -1.52676130 -0.08371827
875 -0.35562930 1.03990610
276 -0.46434373 -0.91161031
250 -0.18121884 -0.18994213
92 -0.71370821 -1.29778849
949 0.75578581 0.99500583
965 -1.03947636 1.28292328
438 -1.25786364 0.09154085
638 -1.16868378 -1.78174748
659 0.03790998 -0.91326918
669 -0.39846484 -1.23925995
278 -0.35629143 1.14952505
788 0.37055784 -1.70338693
841 2.14262877 -1.67665905
616 -0.27014582 -1.49379570
413 0.31406685 1.28178750
471 -0.21264256 1.04972322
317 -0.93433179 1.48415268
888 0.40764024 -1.30674383
853 -0.03859520 0.04389370
732 0.59154670 -0.23228388
577 -0.56060669 -0.38675192
868 -1.33649188 1.14245671
800 1.97058460 -0.60764566
721 1.93770758 -0.96780715
39 0.45602601 -1.51160319
846 -1.30401258 -0.33908900
223 0.59234727 -0.90899106
481 -0.05527570 -0.18839108
268 -0.65867415 0.98170011
739 -0.85434839 -1.36700472
639 1.28333995 0.62913878
496 -0.18964554 0.77169401
862 -0.87725188 0.07814385
211 0.31348051 -1.55777485
427 -0.69669530 0.67480267
106 -0.16361508 1.81767771
168 -0.67096119 0.26034318
105 -0.69803033 -1.15309221
120 -0.61316415 0.58569395
554 0.36166560 -0.17984567
681 0.47520150 0.74716542
996 1.61679470 -1.63436457
876 -1.13469640 0.70462527
993 -1.37313571 0.60513804
584 -0.80736803 0.40738584
308 -0.81112004 0.60873983
368 0.62389956 -1.65418747
50 1.29955839 -0.77850786
100 -1.36687353 2.05810922
688 0.58967994 0.29527874
123 -0.99574949 0.94190688
823 -0.88506965 -0.18774941
434 -1.59285697 -1.55413899
4 -0.57751789 -1.46421866
655 -0.84979024 0.86983592
468 -1.51422385 1.00752273
670 0.24716629 0.78580561
31 -0.31494601 1.49698317
748 0.60062727 0.47798808
771 0.98500791 -0.66793810
507 0.88604303 -0.42960977
264 0.63380337 1.22681855
844 -0.41170228 0.68974790
983 1.70706928 -0.88802777
940 1.70311124 -0.32804685
933 0.87339253 1.21287160
457 -1.72793967 1.54109898
154 1.29856857 1.23688118
482 -1.02509415 0.71981567
717 0.77996259 -0.17630615
576 1.32110379 -0.95777361
3 -1.09216205 1.13587394
157 -0.88410290 -2.01392518
267 -0.01362643 1.49309912
572 0.09551175 -0.40250162
360 0.62374109 -0.15830171
361 1.32619442 1.35898597
409 0.49987381 0.47346719
704 -0.45397384 1.16294586
570 -0.57927939 1.89249967
986 1.57315873 -1.78326407
400 0.89564529 1.65247135
443 1.20472455 1.32389212
178 -1.17476866 0.51123850
720 -0.86928484 1.34535273
68 -0.56186887 0.13790094
894 0.50810026 1.53674057
619 1.56401610 -0.94992326
5 0.44676678 -1.05310022
891 -1.35122256 0.25824217
612 -0.62668510 0.26654025
138 -1.26102226 0.12479475
335 -1.27658520 -0.69054013
944 -1.93031089 -0.85691755
946 0.25638666 1.35464415
59 -1.89099719 -0.54525598
685 0.89783187 -0.17019632
906 0.30699239 -0.32497944
937 -1.66779412 0.80755139
76 1.54433872 1.45434907
605 0.76877105 -1.67051127
35 -0.04926841 0.79491879
279 0.22637727 1.21314990
301 -0.66079707 -0.57732420
767 -1.02036476 -0.88408994
143 -1.44117995 -0.26034804
382 -0.46552023 0.12397879
904 0.86568931 2.14700035
341 -0.38402294 0.97022864
480 0.82197580 -0.08986229
490 -1.32971039 0.79749236
73 1.42739182 -0.44970450
30 -1.70222811 0.62320237
697 -1.36317436 -1.39022005
292 -1.66588817 -1.71811135
759 1.43094048 0.32526637
156 1.66835720 0.02860818
892 -1.29547123 -1.17447302
696 -0.41216245 -1.37138855
181 -0.84259330 -0.59995635
780 1.48475087 -0.07778020
544 1.14529640 -1.20087631
414 1.38829680 -0.10736634
67 -1.06259168 0.68002360
344 1.92003832 -0.66383536
307 -0.82014090 0.89072507
388 -0.07300254 1.55129226
547 -1.35224750 0.01187666
151 -0.76290976 0.12121644
745 -1.66225357 1.43165881
989 1.01616958 1.43985055
209 -0.33333832 -0.59846779
850 1.39197069 0.88588345
197 -0.81137592 -1.24151042
62 0.07619740 0.08598516
397 -0.16858994 1.51582534
302 0.02749777 -1.60584840
806 1.09754861 -1.61077340
903 -0.92797918 0.48175405
437 -0.46324832 0.51729239
88 0.09073094 -1.10937631
709 0.69962668 0.44199982
300 1.14944569 -0.13325385
963 -0.73921700 0.58621127
951 0.59141289 0.03186888
550 -0.60588922 0.35484146
540 -1.16832717 0.81915419
630 -0.57511153 0.87502358
449 -1.14791273 0.80309170
418 -0.76429593 -0.03248023
723 -0.33382056 -0.30917581
908 0.77685388 0.69562333
192 -0.48744689 1.22975207
309 1.49768305 0.31792315
161 -0.93115219 -1.35493573
529 -0.19935965 0.03378994
975 -0.89896441 -0.93662848
766 -1.49926460 -1.54357978
583 -1.37803210 -0.96205982
327 -0.70050602 0.54176854
363 1.34093950 0.18120834
19 -0.92345888 -0.61021689
738 1.04253331 1.12605657
664 1.24110482 0.72321389
936 -0.61842615 -1.42781563
394 1.03291026 -0.45099663
864 1.60649975 -0.01675458
24 0.89052325 -0.94567199
970 -0.97467303 1.26960614
749 0.64635919 0.50694063
901 -0.15578659 1.28004720
432 1.42552810 1.22965880
805 -0.88151096 -0.34481810
911 -0.91465253 0.33933579
185 -0.79675015 0.90347167
537 -0.58541867 -1.81715206
484 -0.78400725 -0.85344993
754 1.00913384 -1.14400159
234 1.83678742 -1.78469820
501 0.71798825 1.20194551
522 -0.53555317 0.80607770
582 0.92576735 1.72162287
924 -0.75543700 -1.25525677
795 -1.45359073 0.16059369
825 1.17622167 -0.98927633
533 1.42416284 0.95561441
56 -0.09428643 -0.42599688
173 -0.30400826 -0.72061015
305 0.43873364 -0.38673561
152 -0.07429096 0.99581925
109 -0.46889478 -1.21832432
402 1.34371466 0.88863733
439 0.01069880 -0.57896148
273 0.94130968 0.89152308
925 1.39662391 0.67011970
262 -1.37049914 -1.63949337
679 0.23551601 0.99451455
716 1.65890272 1.03064381
848 -1.03098271 -0.24757215
233 -0.48510942 -0.73975734
412 -1.15477749 -1.50804930
826 -0.17820996 1.40920299
289 0.02971555 -0.38367868
725 -1.14030894 -1.17956443
127 -0.48172824 -0.38723028
472 -0.07637745 -0.87469778
348 1.10814668 -0.10418208
119 -0.64938354 -1.74691201
498 0.28939108 0.19001590
640 1.47815202 -1.41030575
171 0.68309887 -0.74188919
46 1.72810234 -1.04425901
885 1.51888089 -0.60867138
827 -0.84598987 -1.65186833
985 0.07859746 1.13711440
226 0.36577151 -0.78859462
453 -0.13047266 0.72684057
294 -1.29632800 -1.13536344
746 -0.99016418 1.41159371
952 -0.80656339 1.22059008
83 -1.25465068 -1.89022345
919 0.26845892 -1.52622129
126 1.12406670 -1.23642554
643 -1.40704093 -0.54427594
988 -0.92529804 -1.35768972
254 -0.34607587 0.44949017
973 -1.68476918 1.85962931
782 0.85596351 0.07845892
316 -1.06312487 -1.23061289
118 1.15781671 0.64125918
454 -0.14572081 1.41066948
541 0.02111858 1.68618287
834 -1.05814013 0.24180617
703 0.08467243 0.20261990
621 -0.91308456 -0.10002015
247 -1.50241096 1.90860860
476 1.37095197 -0.38210815
85 -0.44082390 -0.83445005
288 -1.38207550 1.49995618
44 1.57621746 1.14720014
11 0.98011061 1.05470148
180 1.56637457 -0.90562581
366 -1.18722590 -0.15621341
813 -0.43190985 1.30586418
817 0.17755511 -0.39440637
658 -1.39968651 -0.32853200
977 -1.43172045 0.10709719
976 1.18572444 0.60094758
579 -0.96184172 0.31740998
229 0.19255830 0.65202891
909 -1.03787607 -0.91641064
285 -1.49251464 -0.03616051
744 1.15740361 -0.74819768
661 -0.02141179 -1.08767879
246 -0.29082709 -0.66737246
915 1.12527571 0.32188567
781 -1.29077481 -0.97008509
842 -1.21861432 -1.19227194
236 0.81399485 1.56181218
769 -0.99086626 -1.01296302
606 1.13918357 0.64778401
927 0.87003205 1.46673349
104 -0.89590125 0.84942325
82 1.15846074 1.28377246
517 -1.44642402 -0.05073216
117 -1.20885516 -0.91207066
227 -1.23463116 1.20273610
191 -1.81790149 -0.39981198
626 0.72435178 -1.38011732
372 0.83049278 0.90038096
194 1.46444765 1.12427202
867 1.09589814 -1.42344322
770 0.56310966 0.59773957
465 -0.40026640 -0.02219319
858 -1.01669445 1.07108480
551 1.49273916 0.75523150
142 -1.62372041 -0.88205584
734 0.24712137 0.75096626
618 0.47004333 -1.22010446
8 0.63599008 -0.86531982
343 0.92357125 1.08511914
575 -0.28734453 1.31983649
321 -0.06644180 -1.16624056
248 -0.79021522 0.75562751
776 -0.25569157 -0.25546696
399 -1.49401029 -0.11324711
714 0.69212350 0.62878838
283 -0.44314462 -1.46343644
495 -1.76123501 -0.57817712
532 1.64944179 0.35447563
224 -1.27513510 -1.66218602
18 -0.87526130 -0.24745400
201 1.19178560 0.11470394
189 -1.89635132 0.37457671
64 -1.23655001 -1.12422717
153 1.42683974 -1.52879296
6 0.83870971 0.61598574
203 -0.57184497 1.56535314
573 0.21372390 -0.23895534
751 0.70134697 1.18482080
913 1.17729835 0.98202810
150 1.89457847 -0.33924986
666 -0.50049959 -0.70200773
811 1.63006623 0.46702093
536 0.62500931 1.67381001
812 -1.33491368 0.38947536
628 0.99009241 -1.04017810
548 0.90193978 0.71988086
694 1.47617518 0.62515605
170 0.50234778 0.22546541
252 0.65878594 1.86681090
217 1.79095984 -1.14572055
255 0.20172551 1.21043541
232 0.30404710 0.35913913
631 1.76243162 -1.58878459
410 1.91816593 0.86572910
820 -1.25482276 -0.04100641
542 -1.49098929 -0.39473011
458 -0.43956498 1.01465765
477 1.33180794 0.29558699
777 1.52651081 -1.57786775
707 -0.82817127 -0.57146940
650 -0.05711189 -0.85891114
627 -0.64094844 -0.61127082
561 0.17680591 1.38075235
785 1.05546099 -0.51321889
310 -0.89838809 1.63685187
435 0.58129621 0.50384091
872 -0.74377013 0.33673082
383 1.34820016 0.11500178
45 -0.73287337 1.90503282
797 0.75733322 -0.24666532
215 0.43735791 -0.58206260
304 1.41156525 0.67420558
367 -0.95020242 -0.72155783
520 -1.65345556 0.11711163
350 -0.28121365 -0.72243325
295 0.35709414 -1.36648102
524 -0.05208290 0.80140197
962 -1.05908610 -1.14146568
179 0.62557575 -1.50513271
393 -1.11252945 -1.50783483
603 0.62157666 -0.48709825
386 -0.50495398 -0.81966350
828 1.20774523 -0.63262407
538 -1.40688612 -0.31830759
893 1.05279614 0.21152574
648 0.51305682 1.39407737
488 0.98901834 1.31533214
459 0.60892753 1.88639832
987 -1.39161625 0.52281501
376 1.51255864 1.86368249
114 1.28913012 0.50761128
407 1.04838453 1.35980605
54 1.47249119 -1.19044143
131 0.68557997 0.25860695
323 1.06238257 0.90592007
982 -0.86893618 -0.63555371
362 1.57395809 -0.02977199
451 -0.95758212 1.11491439
979 0.16806797 0.95327965
971 1.34257067 -0.21390807
492 -0.26273147 -0.54605587
614 -0.87973611 1.31676056
835 0.30139286 1.31004876
515 -0.84825041 0.43547179
446 0.80776176 0.77106471
942 -1.29272826 0.19547882
256 -0.01386199 1.58531716
869 0.26691982 1.77962825
843 0.16733465 1.73403848
340 0.10967854 1.32741922
706 -0.66301819 -0.87861004
444 1.03228644 -0.57332941
531 1.41705810 0.80375704
260 1.48370345 -0.04364123
804 -1.14562997 -1.19383747
425 -1.58718396 0.10259193
27 -1.52389368 -1.12869943
652 0.41152107 0.30031060
103 0.89141012 -0.85265079
32 0.27545305 -0.85625089
914 1.01854030 -0.12080435
479 -1.45301075 -0.38311122
74 0.43935821 -1.30717535
373 0.10218323 -1.29188978
72 0.10175224 -0.93047696
741 -0.16669962 -0.64947347
243 -0.26674295 1.30219691
593 -1.03380309 -0.14375811
677 1.22348912 -1.44074373
557 1.52492622 1.38841590
691 -0.09287646 -0.79472255
464 1.34750916 -0.53667798
765 0.07896679 -1.39299185
22 0.50972315 -0.60754873
164 1.25556998 -0.11965056
272 0.18969236 1.27279036
71 1.01797824 -0.79877682
558 -0.44196483 1.35377132
871 1.32653539 0.21514245
462 0.42545123 -0.73378236
719 -0.84210051 0.53269524
957 1.68777185 -0.17179318
702 1.09880277 -0.90399339
129 0.48409132 0.80998955
78 -0.11693442 0.89436338
625 -1.27151243 -0.79998071
390 -0.42786433 0.24386929
176 -0.35811284 1.22540978
28 1.12015452 0.93206681
405 1.15611178 1.19915930
216 -0.83967427 -1.49866176
629 0.77102221 -1.02452136
483 -1.47461603 1.60153396
955 1.07903086 1.08813171
450 -0.70369982 -1.29444038
121 1.01394057 0.30066592
70 0.79625163 1.29023627
528 -1.57126870 1.68708310
998 -1.37117412 1.63823542
212 0.58454635 -0.87005129
700 -1.16271215 -1.13352736
270 0.38227018 1.46827359
526 0.39111582 -0.76632140
474 -0.93026728 1.14445343
80 1.60862867 1.70772241
735 0.27095683 0.88268777
391 1.13950271 0.65690626
263 1.08113019 -1.39868276
162 1.26195556 1.42549695
641 -0.69781485 -1.36811963
416 1.56323719 0.88966969
602 0.47643272 0.31821357
159 1.73725520 0.56801318
352 -1.23953895 0.22091174
91 1.83530109 0.01377172
359 0.01999884 -0.32603942
58 -0.46698264 -1.07472575
214 -1.10282281 -0.84571745
312 -0.62787007 -0.73861239
905 -0.48182266 -0.25703687
195 0.54956030 0.20784188
379 -0.28763526 -1.01586968
69 -0.11238993 0.38367660
527 -0.71424166 -0.69547098
485 0.59980523 -0.32774430
851 1.70880250 1.08405236
378 -0.38155943 1.07931689
568 -0.04397873 -1.33673757
959 -1.48621793 -0.78179935
466 0.63332797 0.91224922
839 -0.21155954 1.59775459
514 1.28977480 -0.21996854
667 0.31223734 0.04799012
620 1.46549644 -1.22807099
687 0.62675955 -0.28357978
935 1.51820194 -0.34419057
560 -0.25988301 0.82443138
140 1.49850222 1.53233622
778 -1.48196068 0.27263533
668 0.79808470 0.43818506
889 -0.68165283 -1.21166997
512 -0.40377902 -1.33923318
338 0.72731554 -0.95769768
322 0.96310909 -0.24919203
430 0.45617466 -0.19579507
571 -0.85320095 1.20477183
200 1.57848054 -1.38147110
249 -0.79836445 -0.78077778
274 0.04568340 -0.91146844
943 0.28125427 0.33630994
586 1.01716213 0.66523328
530 1.38678513 0.44119029
499 -1.27355371 1.63225690
896 0.95956950 -1.00025870
169 1.75578331 -0.09940575
611 0.38121720 -0.52319845
809 -0.81437001 1.05073916
420 1.27063264 -0.51538878
172 1.54863058 -0.54151345
53 0.73946438 1.61624499
958 -0.18237928 -1.47342980
237 -0.69908648 1.57598726
660 0.24262186 1.67324090
473 0.85897337 -0.23956422
608 -0.25078629 -0.69339473
433 0.86832699 1.95367371
736 0.79994106 -0.94119830
534 0.78848309 -0.43824608
160 -0.88702036 -1.33917071
895 0.65134860 0.85124132
521 0.04326337 1.17189766
329 1.01203841 -0.44341981
879 0.87415084 -0.78891004
815 0.53577579 0.67887389
81 -0.68444891 -0.14747103
411 0.19986380 0.90738411
447 1.30892915 1.23031567
636 -1.02234394 1.53982357
645 1.39861163 0.24476162
562 -0.43589654 -0.18653934
819 -1.05346502 0.16674464
456 0.81148321 -0.66765144
230 -0.24290867 -0.43359358
874 0.35330210 0.36485437
733 -1.08527898 -0.10062069
569 -0.08190166 0.34493157
213 -0.39780970 -0.38103916
950 -0.72765451 1.43212527
594 1.00135628 -0.75483225
792 1.24520054 1.21089296
836 1.39255464 0.37098202
737 -0.84742069 -0.81629241
42 0.04382899 0.28674271
609 -1.08175913 0.99843817
595 0.76506472 -0.05428133
791 0.70064126 -0.00800097
581 0.01472274 1.82162098
830 -1.28991550 -1.32772398
941 -0.81410547 0.60056252
177 0.10970104 0.05138665
821 0.37801516 -0.90652421
357 -0.57153303 -0.63838213
218 0.14973901 -0.39954000
403 0.25726967 1.60076513
396 -0.58535215 -1.19970518
37 -0.42031355 -1.20979589
921 0.28689311 -0.14886137
585 -1.17441427 1.17278939
277 -0.07884343 -1.44627325
16 -1.03461867 -0.32579558
880 -0.94100981 -0.39559697
899 0.08086398 0.64321439
