18 -0.13113891 -0.19049979
28 0.27471551 -0.72267586
21 -1.05113565 1.06550337
11 -0.63915753 0.47152545
10 0.32215321 -0.77922747
16 -1.20911264 1.61979160
1 0.42220577 -0.72819482
12 0.31130198 -0.47181450
14 1.04269650 -1.13007955
22 -0.60649237 0.66219287
3 -0.69135970 0.67705777
25 -1.09320611 1.26958239
15 0.87253698 -0.70966394
2 0.00397561 -0.27457156
9 -0.39363169 0.30784095
8 0.81306926 -1.07338881
24 -0.30516058 0.02202144
13 0.63658826 -0.82662179
26 0.49712181 -0.72739860
0 1.55742637 -1.41465826
5 -0.08647360 0.03122470
27 -0.58535710 0.49821526
17 -0.95134118 1.11338383
20 -0.69804005 0.87646669
19 -1.04440386 1.19825768
23 1.23568194 -1.42488049
29 2.12101404 -1.37745519
6 -1.50909658 1.90246750
4 2.19573362 -1.16204190
7 -1.31111334 1.29764103
