4 3.91981659 -4.06152332
1 4.31772388 -4.08849396
3 3.90243676 -3.88549295
2 4.25917511 -4.25093761
0 4.12148437 -4.29057190
89 -0.10842429 0.35629036
65 -0.09599348 -0.05921676
47 -0.24520869 0.49378630
39 -0.49616801 0.62346105
99 -0.59781862 0.45384019
44 -0.97079388 0.89329577
50 0.00797670 -0.14910968
40 -0.74725881 0.62940926
64 -0.56237026 0.35427140
58 -0.07280360 0.09389473
71 -0.07120420 0.03899198
16 -0.42362244 0.35829536
29 -0.13530815 0.36259745
57 -0.28390498 0.23284833
14 0.16970856 -0.16432049
72 -0.17781362 0.33857991
9 -0.26757723 0.14419728
97 0.14257046 -0.17418387
15 0.56649335 -0.38141873
24 -0.15757094 0.15795405
30 0.00297544 0.08132110
70 -0.44979782 0.46096445
41 -0.03103639 0.27785544
25 -0.01038947 -0.20787693
23 -0.11397403 -0.25332524
43 -0.23445312 0.49006465
32 0.10731933 -0.09060539
86 0.33926059 0.27415232
59 -0.22109725 0.22932417
87 -0.07534710 -0.19757752
74 -0.29691980 0.26104628
10 -0.36342523 -0.00025852
82 -0.08500271 0.06997684
22 -0.49957211 0.74517609
68 -0.64961302 0.31136388
69 -0.50696687 0.24701091
13 -0.56057353 0.47046618
90 0.22124383 0.05036152
21 0.06828667 -0.49233757
26 -0.17399891 0.24319009
80 -0.83232657 0.27559325
84 -0.36060302 0.52401212
67 -0.28682729 0.16979511
48 -0.25744610 0.03522412
34 0.25228314 -0.02346611
76 0.07492147 0.05194482
28 -0.08466050 0.06465383
63 -0.16740985 0.13047831
53 -0.03821265 0.04259954
61 -0.16307675 0.23292691
7 -0.60119506 0.21638878
85 -0.14592404 0.12877321
45 0.23650014 -0.09196905
19 -0.36157691 0.34762456
5 0.05876902 0.05892273
35 -0.10416810 0.06401791
17 -0.78068141 0.82674006
46 -0.41987963 0.29504153
88 -0.53847913 0.48077978
92 0.01818474 0.26025824
56 0.18609291 -0.33670852
79 -0.14454878 0.16474133
98 -0.67101841 0.64661846
27 -0.63640193 0.72019901
37 -0.70818265 0.31065671
52 -0.34935780 0.47633893
81 -0.30753952 0.77635025
11 0.00870294 0.07160948
8 0.12417769 -0.03210952
66 -0.36427519 0.58740628
20 -0.83947943 0.99343080
51 -0.48557808 0.55339069
55 -0.57545370 0.58613047
6 0.52194170 -0.28739221
77 0.26834973 -0.28131824
12 -0.45954630 0.57665341
18 -0.85955574 0.69763709
62 -0.36453582 0.23534002
83 -0.46040265 0.45673613
49 -0.13067326 -0.04427312
33 -0.26319477 0.38587376
78 0.07839896 -0.17391225
54 0.42982948 -0.03003472
60 -0.07114091 0.12893532
95 0.26333401 -0.18773063
94 0.32572218 -0.33389116
36 -0.52629002 0.64346245
93 0.06664674 -0.17010683
42 0.15843674 -0.22975864
75 -0.64748014 0.47202168
38 -0.55592907 0.66062940
96 -0.26918811 0.42406122
73 -0.10167598 0.06120489
91 -0.04026468 -0.22612942
31 -0.55857469 0.61686091
