225 -1.49158746 -1.48379534
658 0.63132490 0.62597534
724 -0.63842911 -0.63240448
419 -0.55401588 -0.55050060
675 -0.11631096 -0.12422369
472 0.60989313 0.59390527
692 1.83107218 1.85852162
148 0.48802907 0.49975943
13 0.96493724 0.97011220
470 -0.08094349 -0.07473963
230 -0.98376455 -0.98475140
370 -1.08191524 -1.09176482
143 -0.36998029 -0.38477148
270 -0.89945843 -0.90305407
599 -0.86240988 -0.85444263
651 1.28048062 1.28685346
437 1.50468693 1.52334823
10 0.77013908 0.77269759
100 0.40903855 0.42167644
900 0.87420060 0.85334856
775 -0.62287734 -0.61962772
314 1.37582732 1.38760485
182 0.47213692 0.46338043
699 1.36724859 1.38317030
134 0.09006775 0.09541189
340 -0.22866241 -0.25704304
491 0.62602711 0.62346457
917 1.20937503 1.23007330
324 2.32948040 2.34768411
978 1.01136038 1.02449869
203 -1.41820986 -1.41348605
406 -0.63768292 -0.66257073
812 -0.65166646 -0.65553403
605 1.30840024 1.30717955
746 0.09076441 0.08723583
785 1.62815172 1.63857535
115 0.86291907 0.84484079
944 1.54075474 1.55416860
116 0.97021058 0.98296440
258 0.11202056 0.09586732
996 0.02940814 0.02338765
875 -0.33838758 -0.32881633
242 0.47822249 0.49325114
567 -0.34557043 -0.35941594
49 -0.50352529 -0.50326329
588 0.36100788 0.35067664
744 0.17515064 0.15195006
416 0.77402397 0.77798155
190 -1.81690059 -1.79785812
817 0.51487843 0.51981928
271 0.55935397 0.54364358
732 -0.32307597 -0.33612939
780 -0.11984979 -0.13221785
423 0.21685015 0.20798463
341 -0.57138251 -0.56677929
953 -0.14108094 -0.14857711
136 -0.73779351 -0.73201148
448 1.50320982 1.51632327
306 0.10566049 0.08068355
138 0.48565556 0.48458471
282 0.50878582 0.50092170
748 0.85334626 0.84288812
197 1.17584071 1.16624109
866 -0.68660641 -0.70130402
409 0.13507679 0.12510348
757 1.13407763 1.12041410
687 -0.63398820 -0.63125699
266 -0.93376816 -0.94930894
946 1.57546643 1.58940890
515 -0.25022788 -0.27333429
311 0.09153567 0.07855085
583 -0.14727553 -0.14835154
561 -0.29921310 -0.29043315
251 -0.38092527 -0.37621621
395 0.73423708 0.72519797
678 -0.24862179 -0.24148585
562 1.03551244 1.02457337
303 -0.35294998 -0.34318856
310 -0.56057921 -0.55878766
621 0.30778509 0.29871328
272 -0.55100377 -0.56536954
133 1.17018249 1.16611619
297 0.17014413 0.15585053
35 -1.00396033 -0.98588488
497 -0.31897656 -0.33068223
204 -0.58336079 -0.60201520
616 -0.07623575 -0.09038560
573 -0.03203510 -0.03627738
452 0.87671149 0.88386533
735 -0.81294020 -0.84051683
331 -1.11555954 -1.11782742
113 1.66585685 1.68021145
899 -1.90582293 -1.90908207
888 -1.84012255 -1.81171769
305 1.27693931 1.29834331
516 -0.88732338 -0.88918031
761 -0.64834199 -0.65370834
781 0.24979913 0.25294117
880 0.64555354 0.64041801
852 1.42121308 1.41877223
831 1.40103576 1.41892675
983 0.21574856 0.22603419
319 -0.17346120 -0.17252363
337 -0.59255824 -0.61120826
618 1.64763087 1.63994841
545 -0.37826520 -0.39220453
903 1.21580387 1.22352206
275 -0.41775412 -0.39780791
698 -0.67387748 -0.67490740
240 -0.13483323 -0.14035041
293 0.36942919 0.35487927
981 0.09234311 0.09847194
429 0.89682181 0.89547610
765 -0.45798666 -0.47069996
405 0.49397305 0.47083266
858 -1.50299038 -1.49582103
958 -0.55174491 -0.54261061
118 -0.76181076 -0.76056592
432 0.30615232 0.30627392
156 -0.28069058 -0.26279581
711 -2.15874801 -2.15605386
803 -0.54530618 -0.54796460
28 -0.72455983 -0.73659972
885 -1.28118937 -1.28624893
335 -0.85098196 -0.85142366
734 -1.21732629 -1.21970126
543 0.51360825 0.50055164
155 0.27349061 0.26092887
997 -0.17867289 -0.21548518
476 0.80984363 0.82461816
942 1.33260829 1.34007604
90 0.80911606 0.81425425
693 1.20365156 1.22189217
771 0.58273461 0.57665975
431 -0.39244432 -0.37084553
719 -0.33667455 -0.35065128
518 -0.12636080 -0.13825971
463 0.40995276 0.40710820
449 -1.08611720 -1.08462082
521 -0.54653163 -0.56917498
102 0.58458901 0.58756007
256 -1.08613908 -1.07604332
893 1.28434282 1.28659456
202 0.34356618 0.34622297
213 -0.57370444 -0.57557062
66 0.47749772 0.46918551
167 0.01301994 0.01090969
326 -0.01601492 -0.02713966
345 0.57302635 0.57038969
243 -0.23298432 -0.22478718
245 0.93875181 0.92327658
769 0.23480123 0.23023929
221 0.23230919 0.21060568
674 -0.76244313 -0.75502962
975 0.18463337 0.17205506
195 -0.60449171 -0.60611411
855 0.67492887 0.67331874
369 0.95403131 0.95012408
729 -0.12117938 -0.10899058
999 -0.80306981 -0.81862727
954 1.19847254 1.19576825
25 0.58470353 0.58358048
696 -1.74094870 -1.73275835
494 1.79700836 1.81393100
57 -0.19410414 -0.20876837
998 -0.58107480 -0.57247398
546 0.21440523 0.20624260
842 -0.19979335 -0.19419703
421 2.38263638 2.41346950
715 0.35240639 0.35114530
972 -1.60150789 -1.58686706
173 0.47593012 0.47224737
986 -0.16001125 -0.16695689
302 -0.88633704 -0.88467817
823 0.55402600 0.55366512
268 -0.64146694 -0.65584921
568 -0.59556860 -0.60503478
81 -0.04801024 -0.05483084
39 -1.54789560 -1.53479688
4 -1.44695737 -1.43392581
662 -1.14574223 -1.14730634
283 -1.74817372 -1.74832807
821 -1.79394971 -1.77843388
478 0.22720796 0.22476547
947 -0.55730913 -0.56465625
214 -0.54065594 -0.53362911
708 0.57065395 0.56464456
53 0.01589901 0.00128486
995 -1.54127541 -1.51741552
772 -0.31235269 -0.33271716
294 0.88532176 0.87247176
347 -1.09394879 -1.09067579
487 0.21200392 0.21508757
477 0.51499950 0.52113109
373 -0.54879150 -0.53976890
680 0.21199889 0.22255669
740 -1.21584271 -1.20119667
843 -1.15218552 -1.16033098
107 -1.50250816 -1.48949057
378 -0.39207567 -0.39928572
290 0.15087079 0.13749318
960 0.22236141 0.21111227
793 1.53623867 1.56128198
598 -1.59362487 -1.58745618
29 -1.03221691 -1.03574055
911 0.50560782 0.48993519
669 0.01459297 0.00928791
344 -0.76503077 -0.79048247
968 1.76005868 1.77412856
637 1.14497166 1.15126538
730 0.01229445 0.01071699
677 0.74900353 0.73849046
222 1.64266980 1.64776801
804 -1.05557990 -1.03181584
563 -0.21069232 -0.24638700
9 0.34274876 0.33677023
890 0.65393269 0.65824665
353 0.79590466 0.80797328
936 0.46234559 0.45593927
86 0.89488196 0.89235585
75 0.51760934 0.51575452
401 -2.07132266 -2.02801887
6 0.00933879 -0.00443799
482 0.68099121 0.68822309
201 -1.46074420 -1.44991096
400 -1.91941369 -1.89228340
99 -0.27552178 -0.30153676
73 -0.01511915 -0.03152156
951 -0.03403253 -0.04705548
720 1.69346101 1.70204267
473 0.35179781 0.34958212
41 -0.00072935 -0.00998520
873 0.88329063 0.89098150
398 -0.81141996 -0.82543885
779 -0.60349683 -0.60581639
427 -1.25199605 -1.24258283
501 -1.34812887 -1.32273081
445 0.90304188 0.89549812
642 0.96435550 0.96180431
404 0.42711925 0.42821925
38 -0.92273038 -0.93896245
819 0.67307688 0.66369391
559 -0.20615214 -0.22757153
557 -0.54572331 -0.55188652
151 -0.05567731 -0.05583410
786 -0.90486667 -0.90966474
385 0.84094845 0.82757449
15 -0.36115342 -0.37436240
976 -1.65014506 -1.62281954
797 0.30317255 0.30406494
44 1.24060555 1.24939700
250 1.46448961 1.46946445
841 0.84895295 0.86482130
537 -0.59416936 -0.60316620
208 -0.27233260 -0.27547123
96 0.11686112 0.10449566
838 0.11410033 0.12594303
381 1.77042719 1.79161241
548 0.27074780 0.26569772
664 -0.35858711 -0.37903756
596 0.07613876 0.06886572
952 0.37267332 0.37612959
589 0.59396240 0.61696056
320 -1.49533290 -1.47833687
622 -0.09589267 -0.12323258
399 -0.11267764 -0.12836048
313 1.08325416 1.10771202
534 0.19608094 0.17855504
307 1.63485945 1.65307512
950 -1.16812264 -1.16233965
178 0.56707071 0.57251723
617 0.48303534 0.48117745
354 1.35262932 1.38587677
718 -0.48364202 -0.47760767
193 -1.38537245 -1.38008174
856 -1.07513013 -1.07699065
352 0.67503629 0.66548224
315 -1.33426146 -1.34777988
882 -0.73285432 -0.74995877
506 0.75170729 0.76675474
517 -0.48725465 -0.48641166
928 0.84758046 0.85819844
586 -0.77449640 -0.76774653
128 0.86021595 0.86306672
525 -1.21036603 -1.20948603
895 -0.19897569 -0.23262848
723 -1.05125576 -1.06366634
613 1.14627706 1.14454660
787 1.67351202 1.69098143
357 0.00018367 -0.01496081
278 -1.81194463 -1.80651119
30 1.01336284 1.00925994
377 -1.19109214 -1.18390881
608 0.24592543 0.24540673
725 -0.32928869 -0.31946958
962 -0.01675432 -0.01788867
627 0.65813344 0.63855268
934 0.11272745 0.11467627
502 -0.77371372 -0.75421390
840 -0.87360843 -0.88146131
672 0.70682060 0.71340659
121 -0.16229204 -0.16750849
76 -0.14218507 -0.14292045
16 0.47793857 0.46736834
481 0.14538293 0.16386407
811 -0.29188961 -0.29541196
244 -0.90162837 -0.91976452
339 -0.60519636 -0.62205912
519 1.00316380 0.98642402
188 -0.97909691 -0.98475476
227 0.20950358 0.19211672
161 0.74584510 0.74341414
881 -0.94487064 -0.94829158
351 1.94102728 1.97630535
349 1.26849994 1.25079967
380 1.63832129 1.62544218
867 1.29670956 1.30112436
745 -1.31248618 -1.30483352
170 1.74908255 1.75489927
640 -0.28311689 -0.30572171
839 -0.14986596 -0.15675028
140 0.12394924 0.10482717
383 0.10348975 0.09709837
721 -1.30514097 -1.29768013
639 -0.55384537 -0.56285174
922 -0.35171366 -0.35740953
500 0.69901481 0.70531735
224 0.75218536 0.75418681
970 -2.04696088 -2.05916393
595 0.21296718 0.21878640
127 -0.20625046 -0.21100076
390 -1.20608972 -1.19930539
570 0.31529450 0.30736079
330 -0.36547749 -0.36506340
602 0.94431522 0.92338655
70 -1.37015204 -1.34762931
859 2.46511930 2.50356609
77 -0.11665478 -0.12442756
685 0.51475839 0.51179752
566 -0.42621664 -0.44785184
157 0.77590168 0.76530469
263 1.32738510 1.34461379
887 0.39113155 0.38753846
265 -1.47906298 -1.48197492
300 -0.27973539 -0.29207875
941 0.26095807 0.24701243
716 -1.52257104 -1.50578150
276 -0.19967874 -0.21075912
847 -0.12614581 -0.13909791
835 -0.42845543 -0.43158338
455 -0.91044231 -0.89319649
8 0.16777700 0.16955809
930 -2.35259465 -2.32515081
532 1.52021194 1.51471849
194 0.84586336 0.85170849
832 -0.03542490 -0.03987456
538 0.23252786 0.22113361
392 -0.09683261 -0.10759659
206 1.12329566 1.12195242
529 -2.33980262 -2.31551777
844 -0.73614773 -0.73083464
526 1.41855277 1.41720074
822 -0.02652064 -0.01148311
703 0.18235625 0.16928689
656 1.87511270 1.88893762
18 0.00644975 -0.00864904
389 0.30131304 0.28392815
768 -0.68000474 -0.67885128
450 -0.68031366 -0.68835668
681 1.05809555 1.05397805
163 1.72462868 1.73453060
991 -0.61929442 -0.63492388
444 -0.84737484 -0.84786710
129 0.48295355 0.48096785
961 2.09461127 2.12237450
51 1.40735805 1.40281419
192 -0.39994176 -0.41666503
292 0.57884446 0.57154787
686 -1.37349089 -1.36995782
909 -1.36117326 -1.33756109
50 -1.07666993 -1.08594957
670 -1.05486215 -1.05888974
110 -1.23728862 -1.23707694
853 0.71606070 0.71390476
164 0.35359414 0.36471039
857 -0.41209406 -0.43167578
601 -1.40073581 -1.38480723
412 1.39631652 1.40057333
393 -0.24073773 -0.25888914
179 -0.90904866 -0.92051244
139 0.68167166 0.68241357
414 0.49263778 0.49415316
105 -0.11036858 -0.11383250
792 -1.50644344 -1.49498152
549 -0.03780936 -0.03922767
184 0.04054088 0.03687512
386 0.47689409 0.46724721
660 -1.14697479 -1.13472223
580 -0.67134854 -0.64697396
123 0.06140218 0.04561751
555 0.12555685 0.10570914
11 -0.24711585 -0.26259484
910 -0.49422513 -0.48882905
512 1.52946274 1.55344538
237 0.07141074 0.05025701
63 2.01416001 2.02319012
706 -0.42949192 -0.43328872
246 1.58852584 1.59125170
891 -0.08444750 -0.08724560
226 0.35747735 0.36292133
175 -0.56448383 -0.56889308
131 -0.38583116 -0.38812500
939 0.96975144 0.96731286
914 0.02912558 0.01350682
359 -0.31786931 -0.32039713
945 1.45306959 1.45606023
814 0.88244326 0.87463754
153 -0.74054886 -0.76472287
673 0.12165000 0.10742000
318 -0.71873821 -0.72487169
541 -0.89080343 -0.89696234
65 1.15100005 1.13805479
480 0.78891006 0.79130386
937 1.74620261 1.75249490
36 -0.23322112 -0.25098857
120 0.57998525 0.56152761
774 -0.48468043 -0.49399592
869 -1.98968037 -1.99783557
644 0.04826266 0.05102075
530 1.00149446 1.00991955
782 -0.38574467 -0.39582641
762 -1.15969589 -1.16212863
101 0.41638016 0.43224240
556 -1.79661162 -1.79229285
371 0.05578046 0.03763115
862 -1.68956154 -1.67528489
137 0.80248988 0.78304899
632 1.08087736 1.06647993
982 0.44632046 0.43294650
332 0.64599384 0.64719502
646 -0.28506512 -0.27501859
809 0.13111308 0.11413557
328 0.05312015 0.04708503
805 0.57916320 0.57971959
896 1.40197433 1.41830905
689 0.31733434 0.31470196
364 0.75717567 0.74430510
825 0.30670140 0.30528296
97 0.66953493 0.66743543
985 -1.16051651 -1.15030633
234 -1.56329315 -1.55304278
987 0.20617391 0.19953892
610 -1.51919361 -1.51324006
181 0.32984492 0.31974558
80 -0.14663381 -0.16048058
397 0.46539709 0.46240457
468 -0.04222384 -0.04814886
600 -0.02730708 -0.03120664
956 0.77565658 0.76287019
988 0.04601789 0.03673595
420 0.14422089 0.15712162
636 -0.40261629 -0.40394010
964 -0.02657495 -0.05288242
912 0.03023986 0.00617143
142 -0.10716279 -0.10852326
23 -1.09662268 -1.08343483
46 -0.86510182 -0.86534615
802 0.13931205 0.12361317
209 -0.14990206 -0.16137966
777 1.52443602 1.53201496
547 -0.80276017 -0.80910760
854 0.10817105 0.09838889
493 2.02549417 2.05619875
196 0.52704590 0.50351846
464 -0.30089179 -0.30976972
587 0.58226692 0.58542224
539 -1.29376568 -1.30147067
32 -2.48704787 -2.46642398
778 -0.37943171 -0.38296496
27 0.33063686 0.33759241
713 1.32624311 1.33731287
750 1.68235007 1.68150182
205 -1.19418053 -1.18734378
169 0.30650053 0.29808850
333 -1.26751124 -1.27689063
14 -0.53462020 -0.53905871
892 0.39422553 0.36674734
927 1.35590739 1.34863839
174 0.96069344 0.95567418
874 -0.56966453 -0.58280632
52 0.35736011 0.32483839
408 0.94648564 0.95261321
71 0.93304112 0.93214568
67 0.28059072 0.29447438
460 -0.83424602 -0.83805205
422 -1.78285849 -1.76855707
108 0.48943175 0.48795043
144 -1.62994872 -1.62201126
391 -0.69687397 -0.70182053
152 -0.03285644 -0.03258620
923 -0.37443199 -0.37589116
807 0.22425701 0.21213945
612 -1.93549976 -1.92219069
259 0.23877109 0.22646605
863 0.17405752 0.13975043
829 0.30433882 0.29490650
304 -0.15947176 -0.16771974
794 -1.08082692 -1.06319812
446 -0.05972496 -0.05829185
162 -0.83539800 -0.85034795
317 0.74741222 0.73333797
269 -0.14974616 -0.14678646
966 -0.94105331 -0.94235674
784 0.11577934 0.10464351
625 -0.93291560 -0.94617125
223 0.62549010 0.63102976
714 -3.38559470 -3.30758297
5 -0.60757139 -0.61962426
211 -0.09748423 -0.11088872
442 1.74779137 1.76883219
609 -0.32822472 -0.32519564
926 1.43871157 1.43939877
91 -1.01319827 -1.01525840
974 1.37711011 1.35837360
741 -0.70913640 -0.72113809
490 0.50985139 0.50657557
634 -0.55286702 -0.56622299
597 -0.07985205 -0.07976294
789 -0.19908294 -0.21362089
447 -0.30007181 -0.30617259
668 -0.90093594 -0.89055533
112 2.02205845 2.03050240
150 -0.20288469 -0.21470781
755 -0.97746047 -0.99532641
430 0.24201666 0.23216286
620 0.52169573 0.50995069
159 -0.61718797 -0.62594579
185 -0.26055550 -0.27243061
808 0.06749862 0.05214565
277 -0.18771492 -0.19196991
180 0.54846562 0.54508019
22 3.08579749 3.13619362
742 -0.16232039 -0.18459820
878 -0.05279273 -0.05645494
522 -0.39742680 -0.42311611
864 -1.58495022 -1.57349420
579 1.12965861 1.13474065
916 -0.02214426 -0.02046921
177 -0.79051994 -0.77983516
388 -1.24912274 -1.23340838
382 -0.35141561 -0.36256255
199 -1.27753625 -1.28576898
186 -0.35541654 -0.34609678
709 0.26437135 0.26506509
948 -0.03395610 -0.03634952
752 -0.73204984 -0.73174596
55 0.06676322 0.04729081
932 0.35180117 0.33809264
454 -1.05815923 -1.06041271
921 0.63652684 0.63261345
828 -0.69380355 -0.70187293
238 0.80009575 0.79623761
158 0.02881107 0.02029329
820 0.96209611 0.96428232
89 -0.46004598 -0.45390563
247 1.16217967 1.16302875
663 -0.43457598 -0.45925084
59 -0.44871949 -0.45719921
760 0.89100059 0.87843972
200 0.86038774 0.88245709
919 -0.64542323 -0.64908946
861 -1.35382693 -1.33679163
229 0.61140617 0.60177019
603 -0.03542299 -0.04555179
475 0.77434694 0.77276167
571 0.15389417 0.13443308
95 -0.31664593 -0.33000227
551 -0.49636976 -0.51121120
233 1.37023691 1.39230766
759 1.60954966 1.61283379
132 -2.94399394 -2.89370398
316 -0.21948182 -0.23765484
87 1.96433477 1.97501142
376 1.03146615 1.03633632
682 0.42743008 0.42012572
146 -1.11754307 -1.13615814
756 0.29588165 0.30403032
215 -0.00669720 0.01026357
796 -0.85700021 -0.85279770
739 0.33989812 0.33836684
424 1.05753593 1.05294497
979 0.62016165 0.61084625
695 0.01781785 0.02367503
653 0.59423082 0.57787364
834 -0.39286969 -0.38382967
257 0.26566118 0.25988004
458 -1.15213944 -1.14625354
810 -0.92293963 -0.92739478
671 0.45015599 0.45255288
220 -0.43419439 -0.44267779
800 0.29498356 0.28935862
456 0.66798690 0.66502888
346 0.64529478 0.62942426
737 0.49962543 0.48995405
365 -0.76493828 -0.77793107
329 0.24778764 0.24452610
122 0.36343043 0.34985544
84 -0.55419319 -0.55807478
955 -0.35927331 -0.36180682
915 0.40494130 0.39647464
845 -1.83878528 -1.80217343
558 0.13092508 0.13728885
564 0.63051962 0.62480564
83 -1.79696941 -1.77611643
285 -1.09071424 -1.08506850
648 0.98204311 1.01405050
254 1.08772422 1.10367688
702 -1.31577040 -1.30694624
114 -0.26943948 -0.26476259
126 -0.33269662 -0.32984031
274 1.74404193 1.77059835
938 0.43257461 0.41949918
342 -1.37870849 -1.37561538
60 -0.20393340 -0.20771447
690 0.36618810 0.35787286
19 0.47328139 0.46574016
160 -1.17922711 -1.17869852
231 -2.63618752 -2.61022493
287 1.10234859 1.09581604
435 0.64688330 0.65847671
372 1.83784076 1.84146906
688 0.11514170 0.10323205
901 1.80304553 1.82395803
228 -0.25093485 -0.24177132
467 -0.95086932 -0.94325258
166 -1.46674480 -1.47508896
733 0.18961936 0.19497362
655 -0.57706261 -0.57527999
296 1.01770927 1.01806734
216 -0.79464354 -0.79837405
707 1.09863365 1.11243560
262 1.72496970 1.74266403
58 1.06513432 1.07851694
542 0.60068442 0.58216314
309 -0.00264443 0.00828089
154 -1.02431424 -1.00863926
897 0.26514245 0.27783983
654 -0.16449129 -0.17911052
758 1.81947638 1.80567990
78 -0.58358561 -0.58133926
374 -0.16697334 -0.16926586
619 0.61005150 0.60635041
279 0.17109093 0.16096845
387 0.23389675 0.24167292
426 -0.71748576 -0.71309814
877 1.91847636 1.92034840
171 -0.63672750 -0.64447755
643 -0.13822559 -0.14710510
248 0.73081701 0.70739553
552 0.74789045 0.76324236
523 1.27215538 1.27652893
469 0.18650325 0.18908121
117 0.45275657 0.44004861
403 -1.23104475 -1.22240527
969 1.10147414 1.08876044
565 0.91525751 0.91515380
508 -2.21635085 -2.19929576
818 -1.99932091 -1.97794326
836 -1.58633509 -1.57302309
872 -1.16605716 -1.16520761
298 -2.15471081 -2.14166127
280 0.20613119 0.21602933
584 0.03953953 0.03557751
145 0.28224489 0.26810478
3 0.57511067 0.58277132
604 -0.12714644 -0.12689632
141 1.56302565 1.56949417
572 -0.62830027 -0.63402739
801 -0.41965211 -0.43391793
43 -0.12183148 -0.12010727
676 0.62505403 0.60409203
607 0.32691498 0.31626142
218 -1.26061727 -1.25509312
850 0.61797653 0.63315466
69 -0.81197830 -0.82310884
569 -0.39314794 -0.39089390
74 0.03659266 0.03247467
56 0.64891603 0.64760327
219 0.25945548 0.25758837
977 1.49899581 1.49700928
924 0.53921019 0.53524670
7 1.38095075 1.37027035
68 1.23827444 1.25335054
652 0.77823638 0.77751320
360 -2.75962220 -2.71192340
147 0.49236264 0.47015543
581 1.85730026 1.87570962
149 1.90752459 1.95366296
72 -1.51311890 -1.50702229
727 -0.45556554 -0.45325993
241 -0.38170883 -0.39222401
336 -1.27821639 -1.27704783
957 0.75521274 0.76588533
61 0.01621392 0.00235354
860 -0.12222498 -0.12732880
883 -0.14012958 -0.15188810
428 -2.46881574 -2.40923929
295 -0.49291215 -0.51039280
949 1.79643844 1.82102691
20 1.24597705 1.23532517
1 -0.75757574 -0.78174964
536 -0.79689462 -0.80514331
992 -0.52316720 -0.54339900
434 -0.19281352 -0.19223403
210 0.88313034 0.89955057
453 -0.15603100 -0.15765964
753 0.80861075 0.79442603
868 -2.37870261 -2.36441090
281 -0.89706247 -0.90082803
236 -0.78074666 -0.77215015
980 0.26550185 0.25705548
513 -1.41179907 -1.42022163
929 1.64994233 1.65273948
217 1.26202822 1.27176949
462 1.64161302 1.64782707
691 -0.95044547 -0.93687485
631 -0.56872987 -0.58930598
411 0.47161085 0.48296681
17 -0.11721735 -0.12387058
665 0.07024494 0.06209878
489 0.56410580 0.55797612
624 0.96560779 0.93104326
267 -0.71938751 -0.72083754
667 -0.19270347 -0.21667577
726 -0.62471703 -0.61108465
325 -0.87509233 -0.86548663
577 -0.12877497 -0.13009977
82 0.00950284 0.01312079
533 -0.05282324 -0.06203641
187 -0.59249442 -0.58240427
935 -0.63023445 -0.62951610
379 -1.49138084 -1.48057772
417 -1.45173731 -1.43366121
898 0.88469602 0.90671227
21 0.12344729 0.11748558
286 0.72040233 0.71859030
907 1.17234501 1.18571615
355 -0.54072143 -0.53529347
666 -1.29640491 -1.29001368
498 1.53034006 1.55198913
111 -1.08916853 -1.07903506
198 -0.17508422 -0.19196790
402 -2.06663729 -2.03717674
694 1.02273256 1.01480307
253 2.17038762 2.20200435
168 1.13331332 1.14399707
638 -0.19498466 -0.20405053
535 -0.16505314 -0.16813636
438 -0.35314110 -0.35422060
710 0.16111272 0.15521733
79 0.34058600 0.31733593
902 0.37792862 0.37267979
813 0.19892845 0.19888763
908 0.69856349 0.68839775
45 -0.22072692 -0.22459913
495 1.06404855 1.06234335
647 -1.52051970 -1.52124168
85 1.88474932 1.89626401
884 -0.64650692 -0.64786244
650 0.81468826 0.81454710
591 -0.25115216 -0.24964574
751 0.08985874 0.08300349
717 1.10347661 1.09139534
527 1.52265159 1.52374976
731 -0.30406931 -0.31688553
615 -1.06576992 -1.06337356
338 -1.25789306 -1.27255817
363 0.01869405 0.00654077
499 -0.93638439 -0.93037131
474 0.53765840 0.53277158
524 -1.31680386 -1.29600067
212 0.51247384 0.50559546
824 0.95115896 0.93100140
770 0.98435760 0.98511793
592 0.41686886 0.40333253
940 -0.00613543 -0.01230787
507 -0.90357181 -0.90510970
252 0.10714407 0.10122621
443 0.71635811 0.71236773
288 0.10603538 0.10308648
614 0.28156156 0.26399192
40 1.06251761 1.06891020
593 -0.46064769 -0.46772735
550 1.13042451 1.13656949
33 0.65524128 0.64219735
846 2.37350327 2.40317566
773 -0.71519243 -0.71800917
540 -0.26035608 -0.26492480
471 0.26365033 0.27090355
661 0.68335107 0.68696057
700 0.28248624 0.29652869
165 0.28163184 0.27510954
42 -1.27300118 -1.25286978
350 -0.33895662 -0.34871277
48 0.93326290 0.95052577
92 0.69387555 0.68374482
124 0.60500681 0.60844354
358 0.00836236 0.00745199
312 -1.37183448 -1.38850871
301 -2.17194838 -2.13854975
626 -0.57404546 -0.59788022
704 2.09152799 2.11505137
440 -0.24447414 -0.24729031
260 1.02540884 1.00661223
465 0.91794059 0.93571423
361 -0.40427477 -0.40150229
375 1.08323674 1.07336950
103 0.36445079 0.35584521
994 -0.96183961 -0.94547624
322 0.71063002 0.70581758
407 1.53920990 1.55679095
106 -0.33768213 -0.32973267
649 0.16288269 0.14892442
413 2.35863195 2.38543291
633 -0.41022641 -0.42301937
130 -0.67915386 -0.67498047
384 0.73357755 0.70567603
963 0.57858745 0.58960637
504 0.58609974 0.59395229
109 -1.81085695 -1.78630417
484 -0.38704208 -0.37738158
531 -0.08681710 -0.10327294
879 0.86499413 0.86727772
451 2.98265042 3.03226876
511 -0.29344019 -0.28142953
865 1.74022150 1.76901389
993 0.14795779 0.15255132
496 -1.97521253 -1.94297091
441 -0.52146798 -0.54153232
356 2.59959289 2.64605635
34 0.45587890 0.43624478
965 -0.03814304 -0.06042528
870 -0.75956367 -0.77193462
119 2.02039038 2.03224520
367 -1.10492787 -1.10654279
0 1.54946165 1.55027707
635 2.13367978 2.14520087
554 -0.79639387 -0.80841157
264 0.78875440 0.80471144
905 0.96133611 0.98166643
776 -1.55071229 -1.54762838
2 2.36700514 2.42549420
93 -0.18046539 -0.15643211
594 -2.34078017 -2.30425675
641 0.69220334 0.67890346
684 -0.45006498 -0.47329414
697 -0.59457731 -0.59463811
232 0.41047021 0.42348513
743 0.37720280 0.37428043
749 1.37507315 1.39304230
479 -0.36041539 -0.36167071
64 -0.44280163 -0.44646659
249 -0.54140907 -0.55597737
630 -1.06591687 -1.08225226
576 -2.53760659 -2.50216022
47 -0.44540588 -0.45059495
806 -0.06460097 -0.06648326
906 -0.29338357 -0.28764745
783 -0.95430113 -0.93937597
362 1.98246259 2.01190801
24 -1.68223893 -1.65236057
189 2.30537834 2.32665197
433 2.91304910 2.97717393
308 0.02290184 0.00701692
585 -0.21462074 -0.22479457
125 0.26117419 0.24425686
837 -1.50443746 -1.49870588
135 1.64640933 1.65945360
323 -0.95182930 -0.95261011
261 0.25526136 0.25664894
967 -0.62134592 -0.61366462
348 1.54383754 1.54982335
528 0.63783224 0.64052751
520 0.10862165 0.10400860
503 -0.19204466 -0.18376542
611 0.83145941 0.82229213
12 1.05889572 1.03824770
575 -1.11981995 -1.13327657
849 0.89635452 0.88500683
764 1.36740576 1.37864118
959 -0.98294721 -0.96865252
871 0.47540724 0.45993787
679 -0.57072874 -0.59050649
207 -0.87183966 -0.86600425
736 -0.61506324 -0.62793897
990 -0.23236241 -0.23943511
913 -1.49299125 -1.49707466
510 -0.35348891 -0.37218577
722 -1.29589377 -1.29483114
659 1.52131488 1.51917862
767 0.16771598 0.12852543
486 -2.31297108 -2.26759792
705 -1.25587287 -1.26220014
754 0.14970029 0.14794447
712 -2.25510788 -2.23844191
289 -1.52952211 -1.50300118
798 -0.43407906 -0.42336545
505 -0.48042201 -0.48334840
629 -0.07536083 -0.10375090
273 0.91580339 0.92541683
826 -0.02898824 -0.03326917
790 0.01213711 -0.00226643
466 -1.09812606 -1.11743399
886 0.35851097 0.35566517
321 -0.68976676 -0.69654416
628 0.05824678 0.05712152
763 1.45775481 1.47384691
343 0.17048571 0.16991094
582 0.85955970 0.86196858
94 -2.24132153 -2.19928806
488 -0.18396948 -0.17885632
544 -0.79361575 -0.79995805
830 -1.29925578 -1.30326048
984 0.31524930 0.30108442
327 1.51385914 1.54338027
457 0.48788907 0.49238209
410 -0.07271505 -0.08438374
396 1.35867010 1.37965952
683 -0.34150800 -0.34897167
788 -1.86782989 -1.85480874
894 -1.46852787 -1.46442537
766 -2.36074218 -2.33451126
191 -0.24241578 -0.24845030
436 -1.32419164 -1.31998899
235 -1.24185771 -1.23135370
368 0.23249073 0.23349871
425 -0.51427268 -0.53543434
851 0.00618843 0.01584416
747 1.68260436 1.69091859
973 -0.88215482 -0.88581883
889 -0.06418967 -0.07252357
334 1.88243355 1.90996651
795 0.66822458 0.66896842
791 0.03962739 0.05683181
415 -0.28754478 -0.28657391
459 1.96377955 1.98321182
239 0.68346559 0.69461097
931 -1.36644198 -1.36333658
483 0.62541487 0.60712200
560 -0.74833589 -0.75455951
816 -1.06121280 -1.04900162
439 0.65097208 0.65111678
590 0.38246297 0.36221977
904 -3.55744277 -3.49212316
366 -1.56087243 -1.55980589
183 -0.30384201 -0.30776936
31 -0.75743909 -0.75484322
418 0.37729728 0.38029707
553 -0.27848981 -0.27366192
623 -1.30098279 -1.31534332
701 -1.51689461 -1.51077851
728 -0.47405635 -0.47961692
284 1.40417510 1.39233815
833 1.11882887 1.12161719
989 -1.28393370 -1.27534018
104 -1.35101312 -1.34276665
255 0.77040743 0.77341884
925 1.09914847 1.10103386
645 0.12512198 0.12671999
88 0.23598627 0.22420534
54 -1.42136773 -1.40440319
291 1.25653261 1.27525148
299 0.07783199 0.06254279
918 0.21382381 0.22178107
461 -0.42645847 -0.42651692
62 0.72010475 0.70953392
172 0.53164854 0.52164647
848 -2.04601096 -2.01696719
578 -1.77558548 -1.75162896
943 -1.30689122 -1.29784805
394 0.38752012 0.37532984
26 1.77513645 1.80841258
827 -0.25614590 -0.25643707
492 -0.32836329 -0.33046756
485 -0.96523149 -0.94403655
876 -1.30151149 -1.28359350
37 1.55794822 1.55846145
514 1.15165814 1.15846320
176 -1.20810744 -1.22221055
606 -1.31022080 -1.31188717
920 -0.34637403 -0.37407663
509 0.81315876 0.82454313
815 1.22208016 1.24733432
971 -1.36087217 -1.35485288
738 0.23749772 0.23659587
98 -0.28070048 -0.27824354
574 0.24967231 0.26424064
933 -0.28864915 -0.29940834
657 -0.99901850 -0.99555627
799 0.25924512 0.23990722
