225 -0.74662162 -0.74922411
491 0.33799422 0.33300949
724 -0.82424817 -0.83510585
875 0.64737226 0.64581394
675 1.14095221 1.13787669
658 0.32221751 0.28259255
406 1.37681688 1.38931912
419 0.02113311 0.03877339
13 0.44046658 0.43966024
100 -0.80475839 -0.79668657
437 1.07766327 1.07925211
944 0.47796121 0.48983481
134 -0.06177622 -0.05255530
761 -0.35256823 -0.36385712
472 0.51641680 0.50645363
138 0.84509756 0.85615496
272 0.27664718 0.25972858
370 0.64167897 0.61093978
143 -0.37031092 -0.37304020
270 1.46092227 1.46968563
917 1.33746143 1.36493123
10 0.82899639 0.83366673
711 -0.36596561 -0.37190222
203 1.06498795 1.06151966
812 -0.24289766 -0.24113542
599 -2.21419311 -2.17280550
230 -0.02201093 -0.03462012
340 0.28106798 0.27343275
567 -1.06028142 -1.05936022
182 0.02674970 0.02869947
258 0.27267249 0.27164121
780 0.25495312 0.22222556
692 0.01691823 0.01866708
651 -0.18843253 -0.19790540
204 -0.19859623 -0.20774544
621 0.54765730 0.53975670
699 -0.38793383 -0.39179112
515 0.61713861 0.61622292
148 -0.75394662 -0.74030642
698 -0.31163972 -0.32100849
953 0.09813504 0.08262287
115 0.14952402 0.14722785
463 -0.20308686 -0.21087114
136 -0.50372309 -0.52979041
15 -0.98626958 -0.98197387
911 1.90396329 1.92883923
746 -0.81806876 -0.82840119
470 -0.97155041 -0.98915346
775 -0.13024412 -0.12744534
888 -1.36578374 -1.35558325
583 -1.21167593 -1.20429573
678 0.46081943 0.46146402
662 -0.44135307 -0.46785637
732 -0.15142298 -0.16686350
748 -0.08872471 -0.09039181
588 -0.63310292 -0.63783781
266 -0.12346256 -0.13590019
448 1.42771758 1.43275885
605 1.06247249 1.05469309
757 -0.78013135 -0.77043312
900 -1.52780077 -1.52192326
133 -0.37381766 -0.39251853
735 -0.16860724 -0.17762312
573 0.87053927 0.88080384
105 0.02318619 0.02603418
331 0.47190307 0.46287946
765 -0.00139926 -0.02334656
427 0.09144009 0.08937409
268 -0.30691772 -0.31337636
300 -0.42077019 -0.44330191
369 -0.20654674 -0.21145320
521 1.47200432 1.46950036
866 0.09187356 0.07851350
831 1.31001966 1.33853637
978 1.18105986 1.17719909
242 -1.81295796 -1.77123626
305 -0.83642501 -0.83834147
113 -1.00373960 -1.01988083
674 0.44466617 0.44173435
173 0.64189730 0.64249669
687 -0.81183856 -0.82576409
562 -0.40371766 -0.39679474
278 -0.47726425 -0.48669617
842 1.02573302 1.03044429
416 -0.69295660 -0.70653255
35 -0.82105836 -0.82343355
664 -1.29786859 -1.31025630
903 -0.47961564 -0.46650824
744 -1.70518658 -1.71507137
116 -1.38055062 -1.39845489
14 -1.92965093 -1.91780282
450 0.35187542 0.34889428
445 -0.35043915 -0.34080126
195 0.05989673 0.06055040
282 0.06382520 0.07467865
640 -1.09107506 -1.06915909
968 -0.96504804 -0.97108322
423 0.92537051 0.91736455
518 -0.84736616 -0.84648261
251 0.17190893 0.16521467
271 0.51411417 0.52495036
75 2.04620538 2.08595696
482 0.48119100 0.49383185
817 -0.28692768 -0.27294661
958 0.22171022 0.22969130
952 -0.77514779 -0.76245014
895 0.60966684 0.61143653
941 -0.28239487 -0.30178730
409 0.67009079 0.66243849
706 0.50998411 0.51311435
449 -0.03688991 -0.03374646
972 -0.60314465 -0.58188576
946 1.50268436 1.52259494
997 -0.07652243 -0.09826265
532 -0.91951486 -0.89879564
786 -0.76679244 -0.77591264
313 -0.29828199 -0.31557775
838 1.26938853 1.26991734
401 -0.07536439 -0.08162968
516 0.55226747 0.53076445
81 -0.79155454 -0.80248965
497 -1.04818043 -1.04048327
49 -0.79198229 -0.80396201
297 0.71846501 0.69744806
324 0.26194409 0.24552650
890 0.75881388 0.75634233
275 0.61104353 0.61101514
561 0.03035271 0.02407186
244 -1.07626027 -1.06831380
598 -0.71989041 -0.73503688
404 -1.18000338 -1.18885990
263 -0.43860934 -0.46634176
310 -0.93530417 -0.92812717
311 1.01957097 1.00986790
221 1.01155507 0.99331272
909 0.20360727 0.20640218
352 1.92428740 1.92478195
899 0.11004708 0.07630388
670 -1.14048183 -1.14891106
357 0.35930968 0.34886895
537 2.31267440 2.33027887
314 1.27518291 1.28816391
785 0.77386617 0.77592592
996 -0.14525881 -0.16600783
981 -0.82721088 -0.83403967
566 0.09015595 0.07145869
811 -0.07497160 -0.07578901
545 0.39511742 0.37697212
102 1.60113349 1.62076085
240 1.32545978 1.34083728
500 -0.29527246 -0.29974129
476 -0.39204980 -0.40277012
326 0.05190942 0.05315055
618 0.95630639 0.96214364
294 -0.85426002 -0.86255008
502 -0.63362046 -0.62129050
29 0.44030039 0.43263658
840 -0.94355982 -0.95415713
793 -0.50374675 -0.50535106
543 0.25607605 0.25374604
632 0.40010597 0.40088195
303 0.52403942 0.51565800
998 -0.55486092 -0.55645102
823 -0.86192771 -0.86771463
477 0.31858865 0.32663805
781 -2.65938094 -2.60403925
893 -0.73721232 -0.72505766
243 1.29210581 1.29180499
602 -0.66684627 -0.67858262
715 -0.80288968 -0.79009074
41 -1.18312337 -1.19569363
389 -0.28866118 -0.29854147
214 1.21159384 1.23120439
127 1.14561209 1.14908635
349 1.03670648 1.02451456
432 1.53563734 1.57838865
378 0.85599497 0.86292470
769 -1.33101287 -1.32636906
481 0.25333610 0.23668220
256 -0.50614988 -0.51601026
178 -0.93491920 -0.94001662
123 0.55361889 0.55517310
28 -0.31207086 -0.33553583
541 -1.31077422 -1.29789606
804 -0.15428638 -0.14514986
947 0.25612241 0.24933987
680 -0.10669723 -0.10582227
359 -0.54877255 -0.55173856
222 -0.66780082 -0.66901253
395 0.30928070 0.30479677
835 -0.01119558 -0.00455554
954 0.23817300 0.22756617
208 -0.29888618 -0.29941612
38 -0.05417138 -0.06210624
887 -0.60482148 -0.60891925
139 0.37951273 0.37219065
719 0.72707938 0.71455719
549 -0.78790546 -0.81226650
494 0.20657909 0.20499802
805 0.77375705 0.76228325
669 0.86471259 0.85802741
861 0.43854901 0.42684782
90 -0.40425472 -0.40703326
642 0.44614025 0.43928065
16 0.52582003 0.52367589
353 -0.40486554 -0.40752142
637 -0.76698169 -0.76379755
398 0.89208477 0.88313725
956 -0.47789544 -0.46383534
792 -0.36496599 -0.39884710
170 1.36036120 1.37467792
880 0.22142610 0.23834351
57 -0.12024805 -0.12039007
677 -0.63918905 -0.63054867
693 1.43518506 1.44129453
50 0.25196227 0.24710743
354 0.07959483 0.07183640
234 0.13340039 0.12909299
478 -0.45552975 -0.45765383
188 -1.38875546 -1.37100843
206 -0.07905350 -0.07962163
315 -1.98713793 -1.97421878
293 -0.04137820 -0.04688621
843 -0.22937458 -0.23261898
373 1.00215720 1.02888815
639 -0.77080368 -0.76208424
245 0.27138596 0.29534223
982 -0.36066207 -0.37477266
319 -0.25547262 -0.26409408
517 -1.38338454 -1.38062650
193 -0.32711658 -0.34622349
351 0.64034587 0.65314675
525 -1.15939022 -1.14809638
306 -0.06751707 -0.08858166
23 -0.42976300 -0.42249460
960 -0.52770838 -0.54304804
86 1.12560513 1.11666070
627 -0.11692627 -0.13111685
779 0.30117032 0.29370858
431 0.06507891 0.05189013
643 0.21752463 0.19981700
120 -0.45241843 -0.44896134
192 -0.62440130 -0.63860147
227 0.11883302 0.10929297
867 0.84476318 0.84423195
344 -0.71149557 -0.73813976
99 -0.14928798 -0.14229857
987 1.11695680 1.11185032
302 -1.32660596 -1.32308206
983 -0.06380803 -0.07405064
762 1.72857742 1.73254590
856 0.10960430 0.11054193
6 0.58180160 0.56104474
672 -1.91107341 -1.89398007
844 1.09224078 1.13065450
832 0.29058829 0.30579521
283 0.23921660 0.25071494
852 0.50432891 0.48731165
196 0.15189568 0.14784911
730 0.81656336 0.80239776
548 0.79138938 0.80872159
452 2.62602219 2.66251923
132 -0.61083265 -0.61169105
328 1.64385307 1.64112064
202 0.09570531 0.07848594
787 -0.46943929 -0.46724907
966 1.49698106 1.50932899
601 -0.03456815 -0.03551455
155 -0.47881463 -0.49008619
555 0.18091633 0.16327455
265 1.49302458 1.49574870
377 0.21030188 0.22015647
89 0.74016898 0.73633206
725 0.26045542 0.24119739
771 0.88764616 0.88963033
740 0.40257628 0.39085771
557 -0.82725958 -0.81331586
118 0.26361818 0.26774486
53 0.09876414 0.08797333
73 -0.48761983 -0.52918052
167 -1.47540610 -1.46212910
151 -0.25254337 -0.25701143
708 0.36890186 0.36683089
101 -0.69334297 -0.70428552
332 0.27626405 0.27930448
873 0.47493171 0.46943134
580 1.05756835 1.08178511
568 0.28533729 0.28732595
563 -0.18062695 -0.17952153
399 0.43573442 0.43453687
335 -0.57103534 -0.58288643
76 -0.22523098 -0.24109997
506 1.13149383 1.13420035
950 -0.67187192 -0.68442831
70 -1.70571199 -1.70758729
201 -2.07375171 -2.04911615
429 2.57779687 2.62361841
213 0.15078739 0.14270702
772 0.18482756 0.17599228
821 0.84562071 0.84661315
501 1.43980905 1.45457981
729 0.32722627 0.31704129
928 0.03426101 0.03391253
60 -0.73878033 -0.74556620
190 0.75975578 0.77156522
975 -0.35733496 -0.37124329
685 -1.02764267 -1.03439556
422 -1.87600025 -1.84629170
96 1.97245256 1.98858174
914 -1.71509101 -1.71621095
853 -1.53636797 -1.53091031
290 0.54228022 0.54543760
797 0.14081443 0.14349234
107 0.19560507 0.20869011
442 0.29436531 0.29846373
534 -1.24451528 -1.24584868
609 0.97865519 0.97530361
140 -0.15238480 -0.16037785
934 -0.03741667 -0.03986988
538 1.08315062 1.08368862
66 0.50593659 0.49569732
153 -0.90476063 -0.89202053
341 -0.15996687 -0.16647863
468 -1.35205020 -1.33404450
596 -1.71123680 -1.70049390
18 0.49369718 0.48897770
386 0.86139916 0.85615764
149 -0.79806652 -0.81135390
128 1.06863017 1.08433547
380 -0.69691126 -0.69042427
547 0.67422409 0.64449713
400 -2.37833748 -2.32888470
65 -1.15817267 -1.13288494
337 1.69540153 1.70915868
393 -1.31542730 -1.31928059
333 -1.30116083 -1.28158988
681 0.19434105 0.20210306
156 1.00043606 1.01632070
9 -0.90056777 -0.92031649
948 0.45196811 0.44922738
175 -0.70680758 -0.69805774
589 -1.08740831 -1.07811007
8 -0.56592478 -0.56765110
829 -0.99321021 -0.96209563
39 1.00006308 0.99895004
839 -0.63838699 -0.64654355
224 0.44199669 0.42212695
858 0.46887542 0.47899956
625 2.00211187 2.01893221
671 0.78689477 0.78977124
855 0.17458294 0.15336389
841 -0.56879337 -0.58523111
613 1.25037395 1.26454881
519 0.56266549 0.53049056
152 -0.37837109 -0.38993908
898 0.11152386 0.11973968
381 0.75778286 0.74815957
942 0.45300618 0.45000868
922 1.24708929 1.24283830
716 0.18775914 0.16212271
961 0.79059078 0.76504941
986 -0.32357124 -0.32808129
364 -0.04228250 -0.05182368
345 0.59977265 0.60267530
0 -0.04888448 -0.07102357
25 -1.36038438 -1.36125109
760 -0.64595467 -0.62813704
794 0.11597489 0.10742016
572 0.49143662 0.48441365
991 0.64036452 0.63098451
46 -0.44478705 -0.45948806
546 1.46382856 1.47673060
819 0.69757366 0.69488919
342 -0.22936941 -0.23738738
11 2.09984499 2.12061827
237 -1.32673316 -1.32100858
936 1.71726808 1.71292247
995 -0.36326018 -0.38031519
44 -0.44155059 -0.44885250
385 1.46199590 1.45521530
177 1.89983243 1.94341787
408 0.09418706 0.09474781
550 -0.58522975 -0.59293207
616 -0.29992156 -0.31498719
570 -1.03762658 -1.04274175
246 0.12264729 0.13093716
223 0.42215013 0.41392799
608 0.95290488 0.93403537
808 0.61782892 0.62096563
976 -0.83995725 -0.84922756
636 -0.24924580 -0.23652419
383 -0.79724798 -0.79034332
999 0.11588410 0.10958592
540 -0.45816217 -0.47705528
169 1.78656658 1.81212450
161 -0.67607818 -0.67296840
247 -0.24594180 -0.24571120
529 0.32834577 0.31624585
822 2.32864523 2.35405365
646 -0.66881668 -0.68744840
142 0.91090258 0.91370781
807 0.00123669 -0.01342328
558 1.61078543 1.64391186
250 0.76694512 0.77936418
937 0.40900739 0.39426249
117 -0.08861903 -0.09419266
644 -0.04902950 -0.06019870
347 0.78068580 0.77822943
405 -1.11780732 -1.11864571
758 -0.67365328 -0.68423632
339 0.77999543 0.78125221
723 1.05571299 1.04632165
67 -0.90226452 -0.89847968
215 -0.79680524 -0.79680069
473 -0.20112980 -0.21365870
745 0.86197270 0.86901330
421 -0.45140531 -0.46355295
254 0.83185971 0.84475341
456 0.89703052 0.90033481
951 -0.80621693 -0.80293861
292 0.10684508 0.12046574
382 -2.29113987 -2.27032178
131 0.52217170 0.53491150
556 0.38022614 0.36205721
129 -0.25826799 -0.25907525
262 -0.99666068 -0.98881119
597 -0.36578707 -0.36652215
773 0.84411362 0.84737806
721 0.97587929 0.98589747
277 0.47935431 0.49663739
559 0.13236775 0.11058704
803 0.40258375 0.39697648
464 -0.27216702 -0.27424650
896 -0.01707219 -0.00884016
320 -0.07125275 -0.06149321
707 0.08510436 0.08673099
682 0.50206478 0.48518348
157 1.18840655 1.20451371
859 0.30166745 0.28892720
648 -0.61413974 -0.59731953
7 -0.52726395 -0.54004173
539 -1.30775295 -1.29655482
768 0.36824218 0.35974904
695 -0.96238405 -0.93300593
874 -1.57298544 -1.56718174
17 0.41450451 0.40810539
668 0.82264593 0.83821540
430 1.93794928 1.95916186
667 -0.14843288 -0.13925396
194 -0.15468714 -0.16256330
718 -0.80796547 -0.82064071
209 1.03137239 1.03066626
228 0.23610080 0.21451870
30 0.54377313 0.55401794
4 1.17991336 1.17051662
397 0.31672148 0.32199720
56 -0.16080564 -0.15796237
80 -1.50326024 -1.50121834
881 0.05673980 0.04225550
891 0.16872455 0.16274137
180 -1.13068576 -1.11117362
988 1.24358026 1.24095376
551 -1.64101747 -1.64077735
122 -1.16149679 -1.17472011
184 1.74777113 1.73392249
750 -0.83567783 -0.82713092
309 -0.13361640 -0.15244436
197 1.14244409 1.12765491
656 -0.16697772 -0.17869110
686 -1.63677685 -1.61628653
612 -0.89675310 -0.91713958
624 0.98028822 0.97359102
734 0.56209152 0.56171747
617 0.26653637 0.25885555
774 1.07715882 1.05673649
945 1.41221061 1.40553266
921 -1.40228611 -1.39659694
869 0.01847155 0.00758587
36 -0.48312418 -0.49963892
420 -0.19818362 -0.19565380
755 -0.24692638 -0.26329703
106 0.15987094 0.16188990
526 -0.11999227 -0.13200510
163 -1.28194641 -1.29827064
800 1.94894427 1.96362764
985 0.43980517 0.43772576
932 -0.18985637 -0.20753492
696 0.27931969 0.25653539
595 0.56337437 0.56038894
447 0.19642047 0.19159817
469 0.08644333 0.07132085
912 1.19158192 1.18003551
487 -0.48249518 -0.48583576
467 -0.50787616 -0.51564141
179 -0.76273748 -0.77237154
424 -0.33337905 -0.32750434
32 -0.87326359 -0.87093960
231 -0.35308846 -0.38212141
703 -0.09486806 -0.11219756
460 -0.74805292 -0.76126106
962 -1.61699110 -1.60309765
77 -0.31678544 -0.30929000
376 0.22569227 0.23702895
586 0.69165890 0.68219071
287 -1.34305993 -1.32154159
879 2.43549249 2.49693125
789 0.63517862 0.63424483
512 1.83909273 1.86116243
426 -1.01671855 -1.01786955
977 -0.18043900 -0.18989699
58 0.53982913 0.53699161
622 -0.39951588 -0.40212228
186 -0.74586613 -0.74749612
372 1.55576784 1.56045482
974 -0.42838937 -0.45812812
702 0.39961791 0.39420449
720 0.99336188 1.00019103
150 0.57125495 0.55815041
304 0.03773912 0.01670521
174 1.27406434 1.27825110
610 -0.69835571 -0.70390083
802 -2.31041829 -2.27616631
296 -0.87022568 -0.86465238
713 -0.35154266 -0.33783952
796 0.86501447 0.84768954
276 0.27516463 0.27865163
882 -1.30171458 -1.32103364
360 -0.03982090 -0.04570420
95 -0.91451755 -0.92375385
112 -0.06081529 -0.06563606
145 -1.94844393 -1.93223091
211 0.28286662 0.29796725
571 -0.31240179 -0.32223695
217 1.79160687 1.80462994
63 -0.94137118 -0.93173218
229 1.23760412 1.25638046
587 0.29255626 0.29484047
160 0.71382921 0.71986692
717 1.32714274 1.30983620
84 1.41701824 1.42615111
414 1.19499798 1.18073482
164 1.70177343 1.73221294
71 0.47645933 0.47188379
83 0.38200984 0.38193939
673 -1.02011025 -1.02743213
930 1.47912926 1.49654977
915 0.17660479 0.15895404
402 -0.57825989 -0.58369252
109 -1.01492130 -1.02113050
892 1.08322306 1.07656730
660 1.60911891 1.61612626
412 -0.97137969 -0.96236119
480 0.96466583 0.95029223
374 2.19727448 2.20984492
710 -0.84069621 -0.84271291
181 0.48616351 0.49655335
43 1.00396873 1.01852934
72 -1.35723675 -1.34512867
159 0.30478051 0.28034516
649 0.47553217 0.44219754
493 0.35636993 0.34178979
200 0.68477343 0.68673364
390 -0.36700960 -0.37202306
121 0.82913723 0.85048927
498 0.75015957 0.74667593
108 1.61730084 1.63965132
614 1.39161765 1.42599180
391 -1.33289877 -1.31270186
620 0.42512768 0.41749836
939 0.63562103 0.60486084
872 0.77333807 0.77782818
238 1.24924429 1.26580520
443 -0.98245412 -0.97690581
809 -1.28779005 -1.26885774
926 0.94658736 0.94277736
847 0.80058511 0.79372792
185 1.09653023 1.10426027
756 -0.72958866 -0.71744576
885 1.28647181 1.28125624
212 -0.30034976 -0.31134164
92 1.91083813 1.93712295
784 0.03534016 0.02997053
124 -0.58785849 -0.58847783
778 0.56372856 0.57366769
253 -1.25622094 -1.25985108
166 -1.67023643 -1.67195887
392 -0.94558266 -0.95858701
19 -3.07336929 -3.02415087
741 -2.17332571 -2.13496022
569 0.98979132 1.00081175
51 -0.96000158 -0.97425538
691 0.53260838 0.51852978
523 -0.12377686 -0.14398790
59 -0.69138884 -0.69707157
603 -1.93485576 -1.91275580
907 -2.49620263 -2.43896548
530 0.36613029 0.36914890
857 1.76030813 1.77173368
257 0.13083405 0.14435876
446 0.58512883 0.58839293
690 -0.63777298 -0.64671432
441 -1.16260353 -1.18170735
144 -0.55858211 -0.56712096
810 -1.17995039 -1.17249653
777 -1.03515079 -1.03610117
241 -2.41984727 -2.39978316
162 -1.46838429 -1.48442086
259 -1.60737362 -1.59829094
924 -0.93853442 -0.93208179
704 -0.37325161 -0.35193841
979 -1.64327847 -1.63892772
22 -1.04226089 -1.02432137
980 -1.19565868 -1.20049139
55 0.32884294 0.31380755
114 1.84296103 1.87476725
970 -2.25957614 -2.24391448
955 -0.97538391 -0.96844299
312 -0.81402501 -0.85103942
199 0.67615257 0.65613704
219 -0.12280194 -0.12284225
318 -0.07979207 -0.08159460
434 2.69877240 2.77127184
371 2.38630520 2.40463815
363 -0.97726666 -0.96906156
375 0.77991295 0.78101234
45 -1.20542112 -1.20879785
615 0.46425267 0.45684143
860 -1.11073547 -1.10592181
733 -1.60492676 -1.58525743
828 -1.09332078 -1.09205161
579 0.76967146 0.75665121
863 1.85497676 1.85808013
499 0.41197493 0.41169277
818 -0.66937685 -0.67197686
782 0.50499972 0.48925517
484 1.46912732 1.47379778
110 1.32553693 1.32033071
417 0.11906440 0.11052483
475 1.82433919 1.81268274
751 -0.05220421 -0.06914324
709 1.58883202 1.59939055
739 -0.20511120 -0.21776306
74 0.31600633 0.30368503
864 -0.08363313 -0.08888213
619 0.57365485 0.55430776
742 -0.62827553 -0.64114190
759 1.22151415 1.21892497
3 -0.78165190 -0.77402828
910 0.52314336 0.50985116
154 0.65007844 0.64797585
949 -1.22760782 -1.21086990
365 -1.47685085 -1.47849820
316 0.09231376 0.08755023
542 -0.74457935 -0.75621179
897 1.45731403 1.48401956
330 0.58806812 0.59160161
665 -1.48074286 -1.46101020
329 0.07703866 0.07874487
753 -0.24336774 -0.25381582
737 0.24475859 0.25117563
307 0.49603276 0.49290055
308 -0.43777880 -0.43465945
474 -0.21896118 -0.21967364
801 -0.72812240 -0.74982469
298 -0.87044396 -0.88260501
663 -0.35991718 -0.37940224
631 -0.99290343 -0.99142403
27 -0.65568305 -0.65289807
137 1.81012790 1.81874852
600 -1.00272783 -1.01603487
593 1.43252176 1.44565702
1 -1.66585980 -1.63935412
486 0.96242285 0.95443490
935 0.88152990 0.89189445
479 0.85689698 0.82429337
654 -0.99261060 -0.98559186
350 -2.13763879 -2.10364649
226 -1.44497088 -1.43267870
317 -0.82341847 -0.84137230
652 -2.72784794 -2.67869004
130 -0.84351419 -0.83748016
455 -1.78111539 -1.75335980
688 0.53819724 0.53565860
233 0.54142174 0.54326566
635 0.21572395 0.23290615
346 -1.60998762 -1.59802555
388 -2.30864759 -2.26917092
146 -0.02668916 -0.03333688
210 0.33105055 0.33309631
338 -1.08902846 -1.09554679
854 1.53300185 1.54422212
232 1.11427533 1.10563659
205 -2.13357088 -2.10189675
825 0.44281583 0.43184759
236 -0.76383277 -0.75628340
522 -0.11512180 -0.12004360
147 -0.66072239 -0.67723583
902 0.03445324 0.00468929
689 1.99643406 2.02952203
752 -0.74580407 -0.75488085
387 0.07613605 0.06994694
508 -0.13391785 -0.14248421
576 0.68277152 0.68614873
565 -0.00051832 -0.01701504
438 -0.71119945 -0.70478917
61 1.19440931 1.20000148
52 0.24640344 0.21164648
356 -1.64602185 -1.61619810
575 1.15859565 1.14754059
883 -0.64286337 -0.64375796
938 0.29574123 0.29570956
908 0.99025637 0.99002009
590 -1.87031488 -1.85375350
878 -0.04556130 -0.04116950
850 0.98354987 0.97629050
403 0.31177039 0.31248529
524 0.98807849 0.99310534
458 -1.36049817 -1.35509044
79 -0.29134226 -0.29790984
923 0.32690356 0.31187038
770 -2.10256105 -2.07802576
379 0.15368655 0.12621566
361 -0.13910655 -0.14632578
78 -1.96977981 -1.95377978
68 0.14731855 0.11733019
97 1.07461238 1.07136382
824 -0.88665270 -0.88181933
862 -1.14984143 -1.14614570
288 0.85451700 0.85601381
220 1.88023976 1.89802388
820 -0.60510405 -0.60536803
367 -2.02327809 -2.00553742
694 1.46056395 1.43226433
336 1.45735178 1.48219821
321 1.00457442 0.99664527
510 0.56395789 0.56935362
814 -1.57714867 -1.56777032
868 -1.65306771 -1.65778775
21 -0.70123834 -0.70507800
684 0.00963427 0.00483018
248 -0.41303687 -0.41453954
552 0.48819821 0.48160515
604 0.92603525 0.90608437
358 -1.60155822 -1.58379519
69 -0.24909824 -0.27133229
535 0.15325248 0.15194237
5 -0.57705932 -0.57602003
119 0.29648059 0.28612837
407 1.34331809 1.34869138
465 0.27783047 0.29739942
428 -0.82266771 -0.83290331
536 -0.67758448 -0.68858780
366 0.84024061 0.82881286
884 -0.46088255 -0.47276583
940 -0.64559819 -0.64228551
653 1.78316716 1.79159832
286 0.47109125 0.46707753
260 0.67819972 0.65504149
269 1.54204909 1.55163496
727 0.68990189 0.68275674
362 -1.70816448 -1.67655452
634 -0.26463809 -0.27687026
267 -1.71687327 -1.69206366
584 -1.36070376 -1.34611752
591 -1.31830804 -1.29155863
280 1.79943043 1.83011481
279 -0.94594632 -0.96584563
607 0.31700326 0.32072372
747 -0.77356016 -0.78621435
454 -0.71646798 -0.68261448
504 -0.21282012 -0.22214309
629 0.08744006 0.06359260
849 1.87135283 1.87918971
705 -0.53135074 -0.54132667
495 1.25735072 1.24340800
836 1.23315387 1.22307685
871 0.70204758 0.70256401
776 -0.07802923 -0.09885374
533 -1.14039134 -1.15571660
187 0.12429667 0.12894665
47 0.82667918 0.80732933
87 1.04281365 1.04677678
544 0.52831983 0.50798211
48 -0.34121153 -0.34512992
633 2.28806464 2.31985732
411 -0.61041541 -0.61757674
929 0.80809360 0.80964081
845 -0.69366190 -0.69843384
435 1.54895837 1.58149216
85 -1.33933839 -1.34714630
171 -0.72506342 -0.72137863
462 1.28915298 1.27187635
410 0.31674414 0.29482364
764 0.80274018 0.79212282
64 -1.13495926 -1.13062502
249 -0.40178206 -0.41253534
274 1.77794818 1.78732077
33 -1.48420209 -1.47517281
471 0.64471354 0.63009456
158 -0.01756229 -0.00679013
527 -0.40979029 -0.42559166
93 0.14576946 0.12679109
901 0.77232082 0.74905131
444 0.13242164 0.10138714
655 -1.70662237 -1.69873342
91 -1.13696024 -1.13717887
483 -1.06528486 -1.06204466
931 -0.44799977 -0.44439594
906 0.34997060 0.33468468
641 -0.79715649 -0.80045116
736 0.01812025 0.00449462
281 -0.90042215 -0.89422173
323 -0.22944630 -0.24460285
82 0.03475126 0.02078326
833 -0.20240044 -0.20587012
886 -0.47989234 -0.49390198
183 -0.72501790 -0.70243535
650 -1.04775587 -1.06754611
198 -0.22949262 -0.25028063
531 0.59553108 0.59537659
295 0.15995356 0.15943504
918 1.54661900 1.57033353
967 0.45791594 0.45194316
798 -1.71432023 -1.66923827
714 -0.98633766 -0.97690071
252 1.51780727 1.52973658
513 -0.92236945 -0.95991053
661 -0.01937617 -0.03193738
218 0.52768904 0.52090185
638 1.61841740 1.64586227
355 0.26959898 0.26233901
834 -0.16725317 -0.18446778
126 1.07627520 1.07372282
959 -0.35893240 -0.35272633
630 -0.56267880 -0.56271121
626 -2.71971183 -2.70264418
384 -1.65545053 -1.64324098
189 1.45339443 1.46604509
919 -0.42416548 -0.42730104
783 0.89025181 0.89558565
697 -1.15081445 -1.14981613
165 -0.23407079 -0.24079565
846 0.05776412 0.06476977
20 -0.24736175 -0.26375933
676 -1.22625720 -1.24188619
788 -0.45879266 -0.46016025
870 -0.83607161 -0.83224983
216 -1.92143522 -1.90053652
965 -1.61191629 -1.59555002
865 -0.98000158 -1.00033474
285 2.02967342 2.04462204
994 -0.75299525 -0.74101360
659 -0.71305651 -0.73042825
490 -0.89830020 -0.88605213
731 0.37381849 0.36315356
837 -0.47513676 -0.45827777
790 0.23316214 0.23059100
103 -0.55995041 -0.57288734
913 -0.96590130 -0.97504920
413 -1.54999354 -1.52649644
489 0.36424967 0.34838052
806 0.74062907 0.72963554
511 -0.59081955 -0.57829695
916 1.17903646 1.17640124
141 -1.12261255 -1.13030817
273 0.15970585 0.14948911
889 1.61348304 1.63877327
554 1.87333554 1.88701158
993 -0.26325001 -0.27748319
2 -0.52116921 -0.53063812
816 -1.26434132 -1.25967503
927 2.98634064 3.04226993
749 -0.74293529 -0.75892667
368 0.33822863 0.32797034
830 -2.54191564 -2.49858098
325 -0.83527180 -0.82918301
877 0.33974769 0.33319969
111 1.20451631 1.22001282
125 2.54335007 2.58817607
581 -1.58947735 -1.57477949
322 1.17000391 1.16731376
261 0.56830220 0.55172589
40 0.73039478 0.71589020
135 -0.75366773 -0.74691057
440 -0.03329791 -0.04858412
813 0.80540940 0.81886434
992 -0.90005586 -0.89449383
969 0.04440832 0.03026098
264 2.33374807 2.35379068
905 0.95223151 0.96031057
528 -0.65267502 -0.65407274
453 1.26185930 1.26377763
396 1.93146922 1.95732494
577 1.09602328 1.08564225
984 -0.20088642 -0.21477590
964 -0.90864602 -0.91813828
728 -0.21071749 -0.22653664
191 0.47573771 0.47093100
564 2.34194854 2.38900514
763 2.17538610 2.21340500
726 -2.20824444 -2.17275064
795 0.62187285 0.62052974
94 -1.63291074 -1.61297922
457 -1.39205732 -1.39661404
439 0.94809944 0.95200214
31 -0.17032475 -0.17963162
451 0.50972205 0.51780640
963 1.25868653 1.26815955
943 -1.00602421 -1.01010828
301 -0.14623722 -0.14653101
12 0.31390275 0.31215367
585 0.93947643 0.92186085
990 0.92606640 0.92303248
436 -1.39083942 -1.34815287
343 -0.09005517 -0.09600094
239 0.53933185 0.52677842
647 0.41949555 0.42261914
666 0.36358497 0.35745314
348 0.81928849 0.80952803
628 -0.39176413 -0.38805159
700 0.05319381 0.04227743
560 0.78170926 0.76693869
679 -0.23416044 -0.23215731
466 -1.38394037 -1.39563583
578 -0.27030553 -0.28023655
957 1.24481929 1.25694569
925 -1.80979674 -1.80509041
851 1.34504449 1.34592924
894 1.55410247 1.56384707
104 -0.45196832 -0.45721731
42 -0.22703385 -0.24684657
827 -1.70524565 -1.70700470
507 -0.91371430 -0.93743922
592 1.19010428 1.21227928
683 -0.91429195 -0.90708921
594 1.30690514 1.34063625
88 -0.87164424 -0.84727617
172 -0.66764146 -0.67691326
289 0.31307196 0.31190824
488 -0.82393422 -0.82511061
606 -0.74674672 -0.73669157
235 -0.81092988 -0.80779580
168 1.97360253 2.01368137
425 0.17489908 0.16336683
520 -0.43018985 -0.43522065
433 0.62644585 0.61690845
24 0.08361229 0.09011662
611 -0.00124976 -0.00257711
505 1.01513764 1.02781999
34 -0.11575912 -0.13593743
712 -0.64246725 -0.65697629
327 -0.18384917 -0.19849130
496 1.89824834 1.91465925
503 -0.33913738 -0.33503407
514 1.27958352 1.28994685
54 1.05516374 1.05859642
701 -1.20109101 -1.20072410
415 -3.02718858 -2.96329739
284 -0.07519680 -0.09447192
459 0.34985671 0.33945871
255 -1.11053113 -1.10904259
767 1.24325639 1.24217909
766 0.21025905 0.21895423
509 1.52795162 1.53749043
876 -1.15388234 -1.13963731
754 -0.83667153 -0.84939977
176 -1.22070260 -1.23108450
299 -1.67605951 -1.65920525
334 1.16585679 1.15559929
623 1.81134984 1.82869257
26 -0.44685901 -0.46008712
207 0.58634978 0.58053373
461 -0.26907304 -0.26662073
989 -1.32375954 -1.31817359
791 -0.85957572 -0.84571922
553 0.46725437 0.45899904
582 1.20105068 1.21304482
62 0.60733029 0.60511388
722 1.12161781 1.10869400
826 0.50901280 0.50067301
492 0.04614018 0.04003335
394 0.76278442 0.74499806
743 1.44132253 1.43172068
904 0.47711308 0.47345685
657 0.33444081 0.31888197
98 -0.96646426 -0.93815759
574 0.17884398 0.17904647
848 1.20568942 1.18821093
973 -3.12665720 -3.05381865
485 0.48122083 0.45004099
418 -0.13734058 -0.16043764
37 -0.29417767 -0.28321314
645 -0.52637120 -0.55294671
291 -0.23048168 -0.23978836
971 0.04071184 0.04653977
920 -0.71059924 -0.71891974
933 0.18427745 0.19604864
799 0.16958717 0.16682980
815 0.49232721 0.50053267
738 1.55708156 1.58987613
