72 -0.89331757 -0.79008048
66 -0.82557528 -0.60431003
5 0.53470713 0.51235318
61 -0.82543668 -0.62799583
56 0.64444072 0.29385973
57 0.37962076 0.50823098
47 0.27464623 0.17205919
49 1.69071864 1.81242341
45 -0.61497107 -0.80214849
51 -1.04814793 -0.80288046
78 0.65194378 0.64644730
23 -0.07666305 -0.10506704
14 0.77875843 0.73477883
93 -1.64295888 -1.52962650
53 0.93736401 1.07617076
79 -1.32868497 -1.09255675
89 -1.80280036 -1.92621313
44 -2.28140242 -1.77030579
8 -0.20167208 -0.00091222
21 0.51451301 0.50933548
15 0.25503521 0.38522861
54 -0.21577264 -0.10310141
98 -1.58118653 -1.48571393
25 -0.38773197 -0.21508130
48 -0.07023116 -0.14198900
82 0.92615506 0.91011742
63 -0.81667458 -0.75944572
41 1.41302486 1.17030743
46 0.11991578 0.27718091
62 1.09745616 0.94773109
65 -0.61453913 -0.80408885
94 0.99837686 1.09073137
75 -0.90255641 -0.75319222
95 0.44651257 0.19116321
16 -1.32083395 -1.22911258
35 1.64108436 1.33295650
80 -0.28486132 -0.19103981
12 -0.02046754 -0.02923503
29 0.28325973 0.17522011
92 -0.32957530 -0.50000545
38 0.84487143 0.79985043
58 0.04422321 -0.16131485
85 1.08845926 1.22505575
34 0.51009492 0.50368945
37 2.29083464 2.51806939
99 -0.67400495 -0.48921697
59 1.19641044 0.88525505
50 1.15904356 1.10006810
87 -0.08555683 0.09272743
3 0.17124786 0.02845425
88 0.84376653 0.93350089
36 -1.00490729 -0.98350284
26 -0.50755287 -0.46352342
74 -0.48497799 -0.24905388
60 -2.26270004 -2.20559665
22 1.00603272 1.02773678
19 -0.69417376 -0.61911026
0 0.24031252 0.55835727
13 -1.48733469 -1.58809500
33 -0.18154844 -0.08266638
69 -0.31168326 0.06783324
91 -0.05241297 -0.02123399
10 0.76988045 0.74582191
6 0.19830971 -0.18392798
83 0.37968667 0.60339914
40 0.75124007 0.48041736
20 0.69914850 0.67178143
30 -1.97081786 -1.94088991
70 -0.18801729 -0.22192542
52 -0.11745051 -0.23024845
76 -0.51895229 -0.89877496
71 -0.18672073 -0.50029093
90 -0.38858875 -0.57603589
96 1.63747979 1.92980128
27 0.59014117 0.54718222
28 -1.80501767 -2.19004237
86 0.29621138 0.52643924
18 -1.33286297 -1.07443835
24 -0.98148894 -0.81074203
84 -1.90558306 -1.71570190
55 0.43838733 0.07015081
11 1.57647329 1.50242909
68 -1.59462044 -1.43315026
67 1.45669309 1.62570852
64 1.22860052 1.26890795
9 0.08414537 0.06652563
32 -0.69972893 -0.59377240
4 1.27526019 1.22719174
31 1.06331690 1.14834389
43 0.91485869 1.32871917
97 0.90369974 1.07317084
2 0.33627054 -0.05858652
39 -1.45167034 -1.79180376
1 0.20284666 0.09871791
7 -1.16210334 -1.43738047
73 -0.32349134 -0.81073547
17 1.23928930 1.18225564
42 -0.38441763 -0.61707537
81 0.63281243 0.23280174
77 1.18686377 1.39627963
