225 -0.61818551 0.59262893
491 0.06370136 -0.08518248
724 0.16935750 -0.22004070
875 0.53745651 -0.55404181
675 -1.28829143 1.31179858
658 0.75292222 -0.83014153
406 -0.41254495 0.40834043
419 0.78296201 -0.72448587
13 -0.79523926 0.79913137
100 0.06282766 -0.03269548
437 -0.02169377 0.00982839
944 0.66332706 -0.63894734
134 1.80519399 -1.74670370
761 0.86592081 -0.88172804
472 -0.37741739 0.32276881
138 -1.07403129 1.08945392
272 -0.18683908 0.15262973
370 -0.27293786 0.19186664
143 -0.29838892 0.29337982
270 1.16475475 -1.13789329
917 -0.06401311 0.06168770
10 -0.54250274 0.54164902
711 -0.69945262 0.70537265
203 0.90419793 -0.92710867
812 -1.24192854 1.28297581
599 -1.84791155 1.93558782
230 -1.51910178 1.51617238
340 0.72471520 -0.73429014
567 -2.32998938 2.41616485
182 0.00140988 -0.01626238
258 1.02880919 -1.00068505
780 0.98854975 -1.02701081
692 0.06479349 -0.05633955
651 0.44613022 -0.48939565
204 -1.71757396 1.74503787
621 0.95546269 -0.94402783
699 -1.06200294 1.06780131
515 -0.62926839 0.61816371
148 -0.70318815 0.74294785
698 -1.33570120 1.36043494
953 0.29463541 -0.31870237
115 0.65233044 -0.65530130
463 -0.22063178 0.21897057
136 -0.08701179 0.01454040
15 -1.17275464 1.15433817
911 -0.74379752 0.74966623
746 0.62340261 -0.63827676
470 0.52463268 -0.56421678
775 0.69141261 -0.66770242
888 0.12621751 -0.11728958
583 1.65953048 -1.59866666
678 -0.89454455 0.88977551
662 0.59272760 -0.64068729
732 -0.10894040 0.08205483
748 1.30378502 -1.25800168
588 -0.25458140 0.23306137
266 1.73979105 -1.73271234
448 0.10528585 -0.13475435
605 0.28257675 -0.30250908
757 0.29877815 -0.27163652
900 -1.44990002 1.43674543
133 -1.19068606 1.14618759
735 0.07215756 -0.07106683
573 -1.37698056 1.41121549
105 0.17364912 -0.18146938
331 0.37568856 -0.38875548
765 -0.23836060 0.18548249
427 -0.13995799 0.14894096
268 -1.21418289 1.23741037
300 -1.23376878 1.22117557
369 -0.40618051 0.38237978
521 0.28720849 -0.33802469
866 -1.39203835 1.37176637
831 -0.63730847 0.64867765
978 -0.94045298 0.94985040
242 0.17379244 -0.13364041
305 -0.31674338 0.30770097
113 0.41418611 -0.45756680
674 0.40681892 -0.41855241
173 0.02427706 -0.06872177
687 -0.18376284 0.14196083
562 0.31711767 -0.29773590
278 0.92063937 -0.90439608
842 -0.98432581 0.98216500
416 2.20087326 -2.16341182
35 -1.66539760 1.68119900
664 -1.88838518 1.91086618
903 -0.48012701 0.49603620
744 0.49648941 -0.53035102
116 0.42641617 -0.47114258
14 -0.53711387 0.51334386
450 -0.97426641 0.96325304
445 -0.36457886 0.38211446
195 -1.62351512 1.65517753
282 0.19259333 -0.18284107
640 0.49295224 -0.46017649
968 0.11602260 -0.15709104
423 1.42726248 -1.43402527
518 0.18302561 -0.18285607
251 1.67329465 -1.64240833
271 1.87539538 -1.81843131
75 1.07712588 -1.06237991
482 0.03336023 -0.03479897
817 -0.46156728 0.44565801
958 -0.63750126 0.67050143
952 -0.31059246 0.33548351
895 -0.11546933 0.08213157
941 -0.29563364 0.24594107
409 -1.12581515 1.13778133
706 0.17741340 -0.15179668
449 0.51133657 -0.49883802
972 1.43591370 -1.36954321
946 0.02211799 -0.04752899
997 -1.43610397 1.41355537
532 1.66713727 -1.59382903
786 -0.25689827 0.24864363
313 0.82271640 -0.86553804
838 0.12423741 -0.14316486
401 1.37053751 -1.36193515
516 -0.46732369 0.43302707
81 0.44547070 -0.45782458
497 -0.62261331 0.61669064
49 -1.69052393 1.68600475
297 -0.70271987 0.65468462
324 -0.90661971 0.86731633
890 1.60049778 -1.57383162
275 -1.04463653 1.09145846
561 0.00062132 -0.01233243
244 -0.61438735 0.59972175
598 0.08284550 -0.13156883
404 -0.04339081 -0.00973128
263 -0.50892267 0.45619053
310 0.04736690 -0.05549709
311 1.34559351 -1.36685033
221 0.03538067 -0.09930825
909 -2.16041137 2.24166919
352 -1.19796187 1.19209761
899 -1.25804369 1.22256065
670 0.00882522 -0.03545460
357 0.82841821 -0.85406488
537 1.39649497 -1.36506324
314 -0.93338356 0.90836014
785 0.11004375 -0.13278988
996 -1.61505847 1.59128903
981 0.42761840 -0.44878407
566 -1.21677101 1.22534305
811 -0.84786093 0.84957279
545 1.30838979 -1.31272605
102 0.54961235 -0.53330509
240 0.99237108 -0.97369319
500 -0.65478811 0.66828507
476 -0.71309220 0.69035207
326 -0.85537790 0.84411328
618 0.07240162 -0.08747929
294 0.88688055 -0.87320768
502 -1.11624209 1.16224272
29 -1.13128115 1.12645030
840 0.37406975 -0.39421833
793 -0.69091975 0.70159560
543 0.09254160 -0.11431978
632 -0.10378511 0.09556690
303 0.18007508 -0.19802315
998 -0.30761407 0.30436583
823 0.93500867 -0.94226293
477 0.75757736 -0.72822576
781 -1.08943589 1.11845521
893 -1.36534448 1.42503754
243 0.59367887 -0.64454067
602 -1.50414139 1.49298100
715 -0.26991868 0.24683158
41 -1.47859939 1.48750841
389 -0.28237608 0.26963548
214 0.56813397 -0.57219033
127 -1.03857566 1.04209223
349 -1.23279099 1.23069472
432 0.64008700 -0.61537931
378 0.53706133 -0.53174118
769 0.94128418 -0.94022321
481 0.59515012 -0.61355538
256 1.05517274 -1.06665004
178 -1.12797601 1.16161432
123 -0.72411535 0.70505982
28 0.73085943 -0.74875254
541 1.17133048 -1.14768630
804 0.45423783 -0.42303138
947 0.60290402 -0.60187661
680 1.21948602 -1.20181455
359 -0.39818568 0.40489630
222 0.95928381 -0.94494260
395 -0.42673594 0.40736564
835 1.30158962 -1.26676723
954 -0.57670934 0.56460049
208 -1.05005549 1.07197408
38 0.48705430 -0.52445479
887 -1.11311548 1.11264120
139 0.96593376 -0.96655183
719 -1.13774098 1.10734097
549 -0.06935005 0.02317402
494 0.34894588 -0.35671976
805 0.99980091 -1.02048165
669 -0.28473241 0.26798473
861 1.14891888 -1.13164495
90 0.94117252 -0.93214625
642 -0.88595975 0.88419221
16 0.55966350 -0.57549352
353 0.16825222 -0.15215016
637 -1.04807272 1.06943317
398 -0.18664584 0.15814574
956 1.12831107 -1.10802483
792 1.32872345 -1.34955394
170 -0.09729229 0.09946315
880 0.04138805 -0.00600412
57 -1.10121929 1.12534027
677 -0.91065613 0.93037958
693 0.78706440 -0.80977439
50 -0.43431398 0.42905199
354 -0.21658712 0.21293995
234 1.32640324 -1.31851724
478 0.03604085 -0.06264155
188 -0.27306067 0.30273498
206 -1.01600202 1.01497042
315 -1.95325164 1.96554743
293 -0.33187940 0.33290099
843 2.44237979 -2.36757311
373 0.40309320 -0.38123782
639 0.33412858 -0.33869351
245 -0.48301113 0.53137853
982 -1.17767725 1.15406849
319 0.65577644 -0.69979708
517 -1.11308427 1.10118339
193 -0.62644000 0.60972473
351 -0.79908132 0.83440328
525 -1.38175317 1.42445053
306 -0.82149605 0.77717376
23 0.03566752 -0.02316994
960 0.88454495 -0.88182483
86 0.17170402 -0.20025009
627 -0.31933997 0.31298047
779 0.47231412 -0.46879389
431 0.82558268 -0.81171818
643 0.14777413 -0.17458680
120 0.05341150 -0.03445407
192 -1.16179524 1.12078509
227 -2.13340302 2.18387816
867 0.47466621 -0.47950596
344 -1.09596080 1.07904625
99 0.54947416 -0.54189667
987 0.55756996 -0.57717469
302 -1.23254225 1.26541053
983 -0.81636750 0.78060213
762 -0.25159097 0.23528464
856 -0.43277430 0.44386952
6 -0.23789678 0.19422549
672 0.76901886 -0.77386276
844 -0.54933791 0.61415220
832 -1.36798142 1.42175360
283 0.49814855 -0.48540756
852 0.09173454 -0.14476386
196 -0.45875026 0.44693877
730 -0.65196707 0.63363360
548 1.54705344 -1.50061990
452 -0.49079132 0.43156638
132 1.19475576 -1.18304342
328 0.56426739 -0.60926064
202 -0.31307271 0.29666596
787 -0.65987542 0.63776924
966 -0.38204401 0.38837922
601 1.11216227 -1.11202709
155 -0.21360583 0.19241727
555 1.23001281 -1.24868025
265 -0.23039631 0.20528332
377 1.74541195 -1.67896316
89 0.36266057 -0.37458143
725 0.92428397 -0.96627982
771 -0.89721804 0.89451679
740 -1.23206305 1.23526007
557 -0.29486692 0.29835784
118 -0.26448255 0.26299306
53 -2.15630630 2.17906141
73 1.71246264 -1.72054541
167 -1.23964332 1.25716721
151 -0.20760201 0.20319969
708 0.42686328 -0.44148217
101 -0.74918506 0.74334981
332 1.62996499 -1.57660667
873 1.21814783 -1.19555762
580 -0.15122564 0.17216317
568 -0.27733111 0.28490302
563 -0.37021893 0.37443511
399 -0.62340611 0.63566975
335 0.83333635 -0.83712440
76 0.64712566 -0.66952228
506 0.81659201 -0.83604822
950 0.70838519 -0.72879566
70 -0.36123182 0.34752991
201 -0.29921471 0.28031741
429 0.37800142 -0.41890709
213 -1.00830585 1.02258922
772 -0.76859108 0.75592804
821 0.41227042 -0.41857932
501 -0.17028619 0.17489096
729 -0.13073418 0.11772689
928 1.79539469 -1.73401657
60 -0.59714687 0.57940781
190 1.45846750 -1.41587030
975 -0.33814064 0.30532538
685 1.29468914 -1.27177664
422 -0.60200706 0.62132350
96 0.80134990 -0.79217545
914 1.26365797 -1.28046923
853 -0.35874689 0.36630183
290 0.54126937 -0.52052552
797 -0.19578317 0.23713523
107 -0.45593256 0.50004687
442 0.88690440 -0.85743374
534 -0.71678137 0.71054258
609 0.16221230 -0.17912262
140 -0.84296329 0.82760972
934 0.38674157 -0.38878764
538 1.26739639 -1.25129558
66 0.20205897 -0.22515044
153 0.59154409 -0.59654891
341 0.22216261 -0.20261677
468 -0.76639434 0.79294045
596 2.22522641 -2.15578545
18 -2.72580038 2.82631572
386 0.55970273 -0.56775915
149 0.98463012 -0.98431888
128 -0.16981234 0.17038991
380 0.31543624 -0.31025207
547 -0.59696611 0.54086548
400 0.62518211 -0.62391462
65 1.54465076 -1.45532193
337 -0.04628629 0.04233804
393 -0.83147231 0.80933744
333 0.07680624 -0.07365296
681 0.70751706 -0.70081824
156 0.61689820 -0.57885710
9 0.43687944 -0.49469871
948 0.38866550 -0.40218474
175 0.10454788 -0.06859262
589 -1.17561022 1.18799284
8 -0.06082810 0.06423193
829 0.57345932 -0.54257765
39 -0.06424045 0.04123065
839 -0.09220118 0.07280178
224 -0.05579695 0.02147971
858 -0.73438248 0.75895190
625 -0.34764573 0.30457350
671 0.90273336 -0.88341657
855 1.75827345 -1.76095492
841 0.64106100 -0.67807507
613 0.95014692 -0.95536559
519 1.92464104 -1.92802396
152 -0.93785527 0.89773189
898 0.27544871 -0.26805356
381 0.34824513 -0.35871438
942 -0.18317510 0.16526023
922 0.99482392 -1.03889789
716 -0.38098242 0.35743037
961 -0.70019973 0.66432562
986 -0.12466639 0.11887606
364 0.58966496 -0.61031730
345 -0.41149517 0.41178329
0 0.73789363 -0.77405406
25 -0.91123964 0.90449920
760 -0.36506631 0.37580240
794 -2.05519966 2.09288133
572 0.81310477 -0.85177569
991 -0.71771926 0.69562104
46 -1.50248381 1.51517028
546 -0.22635164 0.22546208
819 -0.70930764 0.72322628
342 1.11541838 -1.10385396
11 -0.46446566 0.42867772
237 0.81201688 -0.82473645
936 0.98083798 -1.00961974
995 -0.01099693 -0.03187111
44 -0.71658924 0.70966903
385 -0.63315949 0.60790444
177 0.85706988 -0.83684884
408 -0.30777187 0.29218762
550 -1.93162079 1.95230936
616 -0.04336295 -0.00761853
570 -0.61661262 0.58737590
246 -1.04952592 1.08909326
223 0.15945880 -0.20274393
608 0.02843941 -0.08351048
808 0.15150921 -0.16127333
976 0.93215131 -0.99328234
636 1.93756450 -1.85319953
383 0.30858190 -0.28949105
999 -2.83336062 2.93516424
540 -0.46318742 0.40689960
169 0.53766646 -0.53585247
161 1.90783050 -1.85231369
247 -0.23391943 0.23185974
529 0.21735457 -0.26759794
822 0.13533099 -0.16388563
646 -1.11210113 1.10575843
142 0.06588339 -0.07343559
807 -1.09080617 1.08025853
558 -0.86856525 0.92152666
250 0.06728689 -0.05176295
937 1.24965041 -1.26936389
117 -1.39080892 1.40168718
644 -0.12206133 0.11403755
347 -0.39525588 0.37256461
405 -0.74134981 0.71175235
758 -0.02755606 -0.03208676
339 0.64743614 -0.63238839
723 -1.18580046 1.13672666
67 -1.08253229 1.09809089
215 -0.12220576 0.10669451
473 0.74925824 -0.77049666
745 -0.71699333 0.71622536
421 -0.34172104 0.30388376
254 0.67165800 -0.64977645
456 -0.91278801 0.89924939
951 0.35646731 -0.36426357
292 0.16783922 -0.17467449
382 0.61581543 -0.63938148
131 1.15703073 -1.11580894
556 1.71089510 -1.71962016
129 0.13610462 -0.16922302
262 -0.39002413 0.38317697
597 -1.08906456 1.10499660
773 0.90735998 -0.89687831
721 1.49317359 -1.46176377
277 0.00743732 0.03202723
559 0.63965907 -0.68140348
803 -0.76854049 0.73224649
464 -0.90177645 0.86668361
896 0.23351296 -0.20986221
320 0.87592894 -0.85754066
707 0.35666523 -0.36773027
682 0.54393684 -0.56764010
157 0.57957302 -0.58183014
859 1.12139500 -1.10529012
648 1.84267185 -1.76237743
7 -0.55493674 0.51923533
539 0.94153693 -0.97354386
768 -0.25681179 0.22176680
695 0.19644743 -0.15197451
874 -1.03085675 1.04779998
17 0.96824840 -0.96005693
668 0.67889548 -0.69359524
430 1.82404525 -1.77760256
667 -0.19266503 0.19625148
194 -0.76611284 0.74345920
718 -1.67050096 1.66092209
209 0.66067141 -0.65838148
228 -0.30205268 0.25818652
30 0.23825614 -0.23709197
4 2.41882881 -2.34706897
397 0.62002882 -0.63214584
56 1.56801118 -1.53098821
80 -0.31594100 0.27996133
881 0.31573914 -0.36326019
891 1.02002758 -1.01964487
180 -0.12379626 0.15983621
988 -0.70307269 0.67154972
551 -0.63649338 0.64428889
122 1.86935078 -1.85665582
184 -0.08743081 0.01871070
750 -0.65724718 0.66145770
309 -0.36452113 0.31151599
197 -1.31203543 1.29412215
656 0.47511800 -0.48757903
686 -0.71023795 0.75893353
612 0.71606130 -0.72790674
624 -0.09941637 0.06097191
734 0.58972135 -0.58988901
617 2.05744105 -2.04749633
774 1.09908659 -1.15715071
945 1.62255188 -1.60217479
921 0.11734051 -0.12063565
869 0.80018422 -0.83818167
36 0.04469876 -0.08209332
420 -1.49879664 1.52506440
755 2.74483024 -2.66560592
106 -0.90124866 0.91515938
526 0.31568988 -0.36235419
163 0.89183436 -0.90753575
800 0.40288257 -0.43800789
985 -1.17362612 1.20170417
932 0.19144637 -0.22375675
696 0.60856236 -0.65634671
595 -2.41136950 2.52561315
447 -0.97809711 0.97313505
469 0.25847925 -0.28508780
912 0.16004342 -0.21650137
487 -1.74732422 1.79085432
467 0.64733072 -0.65250729
179 -1.10474130 1.08042248
424 -1.14099441 1.18132787
32 -1.52574482 1.58427437
231 0.51830301 -0.58790339
703 0.45531814 -0.50179215
460 0.31908573 -0.36107897
962 1.35751042 -1.33696963
77 -1.22956096 1.27311736
376 0.25645547 -0.21708096
586 1.87439887 -1.83692522
287 -2.95661073 3.16831431
879 0.47213604 -0.44075503
789 -0.58192704 0.57332430
512 -0.02378041 0.00201735
426 -2.26316668 2.36736625
977 -0.63864688 0.63613637
58 0.31876411 -0.32410145
622 -1.05497765 1.05954861
186 -0.15851437 0.12386610
372 0.23854678 -0.27214590
974 -0.04759997 -0.02768080
702 1.20705492 -1.19564164
720 0.06778994 -0.07674527
150 0.76738691 -0.80704527
304 -0.17701616 0.13934180
174 -0.98762895 1.00799152
610 -0.94887240 0.95148354
802 0.45720262 -0.46789104
296 -2.69710168 2.83478411
713 0.51310069 -0.47664602
796 -1.18058075 1.16471775
276 1.05617839 -1.03242734
882 -0.82661613 0.78773921
360 -0.98407841 0.94210152
95 -0.92359853 0.93673413
112 -0.20960596 0.19223910
145 0.14868461 -0.17925138
211 -2.31279392 2.45405939
571 -1.05849475 1.07985692
217 1.60655286 -1.57847527
63 -0.17772894 0.18088975
229 -0.19704558 0.21676007
587 0.84408647 -0.81312803
160 -1.07765538 1.08334368
717 -1.43905272 1.40392820
84 0.38076651 -0.39280146
414 -0.28893532 0.24734720
164 0.81333524 -0.79705035
71 0.83716059 -0.87958738
83 -1.41252580 1.44263936
673 0.22571270 -0.25988370
930 -2.03371481 2.10823043
915 0.77118262 -0.80181391
402 0.87466520 -0.90159217
109 -0.38562151 0.37437359
892 -0.75434704 0.70853201
660 1.48123372 -1.46920193
412 1.04102833 -1.04338996
480 1.10578647 -1.12089001
374 1.79934062 -1.78070665
710 0.45785478 -0.46028320
181 1.46080979 -1.39651058
43 -0.48761657 0.49520435
72 -1.27155355 1.26385428
159 0.08113754 -0.11159661
649 -1.50557899 1.44793431
493 -0.25306824 0.24421427
200 1.73094860 -1.66448061
390 -1.49230026 1.51532556
121 0.66916104 -0.65715916
498 -0.22797111 0.24399840
108 0.02565961 0.01156957
614 1.49254595 -1.42350649
391 -1.25315362 1.29080625
620 0.38947613 -0.39405666
939 -1.44919325 1.41921943
872 -2.11373154 2.17657621
238 -0.44206587 0.44626545
443 -1.31309011 1.34474730
809 -1.85296521 1.93154659
926 1.40075405 -1.37909019
847 1.14319300 -1.14713030
185 0.59563445 -0.58444241
756 1.21088272 -1.17758624
885 -0.70619529 0.66869096
212 -2.61660196 2.72087034
92 -1.69019339 1.75929332
784 0.01842526 -0.02714230
124 0.63153050 -0.63426475
778 -0.32898994 0.31961478
253 -0.35476062 0.31615330
166 -1.32418459 1.31800407
392 -0.17554691 0.12761537
19 0.21851089 -0.25894641
741 0.50066000 -0.48517159
569 2.00900534 -1.91708256
51 0.48871969 -0.55133901
691 2.24611549 -2.19923221
523 0.86264687 -0.87358926
59 -0.99624161 0.99269210
603 -1.29028601 1.31055278
907 -0.75829743 0.76314043
530 0.58142362 -0.59165681
857 0.35246254 -0.38932248
257 2.34005821 -2.23055999
446 0.26493307 -0.25241391
690 -0.01876330 -0.01602077
441 1.46054656 -1.46582191
144 0.75038982 -0.79336582
810 -0.14823053 0.12218778
777 1.63100251 -1.61485835
241 0.91797815 -0.92879904
162 -0.85867925 0.82775447
259 -1.42593380 1.43877807
924 0.22888835 -0.24711566
704 1.95203944 -1.85627103
979 0.90321211 -0.88930403
22 0.20204626 -0.18396899
980 0.46076029 -0.47103403
55 1.19122663 -1.19212485
114 -0.95899354 1.00250849
970 -0.94227706 0.94702167
955 0.54605513 -0.55546228
312 0.33288579 -0.41461833
199 -1.30361355 1.26608724
219 0.55206585 -0.55926643
318 -0.34377937 0.35120973
434 1.87161037 -1.83431937
371 -0.64193441 0.59957639
363 1.67352645 -1.63202889
375 1.62598473 -1.57170202
45 1.60052096 -1.58276927
615 1.01246515 -1.00571137
860 -1.19621892 1.19345477
733 0.46818989 -0.45195761
828 -2.03868377 2.08450057
579 1.00467693 -1.00906374
863 -0.09783880 0.04621360
499 -1.14318825 1.15029430
818 1.76887312 -1.69700033
782 -1.05278938 1.02071868
484 1.58061145 -1.55438084
110 -0.62098738 0.59323606
417 0.52415905 -0.52126868
475 0.86826309 -0.94796394
751 0.18992787 -0.22650990
709 0.44922429 -0.45306039
739 -0.65228446 0.62247334
74 0.20336685 -0.20622559
864 -0.29533408 0.30162786
619 -1.20442995 1.16913311
742 0.82975417 -0.87047543
759 -0.35275066 0.33147799
3 -0.03997000 0.03292423
910 -0.56165401 0.53151332
154 -1.81161809 1.83467424
949 -1.20079584 1.23074545
365 1.66996255 -1.63608143
316 1.40934487 -1.35746941
542 -1.32838327 1.32366993
897 -1.83895074 1.92250018
330 2.04183920 -1.98331666
665 0.61062180 -0.62245734
329 0.06995258 -0.07151334
753 0.28914735 -0.29896794
737 0.25759173 -0.22934464
307 -0.61743417 0.59648881
308 -0.19214504 0.20175820
474 -0.05904437 0.05044868
801 -0.48412398 0.42636391
298 0.54636449 -0.56940774
663 -1.45819463 1.45139117
631 -0.41256189 0.39923540
27 -0.08368325 0.05425885
137 -1.05999320 1.02601627
600 0.30088195 -0.36433485
593 0.74388719 -0.74905687
1 -0.27751990 0.29254577
486 1.24885538 -1.25882639
935 -0.57528779 0.61633672
479 -0.34713132 0.26370715
654 -0.28445313 0.25302289
350 0.64356889 -0.64242061
226 0.84789020 -0.83466263
317 0.27302351 -0.34144333
652 0.06075418 -0.05313384
130 0.85486044 -0.83528482
455 -0.85511089 0.82423701
688 -0.87547843 0.84814759
233 0.92279354 -0.92912473
635 -0.01543788 0.03625576
346 -0.05293870 0.03882232
388 -1.35452928 1.41050708
146 -2.12117295 2.14569104
210 -1.08423423 1.10956261
338 1.26867307 -1.29182730
854 0.58778182 -0.58929284
232 -0.33802764 0.27475151
205 -0.04226280 0.00649440
825 -0.54846911 0.51464660
236 1.62345345 -1.57303936
522 -0.43650270 0.42924632
147 -0.17688867 0.12251000
902 -0.54925277 0.50756949
689 0.43711703 -0.41411850
752 0.12365145 -0.16155189
387 -0.16665987 0.16736636
508 -1.59887223 1.65514767
576 -0.73424028 0.73353355
565 1.22614935 -1.21786827
438 -0.67187770 0.68886452
61 -0.39045385 0.39289208
52 0.56964133 -0.63229652
356 1.15537136 -1.14116181
575 -1.73795376 1.71961807
883 -1.08332398 1.10182355
938 -0.76371617 0.77075187
908 -0.15059577 0.14586198
590 -0.29826366 0.27217467
878 -0.25496854 0.27003696
850 -0.70056236 0.65079766
403 0.05902304 -0.07943123
524 0.14988306 -0.13836686
458 -0.00748696 -0.00874108
79 0.47614683 -0.46279956
923 -0.40759916 0.38315548
770 0.08869953 -0.07966482
379 -0.21769797 0.14952476
361 0.88376375 -0.89075111
78 0.16598371 -0.15095955
68 -1.49654931 1.49900022
97 0.29972540 -0.34057456
824 0.17130729 -0.16861113
862 -1.35981051 1.37417697
288 0.72973676 -0.72920073
220 0.43580313 -0.45920585
820 -0.83949166 0.84346180
367 0.79164109 -0.78320797
694 -1.11281926 1.03238672
336 -0.60228611 0.60537397
321 -0.12393177 0.05399739
510 -0.20556196 0.19227459
814 0.19002950 -0.20077864
868 1.26504341 -1.28556209
21 1.29600639 -1.27421948
684 0.79488984 -0.80381453
248 -1.26836854 1.26834469
552 2.74074524 -2.61348711
604 1.57831285 -1.58487831
358 0.69220430 -0.68897102
69 2.45505406 -2.35825146
535 0.27324305 -0.27279143
5 -1.77367953 1.82893289
119 1.74544873 -1.71652043
407 -0.29861359 0.29588471
465 2.04904725 -1.95665111
428 -1.01438344 1.03240839
536 0.53112037 -0.54771221
366 0.11915522 -0.14652512
884 0.95797459 -0.98139790
940 0.40414342 -0.41591666
653 -0.24458663 0.22639957
286 -0.63981323 0.64763980
260 1.25303222 -1.30283453
269 0.93492621 -0.92098961
727 -0.46779398 0.43547766
362 0.84203728 -0.82476776
634 0.67622466 -0.67959531
267 -0.68908430 0.70885013
584 -0.16532614 0.15384711
591 -0.76270607 0.75900875
280 1.69190097 -1.62447887
279 -2.19276536 2.26393681
607 0.34271361 -0.37257143
747 1.34276734 -1.30714680
454 -0.55417560 0.61840613
504 -0.37051202 0.36573337
629 -0.51130908 0.45458161
849 0.10030396 -0.12153800
705 -1.13998274 1.13968274
495 -0.24983933 0.23111962
836 -2.45549508 2.58416147
871 -0.25479648 0.24824004
776 -1.49269075 1.45816020
533 -0.42248176 0.38437269
187 0.23287796 -0.22169759
47 -1.85031066 1.87221535
87 1.42304775 -1.40824675
544 -1.07568799 1.03400801
48 -1.85962942 1.91361273
633 0.78612250 -0.77537601
411 0.07505728 -0.10897293
929 1.15590940 -1.16175261
845 0.52957200 -0.54522652
435 1.54902262 -1.48767431
85 0.06391266 -0.10698068
171 1.78447875 -1.71501328
462 0.26688419 -0.34241196
410 2.32600897 -2.27294023
764 0.21185871 -0.24445552
64 -1.53999755 1.52966287
249 -1.52350707 1.55297411
274 1.33793300 -1.32780780
33 -0.04195433 -0.00130406
471 0.85783571 -0.86211346
158 -0.24728932 0.23536161
527 -0.81153650 0.79347378
93 -0.66742003 0.62399410
901 -0.88264636 0.86086080
444 -0.93124321 0.88840972
655 -0.75280469 0.75123045
91 1.94650302 -1.89567863
483 -0.35140422 0.36312099
931 -1.21748870 1.23036334
906 0.11475729 -0.14934751
641 -0.70314112 0.73691802
736 0.98766713 -0.98178960
281 0.10923423 -0.10133657
323 -1.58281414 1.58632691
82 -0.68048501 0.66717531
833 -1.38829279 1.41615626
886 -0.98070886 0.98683656
183 -0.44412531 0.48184161
650 1.64358718 -1.66846609
198 -0.14104677 0.11966940
531 0.71997246 -0.70931570
295 2.20622024 -2.12892170
918 1.18573701 -1.13216943
967 -0.44684560 0.42676314
798 -0.35165763 0.35418374
714 -0.27252329 0.26964288
252 0.21387714 -0.21949290
513 -0.86911644 0.79027365
661 0.44772740 -0.50304932
218 -0.79053040 0.77747880
638 0.14700362 -0.13733975
355 0.10708185 -0.13144854
834 0.31261186 -0.32825831
126 0.53709588 -0.54981463
959 0.94520114 -0.92348586
630 -0.67170051 0.67798420
626 -1.38552413 1.36492244
384 1.71944134 -1.65830687
189 0.42538467 -0.44256510
919 1.24342594 -1.20725147
783 -0.32417298 0.33265130
697 0.21883117 -0.24822487
165 -0.02654550 0.00350261
846 1.01187673 -0.98744468
20 0.15501005 -0.16642535
676 -0.40326319 0.38133008
788 -1.69791407 1.72219623
870 1.50990545 -1.49315857
216 0.19480812 -0.24189601
965 0.00061486 0.00448383
865 0.42360583 -0.46073964
285 -0.07597081 0.04222669
994 -0.60303902 0.60935231
659 -0.48739302 0.44825766
490 -0.36183962 0.37079853
731 0.49779818 -0.47783029
837 -1.53307546 1.59912674
790 0.85979797 -0.86238602
103 0.75719133 -0.76992539
913 -0.18388387 0.17253603
413 0.53651928 -0.52356843
489 -0.20788351 0.18297593
806 -0.14371692 0.09145831
511 0.76783491 -0.73725214
916 1.12891732 -1.12945004
141 -0.08921967 0.03439971
273 -0.91373705 0.90428254
889 -0.32987300 0.34878988
554 1.95246292 -1.90471139
993 2.09911291 -2.04130488
2 -0.34819536 0.34692767
816 -0.24868212 0.23641888
927 1.06712665 -1.09139185
749 0.77473404 -0.79310823
368 0.36392811 -0.39655238
830 -1.29634131 1.29835591
325 0.55304832 -0.55605931
877 0.76389433 -0.79560532
111 0.63293913 -0.63534009
125 0.12231371 -0.17049971
581 0.20648499 -0.17780224
322 -1.74861628 1.76691410
261 0.48456269 -0.52961206
40 2.10472043 -2.05358569
135 -0.17533896 0.17010627
440 -0.06515204 0.03010422
813 0.75247712 -0.71959538
992 1.67238083 -1.60279359
969 -0.25818475 0.23297897
264 0.98510040 -1.01606312
905 0.67610832 -0.64999040
528 2.16929067 -2.10323904
453 -0.87340338 0.88484197
396 0.99343402 -1.01336813
577 -0.13034836 0.08584808
984 -1.14033356 1.14649483
964 -0.66736163 0.62114639
728 -0.12552583 0.08895673
191 0.65736203 -0.64594884
564 1.59811828 -1.53850630
763 1.20179576 -1.20375805
726 -2.81724436 2.95097493
795 -0.66099140 0.64897948
94 -1.16081299 1.19401175
457 -0.12842934 0.09785348
439 0.00984647 -0.04111629
31 1.83796098 -1.76175286
451 1.01547496 -1.00203626
963 -0.19170262 0.16759782
943 1.01778092 -0.99028297
301 -0.11443961 0.11889936
12 1.16614109 -1.16086995
585 1.71411666 -1.72622673
990 0.73925077 -0.74113248
436 -0.81199675 0.85839784
343 -0.64077096 0.62746364
239 -1.77355850 1.80374256
647 -1.70494070 1.74176472
666 -0.22397659 0.17546229
348 1.93604621 -1.89501676
628 1.55992719 -1.50710194
700 1.51212648 -1.50650458
560 -1.37568405 1.39647555
679 -0.93121802 0.93984333
466 -0.31021468 0.25765438
578 0.16907243 -0.18540459
957 -0.96232409 0.94447288
925 0.34723480 -0.37835238
851 1.35993606 -1.33700808
894 -0.29869650 0.27602914
104 -2.21685595 2.29303776
42 0.31509879 -0.33549989
827 0.03447064 -0.05129777
507 -0.66674046 0.63814099
592 0.21969262 -0.19974379
683 0.19779253 -0.17536329
594 -1.22297899 1.22924046
88 -1.83490273 1.89260270
172 0.08296585 -0.08614433
289 -0.04459706 0.06289775
488 2.30413965 -2.25803070
606 -1.57932089 1.64616194
235 -0.65304783 0.65064353
168 -0.49824031 0.55680286
425 -0.32900732 0.31351194
520 -0.11729920 0.10174118
433 0.59057432 -0.62743709
24 -0.22278996 0.21052666
611 -1.15927442 1.17094301
505 0.75363767 -0.76325437
34 1.27739450 -1.30441592
712 -0.85584908 0.83481748
327 0.31768379 -0.35110795
496 0.93016207 -0.92370701
503 -0.26280468 0.27092390
514 -0.47486986 0.47621626
54 0.81179957 -0.83149821
701 -1.41950294 1.45606146
415 -1.20326427 1.19408154
284 0.87137700 -0.87722094
459 -0.33796724 0.31075742
255 0.00859966 0.01963762
767 -2.04360259 2.08772906
766 -0.69540127 0.72493437
509 -0.31688558 0.29941331
876 0.96105484 -0.95059111
754 -0.81591281 0.76586924
176 -0.21249007 0.17708808
299 -0.31292650 0.31352727
334 -1.72971732 1.73909862
623 0.54970329 -0.57089068
26 -0.06213576 0.05519009
207 -0.91352732 0.88637365
461 -2.11208622 2.20552271
989 -0.23688311 0.23915188
791 0.22058594 -0.22526639
553 0.84315794 -0.87614170
582 -1.39261562 1.40816354
62 0.63412999 -0.65951594
722 0.69051573 -0.74370714
826 2.60687205 -2.52164398
492 0.17775152 -0.19558950
394 2.49494018 -2.43620755
743 0.58424265 -0.63853548
904 0.81916676 -0.80622432
657 2.00300175 -1.94220855
98 -0.40704285 0.43374086
574 0.00703613 -0.01598770
848 -0.70512122 0.62806188
973 -1.36827897 1.38634901
485 -1.30366660 1.29096821
418 -1.36398601 1.36384839
37 0.58696005 -0.55539337
645 1.28702418 -1.27352784
291 1.04702769 -1.05562330
971 1.54785582 -1.50443297
920 -1.11805814 1.11265094
933 -0.60793755 0.60235712
799 -0.69155497 0.67319497
815 -2.78039525 2.89990995
738 -2.00482866 2.05678594
