18 1.52857562 -0.53475680
16 1.57923202 1.72984112
25 0.79677356 -1.15279630
14 -1.31331084 0.38553289
21 0.11191903 -0.71329032
22 -0.07201951 -1.47952665
15 -1.77412387 0.40196774
1 -0.35458771 -1.63593674
26 -0.66321082 1.25365913
12 -1.68371974 -0.84544422
11 1.13751291 1.58418409
28 -0.90049685 1.62868310
24 -1.77157926 0.35492410
9 0.10664032 -0.42584746
3 -0.27809361 -0.81818777
5 0.34106023 -1.25032051
13 1.31049171 -0.21181012
10 0.14398501 0.96567928
8 0.77287765 -1.33004816
27 1.48186488 0.67659124
17 -0.28248907 0.33917133
29 -0.11495103 -1.35518573
2 0.98046172 -0.48192408
19 -0.59460838 1.12300675
0 -0.55871799 0.17410558
20 -0.84587513 0.30544061
7 -0.36539065 1.01589020
23 -0.73355399 -0.59749761
4 1.25910796 0.72836735
6 0.75622584 0.16552796
