225 0.08201620 -0.08678177
658 -1.62412483 1.65047683
491 0.56971559 -0.56657883
143 -0.31524124 0.31044967
13 -0.57971190 0.54646305
875 -0.00420508 -0.02403387
599 -0.57852124 0.56074244
724 -1.00008119 1.02190076
605 0.09560867 -0.05325635
340 -0.38189855 0.35912169
419 0.93618901 -0.96177017
692 0.04788066 -0.01757597
136 -1.63094135 1.62402550
573 -1.30474633 1.32951355
230 0.27667421 -0.29267330
521 -1.33235490 1.36126967
678 -0.13668064 0.15027678
687 -0.21093688 0.20082686
472 0.38361726 -0.40960599
651 -0.52079164 0.50451091
944 0.24444408 -0.20929743
463 0.14491602 -0.17745144
182 0.82393255 -0.83639232
437 -0.11653725 0.10211978
675 -0.73895610 0.70547533
953 -0.49195027 0.51416161
775 0.68233729 -0.67722429
148 1.23497251 -1.21321103
100 -0.00644462 0.02548196
134 -0.05767189 0.07310014
780 -0.40897578 0.39521438
831 -1.26514684 1.29834130
370 1.26930247 -1.25206050
115 -0.33760022 0.34314466
203 -0.70879346 0.69600420
516 -0.85973430 0.85507081
258 0.84240866 -0.84790468
167 0.86345039 -0.86136224
204 0.49648182 -0.48373691
621 0.47174536 -0.49524368
812 0.20786915 -0.23056323
518 -1.61964839 1.63707035
282 0.25879150 -0.28754045
903 0.75952368 -0.77275897
997 0.56371610 -0.58605549
917 0.14728511 -0.14228089
900 2.37136353 -2.32917861
958 0.55176679 -0.55957540
10 -1.12867826 1.12257384
817 0.19101276 -0.19413541
583 -0.01904661 0.02070495
105 1.63977940 -1.62945248
423 -0.05195040 0.02048729
664 1.11120453 -1.14124474
324 0.52538508 -0.54929810
406 0.12155310 -0.13556210
303 -0.16148879 0.16362932
699 2.33632318 -2.29221799
746 -0.58207802 0.58226934
567 -1.38242892 1.36869258
138 0.85024747 -0.81463997
173 -0.34299790 0.34052265
133 0.56361697 -0.63036208
470 -0.68282035 0.68218635
305 0.27081599 -0.27628783
272 0.02177013 -0.05255533
996 -0.38072047 0.34197448
866 0.22827131 -0.26641013
477 0.74982457 -0.74773195
669 -1.39330051 1.41595453
270 -2.01960380 2.02884371
946 -0.80716495 0.79315685
744 -1.22544384 1.17373185
245 0.40736342 -0.38342407
771 0.19074963 -0.20369632
588 -0.53837939 0.53069331
339 0.13563757 -0.14925718
278 -1.03052917 1.04038188
899 -0.34258877 0.32585928
545 -1.14986371 1.13390924
730 -1.46131564 1.51706983
805 0.23432639 -0.23616362
409 -0.25759994 0.26941741
314 2.18898458 -2.10924657
195 0.03031599 -0.05009925
515 0.93559909 -0.94111248
240 0.11991904 -0.11775512
118 1.80099894 -1.79082430
416 -0.17310433 0.14588968
761 1.52572207 -1.55105415
947 -0.87325752 0.85165510
785 -0.20511084 0.20307958
404 -1.33871875 1.37014863
819 -2.19919578 2.26084418
266 -0.65911965 0.61211532
500 -0.05787470 0.06608133
6 2.01258345 -1.97923427
116 -0.56016367 0.55178952
127 -0.15744787 0.13273279
445 0.90867887 -0.92188803
66 0.24095373 -0.32494843
313 -0.68699782 0.65858847
601 -0.16254395 0.16755426
772 0.10624161 -0.11081666
326 2.30322724 -2.25071710
561 -0.16449780 0.13183410
562 0.00346501 -0.05050222
151 2.34479998 -2.27600768
880 0.96016491 -0.94603059
294 0.48460996 -0.49596124
890 -0.85079329 0.85311946
349 1.23000004 -1.22660902
718 0.26715763 -0.29787977
293 -0.13360660 0.09088289
448 0.24343769 -0.26113436
538 -2.20011404 2.23747033
637 -1.08405262 1.09054587
811 0.52215473 -0.48105271
38 -0.23166180 0.21689132
400 0.83076794 -0.81370374
662 -1.92693701 1.96327905
735 -0.65311859 0.64757822
748 0.43347920 -0.42367754
28 -0.26839075 0.27787018
840 -1.72503903 1.74964909
431 0.10001273 -0.11077894
331 0.58183292 -0.60622797
432 -0.07789011 0.08086698
214 -1.17669546 1.19315000
297 -0.22704775 0.21548988
81 -1.15113148 1.15434207
995 -1.02169447 1.01990540
732 0.58688879 -0.60573319
787 2.11826642 -2.08103918
271 0.75086575 -0.77739336
547 -0.56538721 0.55743706
107 1.41390446 -1.40686085
698 0.80193024 -0.81344331
740 -0.12191185 0.08045960
941 0.07060523 -0.06809665
757 -1.03573680 0.98245235
44 0.26641875 -0.29333208
893 0.11961657 -0.10045952
842 -0.45764443 0.46890328
15 1.65747152 -1.64346352
35 -0.51372353 0.52437174
497 0.21620381 -0.22238741
429 0.70220671 -0.72228256
243 -0.52063394 0.50957760
476 -0.14871178 0.12753951
392 0.16612244 -0.16131610
310 -0.29187798 0.28613609
723 -0.97215581 0.96099164
888 2.02777815 -1.96451562
102 -0.44850691 0.45035243
680 -0.99709561 1.01805037
121 -1.16101137 1.17542118
781 0.34354430 -0.34122408
779 0.16467441 -0.17112311
401 -1.55750809 1.57311977
978 1.18125882 -1.18184999
598 0.19167366 -0.18511021
395 0.84408328 -0.86000438
25 1.13630991 -1.13383907
928 0.78295391 -0.80277498
725 0.01424061 0.00764707
674 -0.23681051 0.20283686
251 0.70062038 -0.70939491
501 -0.60784587 0.61714685
373 -0.42264832 0.39738918
543 -1.10579564 1.09132928
449 0.71324738 -0.71795992
300 -0.93055439 0.89913412
389 0.09130532 -0.10547116
786 -1.45093500 1.48071817
519 1.06394510 -1.07134601
8 2.08991723 -2.07479651
351 -1.47391238 1.49602481
986 -0.92475755 0.91438984
14 -0.45777207 0.41414401
618 1.23429762 -1.22615732
383 0.98556314 -1.01566722
427 -0.07442023 0.07925008
49 -1.61717632 1.59619805
506 -1.20391431 1.18655765
838 1.65804028 -1.62601953
873 0.03786369 -0.04750474
380 -0.24114271 0.22272585
169 0.73983837 -0.72974654
128 -0.37510861 0.35774692
311 0.73060399 -0.73521872
711 -1.00649085 0.99443295
16 -1.69562803 1.78316854
89 -1.24257420 1.26507853
555 -1.90291740 1.91764446
481 -0.43026088 0.42114208
221 0.11985295 -0.17326455
968 0.72239836 -0.73076701
804 -1.43819488 1.45008505
164 -0.66360606 0.68259992
41 1.72233217 -1.71489203
86 -0.55598410 0.55370634
526 0.37109307 -0.42832907
525 1.49845969 -1.46064222
344 -1.26451374 1.26909992
369 -1.18580064 1.15436848
589 0.78484166 -0.81004805
73 -0.89977037 0.89872369
608 0.90727823 -0.89028522
595 1.07910483 -1.04380357
345 0.78947617 -0.78665180
328 -0.08636097 0.06599812
399 -0.58750910 0.55114742
9 -0.87085329 0.88214148
29 -0.31997208 0.26577843
256 -0.44443697 0.44500597
975 0.12644287 -0.15892991
502 -0.16730049 0.14055733
983 1.32163282 -1.31706964
244 0.51379734 -0.54534877
353 0.50434301 -0.53639956
952 1.24326258 -1.24074732
930 0.87014119 -0.87820978
275 -1.17590867 1.22081045
53 -0.20032650 0.21255658
895 -0.14462401 0.10156210
290 -0.00487350 -0.00845017
546 -0.68104782 0.69002382
602 0.70535629 -0.71686754
482 0.51474515 -0.52248712
627 0.07188244 -0.06955162
960 -0.68995070 0.66350437
197 0.31561298 -0.35082369
242 -0.23565009 0.24425921
911 0.59942207 -0.60743669
729 -2.13758420 2.21676682
381 -1.54361664 1.58920138
991 -0.72860169 0.72297154
541 0.10153682 -0.12898529
70 1.09370648 -1.08420339
113 0.47781216 -0.51035829
765 1.05056192 -1.04281824
942 0.56992575 -0.55684426
227 1.28926124 -1.23303854
208 0.00937252 -0.02794915
857 -1.34331094 1.36007461
855 -0.11161199 0.08381033
190 -0.84368917 0.81698958
452 0.34290298 -0.35628845
155 1.21034270 -1.17769618
882 0.37444984 -0.42305598
71 -0.02383724 0.02605477
129 0.89893483 -0.87843455
632 -0.43732969 0.44881124
421 -0.02949701 0.02197918
557 0.56297198 -0.56225065
320 0.63084549 -0.63942059
670 -1.91010300 1.97708002
75 0.36175693 -0.34869468
222 -0.29403971 0.26372133
856 0.43273945 -0.44770531
188 -1.38985248 1.43241254
494 -1.50768478 1.52206665
716 0.90811833 -0.91144888
981 0.97384025 -0.98785367
378 -2.21667985 2.26267065
844 0.67911445 -0.66747486
265 0.25238499 -0.24840642
132 -1.47272224 1.46797032
881 0.27930626 -0.30471552
201 0.68400720 -0.70595440
854 0.05858598 -0.12242846
803 1.94335353 -1.91487733
57 -0.08776267 0.10026232
885 -1.80347571 1.82122502
352 0.85127658 -0.88001891
77 0.52767864 -0.53597822
823 -1.85347455 1.88616164
478 0.34234647 -0.35531781
954 0.30648105 -0.34849071
559 -0.89245189 0.90356289
859 -0.16657281 0.17425415
762 0.90206535 -0.88512836
43 -0.80782200 0.81158574
120 -1.04936773 1.09581225
302 0.16176069 -0.15154487
539 -1.61082400 1.62488135
318 -0.23614576 0.22587747
610 -0.45563779 0.46887369
420 0.73345214 -0.73284785
142 -0.09320126 0.10832325
556 -0.31366348 0.30477775
702 0.89845034 -0.86929083
617 -0.80999649 0.82475660
976 -0.28740328 0.29050671
672 -0.03980946 0.04243949
752 1.81362873 -1.79335771
715 0.03224553 -0.05464854
23 -0.59583099 0.58642455
792 -0.55795158 0.51081788
63 2.08021829 -2.04238972
90 -0.06813610 0.04914270
821 -0.11022952 0.12919713
741 0.66684483 -0.66212842
76 0.25845756 -0.27548461
341 -0.24817393 0.21137778
656 -0.39345867 0.38158643
613 -0.17477021 0.16422306
708 -0.23721107 0.26236353
910 -0.34065328 0.36802135
319 -0.90577719 0.90521540
549 1.37280047 -1.36000785
224 -1.03633073 1.07219879
693 -0.07844646 0.04862778
951 1.44969522 -1.42005142
213 -1.41471832 1.45627854
999 0.03805129 -0.04046118
397 -0.46977173 0.47044330
972 0.14408727 -0.13742948
750 -0.73738953 0.73744411
4 1.46650283 -1.46582701
829 -0.69067070 0.67383682
393 0.39956570 -0.40963196
529 -1.19380467 1.24118683
306 0.29601386 -0.33039908
414 -1.26149581 1.25267002
609 -1.08783233 1.08560414
386 -0.56934263 0.56635293
896 2.12948612 -2.03503803
377 0.37699604 -0.38284716
157 -1.29925126 1.33335097
277 -0.92764207 0.92585067
163 2.19035901 -2.12693300
756 -1.90102650 1.94684888
970 -0.62984572 0.65286912
460 -0.97274257 0.95861872
568 2.33534634 -2.24026664
398 -1.36242889 1.33937625
987 1.28562910 -1.31443882
315 0.28512863 -0.28870628
532 -0.02110221 0.00362415
563 -0.50784906 0.50335936
450 -0.56442960 0.54130102
360 -0.58077738 0.57127081
131 -1.07235631 1.10423484
642 0.47443091 -0.49559180
580 -0.38869601 0.39134118
774 0.49212933 -0.50306421
839 -1.02562314 1.04329020
922 0.52300935 -0.56358049
937 0.11687646 -0.12618439
758 0.45003224 -0.49247675
206 0.06768993 -0.08868164
768 0.15304681 -0.18726638
99 2.14922406 -2.11499407
677 0.65066420 -0.65267343
858 -0.37131894 0.29998605
347 -1.70272761 1.71995807
96 1.82265856 -1.79124465
156 -3.19259964 3.33549507
631 0.55951573 -0.60649802
537 0.74380061 -0.73905583
720 -0.73713951 0.70110318
153 -1.14665486 1.14475936
193 -0.24033809 0.23670769
755 -0.72839170 0.73973257
237 0.30434799 -0.29994480
59 0.72019887 -0.70112106
998 0.74029401 -0.75218367
364 -0.95688907 0.90849191
898 -0.32746190 0.35436731
283 -0.95288679 0.97720105
52 1.06812029 -1.09505236
852 1.23695345 -1.23848567
534 1.19866963 -1.19237886
385 -0.69653450 0.71486800
194 -0.40157827 0.39955927
408 -1.21548054 1.22482106
382 -1.15297709 1.17501631
335 0.44978607 -0.45005460
170 -0.57654746 0.55520554
231 -1.14713182 1.12522333
616 0.27819008 -0.30530801
734 0.24979735 -0.28695112
238 1.56451573 -1.53711923
671 -0.50106332 0.47105442
836 0.66641088 -0.66399940
27 0.66746185 -0.64855294
178 1.27569465 -1.22645504
696 0.32560092 -0.33761584
517 1.74106373 -1.75237916
357 -0.37121019 0.34386966
745 0.88604470 -0.88493194
566 1.70643915 -1.68081293
985 -0.43416420 0.41805179
177 0.08890161 -0.08016773
793 0.94767027 -0.94480546
332 -0.95911199 0.94391628
801 -1.56334776 1.57674271
759 -0.08040730 0.09012332
250 -0.21537539 0.18800155
359 0.43273473 -0.42857925
487 0.16567537 -0.19998522
139 1.57969592 -1.58539456
454 -0.22435451 0.22956019
455 0.62515337 -0.60709246
123 -0.88502780 0.88126838
412 0.55737778 -0.55827019
706 0.66803288 -0.69009802
570 0.74039716 -0.74989510
640 -1.06567564 1.04801485
234 -0.85427088 0.85176444
39 -0.92674234 0.93507252
371 -0.61904302 0.60088221
330 0.13295761 -0.13086596
832 1.11352240 -1.09517179
268 0.08864179 -0.11829409
769 1.03073760 -1.00158797
493 -0.57512513 0.56445160
853 0.75746598 -0.76288919
390 -0.51095510 0.47879750
512 1.30084373 -1.29178494
597 -0.76494407 0.77533902
376 1.02184608 -1.06205532
309 -0.32225165 0.32156388
807 0.92921199 -0.96323768
932 1.94499353 -1.92412797
988 0.15206875 -0.15730708
211 -0.31097688 0.33498171
596 -0.62245101 0.60748448
30 1.14623998 -1.12959279
342 -1.38722427 1.38118003
861 -1.95452320 1.99784164
939 -2.20717411 2.23479040
586 -0.46130175 0.47199343
83 -0.58831686 0.62070294
337 -0.51352299 0.44479815
144 1.24666235 -1.21979098
405 -0.51621641 0.46375024
67 -0.01740206 0.00536777
719 0.74545758 -0.76810027
162 -0.67331251 0.67232608
808 0.67257716 -0.67434583
175 -0.10788211 0.12117784
17 0.44083825 -0.42778794
948 2.60639889 -2.53637505
625 -0.28671756 0.29891700
145 -0.31730471 0.30010905
484 -1.10740365 1.08120119
246 0.96886323 -0.96341341
263 -0.44202696 0.44645125
202 -0.18957939 0.17961942
867 1.20223009 -1.20681883
695 0.46093583 -0.45604645
822 0.39244322 -0.39368444
469 -0.40804405 0.42050954
634 -0.12414562 0.10858841
912 -1.33842589 1.36583679
966 -0.89386198 0.90250538
835 -0.12682960 0.12409007
424 -0.30394828 0.27423160
921 1.60337057 -1.58963482
95 -0.01175837 -0.02307146
233 -0.08717800 0.07312978
174 -0.07133219 0.05205395
101 -0.06025603 0.05072687
709 -0.94535903 0.96050060
639 1.10439624 -1.08300653
681 1.82494967 -1.78930547
622 0.07379327 -0.06293704
644 1.05460336 -1.04769478
18 -0.75398715 0.77221601
130 -0.53125761 0.52230978
689 -1.41989885 1.47136416
797 -1.36630406 1.39876340
982 1.93353098 -1.89668392
140 0.07250155 -0.09994856
950 -0.68421873 0.67349541
760 0.12057120 -0.12933240
841 0.13072420 -0.14102047
961 -0.70287370 0.70468922
887 0.22613126 -0.28327387
74 0.11374961 -0.12473502
228 -0.94285671 0.91952335
565 -0.17818782 0.20139487
296 0.63907209 -0.65419493
480 -0.29247331 0.30456611
110 0.93561028 -0.93246404
65 0.98798206 -0.97830934
205 0.53248396 -0.52522625
707 0.78204072 -0.79287633
422 -1.36972062 1.39263529
292 0.56985896 -0.58434285
276 1.84545498 -1.81475187
914 0.99867532 -0.96912862
72 0.26572638 -0.30047188
800 0.00802450 0.02021490
879 1.30808913 -1.28714574
703 0.25354331 -0.27541113
892 0.79973757 -0.79167732
216 1.23536520 -1.26423738
91 -0.05478597 0.05599676
262 0.41517530 -0.40835839
612 -1.07568999 1.06515982
901 -1.08799441 1.09072800
32 1.63869014 -1.60096852
733 -0.48550704 0.47323640
473 -0.03754248 0.01771579
247 0.39847610 -0.40343616
979 0.94267035 -0.93205805
530 1.43006324 -1.42911216
847 -1.07842555 1.05737336
624 -1.36645233 1.33713144
936 -1.29813682 1.31343895
209 -0.42239952 0.44161258
442 -0.33863510 0.28196544
777 1.18054810 -1.17631772
923 -0.24352124 0.21204866
159 -1.24161922 1.23769739
179 -0.13144941 0.10738567
579 0.14791174 -0.15398183
584 -0.62023403 0.60027118
710 0.96043766 -0.98152696
778 -0.16146116 0.13344997
809 1.01842882 -0.97604109
287 0.70967066 -0.69638321
7 -0.52730201 0.51918573
122 -0.25149328 0.22086570
354 1.15299408 -1.15249236
108 -0.38997234 0.39508842
3 -0.72490905 0.73527703
46 -0.33959899 0.33458246
186 0.41568479 -0.39784694
927 -1.60501685 1.62872671
254 0.04960546 -0.01234214
200 -2.03978653 2.07157635
36 0.26673399 -0.28436191
152 -1.27349023 1.29179727
654 0.65551691 -0.66367217
524 -0.20185251 0.19999338
430 -0.12147615 0.12508028
919 -0.40726147 0.36362653
511 0.57927395 -0.57198871
217 -1.85558313 1.90705574
782 -0.98008011 0.98869677
215 0.09437482 -0.12944738
114 -0.95610806 0.96166117
333 0.76808179 -0.79116156
468 1.78868072 -1.73590202
58 -1.39320505 1.37184007
374 -1.18522471 1.18835763
446 0.05586021 -0.06053911
84 -0.14413113 0.14637214
575 -0.49004591 0.47847459
843 -0.74655922 0.69930150
50 1.39051777 -1.38900827
548 -0.39265493 0.38191011
685 1.11783974 -1.11160123
198 0.80404617 -0.85997011
499 -0.01331306 0.02469517
161 -0.72356610 0.70776778
956 0.42017820 -0.42566081
916 1.64247544 -1.62542920
87 -1.32706107 1.35635058
149 -0.48914653 0.46451057
192 -0.50984574 0.48704348
872 -0.51362405 0.48548181
210 0.72993714 -0.73183976
926 0.08792879 -0.09237906
874 -0.68524224 0.64069938
112 -0.18844153 0.16928477
288 -0.84316639 0.87517803
667 0.23195975 -0.26812852
298 -0.50833075 0.51638087
137 0.15689173 -0.19201344
464 -0.18808381 0.18389623
257 -2.21480293 2.26656155
336 -0.06147957 0.04954775
223 1.21197676 -1.20048761
307 -1.07158089 1.09771807
737 -2.07261602 2.08695681
908 -0.67538892 0.61079322
158 -1.45256836 1.45464696
636 -0.31932062 0.31926469
280 0.34196077 -0.31625742
531 -0.46968046 0.46152240
317 1.46431278 -1.45473450
962 -0.85417401 0.82949486
51 -0.55458555 0.58002273
643 0.93648396 -0.93067468
828 -1.52510504 1.53430465
572 -0.16785002 0.14089515
955 -0.82042557 0.82426633
673 -0.59258787 0.57670290
682 1.93389115 -1.87240986
653 -0.80949977 0.82083270
56 -0.76896663 0.77035267
850 1.31042325 -1.34690888
550 2.11017025 -2.05116535
219 1.04799088 -1.01783531
652 1.61357148 -1.56181069
196 0.46641954 -0.47788083
212 0.78913330 -0.76330737
285 -0.50592791 0.49844782
552 -0.24931756 0.25286008
934 -0.70099644 0.73649674
426 0.00543826 0.01067062
626 -0.66801974 0.65491693
181 1.94849210 -1.92124654
166 -0.35028526 0.34059926
22 1.31335708 -1.27751013
60 0.65765328 -0.63735305
864 0.90468272 -0.92702248
447 -0.02831579 0.03105222
773 -0.36301681 0.38071029
694 -0.39324746 0.35559933
5 1.76233170 -1.71604640
660 -1.49687124 1.50266314
97 0.01271600 -0.04487004
329 -0.96288646 0.97544459
248 -1.76253816 1.78852500
869 -1.49465041 1.51516985
253 0.35783927 -0.36597201
646 0.11678800 -0.13183551
569 0.92104168 -0.92340111
295 -0.31752536 0.29897474
810 2.27048744 -2.19668107
146 -1.12521939 1.13444550
909 0.40480620 -0.40997508
489 -0.36800081 0.31001858
717 -0.50624262 0.43187917
648 -1.58527366 1.63784160
957 -0.47850415 0.46661182
794 -1.17315074 1.19049754
78 1.36794409 -1.34057941
92 -0.14330781 0.14809169
802 -0.00849445 0.00728936
686 0.05713428 -0.05396524
479 -1.41908339 1.39599087
690 -0.38014577 0.35033811
69 -2.34968763 2.39460602
11 -0.74151017 0.76605017
391 0.14585036 -0.18425886
784 0.39238237 -0.45243593
571 0.45754427 -0.45539710
160 -0.63646746 0.62903114
883 -0.04103877 -0.00006395
891 -0.55894957 0.54739474
475 -1.30832199 1.32293028
820 0.82877913 -0.84276975
61 1.28421936 -1.31940035
403 0.90265806 -0.93305648
259 -0.75741508 0.74089202
940 1.08135276 -1.06788836
150 -0.12473693 0.10476240
742 -0.30761242 0.28154432
185 1.29696979 -1.27827684
124 1.55028719 -1.51598552
462 2.54885305 -2.48750074
789 0.04493931 -0.06489435
945 0.15937044 -0.18138573
980 1.80803383 -1.79327787
443 0.04643175 -0.06967223
47 1.12763169 -1.14878467
668 0.16681184 -0.17496888
751 -0.04210320 -0.00112443
361 -0.20783766 0.19016333
974 -0.61252076 0.59856622
845 -1.20033829 1.22029979
407 -1.54132483 1.55824628
109 0.14187029 -0.12876826
604 -0.39332089 0.37264739
316 -1.19949049 1.15015098
607 -0.14332389 0.16308045
64 -0.20611390 0.19466466
304 0.31257477 -0.33647295
862 -0.54731253 0.52915737
581 1.01423527 -0.96221110
498 0.16358848 -0.18062190
878 -0.31055166 0.34007867
367 -0.97501690 0.99569061
663 -0.71868437 0.68014011
372 0.06352663 -0.09348759
1 -0.12242413 0.07811151
713 0.59823455 -0.59688593
522 1.55476189 -1.54642466
915 0.62248600 -0.63668083
126 0.22523783 -0.21554822
323 0.70604516 -0.72015192
467 -3.56651917 3.70858501
117 1.35814707 -1.38024615
119 0.43220426 -0.45267303
438 -0.67900096 0.69191550
68 0.08071154 -0.08884291
226 -0.88665137 0.89773043
79 1.32997394 -1.30767552
19 1.45313871 -1.45061903
267 0.72644488 -0.73074299
558 -0.41079115 0.37186487
924 0.14422155 -0.13644621
796 -1.47599613 1.51274946
55 0.66975715 -0.70042591
877 1.11620323 -1.09682326
860 1.21660269 -1.22611093
322 -1.04094216 1.01957229
907 1.47215963 -1.48654759
0 0.93000664 -0.90402298
542 1.17581778 -1.14703589
721 0.70735752 -0.72441016
747 1.76899820 -1.75596686
80 0.58343988 -0.62440686
325 -0.43414375 0.42701544
614 -1.32267624 1.31628495
236 -0.65953647 0.67965846
375 0.75290177 -0.74174935
508 -1.64957884 1.69988520
241 1.07890621 -1.08720721
825 -0.07366369 0.04094891
184 -0.41579981 0.37258187
513 0.05651132 -0.08550624
863 -1.06458918 1.06366627
633 -1.05982670 1.04782859
628 -0.09981076 0.10324645
229 0.63681385 -0.63863472
576 -1.64570734 1.71379053
661 -0.41085357 0.39353259
649 -0.41925379 0.39279745
818 -0.39593791 0.39151725
902 -0.38858656 0.33916265
20 0.96616492 -0.97501630
935 2.49982073 -2.42131625
727 -1.34020647 1.35597355
183 -0.13014090 0.12336104
465 0.08032462 -0.11038113
635 -0.15425738 0.17875392
554 -2.22495436 2.23970975
456 0.58108111 -0.60339894
564 0.00207065 -0.04072107
523 0.41574161 -0.47142073
48 0.47240608 -0.45251774
540 -0.57925015 0.55022484
428 -0.78431467 0.77562556
897 0.02281375 -0.05087287
180 -1.15468249 1.13310481
264 -0.79534502 0.82450145
379 3.07194316 -2.98740852
103 -0.47322746 0.44610817
965 0.10488886 -0.12463259
630 -0.02438432 0.00804740
410 -0.07402946 0.03524375
496 -0.46735386 0.44134118
141 0.12293400 -0.14420052
938 -0.11476227 0.08079545
527 1.20614827 -1.21088337
218 -0.89681801 0.91813448
232 -1.22566466 1.25635862
346 0.41722828 -0.45224912
551 -0.93858657 0.92324347
286 -0.84648609 0.84532810
666 0.10063289 -0.10199449
868 -0.28802239 0.26769463
655 -0.68287595 0.68491133
417 -0.69154140 0.69155787
886 -1.03626464 1.04426033
814 2.56077648 -2.46137748
620 0.17652861 -0.19114681
338 0.36846487 -0.40017101
959 -0.03311551 0.00406247
993 -0.39679638 0.37659698
85 -0.36188506 0.30080571
281 -0.75412982 0.73998309
533 0.39499292 -0.39034208
739 0.50712769 -0.48507978
434 -1.09960872 1.10659101
312 -0.84262561 0.84863384
147 -0.29298507 0.24457871
486 -0.10394592 0.10360910
441 1.53721260 -1.54327497
776 -0.14379806 0.11421750
451 0.17503844 -0.21558563
994 0.81642489 -0.85634373
387 0.32579919 -0.30788039
587 -0.56926867 0.52863557
603 -0.12216659 0.10609766
45 -1.79083560 1.78700344
964 -0.59242737 0.55387173
199 -2.37826289 2.47075061
40 -0.65040978 0.66173439
154 1.06866405 -1.05468122
536 0.10492593 -0.09657493
600 -0.63018946 0.60832694
615 -3.00728320 3.13100825
688 -0.83548704 0.83186922
111 -0.77565866 0.74196534
691 -2.09477603 2.16551567
458 0.71398153 -0.72904592
363 -0.60321032 0.58865049
135 -0.10514236 0.11918019
650 2.13418095 -2.09635700
301 -0.96819462 0.96587965
269 -0.39959243 0.36127772
647 -0.70264064 0.67541133
187 0.84963535 -0.83080822
261 1.30797269 -1.33719460
366 -0.38323888 0.38041683
384 0.93930467 -0.93237482
714 -1.16288462 1.17055665
220 -0.28489292 0.20663530
520 -0.53900410 0.53838848
884 -1.10848591 1.09929590
619 0.27331622 -0.26262054
638 0.36692662 -0.37889865
925 1.01254718 -1.05978675
388 0.69974600 -0.68062863
402 -0.58172537 0.59111646
321 0.28601664 -0.29722857
106 -0.48497728 0.47786433
906 1.51688213 -1.51645420
977 2.24966672 -2.20074997
34 1.52424992 -1.50913327
753 0.66318280 -0.66052594
871 -0.22175585 0.20624063
865 0.80214635 -0.80722998
834 0.22484408 -0.23460536
495 -1.17446274 1.16607076
676 0.98888337 -0.99470698
503 -1.33601781 1.37771672
949 -0.12772880 0.11746504
770 -1.12357274 1.12344984
260 -1.50973427 1.50559342
171 -1.09374911 1.09064380
851 -0.66610873 0.66742603
816 -0.08522975 0.02886574
697 0.40065024 -0.39778792
474 0.23679934 -0.25320829
837 -1.80921311 1.83455934
544 -1.31701857 1.34145141
824 0.83244694 -0.83888565
535 -0.33835885 0.34583039
905 -0.66547755 0.68337472
2 0.25527196 -0.27081739
33 1.65752345 -1.64511639
585 0.29703878 -0.34014332
764 -1.01640991 0.99363409
93 0.56089453 -0.57870392
783 -0.12081385 0.11865686
365 -0.01056736 -0.02354346
355 -1.40388117 1.39041149
611 -1.49868923 1.50489322
348 -0.90279196 0.87367358
700 1.40187018 -1.37899132
279 0.50576936 -0.53103521
191 -0.28388601 0.31284810
284 2.25334134 -2.18978620
592 2.07679369 -2.02322519
766 -1.49008637 1.45446092
505 -2.51333903 2.61276871
125 0.10282242 -0.13038137
813 0.00848748 -0.00995735
356 0.16158533 -0.17615478
490 0.60460767 -0.60447967
659 -0.15045005 0.11885575
665 -0.37918328 0.35998306
726 1.05437257 -1.06180820
396 0.57571297 -0.59789548
289 0.56491656 -0.53301269
507 1.72853727 -1.75057694
790 0.40843170 -0.42271268
684 0.14835163 -0.16129434
21 -1.75456892 1.74190583
763 0.80051858 -0.75688019
593 -0.82801540 0.83572109
168 1.12037947 -1.11942353
833 0.31878756 -0.35230252
992 1.03561041 -1.02684567
274 1.35740470 -1.33860614
528 0.35254055 -0.36410303
471 -2.40611029 2.52217032
444 -0.28749822 0.27272602
984 0.71922291 -0.71253108
308 -1.18074354 1.19353834
679 -1.00663841 1.04802814
969 0.75924849 -0.75823806
629 0.83970790 -0.83914261
440 0.00666424 0.00985012
358 0.05589466 -0.06109526
350 0.16977574 -0.23990799
743 0.25758265 -0.28542733
252 -0.33058508 0.30441235
963 1.13761597 -1.15702688
165 0.10714413 -0.13398019
870 0.87639314 -0.87658722
590 1.18958439 -1.22107374
731 0.31722903 -0.33929905
504 -0.52735988 0.50791741
453 1.85328085 -1.79029540
368 0.60474702 -0.59078308
830 -0.56093943 0.56330055
435 -2.45138563 2.49267842
560 0.58076010 -0.60943232
425 0.44525280 -0.45093608
24 0.90425610 -0.90035621
239 0.24628375 -0.25277201
457 1.54639349 -1.53406699
846 -0.10944274 0.10710016
806 1.08769825 -1.10851338
704 0.85061446 -0.89436360
12 1.89733896 -1.86504429
827 -0.21054087 0.22348879
641 -1.31636344 1.31272334
327 1.28601375 -1.28844000
591 0.61575534 -0.61999160
849 0.75635557 -0.76738816
943 0.71529564 -0.73873796
705 1.04067555 -1.09048068
594 -0.32308005 0.32280429
722 -0.49569851 0.47290770
798 0.23087172 -0.26534891
439 -0.75420693 0.75313460
510 0.23659373 -0.27933554
483 -1.37957552 1.37938126
509 0.18038035 -0.18673820
578 -1.56561125 1.57984988
88 1.17534571 -1.18211561
273 0.38347039 -0.39904234
736 -0.54638132 0.52597526
411 0.05269839 -0.06769147
894 0.81330818 -0.80033745
94 -0.43874852 0.45309514
728 -0.51355586 0.51474484
967 -1.12747308 1.12521156
413 2.87342380 -2.76804085
749 0.43289051 -0.40774573
754 0.12640948 -0.18558836
623 -1.42027493 1.45115424
31 -0.81112159 0.80346653
54 -1.93375195 2.01505873
249 1.39001773 -1.36131225
913 -0.31051215 0.30261637
82 -1.30808736 1.35672634
889 0.62125268 -0.63564573
415 1.98823513 -1.92975652
255 1.83171251 -1.80860346
577 0.54693979 -0.51782351
488 -0.58773779 0.62313177
931 0.29065674 -0.29033980
436 -0.20441742 0.19713647
466 -1.89564857 1.92413456
990 0.10000084 -0.11476600
582 3.02274928 -2.92237284
189 0.73552033 -0.72396071
795 -2.71127757 2.79943645
299 -2.06503178 2.12999076
989 -0.58785004 0.56971934
362 1.17787391 -1.17013060
701 1.26236584 -1.23717556
343 -0.94025018 0.92066286
929 1.53446638 -1.51443037
767 -0.90553172 0.89610172
418 2.58782853 -2.49074850
918 0.86893199 -0.85579070
433 -0.93488082 0.92352117
176 1.35554177 -1.33688758
104 0.88821272 -0.90043821
791 -0.41714189 0.39613184
461 1.09052875 -1.06505723
657 -0.41684081 0.38049578
394 0.55808484 -0.54856766
42 0.84170108 -0.86718612
826 -0.25521091 0.24983109
712 -1.02238596 1.07140074
459 0.42381716 -0.43128339
172 0.80045756 -0.75936556
37 -0.80218549 0.80242150
683 1.86086894 -1.81586027
788 0.56001927 -0.55431716
606 1.13406845 -1.10695068
235 -1.61225962 1.64224617
876 0.05611408 -0.07407298
514 -1.55026059 1.57769425
207 1.69467850 -1.66420875
848 0.20767910 -0.23570453
973 0.58341540 -0.56190054
98 1.00054891 -0.98765144
553 0.63262362 -0.63891042
971 -1.39591508 1.45590565
645 0.70074225 -0.70860146
904 -0.27047346 0.28277701
26 1.17559661 -1.14845808
492 0.56786088 -0.56748947
334 1.32944680 -1.30614547
815 1.09727498 -1.09816000
920 -0.26622308 0.22603325
933 1.11595146 -1.11618989
574 0.23292942 -0.23074356
291 -1.51584845 1.58009349
799 -2.23095034 2.27577290
738 -0.70851809 0.71908280
485 -0.44203011 0.46888388
62 1.85715008 -1.83655027
