911 2.01217621 1.53682503
364 -0.15920451 -0.44655962
467 1.44261220 0.69602840
423 0.72054290 -0.03970970
686 1.08535355 0.29467434
868 0.76446668 0.05834945
906 1.51067588 1.28861653
880 0.02068894 -0.94987962
344 0.20670345 -0.73973013
692 2.41988388 1.42871620
500 0.21089086 -0.58754822
305 -0.75062222 -1.43402459
452 0.04719155 -0.51727714
223 0.20417111 -0.11843255
257 0.16174970 -0.38080893
974 -2.71426125 -3.05497165
431 -1.14865458 -1.91483409
208 -1.82089112 -2.43304670
199 -0.59343422 -1.20650153
642 -1.11126078 -1.40966345
345 1.22379039 0.83962225
966 1.35671657 0.42607837
52 -0.48061213 -1.16925182
816 1.68538144 1.07928320
967 -0.32044222 -0.37841451
421 0.70017823 0.05889126
332 -0.05911851 -0.72390630
529 0.32639094 -0.43674102
627 -1.54259362 -1.67574898
506 -2.01274658 -2.66091983
622 1.66759298 1.27459575
884 0.55051029 0.17255889
838 0.11949657 -0.41740473
272 3.30225944 2.29016837
532 0.53399140 -0.07125803
414 -0.47923931 -1.12448451
370 -0.50167071 -0.65139616
397 1.04125815 0.35040091
693 -1.12040308 -1.28313283
690 -0.01986615 -0.71846747
497 1.19744619 0.66645067
13 2.26061760 1.86904180
491 -0.52504166 -1.13330109
789 1.78216698 1.25436501
588 0.64723676 -0.30608236
240 0.82434088 0.25812673
95 -0.06645464 -1.04886015
110 0.68155899 0.54392418
916 -1.03960208 -1.38226086
541 -1.05350199 -1.71449336
890 0.26181479 -0.50819899
618 -0.66613943 -0.61246396
181 0.11780899 -0.52623631
201 -0.82730596 -1.23116259
133 0.99800461 0.29862931
389 1.46894223 0.80094139
12 -0.99258596 -1.01546512
902 0.93586172 0.67617880
761 -0.46840705 -0.90284671
860 -0.61705554 -0.69081314
910 0.12505623 -0.44586342
784 0.12738578 -0.59915059
968 0.33617090 0.22092717
132 -0.21705129 -0.21576697
380 0.71630501 0.12196139
108 -1.69400635 -2.05026291
676 -2.28073841 -2.93836189
887 0.03299348 -0.45852484
130 1.07424770 0.74014081
369 -0.84278873 -1.21732510
114 -0.79148123 -1.46892020
136 0.52102186 0.06262105
204 0.30611265 -0.13386501
988 0.62511826 -0.07623174
404 -0.73847358 -1.23246846
671 -0.39656673 -1.08420318
632 0.98317876 0.44146855
116 1.90251926 1.24592210
138 1.03854675 0.51836534
946 -0.79630233 -0.94009937
122 2.22514008 1.18172960
601 -0.92308057 -1.42933212
356 -0.58899842 -0.97021106
780 1.78162718 0.71470459
270 1.77149743 0.97213372
205 0.34313724 -0.38481307
729 -0.64867869 -0.85922401
587 -0.52129401 -0.56428154
882 -0.79084439 -1.33920849
381 -0.05895882 -0.26665259
14 1.80491501 1.51637560
455 -0.11864294 -0.57326135
281 -0.30621229 -0.90122323
922 1.35548818 0.78631527
567 -0.16657302 -0.61245315
545 1.71957695 0.98952832
801 -1.11412944 -0.91523870
374 -0.18905798 -0.86752532
680 1.10005851 0.64683904
786 -0.62258056 -1.06354626
145 -1.81798033 -2.33899071
460 0.85988984 0.31752901
829 0.87977390 0.57781286
326 0.25531277 -0.08680161
805 0.25859892 -0.63429990
7 0.05384999 -0.73137965
785 -0.16830685 -0.62305252
947 -0.52000084 -1.45287512
353 0.61001163 -0.00203912
325 0.52312284 -0.07459056
448 -0.02016693 -0.41864963
123 -1.31215714 -1.42819342
894 0.94871223 0.64731399
156 -1.08321662 -1.10339886
521 -1.97062300 -2.52274258
873 0.76564864 0.09717151
411 0.61685586 -0.33639169
898 -0.00353542 -0.46504337
547 -0.83099371 -0.89100736
764 1.24571072 0.70665039
166 1.36092855 0.75179431
424 1.07356726 0.87020653
903 -0.83317525 -1.42483926
613 -0.35863704 -0.43509295
837 0.97282743 0.50712386
673 1.54141143 0.71422993
347 1.23438016 0.68566209
255 1.93919946 1.29690113
990 0.48686509 0.01854405
60 -0.75596356 -0.99021602
182 0.04342998 0.05587538
615 -0.18498883 -0.72237525
242 -0.06807784 -0.82352206
306 1.22258361 0.78065755
198 -0.34945549 -0.98563467
175 -1.07717995 -1.30147202
675 1.65095570 1.14552556
310 0.90802239 0.64712716
807 0.32314775 0.05200202
715 1.19287507 0.56905921
276 1.73864704 1.17361158
853 0.96809509 0.36233762
589 -0.59923148 -0.52067555
796 -1.34221706 -1.39674145
773 0.43204216 0.39028793
783 -0.50272057 -1.39217091
139 -0.70598374 -0.82720269
597 -1.11495014 -1.33664788
157 -2.33357367 -2.93075284
361 0.16260780 -0.95432626
55 -1.46186747 -1.72424607
945 -1.22480596 -1.30407983
285 -0.06684098 -0.18067175
74 0.88429179 0.48491819
530 1.58082060 0.69575848
781 1.60320513 0.50557510
184 -0.54106609 -0.95295353
517 -1.14743940 -1.49614481
191 -1.71875006 -1.70924530
858 0.32704599 -0.39706837
23 -1.18334327 -1.16592618
852 0.47705190 0.22451044
546 -0.01017443 -0.89680215
855 -1.61098637 -1.91316439
284 0.61335486 0.14357312
445 -0.08047147 -0.98000606
934 -0.62899735 -0.42324082
772 0.32440603 0.08030043
646 -0.81332088 -0.73483705
342 -0.06756157 -0.30555726
722 1.08992620 0.88345362
972 -1.44545607 -1.57259419
953 1.20684790 0.78759655
406 1.46847149 1.32043725
856 -0.90397060 -0.93181576
297 -2.68911293 -2.47507247
814 -1.13038942 -1.73148440
556 0.69542472 -0.14070803
695 -0.16996724 -0.48939074
592 1.16503280 0.98117155
275 1.57678377 0.95365725
61 0.39842340 -0.18259712
385 -0.83501489 -0.60606147
165 -0.03447043 -0.09757700
43 -1.02149213 -1.10269381
543 0.05094908 -0.35002760
832 -0.63564309 -0.70468702
897 0.30085429 0.57779221
501 0.22643321 -0.04801691
26 1.00456506 0.71476782
392 0.55591083 0.27842669
662 -0.12741654 -0.87086768
708 0.04738394 -0.75767501
518 0.73268666 0.64476076
39 0.02690833 -0.76908366
846 1.12416692 0.39203728
245 -1.02845500 -0.97636870
481 0.10065570 -0.41291678
739 -0.80001305 -0.70132500
803 0.91228702 0.19962518
472 -0.38782058 -0.62208491
648 -0.37958980 -1.01273636
519 1.20807322 0.55153520
640 1.44178765 0.72883442
993 1.87265764 1.37380717
50 -0.43554486 -0.75120761
441 0.44783052 0.27323567
492 0.45606322 -0.19376584
835 -1.37113266 -2.19466270
983 1.54803608 1.21909436
793 -1.00668852 -0.86511910
525 -0.58501527 -0.96797889
665 -0.86084821 -1.36465326
335 1.52866508 0.89151736
652 1.16827207 0.62566587
794 0.51202130 -0.07913258
279 0.16610559 -0.38991461
301 1.42795828 0.64880315
143 1.17444945 0.48783476
741 -0.76444087 -1.05801697
842 0.39389602 -0.22318329
691 -0.43204130 -1.20051597
30 0.80428982 0.50769124
551 0.87360242 0.60458120
696 -1.00130414 -1.14162896
283 1.39490459 0.55950316
544 -1.09378785 -1.29231521
212 1.29395063 1.09568130
470 0.89037438 0.92303974
510 -0.41121167 -0.90459115
307 1.04620380 0.45646244
565 0.02957496 -0.76172733
84 -0.97618513 -0.69822257
811 -0.53853221 -0.68968428
134 1.03103259 0.58295472
49 -0.24449870 -0.05129240
241 -1.97295845 -2.27389590
148 -0.37110096 -0.69918428
787 0.29321578 -0.40497045
271 -0.98343718 -1.53549886
296 -0.73004052 -0.66083618
475 0.44493814 -0.28364659
442 1.12046589 0.62105659
756 -0.03054936 -0.44655274
51 -0.82307962 -1.36849023
494 0.72963664 -0.02167435
291 1.01461233 0.16150227
469 1.23122920 0.87071855
980 -0.68007288 -0.35287533
886 1.15777466 0.55408203
333 -0.30936287 -0.92514383
802 -1.53514975 -2.11875514
375 0.07915460 -0.45149400
144 -0.32807529 -0.81782561
147 0.49775776 -0.26252849
349 1.40179282 1.01381375
795 0.09263373 -0.11440481
762 0.15169525 -0.59546210
925 1.55325583 0.63229453
438 0.69770592 0.01623714
262 -1.25233290 -1.49556169
278 2.87425828 2.44771967
293 -0.04597608 -0.44176882
413 -0.86438513 -1.59071804
233 0.08921405 -0.61048058
471 1.67847308 1.53099336
732 -0.47522948 -1.13950692
713 -0.37305277 -0.70621905
286 -1.42360949 -1.49869460
163 -1.56916505 -1.74463257
876 1.19787395 1.23123599
100 2.25026531 1.98823035
952 0.47062517 -0.14086340
463 0.50926379 0.15849916
844 0.38465926 0.23030720
17 2.15582017 1.93884029
225 -0.99277021 -1.04574987
482 0.49990812 -0.08338452
942 -0.11187317 -0.32167805
678 -0.33082183 -0.29549282
572 0.95451148 0.69196625
44 0.54013787 0.42091980
258 0.85961805 0.39946933
926 0.13576253 0.17474976
937 1.07938665 0.29901871
727 -0.95187490 -1.10776192
915 0.10277015 -0.58677336
992 -0.52049812 -0.72930579
117 -0.82604768 -1.24594015
216 -0.05373266 -0.66542049
629 0.03607570 -0.07521694
590 -1.09364676 -1.46226007
121 0.23739540 -0.00175887
516 1.39660218 0.95230378
847 -0.08208633 -0.69207476
779 0.30745386 -0.34124150
502 1.15530581 1.26200189
536 1.02305577 0.60451178
699 -0.97092023 -1.16997064
628 0.31705259 0.06244110
548 -1.91631723 -2.15060438
806 0.54588453 0.59712752
859 0.30604076 0.05255564
196 0.10425097 -0.26331614
478 1.86732309 1.48398297
555 1.75506152 1.52851388
630 -0.37810283 -0.51861054
672 -1.18037970 -1.01443065
820 0.01050667 0.29024933
324 -0.35870630 -0.52113476
997 -1.10901165 -1.03535110
503 -0.12126173 -0.68702436
854 1.76685404 1.67343818
774 1.32127048 0.78175889
394 -0.36697409 -0.86495193
282 0.73230610 0.21075752
395 -0.70469365 -0.48688029
354 -0.72614062 -1.29706472
711 1.04068095 0.27182655
489 0.84708231 0.64054963
314 -2.72804424 -2.88798957
637 0.64565480 -0.03398669
298 0.03941675 -0.13205960
173 0.81192956 0.11409569
135 -1.20825411 -1.43374139
617 -0.42525652 -0.16644683
948 1.10704127 0.19408310
422 1.69261067 1.26711395
87 -0.40940249 -0.96845384
376 0.06822223 -0.18079860
681 -1.22244608 -1.23092167
985 -0.43676851 -0.57274805
758 0.53067023 -0.08405024
655 0.31749061 0.14637563
126 1.27479165 0.36228452
206 1.22824292 1.08737939
687 -0.82874381 -0.52554010
507 1.23479471 0.31193383
717 0.43764370 -0.45095906
834 0.33134217 0.49426479
180 -0.60096236 -1.34313593
658 0.56389707 0.70694676
804 -0.32498281 -0.04451329
744 -2.09208849 -2.46954023
125 -0.22725530 -0.72558289
914 -0.93069574 -1.14471368
207 -0.79103384 -1.16922232
610 -1.18355876 -0.90805347
82 -1.69060617 -1.85104908
960 1.20547559 0.94078343
129 -1.33593206 -1.61931342
405 1.82990556 1.64672549
450 -2.00307089 -2.28234570
287 2.29060319 1.52104447
290 0.91899741 0.45389987
265 1.73243618 1.55058877
151 -0.10587952 -0.25227722
745 0.36141805 0.14573646
883 -1.50654122 -1.65153534
573 0.52567558 0.81401188
155 -0.43645138 0.13673796
939 0.30670607 -0.03174764
186 0.86039431 0.33910928
849 -1.04075820 -1.27945122
651 1.10206073 0.76999978
209 0.81891462 0.27598901
995 2.19954027 1.65127244
666 0.91687013 0.66188632
9 0.83023788 -0.26507631
737 -0.28640737 -0.99604720
511 0.76724490 0.52248355
437 -0.72513374 -0.56649011
504 1.06707832 0.85518117
857 1.48090129 1.14305317
124 0.01883384 -0.41597299
449 0.86722443 0.96523749
419 0.44088496 0.64240420
220 -0.96564981 -1.04068176
309 0.89474823 0.45739759
975 -1.34521481 -0.76627427
970 0.54073815 0.52162903
188 -0.11771905 -0.21036552
65 -0.21965481 -0.35436902
193 2.71277173 2.36457477
650 0.44494135 -0.28524647
58 2.21240116 1.48904813
185 1.22770678 0.71894856
563 -0.18461641 -0.42241875
93 -1.01293267 -0.39208975
663 -0.43228783 -0.54768579
578 1.69696251 0.96053567
29 -0.19722360 -0.12239834
234 1.71156679 1.12702058
875 -0.02359226 -0.16424121
924 -0.78782016 -1.26888725
797 1.19503891 0.37171470
250 -0.59482654 -0.74792917
235 -0.99033445 -0.38109901
109 -1.53022988 -1.81306580
66 -1.56571215 -1.37073027
69 0.60522990 0.45978021
350 0.24644643 -0.33522644
888 -0.13532409 0.02343516
580 -0.90787749 -0.85844717
20 0.73062474 0.39852139
552 1.99212707 1.47429378
757 -0.12102598 0.00874610
721 0.56418336 -0.11697229
41 -0.11045410 -0.88506998
923 -0.65496734 -0.87509110
268 -0.83811410 -0.77702212
839 -0.30624968 -0.54462565
496 -0.55297841 -0.76661745
840 -1.34888108 -1.75410996
866 -0.23180801 -0.60976078
453 -0.09771673 -0.06579758
294 -0.05357233 -0.55608839
4 -0.99234841 -0.94523435
36 2.33046295 1.54635718
244 0.92418869 0.68020999
782 -1.82760728 -1.13113874
753 0.60704549 -0.22401715
999 -1.82210823 -1.82157362
668 -1.54791073 -1.22335196
360 0.63769254 0.52539914
90 0.86900181 0.82473269
400 -1.50999746 -1.85354282
68 -1.29646229 -1.31987120
11 -1.71429079 -1.29443331
976 1.07167406 0.59430928
27 1.79594991 1.60441357
259 1.01745122 0.83872604
222 -0.92233997 -0.99496947
341 -1.42358531 -0.77123323
480 -0.50220391 -0.75111223
355 1.99068794 1.44665813
770 0.50994520 0.69933487
702 -0.36866481 -0.73297560
625 -0.58760649 -0.71664339
176 0.13504937 -0.46006376
776 0.64280545 0.32181930
189 -0.23003384 0.19203580
153 0.48910781 0.65326317
16 0.45744291 -0.13082453
899 -1.18180537 -1.03338738
969 0.33212696 0.50412370
417 -1.90804451 -2.29859629
401 1.37542495 1.07044833
67 0.57321958 0.23158947
102 0.28308283 0.74538051
991 0.37185679 0.48141751
735 0.06649418 0.41666687
763 -0.19567416 -0.52296180
509 -1.51358901 -2.07751604
808 -0.18206220 -0.35043076
653 -1.32905192 -1.21261493
253 -0.01221192 -0.29730413
62 -0.84674802 -0.41048795
183 -0.13620937 0.13351655
10 1.62432079 1.82984548
877 0.16177234 -0.50243960
863 -0.59402013 -1.16356126
870 1.28279573 1.69511098
956 0.42441987 0.34615979
550 0.02032620 0.04115682
187 -0.84780383 -0.99076768
38 0.08473670 -0.23795199
644 -1.42097973 -1.25709510
954 -0.72931884 -1.36129517
682 -0.14673456 -0.43569771
591 -0.24820736 -0.11161705
768 -0.30856512 -0.16977246
798 -1.93277603 -2.01666137
701 -0.36714263 -0.36143723
96 0.99835189 0.39196157
315 -0.36967041 -0.40574631
311 2.28281229 2.19363723
760 -0.60413821 -0.48585664
304 -0.22606981 0.20208647
841 0.38929515 0.72457826
962 -0.70855905 -0.52555190
603 0.37104031 0.53243588
568 0.15961377 -0.22229534
508 -0.19576330 0.06187470
818 -0.00318654 -0.19480719
77 -0.37704278 -0.25655571
40 -1.49651261 -1.20800210
211 -0.92840589 0.02528678
987 -0.59689610 -0.81866832
554 -0.58412537 -0.16924146
368 -0.37311010 -0.75816667
823 1.60899393 1.87168893
746 0.99838229 0.48580220
83 -0.10804143 -0.05778143
614 0.38100627 0.61327821
468 0.60254505 0.42544019
670 1.19556512 1.45958505
771 -1.17329369 -1.68848218
684 -0.43047390 -0.72449138
752 -0.39206360 -0.80634910
940 -0.67329176 -0.33592854
933 0.58526478 0.30767501
330 -0.05901975 0.19274774
128 -0.34727236 -0.97054637
570 -1.53615215 -1.73199082
85 -0.48048085 -1.22963744
683 1.18316187 0.35842198
493 0.10419101 -0.04172652
444 0.49364493 -0.08209930
5 -0.14042494 0.22655283
817 0.06811353 0.24809769
425 0.72855518 0.74454477
656 -1.52462097 -1.33952217
705 -0.05243654 -0.22104453
32 0.58040994 0.47271795
917 -1.32186599 -1.45156631
246 -0.81642266 -1.09879390
586 -0.29557096 -0.40896673
373 -0.44667957 -0.30371842
72 0.09773426 0.02738030
490 0.05441929 -0.13794781
765 -1.38587469 -2.01266313
227 -1.45306207 -1.36249779
626 0.78784815 0.05083677
99 1.30745503 0.66677517
608 0.72190161 0.69866767
28 -0.82525500 -0.55714154
734 -1.10774907 -1.61143100
892 -1.08849114 -1.20428706
539 -0.27634438 -0.48757649
740 0.55601197 0.45325972
822 -1.79277570 -1.83937886
399 -0.84081017 -0.77308976
714 -0.99524021 -0.75687752
562 -2.46009448 -2.16397872
456 -0.15156663 -0.38848976
396 1.33928341 0.90558298
18 -0.16963798 0.03797868
64 1.15295445 0.71619169
34 0.67781006 0.57615004
689 0.59283114 0.36341929
751 0.05922494 0.04395047
21 -0.07599180 -0.71756084
251 -0.36769641 -0.10411421
900 -0.01066101 -0.02715841
219 -0.54999143 -0.79704774
487 0.08835314 0.54800011
88 -0.09194133 -0.37467587
63 -0.44499371 -0.42145017
951 -2.07251496 -2.02317204
162 0.33283947 0.52802956
303 -0.35339548 -0.23593812
540 -1.61071015 -1.29116077
320 0.70069687 0.87817842
907 -0.14222796 0.51233652
458 2.26747376 2.03842390
938 -0.31735975 -0.18610173
167 -1.51056356 -1.59529743
583 -0.85874793 -0.75680475
25 0.70356635 0.97971956
932 -1.80655985 -1.88764783
146 -1.06398684 -0.99155041
190 1.27363637 1.35917426
994 2.04155760 1.89644793
901 0.73085542 1.01135344
359 -0.13178974 -0.03482056
33 0.04668721 0.04313430
214 -0.20348743 -0.39879511
929 -1.20462856 -1.04915221
730 -0.12075611 -0.61246101
94 1.70285983 1.15054018
328 1.16008369 1.42162636
566 0.20795725 0.33124358
978 0.92823892 0.91584458
408 0.01605773 -0.02862260
638 -1.90212526 -2.15875328
659 0.98472435 0.59967141
520 0.07671050 0.00479309
616 1.16465159 0.69674427
317 -1.24292279 -1.30255861
800 -0.01219884 0.24244057
725 1.08413394 0.72749709
893 0.51519734 0.19070437
127 -0.15416881 -0.77013091
862 1.55816826 1.31663470
339 0.74202565 1.03663007
101 -0.12493204 -0.67234611
790 0.15099787 0.01966702
120 0.63241334 0.32379875
878 -0.40193328 -0.44641311
371 -0.59694060 -0.36943371
313 -2.21129151 -2.20325410
377 -0.61227804 -0.63786056
75 -0.59664893 -0.26172018
299 1.43522348 1.87841003
620 0.06123530 -0.17149920
643 0.81821622 0.42459452
31 -0.11808370 -0.33482622
118 -1.28464522 -0.93307246
505 -0.83561832 -0.26583446
704 -0.49300255 -0.72600474
48 1.74076746 1.43689066
986 1.21109290 0.77809557
178 -1.39500204 -1.20786640
366 0.00679223 0.15523547
322 1.04229684 0.80426015
612 -0.89186698 -0.75992094
103 -0.87503390 -0.28003971
59 0.53528752 0.27991153
76 -1.70505371 -1.42956124
930 -0.21409368 0.17873816
382 0.72482208 0.59187946
904 -0.14006900 0.24996406
961 1.48911681 1.53878806
426 -0.31252185 -0.76549350
657 -0.50107877 -0.83998506
984 -1.07728506 -0.95810227
465 -0.08749719 -0.57393887
473 0.49821630 -0.12564629
390 1.19185370 0.94758909
433 1.82734327 1.71257255
142 -0.98880213 -1.24434321
8 0.59939896 -0.06553699
895 -1.43920032 -1.33534595
70 0.34763525 -0.31517231
224 0.09717586 -0.44833946
429 -0.66088184 -0.46757939
964 -1.48836360 -1.32596690
111 0.31142687 0.24562264
989 -0.15095769 0.01406299
712 -1.78645505 -1.46033274
141 -0.76404363 -0.55470385
654 -1.62699618 -1.23892209
812 -0.16144851 0.17002876
221 0.06670806 0.31079415
647 -0.24819132 -0.33559716
217 0.46882176 0.33497632
336 -0.52430439 0.35457517
631 1.64015731 1.26857125
418 0.97058760 0.34657574
266 0.54511071 0.74495718
192 -0.04695833 -0.00901097
477 0.14891773 0.81150929
766 -1.29395182 -1.15841842
936 -1.03075865 -0.82095064
755 0.81330879 0.35814763
864 0.22918546 0.61282106
91 -0.80415986 -0.93988894
107 1.92364114 1.78258541
513 -0.46087019 -0.58338773
239 -0.45549075 -0.60922289
428 -0.88129087 -1.23802922
112 0.74710406 0.60517415
269 -1.15118763 -0.70177143
537 -0.94382619 -0.39831328
331 -1.09743123 -1.02875194
228 0.38414152 1.04098093
754 -1.64029632 -1.61968020
280 1.72841443 1.59610587
905 0.32936925 0.13636724
439 1.43663094 0.79261894
158 0.04581186 0.23392587
273 0.35095789 0.27696743
679 0.46622536 0.46352082
367 0.19388681 0.13537112
716 0.41594398 0.69990402
848 -0.25132779 -0.30397605
599 1.19281992 1.17828380
607 -0.36457187 0.24546432
830 -1.22358520 -0.98381255
386 -1.31743045 -1.51582528
538 -0.36653305 0.42327980
710 -0.37795250 0.69563241
427 -0.40933425 -0.26373700
498 -0.09279198 0.04472337
105 -1.64650705 -0.98257551
0 -1.50366834 -1.86251379
57 -0.05589688 -0.20868598
131 -0.49078504 0.07679091
982 0.04255219 0.29112057
362 -0.28227402 -0.65381222
226 1.38929273 1.32237049
434 -0.95550025 -0.45755822
979 0.47630328 0.57402505
919 0.54268348 0.88223664
726 0.10587096 -0.34339009
935 -0.58034135 -0.62579700
254 -0.50008619 -0.37811361
549 -0.64287873 -1.12046464
748 -0.51742707 -0.25190257
973 -0.05824471 0.10867063
436 0.46761351 0.01200880
564 -0.31190938 -0.13322879
559 0.46592554 0.41156828
457 0.97558033 1.20618062
154 0.74989383 0.72655171
512 -1.38547867 -1.98935416
703 -1.62584269 -1.61902333
267 -1.15193753 -1.40627980
174 -0.51703028 -0.23003910
698 0.97868499 0.93736437
624 0.27948595 0.48244215
274 -1.90757102 -1.58205485
605 1.17446581 1.28005464
767 0.91355992 0.41262930
677 0.17994117 0.42044485
71 0.57837206 1.08637010
372 0.56980176 0.66642638
53 -1.35295991 -1.28225962
462 -0.41903008 -0.64316467
343 -1.23456066 -1.22631082
575 0.87620428 0.92031924
321 0.98974658 0.62042528
955 -0.23532286 -0.00100367
495 0.34337004 0.55023916
792 -0.75298589 -0.39463364
810 0.43391483 1.11033496
623 -0.96846844 -0.68505080
388 -1.31486168 -0.68392488
319 1.88358263 1.68456127
913 -0.44594942 -0.00626943
649 -0.92040342 -0.15939140
115 0.47316835 0.20851453
918 0.57202973 0.58942703
170 -0.47837519 -0.49066711
300 1.35186020 1.54424360
232 1.20776667 1.34432049
358 -0.62628230 0.19617466
137 0.25702318 0.57537812
352 1.51458451 1.54528761
2 0.63076770 0.71110194
912 0.16212295 0.24292339
596 0.91878898 0.43491954
824 1.45315111 1.53725829
202 -0.45820965 -0.54324997
574 0.08606001 0.39484175
535 1.40209745 1.77678462
728 -0.21243624 0.41955100
56 -1.08801335 -1.11394710
949 0.55183437 0.31602844
527 -2.27800354 -1.27661332
346 -0.50914505 -0.17055422
639 0.03353643 0.04176255
106 -0.95490356 -0.59545030
171 -0.73727365 -0.39927498
261 -0.99998211 -1.19708413
177 1.05719228 0.93469265
140 0.62596994 0.76480678
446 0.36425977 0.21213713
778 -0.05580478 0.01076980
576 -0.13290398 0.18461752
3 -0.44332223 -0.90991984
621 0.25262144 0.45047786
338 -0.51504557 -0.50657551
443 1.13129263 0.83298277
249 0.22905431 0.40816004
499 -1.02342765 -0.09930275
981 1.56273206 1.39738518
927 -0.15899094 -0.74647679
634 -0.96765094 -0.71834456
169 -1.09321040 -1.26377293
73 1.87792421 1.62932381
809 1.07345092 1.18666289
218 1.39598215 1.88750194
194 -1.56427494 -2.04544752
759 -0.93366438 -0.40715444
78 -1.23033901 -0.91002211
534 0.29463183 0.67834558
160 -0.43564331 -0.40012556
750 -0.68644189 -0.49491807
528 -0.02338607 -0.16095293
6 0.92364959 0.88488772
203 1.18086451 0.90886575
799 -2.17597112 -1.70771326
334 -0.80207978 0.24116617
365 0.67476889 0.75461157
89 0.73750725 0.42550804
252 -0.96630185 -0.12236294
604 0.71977074 0.44038885
149 0.22917937 0.77095263
600 0.56474529 1.25250454
609 0.87461828 1.25428143
845 1.03897567 0.78889652
602 0.45395288 1.18094332
553 1.05953568 0.96851799
97 -0.59162914 0.29648761
831 0.21023588 0.65839254
928 0.19919256 0.28294512
415 -0.77699842 0.09751961
398 0.72896992 0.84714437
743 -0.10873856 0.36284108
231 -0.19437739 0.27520136
215 0.09008061 0.54297822
533 0.34994813 0.39067831
152 1.19117062 1.21849059
92 0.84151002 1.68917508
402 1.74330281 1.53660378
485 0.56549205 0.69679875
788 1.18333618 0.99452760
461 -1.02755837 -0.45952981
488 -0.95261358 -0.49266230
996 0.05641805 0.09036093
46 -1.03260291 -0.84751642
584 -0.82909808 -0.27336189
667 -1.67551898 -1.15803394
451 -0.58204875 -0.06398627
515 -0.67000124 -0.55392112
747 0.41000126 1.08097749
318 -0.98909496 -0.47024620
264 0.22766674 0.43383099
210 1.26386218 1.54483626
256 0.90668010 0.51879801
869 0.65078971 1.19256241
340 -1.13844172 0.10648369
476 0.71464821 0.99565214
813 -1.67811481 -1.12908554
977 0.33780237 0.62203146
579 -0.05621395 0.43767976
47 0.59560898 1.06626090
236 0.60736167 0.48563110
769 0.52810640 0.66231378
606 -0.56223947 -0.40175790
104 0.21896753 0.82107518
22 1.22006647 1.93102435
697 0.13913949 0.15233169
172 -1.72232994 -1.21415876
719 0.03036251 0.11732103
867 -0.20804085 0.28482722
957 -0.87093409 -0.67177775
660 -0.41994525 -0.60762301
815 0.38691326 0.95314395
569 -0.95998722 -0.92829444
391 0.26706096 1.32036154
86 -1.07195263 -0.21689191
197 -0.75744888 -0.72986236
302 2.05310949 2.91999087
775 -0.45248678 -0.31167262
709 -1.17267045 0.13832801
15 0.63890869 0.72025483
337 -1.04789264 -0.19796369
416 0.65456987 0.56275898
161 -1.51879478 -0.27618996
238 -1.16726856 0.18696376
327 2.01816619 3.02965239
881 0.18884669 0.49783134
159 0.10944398 0.42577354
749 -0.16647137 0.26271694
865 -0.69128070 -0.51210382
595 0.48347523 1.13136603
484 1.01913368 0.92272841
582 -0.51418812 0.46160823
45 1.08536637 1.92479591
965 0.79341633 0.82895759
523 -0.24391535 0.71556668
669 0.39069414 0.30245547
851 1.08537471 1.70462180
378 1.74465389 1.91685351
577 1.01108709 0.94018359
459 0.56621585 0.76534663
54 0.21676355 0.70287045
833 0.12488160 0.17787774
113 0.09191891 0.95189609
316 0.19952509 0.83980967
288 -0.20520234 0.50337932
229 0.85862746 1.80635223
891 -1.45017700 -0.38987036
661 0.22927493 1.09556271
479 0.33578251 -0.05323941
200 1.07651223 1.84359800
558 1.71721880 2.64017012
292 0.39676814 0.95681080
237 1.01809063 1.24302362
736 -0.10308232 0.04680706
645 0.15526910 0.32390397
230 -0.90599949 -0.62577144
874 -0.04615193 -0.20163743
836 0.52433732 0.29998041
585 0.25136669 0.30164323
80 -1.45850243 -0.37002076
440 -0.76335998 0.68760909
486 1.44439868 2.35915620
731 0.10972597 0.82526782
542 -0.43205797 0.41268142
724 0.26277908 1.67329029
861 0.77548492 1.26242246
664 0.33408646 0.57805181
24 0.66172464 0.68800183
598 -0.52437751 -0.03423252
920 -0.55435341 0.50410502
825 -2.03258151 -1.56453379
295 -1.23306830 -0.80596462
179 1.17625639 0.69807826
581 -0.12839392 0.46886819
412 1.78953774 2.31812360
826 1.14266027 1.93385891
828 -1.67363495 -1.23190009
168 -0.01319803 1.15352057
827 1.01433117 0.87474757
971 -0.77405627 0.04224930
843 -0.22897822 0.49400715
889 0.33941973 0.51678316
247 1.29595580 2.01410632
909 -1.03057080 -0.42935618
635 -1.64352989 -1.30861202
821 1.77182303 2.07399830
571 0.19957896 0.35782214
35 -2.32292650 -1.27542151
357 1.17081153 1.11343443
387 -1.99776039 -1.70559614
871 -1.09448882 0.75156520
420 1.19257006 2.46064237
879 0.18502343 1.65091254
636 -1.05705872 -0.02831580
483 -1.07405021 -0.51023745
998 -1.59393434 -0.33781064
37 -0.23219768 0.83454421
351 0.96947105 1.45418615
850 -0.74467943 0.20733158
694 -0.53736539 1.04674416
718 -1.89615683 -0.59994709
723 -1.29211814 -0.62254511
674 0.75433867 1.50908967
19 -1.20819504 -0.13789668
432 1.11549228 1.40848576
195 -0.80565672 0.29956348
393 -1.59611434 -0.33897688
348 0.56156778 1.50290735
885 -0.04514889 -0.16093720
454 -0.68287099 0.90674283
706 -0.49481064 0.18507576
409 0.39601201 1.10515327
720 -0.56425927 -0.06740435
619 -0.81637776 -0.38502940
260 -0.22223083 0.92878871
685 -1.16983181 -0.27965130
943 0.68587127 1.01076049
243 1.37696356 2.54213556
557 -0.37765236 0.21020881
464 -1.81779332 -0.47153535
81 -0.04969128 0.21236625
447 0.83564464 1.45905730
248 -0.41660843 0.24572294
819 0.52137010 0.87075080
700 -1.79386955 -1.05541310
950 -0.81860220 0.19077418
277 -1.53860099 -0.53189638
474 1.15220115 1.83082743
150 0.13899577 0.70304646
931 0.70159325 1.24244739
263 -0.98774234 0.05385167
641 -0.61491479 0.20640036
777 -0.76346156 -0.47621406
363 -0.64155612 1.21419479
738 0.00925454 1.85443878
561 -1.67773412 -0.37731219
312 1.29469008 1.14158927
435 0.07215221 0.91091305
522 -2.32624441 -0.76783482
383 -0.59023118 1.17885118
379 1.32306722 2.93211736
524 -1.03129640 0.66995478
98 -2.52260883 -0.58562580
289 0.25760615 1.35659999
959 -0.27115118 -0.26434077
466 -0.36925002 0.25990853
514 0.16305608 1.14357364
407 -0.69829296 0.17119992
308 -1.09114687 1.02780562
688 -0.09519779 0.87544278
384 0.04782518 0.94238331
742 -0.11467890 0.64157033
593 -1.00809450 0.69276924
896 -0.92464836 0.03935633
958 -0.79690550 0.86231074
403 -0.62158074 -0.21840920
594 -1.05607211 -0.10006188
633 1.09478835 2.45399925
42 -0.51503948 -0.06575824
963 0.42866257 2.43759132
410 -1.22516350 0.98682415
79 0.26787096 0.62987523
707 -1.82516421 0.06955750
941 0.90317846 1.80286493
323 -0.24292225 1.66872240
944 -1.20184720 0.15369360
1 0.47673701 1.61315936
611 -0.45993385 0.63251480
733 0.43637733 1.05623924
213 0.22742900 1.99505558
119 0.26554448 2.36885719
430 -0.41712277 1.36428121
164 -1.07803984 0.13249192
921 -0.89442176 1.57389184
872 -1.36350460 0.98762950
791 0.52349635 2.18939168
560 -1.37829197 0.97500102
526 -0.48324093 1.28213665
329 0.10370777 1.62979935
908 -0.30913276 2.37330029
531 -2.19049408 0.40175460
