14 1.24114048 1.44030979
61 -0.79456898 0.34017653
94 1.06060849 -1.42668072
47 1.51417169 -1.30660171
49 -0.17438056 -0.51686002
88 -0.19344302 0.07842620
53 -1.02348185 1.51333225
79 -1.30880892 -0.78773670
38 1.51316722 1.19420722
34 0.96993205 0.04469144
10 0.52673920 1.09709455
78 1.09650333 1.16246944
57 -0.95473124 -0.15844866
40 -1.00164111 -0.84234452
12 -0.96610676 -0.75378100
25 0.38042788 -1.12804355
5 1.30352871 0.00338361
93 -0.51553064 -1.21033889
69 -0.92303583 0.53436683
52 0.78721651 -0.43654874
72 -1.38486178 -1.07685173
92 -0.71018657 -0.98559034
85 -0.88067314 0.81504821
54 -0.63394522 1.65232513
37 -0.79316082 -0.18709382
23 0.22853083 -1.28595648
36 -0.36981198 -1.05032383
56 -1.47422021 0.26662991
15 1.42603557 0.74926541
90 0.45276630 -0.46053148
19 0.25096582 0.29533396
63 1.42468749 -0.06538916
41 -0.66804859 -1.41014398
46 1.38204081 -0.94636920
2 1.23110961 0.09343564
18 -1.49706826 -0.96669090
20 1.35275731 -1.17153621
45 -1.41759857 0.86662400
35 -0.25502871 -1.13875091
21 1.58918213 -1.45979632
66 -0.07048669 1.32925862
13 0.18809455 -0.97227253
32 0.83330351 -0.51148035
0 0.37399584 0.24741654
51 1.45614112 -0.53086079
62 -0.76600620 -0.71782244
96 -1.04613313 1.53294431
95 -0.10530327 0.53475705
87 0.30847416 -0.80604997
4 0.66698468 -1.41400737
76 0.49257537 -1.38484041
1 1.42527378 -0.50567084
43 0.09526358 0.89648645
67 0.08557874 1.68811565
98 -1.40469650 1.41259479
58 -0.84336977 -0.03851688
6 0.42404804 -1.19001712
74 -0.73155838 -0.88817110
30 -1.33236036 1.61362661
60 1.62693620 0.18040268
89 -1.45902042 0.30375386
83 -0.43302706 -1.20894308
48 1.59022662 0.61199701
99 0.67811540 1.61981670
50 -0.09374403 -1.36360888
65 -0.03941496 1.51670524
68 -1.46456321 0.35290480
11 -1.38489198 0.35798989
16 0.68997754 1.18428299
71 -1.21596810 1.42557634
73 -1.41026030 0.53093620
8 -1.47271157 -0.38333218
82 -0.91673397 0.09048398
9 0.57306475 1.35620862
70 1.59599967 0.44103691
81 0.78612167 1.44075035
22 1.57641940 -1.03795230
7 -1.55987543 0.50856435
26 -1.35266194 0.75858372
59 0.48001633 -1.19276612
44 0.00148896 -0.64537213
75 -0.05201205 0.16737357
24 0.42689038 0.31238606
84 -0.99491584 0.57551810
27 1.50240780 0.67236339
31 -0.39185352 -0.74944307
91 1.17173284 -1.02472604
55 -0.01526165 0.57549770
86 1.51957623 1.38210519
64 0.31900704 -0.51381965
42 -0.44059902 -1.33089908
39 -1.47525235 1.70580733
3 0.77637486 0.62643506
17 -0.64535896 -0.28405609
28 -0.82037662 1.60698726
33 0.67673441 -1.01379360
29 -1.24135097 1.51601659
77 0.50715252 -1.35405542
80 0.27752219 0.13889742
97 0.26309139 -1.52681518
