658 0.42709445 -0.47155235
944 -1.11096677 1.08356957
225 0.80748676 -0.82493036
437 0.17945512 -0.23415016
978 -0.25089480 0.20979652
270 -0.99881660 1.00569948
516 -1.00092622 0.98020973
515 0.94587954 -0.95702894
13 0.07788220 -0.14024475
370 -1.97110928 2.01726507
642 0.12090711 -0.08845936
482 -0.00905721 -0.03524855
18 -0.39365104 0.30379053
562 0.84724883 -0.86553865
470 -0.84777775 0.79690399
985 1.39007491 -1.38282243
903 -1.19856423 1.19707401
843 -0.30820168 0.30933320
651 -0.32193159 0.21623864
472 -0.80792462 0.78410849
115 -1.58158640 1.60422921
416 -1.29802123 1.35902985
872 1.97460175 -1.94274238
90 -0.81051880 0.79567023
136 0.26683991 -0.30905636
917 -0.21913912 0.24344973
41 1.51077993 -1.44605035
744 0.62715572 -0.65816482
182 1.18429339 -1.19269266
23 2.29848012 -2.20391976
266 0.13852887 -0.16488100
133 1.82964483 -1.78946410
38 -0.98492648 1.04727537
419 -0.29215787 0.29542356
953 -1.45333365 1.46312940
639 0.48195745 -0.50647709
167 0.93715610 -0.95163050
194 0.30665037 -0.33394452
675 0.10565275 -0.18170545
294 -0.86919972 0.84889697
282 -1.25145296 1.19841840
880 -1.32934236 1.40450040
8 0.90856241 -0.90406891
772 -0.08794977 0.07464902
729 0.67843536 -0.67583125
599 -0.01749267 -0.04842907
244 -0.48133839 0.44937432
997 -0.78013367 0.82161636
102 0.41268480 -0.40501200
4 -0.15475217 0.13264123
193 -0.59287238 0.59723580
677 1.56678040 -1.57992008
775 0.70329168 -0.75427153
547 -0.38561118 0.35262968
134 0.83218335 -0.80714457
139 0.06983966 -0.04564214
423 -0.85532290 0.88539264
567 1.14048382 -1.09063893
811 -0.71911786 0.75761239
699 -0.57416397 0.60418811
442 0.17130998 -0.19509163
157 -0.01589384 0.00386540
693 0.05620885 -0.08046956
305 0.73079465 -0.70981010
762 -0.36086842 0.31277018
804 -1.46092731 1.43584466
310 -0.26967258 0.25921165
779 0.31331677 -0.33393053
853 0.97000599 -0.98645910
537 -0.97470110 0.96457006
817 0.85233587 -0.76034956
222 0.38578345 -0.37617140
812 -0.15155987 0.13701494
326 -2.03233076 2.05518734
672 1.50629532 -1.43505355
452 1.00061964 -0.98568467
480 1.02860227 -1.03991674
678 1.39464766 -1.43661292
831 0.75238172 -0.79225354
735 0.24750074 -0.25167148
138 -0.91065413 0.89862854
951 -0.67326863 0.71467310
605 -0.38071326 0.42400313
755 -0.22288722 0.21937270
230 1.65427397 -1.60468006
888 -0.89091621 0.93299836
900 0.01290412 -0.05932510
484 -0.85849422 0.77683333
70 1.51867090 -1.46243561
232 -0.98197996 0.99092974
725 0.96383896 -0.95243883
588 0.31615614 -0.39009550
740 -1.68266951 1.78738471
201 2.14778219 -2.07234086
258 -0.92725024 0.98647377
724 -0.73759845 0.66282569
116 -0.45506326 0.46123301
643 -0.66848018 0.65065963
331 -0.44714303 0.43611671
717 -1.78641570 1.82011605
9 1.20820998 -1.21920005
746 0.21337812 -0.27073895
996 -0.61398177 0.67191275
613 -0.44504425 0.41225417
927 -0.42333195 0.47596738
392 -0.53985551 0.51343026
123 0.58114488 -0.61004639
936 -2.23524574 2.33739862
377 -0.88148040 0.91918823
448 -0.14561016 0.12532897
44 -1.30539663 1.35913589
487 -1.01010857 1.07242949
532 0.85650685 -0.86133046
796 0.32724127 -0.35275219
389 0.55736004 -0.54236258
787 0.59646162 -0.61162216
243 -0.89424667 0.86633303
144 -1.14021804 1.11448622
805 0.79945891 -0.83159004
242 1.03230420 -0.99580371
306 -0.29716703 0.28499807
118 -0.78104076 0.73082920
926 1.01394102 -1.01592365
100 0.68862320 -0.64869666
915 -0.42880410 0.45629165
339 -1.34288689 1.35917309
246 -1.10516094 1.04842704
340 0.09669204 -0.07550628
463 -0.65800436 0.68564740
204 0.16795515 -0.23426595
878 2.24076691 -2.13259338
559 -0.27335923 0.23253138
148 -0.31928775 0.31739055
552 -1.47044894 1.45388066
449 0.70173518 -0.67697322
759 1.90936950 -1.85298712
76 -0.78625442 0.78904369
10 0.00452813 -0.03201414
864 0.53945496 -0.46944005
999 0.15719297 -0.19350779
875 0.28153055 -0.20360109
378 -1.93782742 1.97671268
854 -0.20981523 0.09729839
899 -1.29971275 1.29794837
882 0.83784904 -0.85556540
780 -0.23262419 0.17243946
785 -0.48047619 0.42859623
324 0.77401147 -0.75864094
113 -0.50833127 0.54068296
240 -0.85429223 0.82371279
212 -1.32988288 1.36076336
907 -0.04180917 -0.00364700
774 -1.41216793 1.40144758
761 -0.91672509 0.87112476
117 -0.51948799 0.48721117
687 1.33746623 -1.35772765
35 -0.22620578 0.26827130
539 0.81879785 -0.84098791
81 0.35714651 -0.37589873
17 -0.32953342 0.32807146
715 1.18800336 -1.24882209
208 -0.40864715 0.35865234
373 0.76937972 -0.74901285
873 0.58772535 -0.56980581
200 -0.66159890 0.66916424
765 0.60604667 -0.62449901
502 2.21509328 -2.14400510
409 0.49235317 -0.52120425
630 -1.03288138 1.03039571
125 1.05841750 -1.06670710
150 -0.91033350 0.87853557
835 1.78821257 -1.72271322
760 -0.60124137 0.52129311
223 0.28671354 -0.29152499
911 0.29615123 -0.28279559
190 1.12255600 -1.21043768
421 -1.10089436 1.11115862
58 0.30438614 -0.39634351
431 -0.51334357 0.55130181
624 -0.35480947 0.29593403
360 0.37632362 -0.42450370
353 0.85667007 -0.81210455
545 1.27223550 -1.35128757
162 -0.42509017 0.37780662
71 -0.49246772 0.47177125
698 -0.19533050 0.12292743
445 -1.11923900 1.09310881
354 -0.66741744 0.71032268
839 -1.45581112 1.52820849
529 -0.16481409 0.10868435
297 -1.25200503 1.23838972
65 0.30847154 -0.32084974
383 0.14474208 -0.17382349
245 0.83273215 -0.84906705
395 0.15908212 -0.18177275
598 1.48140519 -1.49666893
302 -0.43783138 0.37621865
958 -0.78997873 0.76724989
546 0.12767832 -0.14181410
720 -0.02015680 0.05073974
518 0.38115171 -0.42599338
769 -0.87038080 0.88924625
325 2.41358475 -2.33700372
156 1.12008948 -1.16245674
86 -0.56332590 0.60657691
866 -1.56931575 1.55074483
397 -0.65070101 0.65562901
481 -0.84623220 0.82206689
939 1.61371429 -1.60132157
170 -2.76387658 2.84774028
570 1.41273906 -1.40449354
491 -0.23173343 0.23231675
781 -0.69224053 0.68645074
398 0.48213117 -0.46881949
476 -1.42399272 1.47523189
538 0.01618899 0.00700804
579 0.40002987 -0.43635974
568 -0.69777634 0.74954608
601 0.49933740 -0.53572088
523 1.11601808 -1.11289548
635 -0.10013332 0.05979157
217 0.38028857 -0.37623436
25 -1.18548210 1.17496797
632 -0.79115631 0.76122523
6 -0.09341877 0.10511869
74 1.07216140 -1.09613321
404 0.34475461 -0.31402847
91 0.43822016 -0.44651755
842 0.19087720 -0.25305095
311 -1.20182951 1.25238646
793 -0.13890960 0.12216782
823 0.13061458 -0.15635920
912 0.53518651 -0.48499116
814 -0.23020257 0.28108573
298 0.01596700 -0.05125792
519 -0.16921941 0.16913166
319 1.25491920 -1.23034004
676 -1.05366548 1.01534415
467 -0.06651567 0.00769738
617 0.34633910 -0.35688974
191 2.65436659 -2.52420566
120 -0.47653187 0.45622869
975 -0.42537663 0.44594975
300 0.82217273 -0.86075968
73 0.80493456 -0.81450932
652 -0.85956057 0.95314138
371 -1.08357876 1.06567204
890 -1.39511863 1.36806765
465 1.44470868 -1.40191670
664 0.95647778 -0.99258087
902 0.20871047 -0.23157844
934 0.31976117 -0.32050148
553 0.24923377 -0.20183846
583 0.99410516 -0.94639790
141 1.03036398 -0.98463094
5 0.24062062 -0.25129646
382 -1.23204792 1.27629151
15 -0.70240738 0.64444979
349 -0.80740695 0.73444128
991 -1.60731250 1.58191973
572 -1.71595814 1.71174970
937 0.74944943 -0.85953552
616 -0.54313711 0.43849209
163 -0.55036106 0.56264221
596 1.84754711 -1.82861661
561 0.59200266 -0.57025096
868 0.68350363 -0.73786117
932 1.11675261 -1.14445220
819 2.45089779 -2.34670834
271 -2.75980984 2.82418733
640 0.88583985 -0.92555455
786 0.69077235 -0.71889933
730 0.47748496 -0.51369218
748 0.49474529 -0.50900400
49 1.76902812 -1.73532762
206 0.66649934 -0.67736957
153 1.84231958 -1.76532341
414 -0.90216155 0.89037393
195 -0.37379373 0.33678593
534 1.22895992 -1.22036713
19 -0.41462309 0.41300449
732 -0.87443938 0.88127937
734 0.70203668 -0.74539154
621 -1.21052963 1.16904228
475 1.39612920 -1.31717852
114 -0.44006179 0.42905817
412 0.16954314 -0.14190945
92 -0.03607632 0.00070209
895 -0.55053956 0.55344359
702 -0.10449271 0.08243908
158 0.15486171 -0.19644822
656 -0.64088592 0.67557110
275 1.28093037 -1.21732468
727 0.30557713 -0.33212022
892 -0.50333692 0.47981658
995 2.44860092 -2.36393059
432 0.42966986 -0.41241108
922 -0.15587087 0.09204683
446 -0.00569935 -0.01856572
830 1.07143317 -1.10217918
315 -0.88259968 0.85445141
87 -2.03316486 2.13774973
21 1.11151528 -1.16967839
771 0.32393483 -0.35360802
800 -0.90381133 0.90715311
128 -0.51018625 0.48825835
272 -1.87203214 1.93418851
998 1.56060730 -1.59035633
61 -1.56365869 1.62938989
987 0.08763900 -0.09337855
443 0.23412293 -0.19838587
1 -1.88605867 1.98277763
28 -1.02693401 1.01192044
750 0.36145576 -0.46010757
587 1.88038348 -1.80934363
556 -1.09265245 1.04213380
314 -0.69159694 0.72901850
618 -1.08280855 1.12562093
359 -0.42382397 0.40216941
107 -0.57008324 0.52299041
818 1.29908671 -1.20706545
155 0.81230436 -0.80163446
478 -0.57569483 0.60152323
197 -1.10583554 1.09533087
988 0.04666693 -0.02890734
278 0.41217052 -0.41507743
221 1.32836305 -1.36851646
490 1.85547936 -1.83360515
930 0.65918247 -0.65184997
526 0.00002067 -0.01245600
782 -0.19497128 0.14874675
557 -1.42563947 1.45176073
127 0.97460439 -0.92253260
612 0.14132942 -0.16849390
393 -0.52162629 0.52248130
718 0.43036184 -0.45697747
673 0.97779833 -1.00368586
256 -0.81445496 0.73894086
861 1.19693585 -1.13530947
756 -0.52216262 0.56473143
344 -1.74597647 1.78453351
226 0.40461358 -0.39412823
129 -0.13367857 0.10552492
16 1.19841331 -1.13161138
450 -0.42070804 0.40026479
458 1.87257483 -1.86419156
20 0.14044169 -0.14874560
385 -0.13414447 0.07325147
954 0.37494200 -0.35600005
72 1.04017243 -1.03409796
374 -1.40778522 1.41941543
248 0.41777733 -0.44101380
670 0.70264273 -0.68492299
486 0.79700394 -0.76967846
14 -0.21131694 0.22490544
218 0.40289443 -0.37928452
974 -2.03205980 2.14608794
649 -1.46978507 1.50008614
493 0.85811151 -0.85153446
631 0.06375354 -0.05970285
241 0.32644355 -0.32316127
682 1.25150771 -1.25115382
692 -0.00079781 0.00582702
146 1.65052693 -1.59321511
777 0.80785939 -0.76434806
543 -1.03222963 0.98234203
807 1.45894647 -1.42431901
789 -2.24702273 2.34435624
837 1.04959426 -0.97221926
293 0.24053784 -0.32215671
512 1.25962195 -1.26755365
174 1.81869716 -1.76269411
203 -0.01928936 -0.02049262
822 -2.36138699 2.47850287
213 0.30576776 -0.28367069
400 0.30442812 -0.36846364
67 0.26282097 -0.26164224
636 0.04471436 -0.02265014
555 -1.14459667 1.12418564
178 -0.03911880 0.01356589
96 -1.83122179 1.78626403
89 0.39252377 -0.44512513
500 -1.06831566 1.18938996
11 -0.33386832 0.33705932
778 -0.10605936 0.08786864
586 0.91085403 -0.87190301
928 0.16186716 -0.26732751
976 0.57534278 -0.58538193
447 -0.75717197 0.80724786
265 -0.96550616 0.90826267
380 -1.46885163 1.46516155
451 0.29216960 -0.36556422
754 0.88408910 -0.83490562
497 -0.26549391 0.22255757
563 0.96452382 -0.99009272
290 1.91672601 -1.88567975
946 -0.88933289 0.83415532
112 -0.98996957 0.99560295
524 0.09176916 -0.11332369
328 -1.00156818 0.97093111
464 -1.02229293 1.00189512
909 0.69220142 -0.72010121
101 -0.14276531 0.11601896
75 -0.66664618 0.67192315
881 0.20286989 -0.26800440
901 0.16405513 -0.18813502
40 0.10656975 -0.07971145
143 -0.85118154 0.83200242
268 0.94554807 -0.94412862
401 -0.44182035 0.37576719
108 -0.16161328 0.16157711
263 -0.16607270 0.14414313
391 1.03421188 -1.02090084
942 0.55131357 -0.52784615
797 0.35198730 -0.33526182
808 -2.07474752 2.13974364
159 -1.27857992 1.34109921
351 -1.04272877 1.05708420
99 1.07210509 -1.06740963
361 1.04590015 -1.04082705
364 0.91171215 -0.95200445
381 -0.65044567 0.61090022
166 2.16387893 -2.16270970
504 1.58744954 -1.56771334
53 -0.33274402 0.34480425
885 -0.34798066 0.30309488
180 0.87892056 -0.88662500
441 0.00356333 0.00188297
468 1.17276824 -1.16173108
309 2.20620195 -2.19168490
453 -2.31648880 2.43186368
584 0.38473809 -0.35149106
501 -0.29747169 0.26321116
945 -0.45120499 0.43260120
384 -0.30840630 0.32012499
188 0.68590707 -0.68194980
251 -0.02392740 0.00756609
646 1.11798324 -1.07616658
595 1.90817443 -1.81492637
379 1.30733329 -1.31903959
943 0.48274281 -0.49771777
714 0.07523322 -0.13364597
684 -1.39492392 1.37758469
175 0.54436116 -0.52971050
828 0.58658695 -0.58470624
821 1.44063623 -1.38597935
743 -0.64841977 0.66639077
318 -0.25563253 0.21964297
713 0.00179462 -0.09451670
329 1.30663432 -1.27997985
855 -0.22724695 0.25226164
801 -0.29545581 0.23839224
39 0.46762708 -0.43750862
721 -0.62416809 0.61883979
301 0.80960023 -0.77647373
317 -0.00919246 -0.07258666
952 0.84316518 -0.82357098
169 -0.67075315 0.68945470
466 0.02570246 -0.08862718
852 0.18258912 -0.23024079
345 0.40262265 -0.43532100
440 1.56708820 -1.57621301
602 -0.29409401 0.27375664
292 -1.82206113 1.81900502
2 -0.78551557 0.80576407
625 -0.82673679 0.77988937
357 -1.09710581 1.06271859
63 -1.01069269 1.10644165
372 0.52769196 -0.56465211
540 -0.92575167 0.95379782
859 0.31586699 -0.30423511
184 -0.37980838 0.39544622
549 -0.16105049 0.16502618
161 -0.54715535 0.52919850
366 -0.05379486 -0.00171253
757 -0.25468346 0.21144927
968 2.13413505 -2.05854235
390 0.71202562 -0.73868094
542 -0.22586067 0.21949406
151 1.67508419 -1.68178570
573 -0.01435517 -0.03268874
653 -1.99457349 2.12472290
554 1.44901863 -1.39307067
320 1.51069015 -1.47592206
126 -0.47227159 0.53257632
711 0.99955982 -0.93861268
686 0.00425472 -0.05466542
196 -0.08953741 0.08385435
566 0.35675079 -0.36142333
705 -0.42196374 0.42746146
689 0.82603497 -0.78248429
941 1.09823192 -1.11476042
763 0.33704599 -0.35528993
260 -0.55677772 0.55043235
893 0.13197230 -0.12286684
289 -1.17814541 1.08429041
986 -0.38586267 0.40086136
494 -0.03862678 -0.01370077
46 1.72637036 -1.67115655
386 1.34652814 -1.39350585
696 1.62371127 -1.55631730
422 0.51244051 -0.50830076
674 -0.85456739 0.86421417
341 0.41190993 -0.49103998
980 -1.09106213 1.08300421
330 -0.64783517 0.71278710
690 -1.91196024 1.89033797
770 -0.72717778 0.76657737
406 -0.13595235 0.06576113
733 -0.04516936 0.04903450
0 -0.13689139 0.15775166
764 -1.07255542 1.08886468
739 0.46463812 -0.46811994
622 -0.58775397 0.58282960
565 0.76453181 -0.87025373
874 1.69732651 -1.69254624
284 0.33064274 -0.34533779
794 0.27341106 -0.27330973
216 -0.75113715 0.83480402
931 1.16551386 -1.17058646
186 1.41803538 -1.36219904
666 -0.52043880 0.48012685
236 -0.51118347 0.53863263
220 -1.35244817 1.36214304
269 -1.69902939 1.78591929
403 -0.83252444 0.84793661
98 0.91505486 -0.90576113
29 0.09083794 -0.05153921
410 -0.66205011 0.65925544
923 0.25560740 -0.27009434
850 0.97971464 -1.02711840
145 -0.25127664 0.22711297
276 -0.26178977 0.24902845
614 -1.32159084 1.36019817
845 0.02055724 -0.04470869
925 0.31108437 -0.30228805
604 -1.30843456 1.37754763
343 0.31715184 -0.27346506
209 -0.20503681 0.21835308
56 0.25152201 -0.28921318
813 0.79411362 -0.78715893
898 2.39526343 -2.34556922
857 -2.43723334 2.54291056
535 -1.17211327 1.22749167
838 -0.81607512 0.77800452
723 -0.03093308 -0.01407346
608 -1.84964222 1.84991845
644 1.15917194 -1.09131947
571 -2.63077593 2.73018862
949 2.02117410 -1.99072366
849 0.38606607 -0.45824767
695 0.04637778 -0.04024236
719 0.07453169 -0.07314248
738 -0.73198966 0.71578926
408 -0.81426608 0.79663422
955 0.23585666 -0.22913611
847 -0.41916145 0.32415912
337 -1.53719922 1.59126917
280 0.25143398 -0.29263943
921 -1.01272571 1.04226617
77 0.46274722 -0.49956533
457 1.35906927 -1.33358032
709 -0.25025295 0.22175566
634 -2.18949537 2.18776001
829 -0.07346982 0.00898620
982 1.34128848 -1.34158131
460 -1.18524309 1.20203475
498 -0.27281124 0.30100293
66 -0.97409436 0.83719228
229 -0.52503580 0.62242558
897 -0.12759665 0.11152379
638 -0.12210981 0.08741940
989 0.36591425 -0.31666498
810 -0.53795039 0.49239952
541 -0.68209816 0.71065357
983 -0.83724526 0.86062111
36 0.12089498 -0.12009043
948 -0.94247720 0.89519798
984 1.41937095 -1.36855718
24 1.09340301 -1.08429586
662 1.41133482 -1.49577798
589 -1.26773917 1.19725410
181 0.39972487 -0.37290342
610 0.02180828 -0.02936910
914 1.23174647 -1.30580193
295 -0.79548806 0.82002531
966 -1.13427125 1.15999003
627 -0.75428340 0.73700023
981 -0.22187251 0.13725421
109 1.18319684 -1.07781418
262 0.38145718 -0.36899022
420 0.21043953 -0.27273981
856 0.40290621 -0.33338776
312 -0.63069108 0.55843643
110 -1.07459929 1.04309412
860 -0.52671835 0.55183758
979 0.86208870 -0.85735297
369 1.51635887 -1.53984254
758 0.01965132 0.00565339
362 0.94265634 -0.95756275
527 -1.00754761 0.96373637
286 -0.11604234 0.03731991
122 1.07373004 -1.07534663
886 1.89468167 -1.78125476
283 -0.81400258 0.83256075
506 -1.70252134 1.79534463
905 1.51566981 -1.49003976
227 0.55468343 -0.54887843
257 -0.31631418 0.31166109
426 2.78132632 -2.69900452
685 0.98228200 -0.98877187
323 2.53070642 -2.47744199
620 -0.08035693 0.13004254
119 -0.81694071 0.73102819
346 2.37457645 -2.22709683
177 -1.19025831 1.26281625
967 2.06814496 -2.01131570
430 -1.57623947 1.71546226
803 0.41588981 -0.43272255
530 -1.06963595 0.99839367
477 0.06935580 -0.06429897
521 -1.14780529 1.17627828
836 -0.51908691 0.55621573
211 0.68350713 -0.71378662
841 0.51286141 -0.52643676
50 0.40800222 -0.41748115
132 -0.10022543 0.09904757
647 0.78299071 -0.79521878
454 1.14430338 -1.10640362
680 1.38380434 -1.36596695
444 0.19899483 -0.18956640
950 0.69110942 -0.63330253
751 -1.42093264 1.36445830
525 0.55776462 -0.48622833
192 -0.27181554 0.23043817
669 0.58439513 -0.62491504
235 0.62215624 -0.65477092
3 -0.00135699 0.03611116
316 1.12823696 -1.14643551
741 0.16654368 -0.27413744
788 1.51953252 -1.56546581
671 -0.88100936 0.85092722
889 0.91778661 -0.86675675
871 1.68863921 -1.65425544
706 0.84295882 -0.86002211
165 0.88300479 -0.86417862
517 0.25033323 -0.22830647
641 0.05499279 -0.05340706
52 0.67529087 -0.70987198
313 -1.63800263 1.72106330
887 0.71470024 -0.76060666
661 0.99029539 -1.05211345
428 -0.08632226 0.01441332
84 -0.59458978 0.59975109
844 0.74653054 -0.72828390
356 0.35414122 -0.38015090
726 -1.10382596 1.11567743
173 0.78927620 -0.75796271
338 0.65260433 -0.66463237
424 -0.21115371 0.20788472
918 -0.57089006 0.57849052
95 0.24905107 -0.32554386
792 -0.39917402 0.36837112
590 -0.45734614 0.39755632
147 0.46343034 -0.55219193
54 0.72264251 -0.75758974
259 1.10550028 -1.09861985
597 -0.15566450 0.15710988
152 1.30230408 -1.25172687
427 -1.63674413 1.74278599
585 -0.78472857 0.77804717
281 0.78511106 -0.75303744
228 0.48186184 -0.49955170
83 -0.21119102 0.09862524
104 -0.37145722 0.37963723
121 0.61945095 -0.59939232
106 -0.61739816 0.59375610
456 -1.33204159 1.38516076
93 -0.43696277 0.44283110
959 -1.06991344 1.15255863
358 -0.67551536 0.68484983
863 0.69659392 -0.63888111
594 0.21550897 -0.21524943
202 1.19548742 -1.17352488
387 1.51897520 -1.44087266
993 -1.01529972 0.93526089
768 0.43476087 -0.45571732
891 0.53724437 -0.53444523
249 -1.35145200 1.31021743
22 0.24477481 -0.28438725
42 0.43184641 -0.48261322
972 -0.51518573 0.47623048
355 0.00586358 -0.02137765
234 -0.35782338 0.45230452
214 -0.84776655 0.85045315
79 0.35317771 -0.38265377
474 -1.71161402 1.72789213
30 -2.73878987 2.88091121
973 2.23015351 -2.09226107
55 -0.45104992 0.49253208
365 0.62285544 -0.64194142
68 -0.47568075 0.44511060
499 -0.42306029 0.39321992
619 -0.06305416 -0.02832214
402 0.77248189 -0.82129647
716 -1.80167379 1.78006980
239 0.52957492 -0.53976622
224 0.19561598 -0.17349808
367 -0.75395682 0.77312041
569 0.32305083 -0.37018789
977 -0.62546110 0.60794806
205 0.24361588 -0.16808757
105 -0.53669935 0.51172312
130 2.25430562 -2.17378152
363 -0.29822487 0.32320424
816 -1.19535981 1.25524861
274 -1.11640697 1.09070010
766 -1.22946143 1.28626047
179 0.79420923 -0.83276788
753 0.71425719 -0.73872354
940 -0.03407326 0.07303745
332 2.38092490 -2.27412948
956 -0.42738004 0.41803694
607 0.46224821 -0.36628950
483 -0.79098760 0.72914219
80 2.46671471 -2.34684871
45 -0.24266116 0.22226154
688 1.20847930 -1.20859995
668 -0.40776221 0.35107081
279 0.65397429 -0.73037669
965 0.71118918 -0.78628221
103 0.52952479 -0.55641533
303 1.02602861 -1.03412390
469 0.34765706 -0.31621688
916 -0.77945918 0.76270733
736 -0.05220396 0.06842364
776 -0.78859769 0.76032922
347 1.73726219 -1.69200136
496 -0.53824467 0.56197529
219 -0.81094366 0.77837753
564 -1.30363153 1.26838565
663 -1.47390054 1.48564992
558 -1.33172679 1.40014467
834 -0.13664421 0.14994323
7 -0.19667807 0.24142820
548 0.62725132 -0.66174325
704 0.98835296 -1.03193375
336 -0.81285065 0.80566424
97 -1.21701334 1.19089678
508 1.42739483 -1.41258727
140 1.06358534 -1.05071113
580 0.13832763 -0.13451862
199 1.00500538 -0.98194293
795 0.55175708 -0.61442526
869 -0.96721774 0.93275715
648 0.05612374 -0.07896776
862 -1.35716724 1.41699685
577 -0.02567628 0.01350684
59 0.20636579 -0.20237104
57 -0.78592598 0.74702576
737 -0.25704714 0.24760643
252 0.55361043 -0.60996428
60 1.82467683 -1.77057733
434 1.03279622 -1.01828123
603 1.09135227 -1.09569043
707 -0.45306883 0.35872121
399 0.67896469 -0.61454056
277 -0.51027370 0.57510864
411 -0.72518894 0.73859799
350 -0.46411281 0.53967744
783 -1.24427379 1.23242962
809 0.89856357 -0.92559353
522 -1.11099825 1.11323030
375 -0.31016113 0.31318681
667 0.82165191 -0.89952559
858 0.52081604 -0.46740429
27 -0.67619393 0.67309728
802 0.82552826 -0.79951782
752 -0.08586591 0.11570582
210 -0.32202102 0.28210392
710 -0.99780038 1.02251579
48 0.27036683 -0.32797270
879 -2.00682502 2.05445266
285 -0.13487551 0.13715337
394 -0.55377663 0.55990476
703 0.71955900 -0.73588665
910 0.99184607 -0.97223256
742 0.70043214 -0.65407080
479 0.29883635 -0.35464418
455 1.28490092 -1.28156982
12 -1.63676640 1.65974129
551 -0.52047203 0.49200194
745 -0.62855779 0.67746786
870 0.13768125 -0.19124831
253 -1.78874021 1.86453698
513 -0.75989674 0.71561284
960 2.22950759 -2.16561328
691 -0.16391633 0.18885686
683 -0.77305302 0.74346940
131 -1.38391364 1.44712465
591 1.73990650 -1.61681473
659 0.40197043 -0.46187299
575 1.32488510 -1.37788269
34 -0.35319117 0.27424097
142 -1.34018498 1.35436916
600 1.01101455 -0.98254163
135 0.91377817 -0.91469215
767 -1.54773987 1.54611585
511 0.41402317 -0.42952700
459 0.11461345 -0.18902511
471 0.27246024 -0.17196870
962 1.68817483 -1.70890416
867 -0.17180613 0.12101320
264 -0.66542709 0.66829450
233 -1.05453771 1.09207620
507 1.46753058 -1.48780303
947 1.40683273 -1.43501914
832 -0.24054501 0.20400234
160 1.88218868 -1.88542329
250 -1.68874245 1.70274390
489 0.35720364 -0.38405333
149 -1.02214206 1.01057336
938 -1.22411113 1.14984098
679 1.93749857 -1.90791278
773 -1.45309767 1.50085957
957 1.96400817 -1.89781840
637 0.79621765 -0.79588088
32 -0.87214601 0.89737190
790 -0.59585761 0.54586288
865 0.07372767 -0.06050128
825 1.11576426 -1.13820069
592 -0.10972071 0.09032811
429 -1.57402492 1.59823410
840 1.01003564 -1.01499134
509 -0.22583152 0.17838316
633 -0.11870112 0.11718377
247 1.91124081 -1.82976269
660 -0.86115602 0.83938686
609 -2.26141022 2.40024302
342 0.36341102 -0.33613584
172 -1.08710556 1.07984198
883 0.35803378 -0.38616214
33 -1.96653350 1.99230442
961 0.09831268 -0.08336704
307 -1.52711457 1.60895382
581 -0.70042252 0.72957486
407 0.21567290 -0.24037022
827 -0.20877406 0.14436279
791 0.52556811 -0.47498443
629 1.52102187 -1.47100537
815 -1.79594678 1.83807794
935 -1.44707101 1.48038275
473 0.31891658 -0.38337099
273 1.26021949 -1.25915000
728 -0.08500779 -0.03573172
606 -1.94327053 2.09039304
876 1.28189704 -1.26947284
85 -0.16031945 0.11862193
352 -2.65478929 2.66925095
237 -0.18307828 0.11251081
533 0.49585409 -0.49893940
321 0.46026486 -0.46726700
322 -0.20819926 0.15083378
82 -0.23214733 0.22374196
111 -2.51324269 2.64200733
88 1.48881813 -1.52726552
425 0.35413609 -0.35630461
655 0.57825176 -0.62813264
628 0.85856353 -0.85546087
335 -0.08047235 0.08987535
171 1.23597644 -1.24780160
615 0.13855802 -0.14765154
833 -0.50104541 0.40893439
536 0.83979835 -0.77979466
920 0.45712164 -0.45532827
510 -0.01053852 -0.00437164
528 -0.45636420 0.47606302
578 -1.71714668 1.72351739
884 0.81413835 -0.76966358
495 -1.17439417 1.15921086
700 -1.31219466 1.30214695
348 1.18293509 -1.25267900
288 0.91206659 -0.95414102
650 0.42824044 -0.41960844
438 -1.24905478 1.19308168
78 -0.31562127 0.24364122
697 0.86138624 -0.78182254
137 -0.37444479 0.35712163
26 0.09486621 -0.12106855
969 0.38593782 -0.42233376
574 -0.70253214 0.67185668
550 -0.28813614 0.29197901
405 0.34510952 -0.38076917
296 -0.84326061 0.80677182
287 -0.16117174 0.16233791
154 1.07375802 -1.06875108
654 -0.91845533 0.98035121
913 -0.93913997 0.82926651
47 -0.00661763 -0.05303903
187 -0.31752440 0.24886282
215 0.98134693 -0.95501589
333 1.08344381 -1.03097766
963 -1.51938625 1.59182032
904 -1.20975779 1.22437522
582 -0.92468835 0.88776182
544 -1.45077212 1.49692941
267 0.42125901 -0.41783727
164 -0.15095709 0.14208222
806 -0.41830799 0.36150807
824 -0.24839098 0.18206620
896 0.34733701 -0.35785778
388 0.97351542 -0.99449405
749 1.29137296 -1.28657759
376 0.05142856 -0.07763589
198 -0.12836219 0.05063614
396 0.41180733 -0.41045588
919 0.23486866 -0.30442330
784 -0.84321246 0.79483837
708 0.58876349 -0.62253472
712 0.58743970 -0.56860046
826 -1.64920716 1.66087334
255 -0.76815031 0.71040182
488 -0.58813814 0.62880133
462 -0.69685759 0.67638700
413 0.29958837 -0.31298657
657 -0.80037643 0.77145962
31 -0.63748760 0.58849700
254 -0.51701856 0.50760523
701 0.77646667 -0.82360029
611 -1.38878767 1.38205521
531 -1.09981588 1.08401777
43 -1.19632787 1.13694935
894 -1.26550129 1.24119848
168 -0.97945527 1.02856065
798 0.94083925 -0.94101896
933 -0.58956698 0.53915562
908 -0.93913939 0.98174492
970 1.45000617 -1.44141219
435 -0.59931177 0.63229575
299 1.05127132 -1.14560644
593 -2.17900742 2.15360051
183 0.14163070 -0.22183117
799 -0.19707519 0.14900683
304 0.08695075 -0.14399533
69 0.64974000 -0.67784073
626 -1.16285316 1.19114022
461 -1.45100134 1.55583589
64 -0.35114031 0.36578538
906 0.19876631 -0.14654560
189 0.21743659 -0.20997247
722 0.39267803 -0.41523997
308 1.74792642 -1.69817558
436 -0.23277693 0.26394771
681 1.23519644 -1.17987949
124 -0.74608591 0.71115415
994 1.72361762 -1.71004360
576 2.32564614 -2.31022594
820 -0.71766547 0.75553340
485 1.01911970 -0.98246195
623 -2.18659816 2.32666153
520 -0.12646687 0.14648806
176 -0.20878572 0.17743855
238 -0.50362595 0.51587743
62 0.25005796 -0.29447008
665 0.76919480 -0.74658736
51 1.67234812 -1.64874602
964 0.22643367 -0.29127424
185 -1.24627988 1.28185868
848 -1.56205007 1.61531093
560 1.76772030 -1.71641527
492 -0.26146844 0.14688654
433 0.04938237 -0.04062269
503 -0.92196172 0.90959464
924 2.39020798 -2.34147486
877 -0.69795752 0.71071614
415 -0.42544811 0.47389627
291 0.33899891 -0.39226307
368 0.79252062 -0.76840454
261 -0.67161010 0.64406630
327 -0.21751149 0.18351573
439 -0.98260397 1.01831732
418 0.28336338 -0.27392166
694 -0.19695743 0.16310585
334 -0.39430909 0.40072655
851 -1.19247997 1.25327701
747 -1.39764635 1.49856225
231 -0.91514294 0.93941982
505 -0.31234456 0.28732567
514 -0.38806044 0.39734015
37 0.39204260 -0.34731434
417 0.39499775 -0.40134529
971 0.33768375 -0.34589735
94 2.42800372 -2.31627597
207 -0.36742826 0.36781710
992 -0.98267788 0.91363935
846 -0.80752657 0.83731235
731 1.16335410 -1.13673270
645 -0.70441161 0.70464208
990 -0.52036477 0.48114282
929 -1.48119526 1.48200028
