72 0.39567903 -0.40118593
57 0.29169593 -0.26185195
23 -0.61380924 0.47932237
5 -0.32049211 0.31142941
56 -1.29511771 1.29046380
46 1.43056571 -1.46189370
47 -0.06835195 0.05807748
49 0.88342923 -1.03198466
66 1.25193870 -1.25569743
61 -1.76183030 1.81318462
78 -0.83779121 0.77051846
41 -0.74902865 0.72306239
79 -0.78520781 0.81277389
15 -0.08132906 0.08717764
82 -2.04201094 2.17171146
63 -0.31950231 0.27006748
14 -1.41074473 1.40109165
44 -0.15400371 0.14835668
53 1.39252139 -1.34961935
45 0.00343993 0.01457513
93 0.37210446 -0.30780858
54 0.78634482 -0.77818708
98 0.20081174 -0.24531103
29 0.99982224 -0.99436800
8 1.57410994 -1.44425916
12 2.30394964 -2.27167057
83 0.75310629 -0.66821539
65 1.18408096 -1.21077896
95 0.00734574 0.07581698
62 -1.75039678 1.70704852
75 2.15254136 -2.20485101
0 0.59951151 -0.61942279
51 -1.12227775 1.29206536
94 -0.22451704 0.26226491
21 -0.90077060 0.98781954
84 0.43121102 -0.38680168
48 -0.18707102 0.11329013
80 0.19976663 -0.29529661
50 0.09590862 -0.00932377
91 0.26223927 -0.31627928
89 -1.52034310 1.52382551
35 -1.31756457 1.33433605
25 -1.06557029 1.03651114
16 -0.47115962 0.37952972
10 -2.03701199 2.05617390
92 0.40564225 -0.32224749
58 1.09910937 -1.04518791
59 -0.14346897 0.01684361
22 0.90533572 -0.86177083
11 -0.05606419 0.02448891
38 1.71142682 -1.68041215
60 -0.69208330 0.59185138
69 0.62927468 -0.68462375
99 0.44763620 -0.53079891
86 -0.92728227 1.00148438
26 -1.14306724 0.99276619
37 1.01499566 -0.93832848
70 0.86287538 -0.87131632
88 0.72487776 -0.57883840
71 -0.64240290 0.62615254
36 0.08529983 -0.09672797
97 -0.29833389 0.37507933
40 1.22188475 -1.16365794
52 -0.94544291 0.92221192
87 -0.91164778 0.86338619
85 -1.14742524 1.12716986
6 0.24340786 -0.27170284
19 0.64018126 -0.70603418
76 -2.46341627 2.57070579
34 -0.52057357 0.58395556
30 -0.63674867 0.65102363
13 0.11523866 -0.03907848
33 1.04876712 -0.96358879
96 -0.36175046 0.25779498
55 -0.67739577 0.63771199
90 0.91304308 -0.81839222
74 -0.01162407 0.11173042
67 0.72257849 -0.71305378
3 -0.16135011 0.16856675
20 0.78642714 -0.89955851
18 0.64147708 -0.61660196
28 0.25470579 -0.34031968
17 1.64168123 -1.67052640
9 -0.83253165 0.81732973
27 -1.26896718 1.15949026
32 0.18248064 -0.06591319
64 -0.14305999 0.15096684
24 -0.04776953 0.06945394
42 -0.80992116 0.73880124
73 -0.92571800 0.79852593
31 1.13800225 -0.97672273
81 -1.82663317 1.83810752
4 0.89130109 -0.87428173
43 0.09925600 -0.07871351
7 -0.07566564 -0.00880320
1 1.86877486 -1.86888191
68 -0.80185570 0.86063355
39 0.00710615 0.03844442
2 1.99177614 -2.17984594
77 -0.35858530 0.26556505
