4 -0.70731089 -1.96104137
2 1.47989692 0.14023849
1 1.21647155 0.76932431
3 1.26844291 -0.56088781
0 2.17994730 1.74821592
89 0.19652288 -0.38161280
93 1.55541358 0.49511047
19 0.48196172 0.75942709
6 0.29644104 -0.07565215
37 -0.03484034 0.42680094
85 -1.09305266 -0.66562121
14 -0.80879607 -0.91592371
32 1.59605798 1.19144761
26 1.24446587 1.60506920
51 0.10301542 -0.84497204
94 0.12989699 -0.07001794
84 0.86754366 1.33817264
58 -0.28977488 -0.95415797
33 -0.55375783 -0.08359721
91 -2.11742033 -1.51484865
70 -2.17472054 -2.22562825
86 1.29471724 0.19948340
27 -0.13672765 0.22585047
34 0.73981435 0.01432291
21 0.34157674 0.69770046
49 0.31377546 0.46581069
11 0.91026601 0.74788734
80 1.45007793 2.12780843
74 -0.38100369 -0.28712871
23 0.95571739 -0.10235693
66 -1.12194934 -1.98449797
87 -1.73684119 -0.96740905
55 0.34740434 0.45226645
99 0.75883456 0.38567351
62 0.02262000 0.58809715
72 -0.44022350 -0.46314157
20 -0.57617980 -0.21114805
56 1.19548678 0.92953155
12 -0.15256125 0.07397274
65 -0.26619828 -0.79056594
29 -1.83603676 -1.36279931
52 -0.97747290 -0.82448042
7 0.83793805 0.54463320
28 0.66366155 0.15148149
15 -0.20321605 -0.65641899
69 0.60689379 0.77387740
83 -1.72200110 -1.29529168
42 -1.25653165 -1.52147570
50 0.40895873 0.20286559
68 -1.06098822 -0.96397628
5 1.08584869 0.48969194
8 0.81896541 0.60649316
36 -0.17154895 0.42833488
39 -0.66119175 -0.57045534
43 -0.00852612 0.23998613
13 0.37175030 0.68919825
76 0.09166554 0.46024052
63 0.13639104 1.06391232
77 -0.23930116 -0.26175415
95 1.70946408 1.42118393
97 -1.40752408 -1.03612058
40 1.62756106 1.59827890
10 -0.28242742 -0.02325823
75 -1.20062279 -1.48833546
61 0.05102213 -0.18011563
73 -0.74540503 -0.06680461
38 0.39959805 -0.14750203
90 -0.55745504 -1.92675758
96 -0.04813824 0.43203723
60 -1.44868498 -0.38161916
92 -1.13312573 -1.41468330
67 -1.10881995 -0.37619929
41 0.80031632 1.00605532
78 -0.60871387 -1.59657068
64 0.57721479 1.43273112
81 0.24636854 1.22740119
53 -0.90842198 -0.05490089
79 0.22079676 0.34687215
9 -0.98124430 -0.66001133
16 1.11220179 1.46746198
24 -1.80576210 -1.31635082
54 1.28993719 0.94467535
30 0.22625523 0.41430429
82 0.80449792 0.98044193
48 1.20120011 1.43400509
31 -0.52173367 0.46605729
35 0.35958619 0.29965937
44 -1.34320775 -1.63767237
98 -1.42732132 -1.34970522
57 0.94495180 0.78955202
46 0.44869439 0.78970751
45 0.67177388 0.76629095
18 -0.26329076 0.32430775
71 -0.50812637 0.05074210
17 -0.33981049 0.11129641
59 -1.22036588 -1.03004634
22 -1.58746305 -2.44318123
88 -0.62014053 -0.03359792
25 2.17910675 2.30136756
47 -0.04301050 0.04293780
