18 -0.23888689 0.53312090
21 -0.87662073 -0.09899996
28 0.42410721 0.54950003
11 -0.93655492 0.18680644
1 0.58437073 0.84054479
10 0.35423514 0.81292451
16 -1.05269261 -0.72890001
12 0.38035331 0.80226708
14 0.74708721 1.04861999
22 -0.28009072 0.62179649
25 -0.86824234 -0.58757880
3 -0.76977605 0.07718450
2 -0.16248347 0.89725250
24 -0.49461064 0.67046082
8 0.74833439 0.96168775
26 0.36030292 0.77495629
15 0.99636978 -0.00063999
13 0.70584467 0.67857276
9 -0.54269142 -0.09146464
27 -0.56876687 0.56667884
17 -1.04246291 0.17843324
5 -0.15925217 0.56343602
0 1.58060251 -0.45795662
20 -0.78340753 -0.42642703
23 0.96123627 0.36871749
19 -1.30426671 -1.10288201
29 2.15920749 -2.79728212
6 -1.60504402 -1.81031566
7 -0.71368627 -0.36802739
4 2.39748466 -2.66248621
