18 0.35490376 -1.30624855
28 -0.94097372 -0.70784038
21 -1.65695846 1.60445032
10 0.16773370 -0.07474233
24 0.12074395 -0.89045797
22 -0.18548267 0.23163895
1 -0.79899350 -0.92207842
11 0.24861200 1.18197551
25 -0.17773487 0.55269619
12 -1.27834731 -1.15202176
13 -1.04323032 1.49321535
14 1.21686437 0.03788170
16 -0.47568853 -0.73150522
3 -1.55731119 -0.84086199
15 -0.38901450 -0.97680397
8 0.13357222 1.23149463
0 1.39724117 0.60979195
17 -0.43375517 -1.03411503
27 -0.79520927 0.53106634
2 -0.74430928 -1.47685407
9 0.20990540 0.55718121
26 0.75409786 1.15136631
5 1.39023835 -0.70866123
29 -0.18318818 -1.54962797
19 -1.10184191 0.51521522
23 0.53283024 0.51095978
6 1.36022017 0.78458212
4 1.76533875 1.08868364
20 -0.13137760 1.31293968
7 2.24111453 -1.02332002
