491 1.38601400 1.40644644
658 1.24198477 1.20949332
972 -0.16160349 -0.13863679
678 0.01384223 -0.00169521
225 0.32876235 0.33874648
775 0.16218638 0.18865969
567 0.45351165 0.45634818
437 1.18227664 1.16217809
182 0.00366446 0.01536219
944 0.65740295 0.64168028
35 0.21008318 0.20084515
102 -0.43229256 -0.42293293
953 0.94909058 0.91855404
406 -0.59288897 -0.58845903
419 -0.65004733 -0.64123871
115 -0.34024754 -0.34174562
197 0.07889240 0.11247665
245 -0.46570792 -0.45441682
272 -0.85571083 -0.83224091
13 0.26547804 0.28784883
761 0.35465337 0.34749978
588 -0.69990891 -0.69836043
942 -1.10570109 -1.13057315
340 -1.32247607 -1.35092005
478 1.39655783 1.38766939
627 -1.06603262 -1.06931364
423 -0.78480786 -0.78630863
76 0.97569463 0.99415984
780 -0.66994889 -0.66864636
692 -2.70482266 -2.79979009
282 -1.60627899 -1.62074052
724 0.59507678 0.58744953
452 -0.90179055 -0.88667109
711 1.50119180 1.47200942
6 -0.95046361 -0.91371828
385 -0.51852272 -0.52452572
561 -0.24840299 -0.22203423
506 0.35087025 0.34658243
735 0.74518928 0.78062521
303 -0.06261605 -0.06935171
521 -0.42515858 -0.40102910
81 0.20179037 0.21893549
903 -0.50161566 -0.47593467
476 0.74279791 0.74252247
258 -0.02215483 -0.01473466
651 0.43991013 0.45905276
10 -0.13214178 -0.13098780
500 -0.77659232 -0.75832212
29 0.41203934 0.43742141
370 -1.34872420 -1.35359517
583 -1.30839917 -1.32931274
706 -0.66382098 -0.65487329
880 -0.71692488 -0.72391189
543 0.90995427 0.92858552
344 0.47340536 0.48698534
497 0.93507706 0.93841207
395 -0.78297718 -0.77106724
136 0.40556991 0.41649199
787 0.82308039 0.83479624
640 0.33392071 0.32818395
404 0.42726876 0.41531981
618 -0.11573329 -0.09670334
381 0.79261960 0.78894577
7 0.68630865 0.69949937
677 0.51296886 0.54454334
214 -0.56561876 -0.58949983
286 0.66880077 0.65254217
128 0.16027283 0.15388924
890 -1.63117726 -1.65320114
143 0.27325644 0.30851749
28 -0.29386503 -0.27872672
399 1.95995657 1.91437013
487 0.91498107 0.91718978
807 1.50749269 1.51181401
599 -0.09808361 -0.08055532
866 1.13743487 1.14751726
982 -1.00286666 -0.99302265
294 -0.32455998 -0.30630748
656 -2.61373285 -2.66338739
734 -0.19411807 -0.14911618
847 0.44620932 0.45949346
134 0.46583963 0.46442753
642 0.44466459 0.45886433
888 0.63027518 0.62814568
206 0.30855955 0.34662288
771 0.50789822 0.50050595
621 -0.79293543 -0.79538657
838 -2.08261537 -2.13202978
473 -0.64246231 -0.62426426
270 0.29542807 0.28423814
516 1.52335418 1.54602951
910 -0.00062597 0.00572365
14 0.82115825 0.84456525
472 -0.83612955 -0.81760437
44 0.22688618 0.24118990
946 0.34968544 0.36495505
812 0.57727130 0.58246481
856 -0.16038518 -0.13261064
223 -1.16964451 -1.17059170
900 -0.52770565 -0.49959741
409 0.82261506 0.83121467
30 -0.27144114 -0.24160204
852 -0.20761113 -0.17127829
240 -0.98589273 -0.98194145
75 -0.98471312 -0.99145881
335 0.94714079 0.93622910
605 -0.57083435 -0.55919315
372 -0.12889397 -0.10557986
470 0.32373270 0.32983065
345 -0.38826194 -0.38136311
448 -0.56959701 -0.57704977
539 0.28615076 0.28661774
474 0.37151684 0.37054979
290 -1.28917387 -1.32602561
163 -1.77667845 -1.80850434
899 1.20418192 1.20025720
662 0.92442037 0.93712226
869 -1.73048203 -1.74541525
247 -1.06715206 -1.05090971
939 0.70619087 0.72647011
793 0.76854123 0.76779515
129 -0.84356993 -0.88169780
230 2.27607440 2.22854449
271 -0.63723138 -0.63928421
805 0.44428303 0.45211463
369 -0.38021969 -0.35006401
996 -0.36991976 -0.35956121
118 -1.12550243 -1.14644282
256 -0.37983803 -0.36660355
720 -0.77923285 -0.77211857
547 -0.49479301 -0.49125773
416 0.19896411 0.20439551
469 0.58796289 0.59621853
875 0.10729699 0.12668667
382 0.39099105 0.42075637
729 0.67062960 0.67737472
251 0.36224259 0.38592616
545 -0.08560248 -0.08534554
975 0.64547656 0.65675415
494 -0.40095809 -0.32124491
242 0.50927322 0.50218836
842 -0.24098540 -0.23445058
67 -0.01667024 -0.00445296
855 0.31469181 0.34138741
882 0.67613133 0.65799264
675 1.26054647 1.25109349
725 0.42198200 0.43842849
204 1.37356556 1.34430377
687 0.94115328 0.93675697
884 1.32207442 1.30247144
276 -2.55538802 -2.63771466
983 -0.74044326 -0.69835616
237 0.85899933 0.86857246
142 0.60739177 0.61176009
431 0.62737975 0.61950070
613 -0.83695905 -0.80579510
148 -0.65264358 -0.62032964
449 0.82528619 0.82028605
306 0.32239054 0.33870266
887 1.52404123 1.50688232
95 0.10152861 0.12187814
703 -0.13826404 -0.11603919
671 -1.11374629 -1.12976214
400 0.92678400 0.91523523
517 -0.34932406 -0.32023232
201 2.40998933 2.36923843
49 1.40298778 1.37284864
374 -0.95548837 -0.96947739
65 -0.78422902 -0.75628443
719 1.91156819 1.87321154
562 -0.49355812 -0.46932436
70 -0.63911554 -0.62444008
569 -1.26739010 -1.28594446
389 -0.26769162 -0.23249873
690 0.40908193 0.43039031
467 1.00696087 1.01792037
716 1.30093937 1.31516823
244 -1.02211786 -1.01932580
752 -0.45810101 -0.46852852
90 0.73248394 0.73557437
285 1.02366825 0.99282161
781 0.53578430 0.53978604
156 0.38940663 0.42194516
213 1.21229314 1.19879965
324 -0.01722588 -0.01439826
732 -0.45729545 -0.44051949
105 -0.37188169 -0.33958149
177 0.28248381 0.28053445
243 -0.83270261 -0.84670956
958 -0.74597059 -0.73718587
858 1.21695494 1.20398589
874 1.23916895 1.20182024
898 -1.50871168 -1.56202476
265 1.64342968 1.61665078
997 1.07908695 1.06677564
674 0.68312487 0.68001778
43 1.27503691 1.27793389
331 -0.07657094 -0.04595125
757 -0.91981284 -0.90286156
721 -0.26698888 -0.27309859
114 1.90081238 1.85832966
885 -0.06237564 -0.05099967
746 0.18000585 0.19700648
512 -2.29824601 -2.33952536
957 -0.44774965 -0.44796946
15 -0.21104012 -0.21378718
954 -0.59029532 -0.54366668
529 1.26829213 1.24664626
208 -1.80070295 -1.81660157
832 -1.38731166 -1.39670526
669 0.97426465 0.97085072
568 0.20812020 0.21113459
307 0.30298115 0.31085621
991 0.20923445 0.22126164
170 -1.59878843 -1.63698127
609 -0.66641518 -0.68334001
167 -0.04469482 -0.02780172
386 1.62160868 1.59441263
655 0.95231040 0.94595372
597 1.22779521 1.19912254
986 -0.01032941 0.01323263
804 1.86234998 1.83957144
534 1.17976406 1.16880614
450 -0.51185516 -0.52255575
351 1.54937944 1.53313087
319 0.83179405 0.82048425
811 0.40242886 0.42941292
951 -0.84169262 -0.81470989
723 1.04099790 1.03229151
786 -0.72849879 -0.73283507
537 -1.13465763 -1.15381753
947 0.00945354 0.02754737
353 -0.84429736 -0.85089934
4 -1.41256716 -1.44392734
988 -0.57339312 -0.55514613
525 -0.19288373 -0.19611947
178 -0.91215675 -0.90383744
401 0.14138985 0.16276438
86 0.65235300 0.66978867
159 -0.83547069 -0.80754187
596 -0.97035083 -0.96705876
314 -1.70116387 -1.70950377
349 -1.34311460 -1.31822979
538 0.01143362 0.01887115
923 0.36171678 0.35876988
515 -0.22191754 -0.23305790
139 -2.42797988 -2.45850210
976 0.70555380 0.68983835
744 1.43740517 1.43427221
9 -0.15887099 -0.14412581
680 0.44827741 0.44023607
132 0.05637265 0.04060926
297 -0.34280930 -0.31722492
332 0.66036586 0.67614852
718 2.92875477 2.84267796
51 -0.75000291 -0.74610213
936 1.51564100 1.47474549
257 -2.52863700 -2.60369936
468 -0.33936286 -0.29492217
116 0.71302442 0.74694546
601 -0.45363364 -0.42354646
227 -1.45980635 -1.46301352
71 -0.07526042 -0.08844278
53 2.14850463 2.11169212
137 0.52934986 0.54767918
228 0.64747908 0.65437555
96 -2.43002476 -2.48317125
518 0.08153093 0.08056463
835 0.13154061 0.11938893
698 -0.36555076 -0.35146882
765 1.15857458 1.17921979
740 0.60397027 0.63670661
414 -0.83137245 -0.80410918
968 2.38889806 2.31705545
837 0.02751547 0.02696614
432 -1.71147629 -1.74946559
650 0.80996855 0.80623391
310 -0.12881700 -0.11927377
41 0.41013504 0.44422442
713 -0.73796102 -0.74104603
927 0.76703878 0.76869965
634 0.31817023 0.33680383
480 -0.55965530 -0.55139838
224 1.83696878 1.79251706
921 -0.64300671 -0.63233981
573 -0.48266701 -0.48943266
922 0.09846673 0.09937554
342 0.89904791 0.87516314
861 1.03225761 1.00834197
127 -2.09788217 -2.13548333
493 -1.57773589 -1.60370138
950 0.44918098 0.47638031
810 0.58810369 0.57780848
649 1.10096723 1.11122532
995 1.40453721 1.41728585
266 0.36923502 0.36721049
756 -0.99975141 -0.99821516
755 -1.79357576 -1.80067949
831 -1.77635937 -1.79220005
193 1.51142305 1.49247827
107 0.92602818 0.90580589
175 0.10502083 0.11490747
305 0.78922765 0.79415933
572 -0.62708619 -0.63919519
5 0.94569882 0.92925170
742 0.19339295 0.22030189
960 -0.20108977 -0.18514731
660 -0.73953789 -0.74628843
551 1.68959507 1.64791882
205 1.15490717 1.13471851
296 -1.27913340 -1.30879950
398 0.23334846 0.24628471
637 -1.15777691 -1.15899396
893 0.90028246 0.88238636
862 0.39295084 0.38718594
123 0.52589163 0.52891442
823 0.57593679 0.58187158
917 -0.39628310 -0.38770152
426 1.83299473 1.78789189
181 -0.70315677 -0.70976589
133 0.45768862 0.47125146
768 1.06225032 1.07379260
380 -1.21985197 -1.21191877
202 1.27670505 1.24383469
598 0.61852869 0.59796587
250 -0.19125962 -0.17331129
109 0.87904359 0.87083027
800 0.32572896 0.36041231
463 0.42658836 0.44134721
999 0.68048534 0.70753262
691 0.27358957 0.25984435
867 -0.94491135 -0.91958626
873 -1.11990458 -1.11794718
808 -0.48597279 -0.45973586
253 -0.03798958 -0.00547408
772 -0.49934325 -0.49729545
820 -0.29461875 -0.26207193
326 -1.05833619 -1.05665703
762 -0.37003597 -0.35039150
278 1.03510606 1.03747633
708 0.30886414 0.29074715
378 1.46722604 1.46722143
39 0.43390663 0.44614995
773 -0.08269640 -0.09603580
174 -0.49405018 -0.45785676
405 -2.57934761 -2.64705511
822 0.33634557 0.34528589
733 0.23918367 0.22428659
151 -0.02041721 0.00006645
455 1.72373541 1.71386948
934 -0.23636640 -0.22932580
300 1.64176030 1.63009612
555 -1.70191615 -1.70997929
421 -0.94143902 -0.95151691
58 -0.17550489 -0.16736691
563 2.28776211 2.23548457
785 -0.54438774 -0.54175675
383 0.26653015 0.27561532
339 -0.26849762 -0.25161977
427 0.71526125 0.72074319
131 -1.18801728 -1.17853564
313 -0.40375327 -0.40451126
584 -0.43409955 -0.39409372
758 -1.18867359 -1.21015109
526 0.21125640 0.25743003
587 -0.31850530 -0.30632996
84 1.10010205 1.08482244
666 0.25569562 0.27236911
699 -1.01952781 -1.03702120
397 -1.44857162 -1.47036793
309 -0.61991677 -0.60196365
829 1.40803173 1.40778443
144 -0.77806463 -0.78120420
293 -0.44510302 -0.41238401
987 -0.94874329 -0.91281407
670 0.70581191 0.69879986
817 0.69076872 0.69215160
222 -1.10298338 -1.09415970
72 -0.26340269 -0.23997716
341 0.10122322 0.11648099
22 -3.65300096 -3.86587489
745 -0.19031997 -0.19311553
546 -0.72909197 -0.72628646
141 -0.76738929 -0.77462310
424 1.20182123 1.19642460
970 0.35583443 0.37891186
392 -0.33940219 -0.31005097
638 0.56374801 0.54593810
853 0.49494747 0.48652538
371 -1.16888109 -1.15881416
541 -0.71558552 -0.66307263
891 -0.92416120 -0.94228531
914 -0.32525653 -0.34241365
809 1.41378282 1.40892915
203 0.75908019 0.75271649
863 0.82179402 0.84370624
857 1.84601296 1.79197254
928 -1.27837462 -1.30235879
825 0.92947276 0.96960773
408 -0.34140111 -0.33695872
580 0.71339393 0.74399017
113 -0.53732858 -0.53340138
3 -0.46132353 -0.43498417
157 -0.12720409 -0.10624873
411 1.19408861 1.15869773
859 -2.36465853 -2.42618566
217 0.00534335 -0.00021859
600 1.07513390 1.08233826
238 -0.66610105 -0.66446085
190 -0.31161593 -0.29094890
152 0.24974880 0.27569917
616 -0.84876837 -0.81507200
393 1.31511297 1.26895541
268 -0.50039186 -0.48288163
941 -0.28560306 -0.26175986
211 -0.05072061 -0.05258898
519 0.27320371 0.27151940
966 0.47681161 0.52392643
140 0.05676951 0.08659476
844 -0.67537625 -0.68188017
328 0.31070697 0.32672782
501 0.06404434 0.09066279
173 -0.48531279 -0.50343120
481 0.35993993 0.38769779
106 0.40032933 0.41583786
50 -1.37164395 -1.38646367
229 -0.76249993 -0.78615899
610 1.89974528 1.84162953
930 0.27164503 0.28320639
465 -0.43726174 -0.41248958
682 0.18421531 0.18829615
881 -0.21875105 -0.19879977
901 0.18722821 0.18201333
199 1.65589062 1.64528723
730 -0.70248332 -0.70765535
978 -0.11554586 -0.11754246
412 -0.55612194 -0.55649465
589 0.63659507 0.63330176
498 1.66372540 1.62554522
57 -0.01887928 -0.01668130
834 -0.90042045 -0.88845628
499 -0.45124077 -0.44569909
955 -0.47516210 -0.47293870
18 0.10502732 0.11007997
23 -0.25968530 -0.25872637
523 0.24836961 0.25082489
639 -0.15516585 -0.14121919
11 0.26886105 0.24616244
794 1.45608232 1.43354130
530 -1.36863800 -1.40135224
961 -0.00364286 0.01353484
117 0.09911169 0.11635800
998 2.34737627 2.26597175
536 -0.38512659 -0.36845987
188 0.96343607 0.96018475
980 0.67260103 0.70224488
359 1.36061130 1.31607239
234 0.13128321 0.15573342
311 -1.45730017 -1.42782343
262 -1.12305908 -1.14749738
17 -1.54388595 -1.58900176
625 -0.70096218 -0.67945058
277 0.14328681 0.13607408
209 -0.73674302 -0.73133962
38 0.70202335 0.70584949
802 -0.83055125 -0.82251221
753 0.36520825 0.38010059
906 0.29461786 0.31138920
586 -0.66870070 -0.67291250
403 1.03009640 1.03640304
544 -0.11425983 -0.13221524
750 -0.50967961 -0.49468691
779 0.17450272 0.17650363
548 0.20936660 0.21681015
161 -0.80761350 -0.77914867
460 -0.78920754 -0.77899121
25 0.56075456 0.55029825
91 -1.83356186 -1.85919910
101 1.30459433 1.32161453
376 -0.33114597 -0.31133105
878 -0.93786988 -0.94196778
254 -0.19358027 -0.20215197
612 1.15129624 1.15978838
138 -0.82858052 -0.82517130
635 -0.20067897 -0.19917084
164 -0.28580248 -0.27859155
121 0.98107021 0.98222204
495 -0.53089019 -0.53236982
672 -0.65343209 -0.63525786
693 -1.51954996 -1.55387806
192 1.75539446 1.71257180
239 0.51204070 0.51323854
428 1.28098598 1.27982565
231 1.24641244 1.23620634
579 -0.03282432 -0.03702361
150 0.37113883 0.36621218
221 -0.99304221 -0.98262441
801 1.35836288 1.33631136
196 0.56140642 0.54914414
220 -0.86492515 -0.84925947
33 -0.46022138 -0.45042789
760 0.57515543 0.56298085
317 -0.95394829 -0.95426413
843 1.12674849 1.13084972
981 -1.43241639 -1.47167078
99 -1.89459855 -1.91555551
895 1.23916600 1.21577534
283 0.24603166 0.24315304
162 -0.16243768 -0.14069791
145 2.31731479 2.25250886
664 1.26382826 1.26382836
663 1.53176260 1.53004981
797 -1.49824817 -1.53870445
66 0.42540994 0.43946418
438 0.61345905 0.57877682
20 1.37104868 1.36397682
935 -0.43137015 -0.41076605
549 -0.85594809 -0.83489498
748 -0.83237023 -0.86156891
482 -1.22536784 -1.21741714
68 0.22292813 0.25233129
160 0.23449009 0.23396938
287 0.38916522 0.40977041
166 2.96649244 2.86312174
689 -0.44933007 -0.41386262
694 -0.60243737 -0.57512704
602 0.01873144 0.05825197
112 -1.99422270 -2.02734483
911 -0.10530061 -0.08250115
839 0.89261677 0.88495748
446 2.31085765 2.27264790
570 3.01203176 2.90640233
246 -0.87188275 -0.87959769
8 -1.73101713 -1.77516507
709 0.34198376 0.35324762
676 -1.17104125 -1.17328062
195 0.88100952 0.87203883
559 0.65613771 0.65037377
390 1.62336304 1.62181729
155 -0.76464404 -0.74375322
186 -0.05833232 -0.04782271
622 0.02633466 0.03924571
100 0.39278969 0.39147722
126 -0.87265932 -0.86375439
259 0.86985381 0.85971302
357 0.46110137 0.46204916
792 0.07315380 0.08177575
836 -0.08735419 -0.06507058
565 0.39216287 0.39692261
912 0.23699497 0.25522122
130 0.36092122 0.38936175
524 -0.78962439 -0.76742705
648 -1.68563366 -1.75596322
407 -0.51764804 -0.51113411
993 -0.35167550 -0.34041717
916 -1.51315730 -1.53379011
685 0.16697233 0.22704652
624 0.96336010 0.97258943
937 -1.56294261 -1.53962028
557 0.15245745 0.15047888
456 1.50015898 1.48346469
153 -0.59658127 -0.58971952
633 -0.36748626 -0.36756301
604 -0.21468419 -0.21653022
854 -0.00044153 0.00824089
774 -0.12826520 -0.12456511
61 -0.99823456 -0.96774153
352 -1.24303677 -1.23823909
595 0.71053348 0.72632375
513 0.38000888 0.40303304
315 0.19658948 0.25410401
318 0.91487786 0.89212872
184 -2.41094807 -2.49360255
759 -1.91350322 -1.96975894
594 0.26822553 0.28006083
417 1.73793076 1.71920199
391 1.96975962 1.94258322
502 1.53833784 1.51124265
845 0.22425214 0.25105984
19 -0.45177967 -0.44128972
108 1.16214252 1.15593031
56 0.94862675 0.95093802
962 1.77607159 1.72483396
179 0.57422542 0.56372841
233 0.18693032 0.20590633
451 -0.56993718 -0.58264294
614 -0.41353818 -0.41442796
821 -0.25884286 -0.24061839
896 0.25078807 0.25851063
169 -0.59659606 -0.54570086
429 -1.45633522 -1.45053642
653 -0.04948282 -0.05006391
146 -0.33582695 -0.30274802
566 0.69234649 0.70985440
841 -0.63339243 -0.62525788
828 1.61327973 1.56356456
441 -0.20116724 -0.15983299
338 -1.88023651 -1.89784574
218 0.31858408 0.32393370
892 -0.41033786 -0.41217338
445 -0.11178774 -0.11612579
252 -1.51809449 -1.46656658
337 -1.38086437 -1.40616774
363 -0.76871635 -0.74405723
484 -1.10973651 -1.09827787
354 -0.74194846 -0.74917726
375 -1.19049452 -1.20148800
681 -0.48385222 -0.47402873
52 -1.72401610 -1.72414667
992 0.94004889 0.95299345
769 -1.59943569 -1.58644269
483 1.39906152 1.40136207
532 -1.11788297 -1.13264367
686 1.02686883 1.03237707
938 0.36228557 0.35830187
185 0.13358636 0.16209128
577 0.12354779 0.14874791
704 -1.10781731 -1.08274698
714 1.02865693 1.03178972
124 -1.70021112 -1.72485477
410 -1.07315651 -1.04837232
994 0.30395174 0.33236415
603 -0.45927583 -0.46248336
564 -1.14159494 -1.13459277
683 -0.25798967 -0.24628365
122 -1.03330696 -1.03450468
194 1.43565481 1.40088219
770 -0.56893860 -0.53920893
187 -0.81820657 -0.81805332
715 -0.32636062 -0.32940488
818 0.05973392 0.09345568
36 -0.58049811 -0.55585186
454 -0.45246802 -0.45481924
125 -0.92439981 -0.89336933
356 -0.56757655 -0.57153983
78 1.77556712 1.76132761
248 1.18496066 1.18547255
784 -0.46816482 -0.49009191
540 0.53812914 0.54594000
24 0.95408825 0.91834318
803 -1.69351203 -1.70492461
985 -0.62321736 -0.58231351
717 0.95309486 0.99159314
32 2.49410201 2.42101600
447 0.18734117 0.19454559
969 0.03765766 0.07633576
80 0.00704123 0.04669355
442 -1.11910868 -1.12260915
695 0.44705536 0.44496562
905 -0.53966897 -0.53901969
705 0.78512365 0.80247003
420 0.79059115 0.77618055
764 0.77259289 0.77158042
646 0.26191534 0.28044078
63 -0.48388091 -0.44971861
967 -1.15197938 -1.15416219
232 0.64096762 0.65825240
929 -1.99214376 -2.02433809
280 -0.98149699 -0.99608351
897 0.55620902 0.56763747
617 -0.53535070 -0.55875587
402 0.77943324 0.77144079
422 1.93218919 1.90095443
330 -0.84095469 -0.85842236
154 0.92971118 0.94034286
531 1.12898692 1.17587698
945 -2.56110008 -2.61405761
661 -0.07906373 -0.03743884
741 1.07060321 1.05617678
275 3.42087296 3.30785421
743 1.12444033 1.13666073
607 -0.05465937 -0.05311400
552 0.47381551 0.46658787
796 1.04739156 1.02862163
554 -0.54553742 -0.54049821
322 0.77686268 0.77525713
274 -0.45447703 -0.45982289
373 0.33246250 0.35821384
696 -0.14346013 -0.12583504
64 1.00703165 1.00208215
860 0.33098104 0.34159206
556 -0.98781728 -1.00787077
728 -0.66595595 -0.66861790
316 1.04684011 1.02999495
668 0.28000602 0.31783162
776 1.32814420 1.32993937
212 0.56207162 0.56239939
737 -0.26763114 -0.27708335
302 0.04206919 0.06305358
673 0.32276955 0.34815054
215 1.19816032 1.24399566
925 0.97001591 0.98657977
299 -0.18795733 -0.20386583
103 -0.22961687 -0.20873687
593 -1.00060639 -1.01279663
984 0.13222486 0.17201462
819 0.39977459 0.42108590
751 -0.26065969 -0.25678372
956 -1.14858912 -1.14405672
60 -0.67569578 -0.65291594
615 1.02570501 1.01024066
79 0.56877857 0.60684053
924 0.43870422 0.45646201
350 -0.15160465 -0.14146226
31 0.11307638 0.13009645
507 0.69364667 0.72790120
782 1.47718679 1.47046868
364 -1.16935807 -1.16130436
940 -0.19478353 -0.18468825
301 0.91323871 0.92315825
73 0.68763767 0.72871061
608 0.25702614 0.23797709
216 0.59599344 0.61737309
816 0.43838719 0.45599627
183 0.28920110 0.30627420
336 -0.01056033 -0.01330016
477 1.31835429 1.28753269
269 0.52731786 0.54968747
92 0.87202381 0.86561211
413 -1.46423248 -1.49379196
226 0.20106314 0.25284256
434 -1.59136545 -1.58725290
85 1.56699819 1.54222769
74 0.14122631 0.15011815
464 0.35523735 0.39962543
585 -2.68385131 -2.71692166
21 -0.15588208 -0.12251433
333 -0.30742126 -0.26206861
868 1.44683021 1.48838135
77 0.43736121 0.43007226
267 1.20874714 1.19259527
366 1.21328348 1.24589946
879 0.62411164 0.60849202
16 -0.97098794 -0.94033981
654 -0.21521434 -0.21411424
320 -1.80709261 -1.83918357
533 2.04248148 2.00765371
915 -1.93177693 -1.97348094
1 0.04296606 0.05795792
176 -0.28674164 -0.27703924
902 -0.78293099 -0.76434120
284 -1.51607653 -1.51842901
806 -0.65721840 -0.65132919
731 -1.31746400 -1.32948424
932 0.86337863 0.86583203
872 1.89836428 1.87000091
379 0.51974013 0.54981960
471 0.16156861 0.19058773
453 0.26967950 0.27557942
430 -1.60314024 -1.59907071
200 -0.92640678 -0.91373707
727 1.87578006 1.83696708
279 1.01247835 1.00050247
636 -0.99046661 -0.96997079
590 0.00817311 0.03091072
89 0.26479079 0.26946169
630 1.21517009 1.19688807
198 -1.52787471 -1.56448342
69 -0.22172346 -0.22007546
120 -1.16062961 -1.17986338
360 2.44395039 2.35220025
479 1.86604542 1.84127861
329 0.26742233 0.28483744
550 -2.87438388 -2.96456987
346 0.52220198 0.54030589
620 0.66987513 0.67832081
643 -0.75882668 -0.73107905
59 -1.05746826 -1.08356194
111 0.03003465 0.03353904
263 0.33006418 0.35966148
504 -0.98597805 -0.99038504
907 0.44226042 0.43010015
147 -0.29766948 -0.26718215
508 -0.21584426 -0.24903808
87 -1.16468318 -1.14018423
168 -1.07990444 -1.10330950
667 -1.19068795 -1.17229720
979 0.15058883 0.18069018
388 0.09754527 0.08497571
281 1.09346633 1.10739386
789 0.22497888 0.21918980
522 0.64687130 0.64630127
26 -1.30264568 -1.32804120
851 1.11460893 1.10952157
560 0.58254222 0.58347953
27 -0.23141476 -0.20646459
292 -0.23572913 -0.22776779
702 -1.82257009 -1.86338366
645 0.07811648 0.10126340
763 -0.37744776 -0.36444415
850 0.44577148 0.45061974
990 -0.81271228 -0.77676447
814 -0.61374263 -0.62557185
949 0.36978507 0.36786267
527 -0.00449985 0.00901629
119 0.79369266 0.79393348
840 0.04062742 0.05882699
790 0.61289375 0.60992131
110 -0.84110333 -0.85045608
665 -0.24221175 -0.23210603
288 -1.15306623 -1.20548821
47 1.17821633 1.17425485
736 0.94136271 0.93575624
644 -0.81456650 -0.81851067
327 0.63449184 0.64613494
304 2.21333988 2.16064357
348 -1.07034944 -1.03196463
261 -0.41634505 -0.35032344
952 -1.27013164 -1.29149163
443 0.82910454 0.84526899
12 -1.46592851 -1.50617696
964 0.21735017 0.23812312
255 -1.92000029 -1.92417772
475 0.00959329 -0.01284798
418 -0.72130042 -0.70942726
503 -1.06914063 -1.08903972
165 -0.15101966 -0.12400433
710 0.29834320 0.28311012
361 0.00663857 0.00298308
180 0.85272588 0.86006299
767 2.49777967 2.48317434
355 1.77707547 1.74082281
415 -0.12678944 -0.12143553
312 -0.67712611 -0.66547628
913 0.65903735 0.65211897
712 0.60945251 0.60580817
219 -0.05702080 -0.01823883
865 -1.07414635 -1.08065252
158 -0.58588139 -0.55056507
965 0.06474938 0.05430692
581 -0.25427938 -0.28157335
264 -1.39687426 -1.42108207
894 -0.20448153 -0.21974014
652 0.86720028 0.85617485
149 -1.07713830 -1.07427949
641 0.17028512 0.18411880
542 1.16008427 1.14808943
591 -1.06582190 -1.07009999
766 1.03637310 1.03836124
93 -1.82065219 -1.84037937
45 -0.06706537 -0.06102047
830 0.84201931 0.86688863
496 -0.94887675 -0.94671626
444 -0.87855381 -0.86815883
619 -0.46219421 -0.45560583
347 0.66590333 0.69288095
870 0.40332803 0.40801121
553 0.87240667 0.87991831
582 0.54801802 0.56793105
788 -0.65808728 -0.64692058
325 2.06688704 2.03448580
171 -0.49969812 -0.48948265
55 -0.90117222 -0.88319382
926 -0.34770610 -0.35170264
387 -0.50721451 -0.48076279
626 -0.85844343 -0.82781968
631 -0.05398876 -0.03625603
458 0.34612324 0.34607068
592 -1.70729982 -1.71353022
2 0.63617672 0.64688027
864 0.67690480 0.71465297
273 0.08480074 0.09176217
459 -1.19139069 -1.21311415
323 1.19089318 1.20535571
576 1.10392550 1.11040781
908 -0.72122960 -0.69167309
535 -0.15450439 -0.15060778
298 0.71397802 0.69286852
739 -1.17169311 -1.20078606
377 -0.72233989 -0.71487910
726 2.58492374 2.51787070
505 0.58491700 0.57892821
889 0.50509275 0.48265531
707 -0.24036588 -0.22803102
754 -0.01859888 -0.01459475
795 0.06823495 0.09407025
948 -0.84401681 -0.84950420
210 0.57313182 0.61495000
249 -0.10846561 -0.11444423
236 -0.85257213 -0.87927120
241 -0.28503841 -0.28911851
396 -2.46006872 -2.49772926
647 1.26213488 1.26471659
798 -0.21241987 -0.20595067
778 0.25313206 0.26421379
977 -0.21002175 -0.19066607
909 2.00676931 1.97025606
871 -0.71622568 -0.71810752
486 0.32427250 0.35463308
511 -1.04090003 -1.08297117
824 0.11468729 0.13251063
435 -0.83381595 -0.83179665
974 0.14378612 0.14961816
46 0.88868071 0.90371916
260 0.21964083 0.24944578
321 1.53835838 1.51047270
849 -0.73206858 -0.69498024
931 0.04943839 0.06369812
358 0.03389938 0.03031313
94 2.20172634 2.14622705
295 0.12827281 0.11872950
488 -1.11504531 -1.08803249
48 1.24954979 1.26464620
571 1.51544308 1.46603834
697 -0.53857712 -0.53204968
883 -0.19180292 -0.16149534
826 -1.78313404 -1.81473400
846 0.47882162 0.47884277
684 -1.02783322 -1.02567758
462 -0.95210436 -0.97229679
575 1.48379187 1.45599026
289 1.38252612 1.34871276
632 -0.18516935 -0.16570314
425 0.34430816 0.33493100
34 -1.47713740 -1.49747773
291 -0.04321736 -0.05950112
574 0.33803046 0.34565028
83 1.20325845 1.19608810
973 1.69677114 1.65764458
191 -1.62168964 -1.66275882
334 -0.84832089 -0.88204924
877 -1.90031881 -1.91529589
489 0.25150166 0.28137406
827 -0.35919759 -0.32556559
365 -0.57176161 -0.55827969
777 -1.36422437 -1.38762660
520 0.62697609 0.64306280
40 -0.93125260 -0.93935720
104 1.97966399 1.92160116
623 -0.94017153 -0.96197003
747 -2.54717746 -2.62916483
490 0.45498411 0.45274366
510 -0.96498779 -0.96957448
659 -0.35155514 -0.31658416
97 -0.56554269 -0.55111239
943 0.88707030 0.90779891
343 0.49673551 0.50256366
368 -1.15790621 -1.16263163
813 0.29322412 0.29570303
611 0.73880462 0.74697187
172 -0.58855491 -0.61139327
528 -2.24128153 -2.26524945
738 1.36844343 1.35417029
135 0.24134658 0.22544251
688 1.15882808 1.12202732
933 0.91188501 0.90729665
700 0.31146869 0.31672446
440 0.25190016 0.25926905
457 -0.75179585 -0.73923694
791 -0.99153357 -0.99982623
367 0.42105954 0.42094552
82 0.16084637 0.15364218
433 -1.84355755 -1.85144938
989 0.56202039 0.57921372
42 -1.81811112 -1.85191294
959 0.28196800 0.26441294
558 -0.27236066 -0.25416001
722 -0.46138765 -0.46362566
657 -0.35408816 -0.34075087
37 -1.96769147 -1.99977465
514 0.25701014 0.26194446
308 0.93393098 0.90297786
628 -1.87873276 -1.90624361
701 1.18619806 1.19732891
207 1.77402749 1.69463456
394 -2.29982796 -2.38378652
919 -0.19256584 -0.19764964
235 0.71585278 0.72956336
971 -0.08232153 -0.08625360
384 0.31209521 0.35085364
904 0.25198898 0.25974096
679 0.46141425 0.44788088
749 -0.16628507 -0.13485636
439 -0.08258374 -0.06840073
629 -1.77654745 -1.80187771
461 0.80916069 0.80440225
54 0.70391640 0.68473885
815 0.17968522 0.16535057
920 2.09149352 2.05468537
62 -0.59232618 -0.58617367
466 0.78517978 0.81565851
833 0.79125840 0.79152523
783 -0.15714062 -0.15778742
918 -1.18578710 -1.20424513
799 0.33101573 0.36704444
886 -0.04332907 -0.05787055
606 -0.47444087 -0.51640321
189 -0.45617736 -0.42848465
98 0.36930275 0.36829379
492 0.72005849 0.73264973
578 0.55202955 0.57848409
509 -0.19733689 -0.18855818
848 0.15082630 0.17787923
0 -1.95534005 -2.03309338
876 -0.14843981 -0.10296928
436 -0.25297776 -0.26013640
88 -1.92056119 -1.95266170
963 -0.10385599 -0.09165488
362 -1.33111660 -1.34063170
485 -0.09414250 -0.06980512
