0 3.21355989 -3.61270599
4 4.61896675 -3.90389768
1 3.24440122 -4.12749235
3 4.01812792 -3.66101799
2 2.96476588 -3.82015664
89 0.64387118 -0.51262427
15 -0.11911383 -0.41429498
52 -0.25316730 0.59489395
39 0.43390246 0.53370866
58 0.17968318 -0.09065867
34 -0.05481694 -0.31240110
69 0.05735602 -0.17299180
47 0.34976736 0.37657440
72 -0.21609711 -0.00878852
85 -0.03082038 0.46473961
35 0.86599155 -0.54592300
40 -0.52085312 0.65716511
10 -0.57649971 0.63875367
6 -0.01247319 -0.64010663
55 -0.83816856 0.05343761
14 -0.10858381 0.33330230
16 -0.06411713 0.11855086
23 -0.97843023 0.22890249
94 -0.11157963 0.70478876
30 -0.74707142 1.08320383
28 -0.88369004 -0.02058459
68 -0.05597280 0.37752721
57 0.08985295 -0.12384561
71 -0.35806881 0.25857011
43 -0.29322264 0.09941575
93 -1.27669085 0.66636022
83 -0.87525340 1.00600795
25 0.23310423 -0.29313512
82 -0.72792907 0.19475748
44 0.00819638 0.30835406
74 -0.80426478 -0.03569476
27 -0.96625127 0.87089811
19 0.44806998 -0.27764757
17 0.46693069 -0.67870280
48 -0.38369255 0.97546232
61 0.44794560 -0.13698884
80 0.14523967 0.11621940
95 -1.64790354 0.94903086
84 -0.43146178 0.65333990
65 -0.34703327 0.44133765
50 -0.56122208 0.44819748
53 0.00671490 -0.46801561
13 0.14719646 0.08402398
26 -0.79702399 0.32921106
46 -0.75716632 0.02666178
67 -0.00627854 -0.05040029
49 -0.33353341 0.29925110
99 -0.06666141 0.41552892
91 0.08498208 0.31157811
12 -0.68564685 0.16176869
64 -0.39105550 0.32699988
8 -0.47516328 -0.76212217
86 -0.87980311 0.58265790
76 -0.06493783 0.11098848
66 0.02290807 0.30171765
9 1.06254437 -1.02217520
51 -0.76345648 0.85785291
24 0.59424067 -0.63223191
92 0.39363745 -0.33148262
5 -0.56887466 0.59414750
11 0.41002473 -0.04873734
70 -1.16349907 0.89195786
36 0.46636964 -0.28938959
97 -0.61615747 0.42702189
79 0.00845913 0.30237721
88 -0.69088643 1.17326044
87 -0.59739050 0.09814910
7 -0.09275491 0.21728879
20 0.14128789 0.61911333
63 -1.01081833 0.33202821
45 0.18780797 -0.24414942
38 0.02755328 -0.67603938
41 1.19658340 -0.59685264
33 -0.56896351 0.33439643
21 -0.32145506 0.21465461
37 0.88221847 -0.35566779
77 -0.36599925 0.40849034
98 -0.72199296 0.26663742
29 -1.04514546 0.97225511
32 -0.75472755 1.05690422
22 -1.01687084 0.88706100
42 -0.32492820 0.88797569
75 0.72502135 -0.27699395
90 0.00600726 0.21270758
59 0.42045725 -0.17518014
81 0.14563303 0.42469577
78 0.63257311 0.08152360
62 0.35460736 -0.08083030
56 -0.30730887 0.57352037
60 0.39951004 0.05658769
31 -0.25071742 -0.28477794
96 -0.58317989 1.12937148
73 -0.35658178 0.35113333
54 0.02395376 0.14372921
18 0.05340357 0.06597683
