14 0.21329094 -1.35672825
72 1.71466887 1.53985493
47 1.43989276 -1.79028601
57 1.17712949 -0.76028430
23 -1.06112158 -0.50586112
56 -0.04934366 0.06462576
88 -1.59987323 -0.07096251
78 -0.12084253 1.21368387
61 0.65262071 -1.82197040
16 -0.37156609 -0.45538416
15 0.68513386 1.16952403
45 1.56773524 -0.21404452
65 -0.42836607 0.79215274
54 -1.60486992 0.76591269
53 -1.60919747 0.03389283
93 0.53928348 0.20060863
63 -1.69514479 -0.76710948
60 1.68773607 -0.32464698
66 -0.02647709 1.18488371
90 1.59103445 -0.97271854
41 -0.47274822 -1.36788693
89 -0.17745808 -0.92385478
76 -0.28799849 0.34903572
75 0.09289963 1.25169866
13 -1.77120455 0.28201170
30 0.73621945 1.04458889
10 -0.67673773 0.94336408
94 1.44034737 -0.43663967
38 0.66030658 0.10565374
19 0.05753504 1.13935762
85 -0.03160997 -0.78250619
46 0.67611859 -1.62824265
40 -1.13308084 -0.24446482
20 -1.51822045 -1.01684301
29 1.36405861 -0.27033478
34 -0.47791642 1.15796008
25 0.22932542 -0.35639553
21 0.44825885 0.99243523
5 0.62490159 0.51807382
36 0.64661509 1.15191601
0 -1.32949705 1.37949745
51 -1.06053352 -1.17650389
44 0.23684703 1.05674142
12 0.31384048 0.67292236
79 0.48615577 1.29562129
58 -0.84726826 1.70296849
49 -0.09613710 1.08853083
92 0.58724444 0.05157569
27 0.23969378 -1.27043683
98 -1.61792805 1.28911446
71 -1.01539332 -1.28335991
69 -1.05540230 0.07672487
62 0.54627059 0.16455976
48 -0.43574780 -0.38597874
99 1.54149871 -1.13715920
2 -0.16620780 -0.30608057
18 -0.89082868 -1.85059615
87 1.38401875 -0.41826272
1 -1.18724061 0.81428379
33 0.99226198 0.24987968
35 -1.21943528 0.63915303
6 1.16748833 -1.87336249
32 0.34952729 1.25256039
83 0.60244380 -0.64372294
95 0.99509648 -1.48279856
22 0.54868533 -1.51978260
68 0.95493326 1.16647429
26 -0.94450528 0.76920285
37 -0.15868162 -1.72215272
74 -1.09288330 -0.50356925
70 -0.40100565 1.61550566
50 -1.02274562 0.87855150
11 1.77808404 1.21511891
55 -1.40705429 -1.12213280
8 0.09144843 -0.10071672
96 1.48687311 -0.54062398
80 0.46714184 -1.32774687
31 -1.09792589 0.85284426
52 0.06769648 0.32799082
39 -0.24405476 -0.09283481
43 -0.74508829 -0.37444123
97 -1.17678471 -1.59607454
91 -0.14807982 0.29564400
82 0.58078221 1.67990512
9 0.48726220 -0.78379257
64 -1.30443784 -0.12454993
59 -0.49940210 -0.30926218
84 -0.57264162 0.78488449
28 -1.57360302 0.76256136
81 -1.02788778 -0.43486466
7 -0.40030850 1.30376138
24 -1.40396739 0.25425644
67 1.78132864 0.07809954
86 1.08398336 -0.03577352
4 -0.79399899 -1.52465063
17 0.79849711 0.03998621
73 1.01303849 -0.79736341
42 1.84105625 -1.37650002
3 0.00920395 1.19474269
77 1.37293918 1.32736130
