225 -0.21183370 -0.18601002
134 0.96640736 0.96353149
437 1.01263442 1.01749401
13 -1.65179368 -1.64288461
675 -0.42142774 -0.39824697
692 -1.18123166 -1.24543521
143 -1.30597505 -1.31239520
491 -0.04039719 -0.03017600
258 -0.53733705 -0.49874538
138 1.40665149 1.37120929
419 -1.47965355 -1.48290999
599 -2.13652938 -2.16133459
785 1.60950862 1.60364452
340 1.79980857 1.78026862
573 -0.97536970 -0.97134971
35 -0.38423563 -0.38856534
115 0.56636755 0.57626886
519 0.86216476 0.86427625
903 -0.44836084 -0.43150219
978 -0.89545678 -0.86484919
958 -1.19714381 -1.21139190
399 0.11886582 0.12054114
423 -0.04963128 -0.02473835
395 -0.31820910 -0.31499407
605 1.45749459 1.43959365
448 0.42178181 0.45061321
613 -0.45672663 -0.46958614
724 -2.02676295 -2.05182116
888 -0.60571050 -0.61208261
132 -1.58623333 -1.57321026
899 -2.42132936 -2.48724812
214 0.62401001 0.59444171
735 -0.06081197 -0.03938617
497 -0.80515105 -0.79986976
775 -1.77593962 -1.81147460
823 0.66855689 0.69759614
917 1.27847917 1.28382138
133 1.21192890 1.19017453
831 0.63030560 0.61893542
944 0.05465483 0.06002008
230 -1.55049296 -1.57529119
854 1.68756382 1.67705301
662 0.35084266 0.36975650
116 0.90092940 0.91278116
812 0.75754795 0.76422212
148 -1.80116226 -1.80456778
203 -1.24076670 -1.26350281
482 -0.81174631 -0.80684758
445 -0.75502859 -0.75271205
167 0.49734216 0.49131577
711 0.80265482 0.81044534
699 -0.20131273 -0.20925341
272 -0.18178561 -0.16654499
817 0.86985967 0.89063958
658 1.23401958 1.20081240
856 -1.19367891 -1.18025932
729 -0.15131825 -0.13876516
424 0.90725765 0.88943909
804 -1.06468873 -1.05931587
502 -1.21919065 -1.22163077
757 -0.11481366 -0.05047408
421 0.86271661 0.84914154
314 0.89676220 0.89812635
370 -0.28793058 -0.26676993
38 0.65012781 0.66694046
204 -0.85181669 -0.83960740
597 -0.00064180 -0.01049512
49 -0.37353781 -0.33362613
953 0.91280094 0.90524083
306 0.51986573 0.51430144
3 1.68590824 1.65805441
501 0.34670575 0.32329990
946 0.91631051 0.90334175
10 1.54669718 1.52617577
136 -1.58152372 -1.60388590
303 0.09893569 0.08206883
15 -0.87704291 -0.87362661
500 -1.22959189 -1.24547781
719 0.96099068 0.95541818
14 0.54915997 0.55738557
515 -0.61108882 -0.60797763
881 -1.46058419 -1.47821564
882 0.30130221 0.33214767
282 -0.18988662 -0.15782299
687 0.41388067 0.41870869
725 -1.09977719 -1.08725670
602 -0.71640072 -0.68207611
163 0.70781168 0.70363817
678 1.34881390 1.33733476
182 0.13694680 0.12681079
900 -0.96804031 -0.91969484
472 -0.34979747 -0.32881744
680 0.59650133 0.61234247
861 -0.14260958 -0.14994103
952 1.84732433 1.81264136
118 1.77786732 1.77651460
997 1.03436205 1.05234393
950 -0.20175807 -0.19952714
32 -1.71256524 -1.71108696
732 -0.57715599 -0.57594408
601 0.20577037 0.22773611
835 -0.70824622 -0.72646890
664 -0.90222617 -0.88707914
805 0.21625306 0.23654169
538 -1.07154466 -1.06666940
744 -0.99476671 -0.99601610
369 -0.57234337 -0.55461737
416 0.64537040 0.65188804
895 -0.91662691 -0.92745833
107 0.93038409 0.94882613
866 -0.67791603 -0.66945695
588 -0.45129387 -0.44518340
672 -1.24631390 -1.21947226
263 -0.09796471 -0.10279030
300 0.69802006 0.70127404
982 -0.28002802 -0.28567188
381 0.55044781 0.55508546
120 1.83192158 1.78488726
420 0.71935784 0.71070087
57 -0.74954271 -0.75864186
105 0.72600222 0.75849234
478 0.83535731 0.83947995
270 -0.67090678 -0.69643473
746 -0.50043783 -0.48639474
221 1.49444702 1.52694480
567 0.73816825 0.71867193
706 -0.32447371 -0.31297051
102 0.42797362 0.41095932
139 0.18147923 0.20896148
518 0.00605488 0.01657314
293 1.46704271 1.45741002
911 0.22417526 0.20870311
81 0.09809646 0.14536422
310 -0.18315053 -0.14546383
801 0.58454059 0.56304273
758 0.27310901 0.30652075
598 0.19845665 0.20248028
431 1.06658987 1.06932067
23 0.29963965 0.33190958
637 0.43337845 0.43274678
292 1.55366967 1.53878656
922 -1.47982438 -1.51089155
256 -0.23226023 -0.21728858
572 1.17347087 1.19416031
941 1.39730010 1.41211398
549 -0.66013064 -0.66495736
305 0.23117677 0.24854859
596 1.57575629 1.56827105
223 1.76070029 1.75086374
772 -0.83156351 -0.80978396
786 1.16514262 1.14971647
912 0.06768263 0.06883620
170 -0.01234505 -0.00002944
625 0.95282375 0.95221839
6 -0.03504484 -0.00886033
197 -0.08162411 -0.05744339
161 1.06037510 1.09011456
242 1.72989051 1.68648780
206 0.81496923 0.81985108
470 -0.86287825 -0.86914406
651 -0.35574700 -0.35107060
852 0.38567595 0.38753497
392 0.72985562 0.73769074
677 -0.18547796 -0.17087904
28 -0.09262922 -0.07702616
266 1.87787634 1.85669261
352 -0.92374259 -0.91129638
326 -0.90149592 -0.90311945
290 -1.22819125 -1.27478848
773 0.24909091 0.21935315
787 0.34047226 0.31565780
44 -0.48971190 -0.47884321
561 0.46195998 0.50480522
265 -0.85700039 -0.84914621
890 0.41616887 0.45201998
543 0.71484085 0.73078798
349 -0.77963440 -0.77494630
534 1.01838281 1.01629807
195 -0.96577666 -0.96839726
476 2.07720153 2.02566269
875 -1.50252673 -1.53939229
294 0.16071187 0.18874454
222 0.45751169 0.46186472
608 1.31535984 1.30191446
761 -0.73784707 -0.73087217
278 -1.44185368 -1.44882992
512 -0.90223478 -0.90667125
974 0.30226253 0.34909163
616 -0.34534717 -0.34462591
909 1.35391842 1.32246881
557 -0.72739977 -0.73608262
811 0.35964581 0.35542538
101 1.38432209 1.36904510
640 -0.07139039 -0.06132870
243 -0.75197022 -0.78090630
385 -1.56282410 -1.56641258
452 -0.34662763 -0.32901528
405 0.32320564 0.33065992
670 0.09738799 0.13359013
893 0.30321023 0.33700520
673 0.90120184 0.88909422
247 1.16362075 1.12613372
364 -0.50473729 -0.50512556
245 -0.75274512 -0.74316593
656 -0.00285310 0.00607695
336 -0.16130126 -0.16400866
797 -0.66497543 -0.68786545
632 -0.55556727 -0.53098545
353 2.48151442 2.44226616
313 1.03286255 1.04589965
508 -1.09507103 -1.13749604
9 -1.12201199 -1.11028099
545 -1.04780309 -1.03990269
936 -0.23868188 -0.21698996
159 -0.85739137 -0.86155276
892 -0.01920164 0.00071663
781 0.00188781 0.01591917
741 -0.22401681 -0.19377488
317 -0.92396350 -0.91294034
156 0.20481624 0.21321520
975 1.28148450 1.28396501
713 0.12902765 0.15144943
586 0.07437571 0.06989436
562 0.53387485 0.53801589
99 -1.28727123 -1.25425750
113 0.36359178 0.34542979
345 -1.37860001 -1.39583369
449 -0.54039792 -0.53897030
627 1.19716383 1.22305217
200 -0.61759338 -0.60239026
201 0.32014974 0.31202973
951 0.54236652 0.54055084
669 -0.70921984 -0.66047156
463 -1.04366074 -1.04427067
302 -0.26852523 -0.27245467
140 -0.48604329 -0.50103940
765 0.73766807 0.74717267
27 0.21260686 0.26697015
477 -0.06597503 -0.06639105
898 0.77422587 0.76771874
268 -0.01339011 -0.00508814
671 1.00085933 0.99449024
344 -1.78422319 -1.81256683
780 0.15631397 0.20633264
715 -0.52268656 -0.52538656
153 0.50998736 0.48790232
17 -1.34875720 -1.39993566
548 -0.14334671 -0.12348560
934 -1.09040124 -1.13141083
867 0.20427091 0.21538101
213 0.07924834 0.06210020
177 -1.73125885 -1.74544642
521 0.98948419 1.00165957
832 -1.92307146 -1.95871321
580 1.23737799 1.23151523
400 -1.01469032 -1.02951143
923 0.95495150 0.95364576
100 0.68069166 0.69459403
169 -0.46930359 -0.44689454
842 -0.41366058 -0.41239031
412 1.12875443 1.12135774
999 -0.51371985 -0.49592455
721 0.62320095 0.60477739
121 0.97229302 0.96534025
315 -0.48762192 -0.48733596
755 0.39092415 0.38942407
196 -2.86763632 -2.96984781
390 -0.68200492 -0.69457062
341 -1.66310885 -1.65605962
337 -1.92778951 -1.92970514
16 -1.02224441 -1.03023526
583 0.63395125 0.65526780
539 0.04446730 0.06960742
90 -0.56261926 -0.51341309
318 -1.19741074 -1.20710953
996 -0.16198327 -0.15390798
756 0.08141613 0.06692195
529 1.28419125 1.24718437
208 0.53189262 0.53038889
144 0.90576220 0.91482054
618 0.35526658 0.34862544
481 0.07080510 0.07721624
240 -0.10956081 -0.09477331
359 2.23181716 2.19090958
484 -2.65326137 -2.68389709
383 -1.08180788 -1.06821882
642 -0.92906824 -0.91872562
587 -1.56135318 -1.58784397
354 0.87738040 0.84031722
454 0.32459936 0.31495069
429 -0.66474340 -0.67000924
59 -1.81451636 -1.85190482
748 3.00742241 2.87352874
474 1.99773540 1.96133932
708 0.59172866 0.59079140
357 0.75436298 0.75839334
563 -1.61805598 -1.62132307
646 1.42840668 1.43732162
389 -1.81044507 -1.83641477
822 0.29782785 0.31460419
309 -0.80755314 -0.79291953
768 0.05883912 0.07922674
537 -1.31315421 -1.38117125
986 -0.00249889 0.00745993
739 -0.53699586 -0.53060893
330 2.02347483 1.96633026
579 0.46789324 0.48488147
873 -0.99734188 -0.98216513
53 -0.62420792 -0.63577531
74 -1.51131605 -1.51223372
859 0.96823379 0.97217769
636 -0.82508596 -0.80113890
652 0.84326584 0.83101787
667 -0.32012715 -0.31204868
947 0.14153391 0.14611053
506 0.09614703 0.12454030
733 0.65169592 0.65391703
371 -0.57902542 -0.57038389
547 -1.27780470 -1.27538004
793 -0.71586919 -0.71299308
843 0.51080959 0.51024369
50 0.11553566 0.11498282
227 -1.06847324 -1.03798560
73 -0.64136397 -0.62621215
67 -0.85371164 -0.83925116
275 -0.41286978 -0.42099894
324 -0.54068161 -0.52113909
376 -0.68228433 -0.69851355
595 -0.06559516 -0.07398932
674 1.45338320 1.42029967
494 1.10802435 1.09411795
382 -0.26415101 -0.27507117
186 0.89878161 0.91414532
921 -0.13533290 -0.14443164
737 0.06877626 0.08091898
65 0.78261676 0.78067628
807 -1.77551592 -1.79584165
771 -0.12808816 -0.11076461
202 0.54176643 0.55461725
819 -2.08919831 -2.11623760
860 -0.27950160 -0.26115740
86 1.16257291 1.18833656
541 0.41239925 0.45205081
39 0.62986665 0.63157778
836 -1.89989135 -1.91989497
157 2.16463605 2.09926276
624 1.30125126 1.35667831
621 1.07383343 1.06346511
328 1.23719212 1.24382521
244 -1.40032835 -1.38907009
128 1.49948698 1.47228465
29 -0.57514483 -0.57917007
129 0.34131040 0.33979219
979 0.95818822 0.98913909
914 0.42345626 0.43072216
516 -0.05108704 -0.03536802
818 -0.08675008 -0.08255632
838 -0.65529797 -0.62249724
745 0.10348845 0.08492146
609 -1.08999946 -1.09228586
948 -0.03788193 -0.06472462
532 1.23888096 1.22861349
480 0.80441906 0.82850207
980 0.36177857 0.39168644
779 -1.05982485 -1.05988414
193 -0.16756195 -0.14913768
966 -2.03558077 -2.07094343
178 -1.05178095 -1.05510646
127 0.31988906 0.34320117
401 0.07247662 0.05611318
450 -0.11196664 -0.12052983
987 -0.77963827 -0.76537015
414 -0.71375734 -0.71218323
972 -0.76414422 -0.74709125
335 -2.10674261 -2.09675058
246 0.69857865 0.71175854
887 0.32682669 0.36525171
820 0.54356744 0.56510143
175 -0.08522844 -0.06397774
760 -0.30146358 -0.26280468
968 1.00894653 0.99146168
983 -1.74258684 -1.74360942
237 0.10398153 0.12523411
740 -0.70024549 -0.67926680
685 1.41210344 1.42931128
21 -0.03167144 -0.00772427
11 0.87137019 0.89165091
251 1.20148457 1.19411649
872 -1.70716260 -1.75645968
77 -0.10732254 -0.07399208
46 0.71377852 0.73724524
976 0.97522924 0.99813642
338 1.11626731 1.06504050
853 0.30279164 0.28366613
949 0.22491908 0.22492794
668 -0.78469659 -0.80120657
114 0.40452531 0.38641433
224 -0.76567210 -0.75238503
928 0.46819288 0.49293806
686 0.27203926 0.26568235
840 0.26242404 0.25930583
269 -0.98612991 -0.99771621
25 -0.37467376 -0.36887585
262 -0.43812935 -0.45608881
297 -1.69904905 -1.69755360
981 -0.37296095 -0.34234082
332 0.00863347 0.02537230
331 -0.66219584 -0.66717153
8 -2.25209030 -2.31566812
985 -1.41723660 -1.41008097
809 -0.09275578 -0.06176892
564 0.48458529 0.49773084
122 0.52620961 0.51126370
998 -0.92346915 -0.90270073
954 0.15033273 0.17822977
257 -1.18164961 -1.18584133
41 -1.61053665 -1.63491355
89 2.31203728 2.25624339
698 1.02883794 1.02562209
790 -2.64345384 -2.69429363
406 -1.22571416 -1.23600894
663 -0.41467101 -0.40323994
0 -1.25683893 -1.23775466
829 -1.00264366 -1.00410920
718 -1.25321865 -1.28145470
915 -0.58466411 -0.57346829
525 -1.65171694 -1.68687759
296 -0.75195934 -0.76773883
351 1.56730039 1.56826188
96 0.35935880 0.38694747
408 -0.18906293 -0.17795538
641 0.94233399 0.93347776
845 -0.09378571 -0.09367913
410 0.31273406 0.34020361
76 -0.57456505 -0.55657237
347 1.15012233 1.15634017
430 -0.98778991 -0.98140836
427 -0.06080883 -0.07570639
730 -0.49912608 -0.49921319
932 1.35525327 1.34317750
885 0.34037217 0.37053437
103 0.70043154 0.69586365
320 -1.14070333 -1.11763453
937 -0.18622502 -0.17769214
276 -0.61702787 -0.58145152
988 -1.07654803 -1.10198161
709 -0.55668914 -0.53907068
131 -1.20200295 -1.22421895
198 -0.26647329 -0.26127750
457 1.57289857 1.61374674
750 0.00031774 0.02344709
377 -0.76502026 -0.73920304
803 -0.54049504 -0.54027028
879 0.95999711 0.96200958
173 0.48262150 0.44600943
60 1.98942058 1.98513833
404 0.33631144 0.33140079
316 0.61480905 0.61778686
956 1.02923361 1.04322415
442 0.71059483 0.70787128
464 -1.76801911 -1.79741752
55 0.37789963 0.38136862
880 -2.12298572 -2.18160184
311 -0.01170368 -0.00269317
693 -0.57722647 -0.56942498
897 -0.73716183 -0.77594197
231 -1.51200438 -1.51836672
150 0.97695543 1.02080229
858 0.45060394 0.43504242
205 1.93626336 1.90661061
991 0.87547630 0.86948020
298 -0.60528422 -0.59343651
110 -0.64131796 -0.62439040
215 1.32145903 1.34260606
874 -0.13416607 -0.11100480
566 -0.83095754 -0.83215438
372 0.88923476 0.87201620
916 0.04527623 0.09728273
30 -0.10699461 -0.08614464
284 -1.98297555 -2.02742354
696 0.55696248 0.55305136
398 0.42709959 0.40847006
777 -1.04094370 -1.03473461
568 -0.29571651 -0.33312334
926 2.16255409 2.08628315
546 -0.69578047 -0.70165158
387 -1.25530685 -1.29046712
891 -0.77898410 -0.78221171
782 -1.26348321 -1.24886643
643 0.17406747 0.17840480
446 0.24320703 0.26912379
762 0.49572051 0.49422691
681 1.84042528 1.81890030
179 -0.92698487 -0.92848678
108 -0.52935216 -0.52061812
896 -0.00163483 0.00289923
123 0.97665247 0.98316887
821 0.03962725 0.03612564
487 -0.13655536 -0.13776380
570 0.40285788 0.41664074
589 0.20929807 0.22688521
187 0.45577392 0.49920446
261 -1.80336443 -1.78440156
137 0.02971221 0.00582239
355 1.33342122 1.32428309
378 0.65671870 0.66605823
51 1.38101944 1.39574576
92 -2.43801894 -2.50899671
70 0.69871509 0.67298298
644 0.46516527 0.46901051
373 1.21602217 1.22594636
611 -0.81996851 -0.80179180
402 -1.84874588 -1.85973428
248 0.18436037 0.19532280
635 0.23938552 0.26536060
1 -1.96936841 -1.98636077
495 0.06599981 0.06245294
612 1.50137686 1.50400270
869 -2.03168236 -2.07000083
924 -1.21489787 -1.22812820
559 -1.95625245 -1.96235022
342 -0.36334614 -0.37603220
522 -1.23624683 -1.24545144
162 -1.27459457 -1.27773574
878 1.63512004 1.61177714
181 -0.26932847 -0.26641897
825 -0.45627101 -0.45494675
789 0.15808308 0.16408765
604 0.10022553 0.13276048
4 0.61964951 0.62836314
939 -0.62601840 -0.60618347
160 -0.07341098 -0.05753062
109 0.07252118 0.06782024
620 -0.66354468 -0.66525711
346 -1.44384327 -1.44514260
723 -0.94228561 -0.96262715
141 1.64441708 1.61931715
45 0.02116906 0.05381997
857 0.76369998 0.79669873
158 -0.72534810 -0.75472044
970 -1.40168988 -1.40010445
422 1.77210800 1.71948277
863 0.71810846 0.71541064
868 -0.05910176 -0.05323876
79 0.48083608 0.50723720
469 0.97933676 1.01061762
720 0.22937180 0.21415164
95 0.76997028 0.77977717
307 1.38056035 1.36123739
72 -1.22078718 -1.22718446
942 0.42585184 0.42467347
550 -0.03955391 -0.06712299
682 0.59105732 0.59377549
216 -1.64103543 -1.68692060
769 -0.01508364 0.00151430
117 -0.35269100 -0.32767790
930 0.06392017 0.09994468
75 -0.12485075 -0.10496423
648 0.10266034 0.09912104
393 -0.48585267 -0.47197843
456 1.63522892 1.62729178
85 0.31534094 0.35446485
365 0.96408253 0.94496743
61 -0.63596547 -0.62066438
228 -1.89223330 -1.90089442
432 -1.36059114 -1.40131841
142 0.11556796 0.13440898
475 1.56488899 1.56460840
192 0.95545765 0.97631715
219 0.88784920 0.88479798
217 0.00018462 0.02605069
468 1.30702088 1.32397230
517 1.18771257 1.18527780
238 0.66155433 0.61678356
666 0.92476359 0.93351646
386 0.54795714 0.56404619
960 1.11859429 1.13540167
279 0.38864411 0.40300676
714 -0.32751654 -0.32957097
285 -0.99850553 -0.99224828
556 -1.42631949 -1.47702278
34 -1.13832957 -1.11264886
828 0.07454720 0.04719838
707 0.98628510 1.00542154
43 1.25840899 1.27475760
283 1.94949864 1.91341478
600 0.68041257 0.71247474
166 2.74920396 2.63083192
397 -0.02709253 -0.02122355
68 -0.10889315 -0.09765127
234 1.42367224 1.38390350
374 1.33730018 1.32443662
249 1.61054917 1.63558483
962 -1.05784783 -1.04981763
796 -0.91141570 -0.87441576
36 -1.54109043 -1.51861195
901 -0.61190308 -0.59367492
520 -0.64496266 -0.61778180
194 -1.37689887 -1.37335924
380 0.90570025 0.89322890
184 -0.81212540 -0.83190623
451 2.75583039 2.70471422
862 -0.05133237 -0.03078914
64 -0.00342472 0.00037662
864 0.28511035 0.34205051
151 0.39091390 0.39308136
80 2.11755874 2.07487471
220 -1.26704878 -1.26110062
794 0.19349496 0.17059360
610 0.83722529 0.82801186
52 -0.12495708 -0.08521348
286 -0.05895074 -0.06147030
277 -0.41973999 -0.39037792
639 -0.50781433 -0.50389050
47 0.02990706 0.06106882
93 -0.34525214 -0.33114741
665 1.11612882 1.06504050
145 -0.72890861 -0.71775559
705 1.12944008 1.14890338
180 2.15673600 2.12342969
850 -0.00534823 -0.00463785
417 -0.17438820 -0.13985009
965 -0.71751584 -0.71243479
83 -0.25657078 -0.23519234
188 0.46760905 0.48530157
253 1.03785686 1.01966347
731 1.64318724 1.60705001
569 0.98547180 0.98829655
995 -0.71286308 -0.69781755
614 0.03403340 0.10045704
716 -1.85655382 -1.86095197
363 1.40829774 1.42449051
526 0.04125423 0.06946022
339 -1.48939997 -1.53326627
883 0.42270095 0.45135538
447 1.18577781 1.17798773
415 2.21984722 2.16460419
855 0.94268251 0.94535312
551 0.05319633 0.08144197
22 1.03820105 1.05233078
467 -0.74488812 -0.78042169
259 0.27123480 0.30427208
800 0.46378094 0.48418012
209 -0.55306754 -0.55178097
229 -2.22498062 -2.24375898
752 0.12754702 0.16991643
555 -0.81068504 -0.78519791
527 0.63934023 0.64079891
824 -0.27132177 -0.27887867
441 -0.20503866 -0.17589830
438 -0.97351680 -0.98598666
902 0.87811412 0.86187430
504 -1.13862795 -1.10118305
308 0.51696413 0.52681835
232 -0.88192519 -0.87707616
884 -0.22394392 -0.22770540
304 1.18750947 1.17778016
910 -0.60266968 -0.63747453
428 0.09507428 0.09492493
164 0.99298119 0.98284988
505 0.71834554 0.71172519
66 0.11885216 0.13945023
571 -0.97808205 -1.00883925
126 0.45636635 0.45534651
361 -1.46315384 -1.50538687
961 0.74759691 0.76376851
490 1.57312089 1.52891285
319 0.17518788 0.18732934
367 -0.20597793 -0.23929805
69 2.62812913 2.58505005
839 -0.22161868 -0.20053580
260 1.41199774 1.41908036
111 -0.58863454 -0.56061867
776 -0.94699304 -0.91140812
288 0.59415463 0.60284853
889 -0.95786399 -0.96770670
33 -1.25977774 -1.28852259
814 0.40824403 0.40558772
434 0.18562169 0.21178701
770 1.96285090 1.93554613
31 -0.00873338 0.01140205
281 -0.85905793 -0.80616952
727 0.25782472 0.28371701
784 -1.26053606 -1.28288313
751 -0.39524444 -0.37557072
106 -0.47936588 -0.43712397
58 0.16127921 0.21309535
593 -0.54808166 -0.55660434
471 0.40185505 0.38623175
530 -0.06784710 -0.06813246
763 0.91890071 0.90959087
710 0.89541522 0.89398291
734 -0.06551794 -0.04553102
212 -1.15444011 -1.16718445
940 1.57294868 1.52277652
592 -0.98779816 -0.98361149
703 0.13027321 0.13416432
20 0.86761274 0.89510363
71 0.88771681 0.89085527
409 0.61211110 0.61228778
753 -1.12960533 -1.14856805
826 -2.09262250 -2.15889369
688 -0.86084048 -0.86208793
130 0.07926652 0.07743940
360 -1.52213116 -1.55550401
391 0.31010914 0.28043648
655 1.05657300 1.05399340
250 0.64444215 0.67791915
554 -0.77748027 -0.76438179
97 -1.23869385 -1.20363766
19 0.61909124 0.62021664
271 0.03727304 0.05145900
241 0.15783980 0.15997740
5 -0.52919809 -0.50818804
301 -0.27054000 -0.26994480
792 -0.42430464 -0.40650408
312 1.73757908 1.71096162
585 0.38919481 0.40670917
689 -0.64686471 -0.61686727
407 -1.28772474 -1.29441199
91 0.86141911 0.88482800
919 -1.50849278 -1.56104959
702 -1.08791153 -1.11219525
155 0.88874670 0.89852803
633 0.15655766 0.15320626
323 0.11235238 0.14000771
774 -1.23072127 -1.21621665
544 -2.30692598 -2.34935114
7 0.32200118 0.31888680
844 -1.98643551 -2.06470242
802 0.05636281 0.02234714
267 1.51848226 1.48559266
207 -0.08615623 -0.08256768
190 -0.32392000 -0.29762401
362 0.23839969 0.25440350
540 -0.45739019 -0.46029141
135 0.77590359 0.78269684
295 0.78028373 0.78231058
742 -0.96311556 -0.93962460
18 -1.87672393 -1.88820629
617 0.51139830 0.49244038
626 -0.50094184 -0.49475742
827 -2.37044271 -2.44053948
507 -0.97778965 -0.96057689
810 1.49179280 1.47511871
931 0.09311805 0.12097714
654 -1.10497259 -1.09902754
413 1.41092302 1.38464535
977 0.72024514 0.76929624
524 0.61311684 0.63263155
325 -0.58203094 -0.60449180
149 0.51439429 0.50909546
211 -0.35883529 -0.34895567
590 -0.70675843 -0.65862547
498 -0.23878931 -0.23068642
808 0.26222973 0.26375349
728 1.58485302 1.53617956
955 -0.50865684 -0.52587969
473 0.07679790 0.07408673
403 0.20588048 0.22958959
847 0.34234621 0.36741760
523 -0.17353809 -0.16500725
694 0.45970349 0.49817796
63 0.00852130 0.00460316
963 -0.44863893 -0.41727397
938 -1.56287936 -1.59029655
273 0.57155288 0.57066526
235 -1.75195550 -1.76711483
650 1.33923731 1.26978857
558 -0.72150040 -0.73928914
165 0.23130283 0.23287661
684 -0.37156223 -0.36702814
56 1.09911746 1.09847432
533 -0.06264286 -0.01939401
871 -1.34978161 -1.37034058
630 0.07337489 0.04158821
82 0.42003625 0.41849738
576 -1.46848525 -1.49648051
280 0.92573703 0.91044981
455 0.39930480 0.38807947
2 0.82723867 0.84973773
704 0.44615906 0.44866131
726 -0.20985657 -0.21519872
254 0.49542940 0.52129971
973 1.10687423 1.07351256
511 1.19055062 1.16715648
493 0.40542886 0.41396451
78 1.18624537 1.20314278
603 1.33210837 1.29489704
619 0.48913677 0.48541598
575 -1.69342037 -1.69365376
236 -0.70417742 -0.70416429
443 -1.32138366 -1.34946229
676 -0.40440253 -0.40622404
466 0.16528983 0.14652835
444 -0.31513516 -0.30271516
329 1.51575000 1.48778103
112 -0.22047872 -0.20420689
189 0.04548990 0.03883295
649 -1.19889835 -1.22219669
333 -0.54974836 -0.54738986
886 0.94353673 0.95699713
147 -1.34097089 -1.33215252
287 -0.86183734 -0.85928260
191 0.57285530 0.60442327
629 -0.14043163 -0.10620902
759 -0.31729539 -0.29063888
584 0.14988385 0.16137045
959 0.29028224 0.29751425
396 -0.56452482 -0.56148167
233 0.51986664 0.54846761
146 0.09201327 0.09356134
435 -0.52607877 -0.50599756
226 0.47563261 0.45565292
458 -1.50546743 -1.51419886
634 -0.26282154 -0.24308599
379 -2.42841351 -2.46890893
918 0.88289749 0.85813749
697 -0.37266364 -0.34176062
252 -0.50153246 -0.51681314
638 -0.54241432 -0.55524837
907 0.42825804 0.44029425
264 0.07775713 0.07967012
553 1.07498527 1.07715605
531 1.73962765 1.72885897
660 -0.23476698 -0.22942791
929 0.37686032 0.40836830
581 -0.75486818 -0.73719108
375 0.22296045 0.21651139
384 0.78658579 0.79520287
48 0.88095307 0.88552132
152 3.80165092 3.63046629
388 -1.25077446 -1.25759426
967 -0.36523516 -0.34459045
906 -0.82671280 -0.84625779
690 -0.29054789 -0.27727431
489 0.52479535 0.52008226
321 0.37815234 0.43084388
542 0.61688381 0.61837623
119 0.79981951 0.82489793
462 1.03599330 1.06321388
798 -0.62190746 -0.66301795
764 -0.19985087 -0.17581318
98 -0.97215188 -0.99204801
908 -0.37373644 -0.33165702
154 -1.14436051 -1.15820960
631 -0.72175197 -0.71778318
513 -0.60027141 -0.57703412
366 -0.25854873 -0.23118985
499 0.34726967 0.32205291
124 0.69865359 0.68996670
841 0.59086898 0.63018692
174 -0.35367447 -0.34930436
185 -0.09289396 -0.07211945
168 -0.61743885 -0.62605635
628 0.80232111 0.79792568
322 -2.16357993 -2.22413742
935 0.16174422 0.19890332
486 -0.89782935 -0.90255345
607 0.12991276 0.12215540
622 1.27882632 1.28823050
327 0.84930179 0.85993789
460 0.56646340 0.62335086
870 0.95405131 0.94622326
695 -0.59614831 -0.59474387
653 0.84202488 0.85964576
565 -0.88036410 -0.87507070
210 -1.08859934 -1.07272621
552 -1.10083922 -1.09752389
343 -0.55498572 -0.49774322
439 0.72400473 0.71909390
767 2.02103565 1.99021545
535 0.11743976 0.10545488
661 -0.28809172 -0.29886312
440 0.26309775 0.24934131
411 2.02599738 2.00758997
433 0.99304155 0.97856387
594 -1.22981899 -1.22791965
176 0.72853744 0.74250802
846 1.56138489 1.57597026
659 2.65533804 2.55329086
358 -0.72589444 -0.70268856
274 0.31914527 0.34470288
426 1.16226859 1.13773075
615 -0.16424104 -0.16997239
479 -0.32720260 -0.30229482
509 -0.55031628 -0.55336171
813 -0.50708189 -0.52948715
84 -0.22097699 -0.17919798
591 0.00350772 0.01970906
783 -0.29802294 -0.28355638
778 -1.81977639 -1.83577728
833 0.92463999 0.92785769
754 0.04919401 0.03024558
830 1.37391206 1.38547386
577 0.53731098 0.56231809
560 -0.01473589 -0.00085316
945 -0.41278687 -0.41180094
943 -0.11338099 -0.05935683
957 -0.52618583 -0.55208851
647 -0.39713045 -0.42035017
766 -0.11394405 -0.11014489
171 0.48742606 0.52743604
816 -1.82780511 -1.82600371
350 -1.52621976 -1.54168794
806 0.31039524 0.33936698
199 -2.50399818 -2.56290982
994 -0.77712514 -0.77786678
927 1.14798083 1.13816570
788 -0.43022697 -0.41132583
510 -1.49727813 -1.48621551
299 0.94025563 0.93402688
925 -0.43164552 -0.41028633
876 1.81961770 1.77024000
536 -0.10458221 -0.09066980
24 1.07819607 1.06903909
834 1.15162484 1.12338990
964 -0.37994397 -0.35035164
125 -1.25851146 -1.26197376
459 -0.32659973 -0.30927995
722 -0.49536453 -0.50213124
848 -0.17781326 -0.12759731
969 -1.02672578 -1.00863030
736 1.35466785 1.32046034
990 -0.21076135 -0.18110517
394 0.01932961 0.01797089
218 -1.09232525 -1.13408868
749 1.55647167 1.52874439
795 1.45487901 1.44783980
503 0.30410781 0.33898535
894 -0.31729803 -0.32690587
657 1.25962312 1.24822686
483 0.76875570 0.77019161
348 2.14969544 2.16195020
104 -1.35620226 -1.36494796
54 -1.80505658 -1.83012134
993 1.26807916 1.25768031
877 -0.22520328 -0.21421717
418 0.58533731 0.60123208
913 0.88718907 0.89369971
465 1.86130407 1.85756542
496 -0.42727850 -0.39880689
12 1.05212635 1.05951731
743 0.84986830 0.85731036
691 0.20696303 0.20723062
679 0.40797315 0.39889067
87 0.11174026 0.15253558
26 0.37161698 0.35435481
528 1.09045645 1.09451800
984 -3.21092000 -3.31879367
88 0.52691038 0.52768419
356 2.08105830 2.06402375
368 -0.03294033 -0.01512292
920 0.40585196 0.43136079
865 2.11058502 2.06548520
645 0.54201800 0.57248985
606 -1.99820155 -2.01343057
578 -0.80850877 -0.81924658
94 0.09695268 0.08072122
488 0.89369249 0.92618014
425 0.64205422 0.62702463
791 1.49511718 1.47164400
623 -0.35299246 -0.33396613
905 0.95443742 0.93991474
747 -0.29864736 -0.31572098
712 0.12857535 0.11886408
436 0.64932279 0.67565483
492 -0.00136572 0.02658139
837 -0.87320724 -0.86184124
701 -0.61636067 -0.63774191
514 0.65182790 0.61923939
849 -1.84404984 -1.86546463
717 0.49743259 0.51646197
239 0.02742784 0.05254052
453 -1.27709366 -1.28152205
815 0.36947229 0.34220469
172 -0.68878743 -0.72211772
700 0.56320631 0.55129753
461 -0.54626908 -0.53434574
334 1.03301895 1.03617151
289 0.10291387 0.11422734
62 -0.59880544 -0.61746346
851 0.29945505 0.27686683
738 0.41681338 0.41033968
40 1.07006376 1.07867934
582 0.06719949 0.07392979
42 -0.23570816 -0.19215219
799 -0.33933833 -0.31001944
933 0.33292105 0.28443913
183 -0.75861829 -0.78889659
255 0.89428233 0.87256151
989 -0.46272108 -0.47600356
971 1.12848751 1.11240278
291 0.67348956 0.66408969
992 1.82868222 1.81624015
904 -0.54718088 -0.56384913
683 -2.18038445 -2.22449771
485 -0.02352100 -0.04176459
37 0.71515110 0.68332678
574 1.04629140 1.03324552
