225 -0.20412773 0.22946497
419 -0.11955224 0.11561195
599 -0.65304354 0.67462285
605 -0.27621174 0.26978598
658 0.64441677 -0.63543013
491 0.23402860 -0.21234610
437 1.22490578 -1.20178171
675 -0.15621235 0.13646189
692 -0.16135353 0.15037079
115 0.09798906 -0.10336353
340 -0.19301593 0.15901999
13 -0.39941721 0.36279886
448 -1.15231218 1.15462024
138 -0.54363948 0.54055388
888 -0.16125417 0.17326859
944 -1.24522877 1.29932199
785 1.49792558 -1.47501911
812 -1.99725892 2.04593372
148 -0.61546099 0.59482912
866 -0.98742862 0.96469964
958 -0.42819367 0.40670194
133 0.45530119 -0.48225855
272 0.04506961 -0.08201600
724 1.53097006 -1.53190499
978 0.27294513 -0.28694531
699 -0.66977701 0.63394644
306 -0.92672358 0.92753000
395 -2.26067916 2.29937008
35 -0.49100867 0.51157797
662 1.75109615 -1.75059087
996 0.62740142 -0.64524131
230 -0.04811724 0.04514887
497 -0.83119149 0.84609235
143 -0.67001716 0.67158747
917 -0.42980962 0.42609600
775 -1.58683091 1.59456300
946 -0.12625731 0.10352999
573 1.00288403 -1.01209038
831 1.26123751 -1.25822824
116 1.26764163 -1.26479425
203 -0.16551206 0.15970369
370 -0.92448355 0.90585431
49 0.95728667 -0.95916618
757 1.98157733 -1.96065889
282 -1.30836281 1.31043521
314 -1.28287352 1.29154219
136 2.04378139 -1.99327267
817 0.44503115 -0.47631251
823 1.20357461 -1.18955241
515 -1.29073204 1.27482254
997 0.59067305 -0.59525108
134 -0.08757427 0.09728976
182 -1.30067847 1.31260920
538 0.03981954 -0.06425187
911 0.40351571 -0.42598167
895 0.07303521 -0.10891190
922 -0.23124510 0.24961782
305 0.76009478 -0.75081740
947 0.58486060 -0.60990954
729 0.58552084 -0.59266933
519 0.29166676 -0.30886815
618 -1.18498177 1.15958533
953 1.07894097 -1.08753804
258 -0.65628638 0.66562069
163 0.26606857 -0.28940603
711 0.51058903 -0.49709151
170 -1.08698332 1.12058852
292 -0.23069198 0.21974914
772 -1.83113458 1.84603454
227 -0.13928384 0.13608476
256 -0.32077369 0.32240028
613 0.57322807 -0.56125965
835 -0.60726614 0.59440590
472 -0.54695923 0.55586327
352 -0.68362771 0.64070589
102 0.82513103 -0.83412835
38 0.60267092 -0.60913148
263 0.07001373 -0.10241157
470 0.28784883 -0.29460898
521 -0.06387412 0.05513518
543 1.75156860 -1.70644634
903 0.11061458 -0.13831899
640 1.84767657 -1.82349884
900 -0.45750387 0.44104830
107 -1.61405728 1.63484852
856 -0.18612347 0.19230357
50 0.13670419 -0.15020862
270 -0.66531226 0.65496929
651 0.36149991 -0.35511908
421 0.45512652 -0.47170753
672 -0.26353327 0.24305061
10 0.22095905 -0.22352035
412 2.25068244 -2.18967833
86 -0.87811657 0.86113325
893 0.47441230 -0.48611803
214 -0.66349709 0.67403547
100 -0.08157802 0.07535703
875 0.59259135 -0.59258231
642 0.94064361 -0.92764467
500 0.07952199 -0.10737453
840 1.23900070 -1.25510268
6 -2.45118217 2.50129960
429 -1.42658220 1.45832301
399 1.61324839 -1.58822622
132 0.36646533 -0.39561569
502 0.34459872 -0.33024735
204 -1.01209801 0.99363539
748 0.17101280 -0.17967845
678 0.61479656 -0.59076633
719 0.54855123 -0.56871040
16 0.54559036 -0.53401948
445 -0.05020077 0.07071524
206 1.89337875 -1.86354583
243 -0.86678519 0.84562529
28 -0.49136755 0.46883333
14 1.87203279 -1.83460763
268 1.10163194 -1.11803896
324 1.23321667 -1.22751782
887 2.41792426 -2.37279512
670 1.55901583 -1.54718383
588 1.62717739 -1.61513370
687 0.22465358 -0.23347094
567 0.84706828 -0.87627030
101 -0.35110301 0.30966811
118 -0.69927659 0.68730397
838 0.00210524 -0.02210950
674 0.94547937 -0.93648416
121 1.24788231 -1.22455795
482 1.16434212 -1.14506219
300 1.92076529 -1.88580013
32 0.12124638 -0.11934471
518 1.60712456 -1.59081815
357 -0.44464079 0.42420851
278 -0.52436364 0.50955131
881 -0.64475013 0.64848819
842 -1.94902003 1.99019822
732 -1.23662735 1.21583388
266 1.12669738 -1.13290874
608 0.15499788 -0.16256427
167 0.52246420 -0.52864239
998 0.49443491 -0.49654217
240 -0.06904004 0.05593756
746 -1.09988495 1.10939706
294 0.39574960 -0.40754901
153 0.11810666 -0.16416833
3 0.51928931 -0.51653907
478 0.12855813 -0.12867399
621 -0.17310012 0.14592770
251 -0.65125887 0.65432678
349 -0.64339389 0.62628889
501 -0.37440782 0.37826341
664 -0.58064715 0.54484973
44 0.42180424 -0.41793592
698 0.14851120 -0.16265938
242 0.93703990 -0.90808882
545 -0.08046451 0.05056923
616 -1.55641197 1.54526769
90 0.40236386 -0.41617681
765 0.76054308 -0.75924782
431 0.82086659 -0.79612544
780 -0.41524335 0.39897940
389 -0.82811228 0.82425198
805 -0.23932171 0.20493347
381 -0.12736615 0.10606131
344 0.24662819 -0.25892514
331 0.14332938 -0.13461466
583 0.09495029 -0.08398484
326 -2.05331848 2.07642238
508 -1.03207741 1.04439572
245 -0.04231473 0.02982812
735 0.00212213 -0.00322486
290 0.69368501 -0.69902831
463 0.51027397 -0.52585972
572 -1.73728283 1.77557928
105 -0.06802360 0.06593349
557 -0.56237740 0.55174732
221 -0.46553021 0.43827275
781 0.09404365 -0.11672431
494 -0.67303317 0.66831527
627 -0.03949197 0.03548177
156 -0.44217810 0.45795774
161 1.67382397 -1.63061974
671 -1.70757678 1.71871616
303 0.25497525 -0.26214357
721 -0.32118642 0.29264269
744 2.10475837 -2.03731591
452 -2.03694508 2.05763031
476 -0.74209769 0.74098152
81 0.96008300 -0.97574257
427 -0.82388639 0.86623002
195 0.77508442 -0.74885578
406 -0.98554409 0.99575151
797 -0.50547151 0.52364109
351 1.19163516 -1.18384065
335 0.34297432 -0.35973296
761 -0.30512272 0.27112427
315 0.61875061 -0.62571632
73 -1.12632242 1.11108693
424 1.23963987 -1.23562220
423 -2.24470607 2.28883038
15 -0.65036763 0.65350154
822 -0.07402115 0.04839383
890 0.26614746 -0.30152241
832 -1.05901723 1.07330635
706 -0.31757327 0.29473787
852 -1.10659529 1.11540918
951 -0.41258662 0.39558990
293 0.91740845 -0.93930823
861 -0.12190543 0.11484294
873 1.73192185 -1.70051048
525 -0.27312230 0.28190744
311 0.27405536 -0.27916051
237 -2.09578834 2.11526512
480 1.59858475 -1.59135340
330 0.99174143 -0.97197189
950 0.12007594 -0.14651301
302 -0.75636688 0.74688590
9 1.04362467 -1.02662655
715 0.34726489 -0.32767304
159 0.39248032 -0.36541729
999 -0.27406918 0.25324636
76 1.09106463 -1.09551067
804 -0.41808161 0.40613186
364 0.06769700 -0.09266990
213 -0.42858772 0.41518925
952 -0.27835320 0.25737363
200 0.84928595 -0.84436539
401 -0.74221642 0.75220597
771 -0.23774490 0.21466773
807 0.79920903 -0.80011266
972 0.01080701 -0.00785269
373 0.13884764 -0.15545734
8 -1.23100607 1.23635188
693 -0.50751054 0.50866891
625 -1.47952103 1.49563730
405 1.50081054 -1.51108234
598 0.18923505 -0.24127878
404 1.34767497 -1.31819732
151 -1.63386052 1.67604231
450 0.89068394 -0.89193126
880 -1.79247260 1.83865015
541 0.17041864 -0.19413258
966 -0.96482199 0.98890850
178 -1.01894993 1.01761195
392 -0.46998124 0.46518631
549 2.05935376 -2.00472522
787 0.96649358 -0.95563622
601 -0.02217189 0.00107702
369 0.52340531 -0.52366735
934 0.17602044 -0.16869770
108 -0.81778581 0.80816915
313 0.94254433 -0.94355494
25 0.90693384 -0.91729723
169 -1.35771829 1.40065775
725 2.02995404 -1.99995483
222 0.73304745 -0.74273877
855 0.71615123 -0.73512904
568 -1.42723171 1.46350301
190 -0.15229605 0.13830173
562 0.80443129 -0.82284999
484 -1.81482745 1.83620050
99 -2.63424893 2.71212244
636 -1.81557959 1.85837021
756 1.34759995 -1.34054461
882 1.62128844 -1.62869802
144 -0.55055162 0.56990672
175 0.72103368 -0.72848562
383 0.03760157 -0.04552450
703 2.07163679 -2.01637153
310 -0.22829060 0.23202966
563 -1.08157546 1.06779032
779 -0.80759536 0.81224830
982 0.01220537 -0.02673262
673 0.77176785 -0.77885986
637 1.03992707 -1.04712166
353 -0.03931948 0.03146464
53 1.06366766 -1.09103770
140 -0.91128683 0.93240997
762 -1.27871290 1.27108121
196 -1.69134874 1.71393464
341 0.11017492 -0.12619993
414 -0.27412155 0.24643111
680 0.26527768 -0.29534529
928 1.77212179 -1.76984623
912 -0.66156289 0.63769464
70 -1.05059286 1.01825677
449 -1.24906200 1.27145702
309 -0.16076771 0.19047372
723 0.17111275 -0.17945708
854 -0.70387905 0.68572650
120 1.77198438 -1.77495091
968 0.91165146 -0.91810722
430 -1.48423894 1.53017731
74 -1.77539833 1.81504079
57 -0.52958907 0.49756883
561 1.73092897 -1.74531927
416 2.00220802 -1.96327881
579 -0.90812903 0.89067485
17 1.55386313 -1.51483133
586 -1.11318749 1.12672006
547 -1.42883336 1.44504099
793 0.30394780 -0.31574302
643 -0.43510431 0.40543944
39 -1.51474442 1.52863849
382 0.29524434 -0.30367669
768 2.08186728 -2.04444420
177 -1.81058755 1.82337422
420 1.69185744 -1.64955688
41 0.38021398 -0.37953224
197 -0.08255769 0.07332758
755 -0.92435359 0.89862922
72 -0.20087117 0.16882301
481 0.71371200 -0.71374849
709 -1.27361037 1.30010137
669 -0.45497362 0.39696429
202 0.04528224 -0.05114276
686 0.07665015 -0.09387854
986 -0.76079169 0.75420270
954 -0.07530754 0.05880539
345 -1.81748359 1.83339145
648 1.29937159 -1.26618773
899 -0.60621940 0.59587044
548 0.19975964 -0.24478130
975 1.23383846 -1.24576855
546 -0.83484875 0.82145862
857 -0.66302385 0.67013848
512 -0.45760820 0.42831363
677 0.17249820 -0.19230735
801 1.00489543 -1.02345895
377 -1.51419974 1.52936437
192 -0.19686476 0.17052099
656 0.12152031 -0.13644951
336 -0.24399154 0.24751886
400 0.36283796 -0.36043627
740 -0.81569929 0.78462138
114 -0.13222574 0.12102807
936 -1.82386833 1.84496536
223 1.52572694 -1.50941085
867 -1.57026247 1.58943390
127 0.84647809 -0.85921040
244 -1.20183815 1.23930106
128 -0.15626839 0.14932239
769 -0.56894000 0.57940600
708 1.63175083 -1.62914784
432 -2.35864353 2.41271858
409 1.04762532 -1.06039846
786 -0.40375041 0.38004749
550 0.06845749 -0.07826888
597 0.17937675 -0.23012253
602 -0.49391827 0.44401906
516 -0.85597852 0.81554694
23 0.60337447 -0.59645623
869 0.70742919 -0.69205385
829 -0.98206746 1.00464022
794 -0.56964802 0.57253226
532 2.44586163 -2.41110261
297 -1.05315511 1.06149759
398 0.70147010 -0.71948457
277 0.10401274 -0.09637979
777 1.66856296 -1.64380831
758 -0.15782503 0.15409665
113 2.58730625 -2.53862190
909 -0.44936407 0.46368628
173 -0.76969476 0.76207228
898 0.73607648 -0.75326579
231 0.44910542 -0.49431512
914 -0.39711906 0.37846668
941 -0.51712501 0.50045645
29 0.66612549 -0.69774278
596 0.96970582 -0.98056986
89 0.47803886 -0.50486184
60 0.39347231 -0.43718030
265 -0.98094432 0.99894288
921 -0.02456791 0.00885711
347 0.55030788 -0.54822836
843 0.61731350 -0.62332082
539 0.38982886 -0.38370541
464 -0.64129028 0.66531124
707 0.13564633 -0.14250437
976 -0.86725018 0.87996335
257 -0.44762232 0.46016882
667 0.25299832 -0.28005008
51 -0.85808481 0.83333982
359 0.57430124 -0.57817381
65 0.27761098 -0.29162277
981 0.99574158 -1.00403636
339 -0.07393471 0.06911487
587 0.14778688 -0.16217659
378 0.33183997 -0.33354971
477 -0.08464123 0.07306983
737 -0.82660482 0.81778903
760 1.91718145 -1.89279994
385 -0.52018703 0.52868083
139 0.16700668 -0.16857606
617 -0.41736881 0.45843657
376 -1.54228883 1.55094892
750 0.74679721 -0.74390864
354 -0.20577648 0.20430085
328 -0.21959121 0.20010614
131 -0.64449130 0.66172667
668 -0.63840791 0.64808693
157 -0.37860569 0.36897103
682 -0.16051495 0.14616773
685 0.85474805 -0.83333045
537 -1.55139599 1.57070088
821 -0.84641303 0.85534282
773 -0.61647215 0.62119914
828 -0.95783325 0.97509702
201 -0.07688276 0.08082277
620 0.79605432 -0.77815900
247 -1.05938346 1.06678410
624 0.65478874 -0.67287772
792 -0.68773338 0.69490572
820 0.31247768 -0.30085472
188 -0.98269878 0.96918260
442 0.58482911 -0.60395790
811 1.08609802 -1.06865414
839 -0.16694877 0.16904296
892 0.96244375 -0.96217501
46 -0.61910603 0.62131503
342 -0.73054057 0.69856806
317 -0.20808556 0.19721182
390 -0.33644850 0.32802386
564 -0.91593430 0.89602329
803 0.99300427 -0.99129294
238 -0.86835862 0.84571592
208 0.16174369 -0.17653651
77 -0.52038187 0.52120723
158 -0.51922604 0.53072965
987 -1.66018740 1.69488816
985 0.34644469 -0.37071097
652 -0.85115757 0.88125776
276 -0.21537247 0.20770105
942 -1.88822269 1.92199923
59 -2.08011015 2.12184657
526 0.22840345 -0.26137309
332 -0.41321585 0.42334289
487 -1.62756420 1.66178362
474 -1.27194772 1.30769204
269 -0.86649576 0.83736774
30 -0.55601660 0.56379672
730 0.80261751 -0.80700266
639 -0.59143871 0.61213068
320 -1.11092561 1.12955820
632 -0.88405360 0.86369874
271 -0.96151745 0.95380274
716 -1.32298731 1.35202084
129 0.32452285 -0.32453280
469 -1.04549838 1.05376581
504 -0.36367378 0.35201950
733 1.63425416 -1.62071968
275 1.34142645 -1.32161644
897 -2.38174605 2.45902380
885 -0.35332853 0.33718267
380 1.13330766 -1.14219442
713 0.97837033 -0.97677062
27 0.07502574 -0.08122225
818 0.68173463 -0.68644000
774 -1.20892873 1.22931385
374 0.50512643 -0.46956753
644 -2.63655414 2.69428535
595 -0.38771642 0.39224875
187 -1.86772732 1.90892208
980 0.41585399 -0.41353686
614 -0.43004033 0.41654446
141 1.48148641 -1.48031005
939 1.67822851 -1.67459886
551 -0.03101177 0.00582951
145 0.77124682 -0.77466467
246 1.04127039 -1.03888397
858 0.64854112 -0.66825166
845 1.02802140 -1.01562316
819 0.52882569 -0.53242090
859 0.00606406 -0.01440067
473 -0.31672018 0.30244288
970 0.63516654 -0.60436037
361 -0.60096317 0.61018437
589 2.73650586 -2.64141123
0 -1.08669021 1.06206597
55 -1.15744948 1.14862188
836 -1.21709159 1.21534656
319 0.61493030 -0.61493600
556 -1.76462177 1.77437559
367 1.43610754 -1.41491987
337 -1.31012840 1.30857101
739 -0.69180517 0.67365457
862 -2.39963029 2.46811560
283 1.17053908 -1.14273198
681 0.27121859 -0.30161803
641 0.00321705 0.01153797
506 1.13447313 -1.13828790
612 -0.63211120 0.61368430
371 -0.89189394 0.87943352
974 1.05049915 -1.04809514
467 0.97046194 -0.94125208
529 -0.07945673 0.06085024
215 0.69841186 -0.69778265
209 -0.43024501 0.42816046
752 -0.23081270 0.20824432
52 -1.10432824 1.11573645
286 1.05191461 -1.03190375
253 1.45811881 -1.46834390
96 -1.01914606 0.99735933
926 -0.33319910 0.31060118
97 -0.22345127 0.18992061
95 -0.11348733 0.08088206
495 -0.43347037 0.44154853
570 1.94033980 -1.91609472
193 1.14572145 -1.14203042
809 -1.11033840 1.12838204
995 -0.92992191 0.92918052
186 0.34208536 -0.33974488
67 0.05009514 -0.05860642
117 -0.43055729 0.42754354
863 1.28826834 -1.28752205
696 0.59828287 -0.60991601
318 1.72964924 -1.68956457
150 -1.11752675 1.07923005
460 1.47603563 -1.46908127
80 1.36288817 -1.35389627
422 0.34475511 -0.35973668
825 -0.62831393 0.61805108
983 -0.80751418 0.79133262
965 0.05579034 -0.06498412
522 0.82793789 -0.82373569
75 0.63761472 -0.67351258
534 0.09432792 -0.14437494
902 0.20333295 -0.24923820
181 -0.74002160 0.72987894
705 -0.86284147 0.82485232
386 1.11055022 -1.09077160
216 0.06335049 -0.08740705
891 -0.54028168 0.56089072
63 0.10948835 -0.10403461
802 1.98856677 -1.95354677
796 -0.37309659 0.37243712
1 -0.42525277 0.42555538
135 0.30010861 -0.30851119
784 -1.72103849 1.74854657
559 -0.20625498 0.20581046
910 -1.18922883 1.20635256
741 1.88089234 -1.85101524
180 -0.71256631 0.69161797
346 1.33897966 -1.33019366
123 0.97607129 -1.00419349
122 -0.20177036 0.20938947
622 1.33900777 -1.35020123
853 -0.14808725 0.13082370
71 -0.08377443 0.07344333
932 0.65896019 -0.68260121
456 -0.92145095 0.90724076
689 0.58630229 -0.59518034
916 -1.07439864 1.08629476
962 1.43035769 -1.44471998
248 1.25086245 -1.28085406
468 -1.39776034 1.43973421
308 -1.46111675 1.49131835
279 1.33361860 -1.35586429
261 1.48626026 -1.45554102
878 -0.35184621 0.38258909
259 0.59258271 -0.61118647
702 -1.69236050 1.74528319
78 1.33146054 -1.33582146
924 1.19822220 -1.26192308
860 -0.19134672 0.18364334
956 -0.62529743 0.63358236
325 0.79336132 -0.76662637
646 -0.65557081 0.64809786
554 0.41441499 -0.39971128
19 -0.49253034 0.45116233
5 -0.49156776 0.48339365
600 0.81831309 -0.82591302
250 1.67115660 -1.64522592
923 -0.93165004 0.92435602
333 1.64440834 -1.61881715
850 -0.48297250 0.45968423
142 0.61030757 -0.59136162
872 -1.36484384 1.34651353
948 -0.02978241 0.03975533
194 1.06833083 -1.06863694
915 -0.46533596 0.44907275
4 -2.37617028 2.44221084
580 0.90726490 -0.93297427
164 -0.20190390 0.19969343
524 0.98853416 -0.98903982
179 0.16390075 -0.18928442
663 -1.02593847 1.02900983
991 0.13560917 -0.16756971
745 -0.78726244 0.79157981
232 -0.22970655 0.24700925
184 -1.18390453 1.19463976
714 0.64956649 -0.63759059
66 1.55455764 -1.57524832
408 0.59012757 -0.58186150
782 -0.05988718 0.02827101
298 0.10755336 -0.10630894
734 0.23311222 -0.23823314
417 1.54934433 -1.53645831
759 1.18860335 -1.20970895
228 0.32695314 -0.34632274
879 -1.90959280 1.96546627
844 -1.19033329 1.18716672
763 -1.15673996 1.16833020
710 0.82698952 -0.80857169
229 -1.25008737 1.27349254
338 -0.50546774 0.47315826
296 0.15170397 -0.14690226
56 1.69349486 -1.66801886
937 0.51103863 -0.53077867
224 0.26316632 -0.27036323
11 -0.35158599 0.34160168
205 -1.84782592 1.87963361
455 0.09774861 -0.08283389
365 -0.43229397 0.44209697
20 0.09933158 -0.14087011
695 -0.68924084 0.68784799
316 1.99302735 -1.95466798
7 -1.25945842 1.26241924
285 -1.04731912 1.06982325
533 0.11400914 -0.13444815
720 0.42337310 -0.45149988
443 -0.58217706 0.55794182
655 -0.52816011 0.52214416
493 -0.39214560 0.36985791
576 0.34188764 -0.33416319
18 -1.25993216 1.25667628
393 0.94291951 -0.94323914
527 -0.62747476 0.62174495
824 -0.82859258 0.81547247
810 -0.06303385 0.05554983
198 -0.91451874 0.92933586
555 0.36867455 -0.38116951
428 0.53006717 -0.53616807
155 0.45947929 -0.47513847
92 -0.39191936 0.40767733
58 -0.73376841 0.72047930
961 -0.01416612 0.00235338
219 -0.28286336 0.25704683
22 0.19309411 -0.20485006
454 0.32584232 -0.32330588
307 0.03761041 -0.05078312
609 0.56067836 -0.56181112
262 0.56187056 -0.52258573
79 0.72824280 -0.75151411
808 -0.82590862 0.83866399
199 -0.49265533 0.50778268
790 1.39664404 -1.39039738
457 -0.71534595 0.68738645
963 -1.92382762 1.95038767
949 1.20648878 -1.17765702
727 0.52422492 -0.52257762
650 -0.11611028 0.08797302
160 -0.72462420 0.74042628
355 -1.21769687 1.20073689
517 0.24897542 -0.26119909
530 -0.23269354 0.21738060
363 0.89177638 -0.89497038
654 0.65196598 -0.65331023
610 0.06378538 -0.08309023
185 -2.59623169 2.65506939
498 -1.19713733 1.20998652
402 -0.21729703 0.19410170
103 -0.06764306 0.05716590
438 0.61193615 -0.60330404
901 0.56992352 -0.60840619
397 1.15210569 -1.12059407
304 1.22836582 -1.23437055
868 0.64462194 -0.66611165
871 -0.35215213 0.33022104
718 1.47349197 -1.46056725
789 -1.53135707 1.53863620
288 1.38575242 -1.35991732
960 0.15087393 -0.18709941
611 -0.71867156 0.68461802
149 -0.77652990 0.77248582
800 0.56234668 -0.54238661
742 -0.25322925 0.26522243
558 0.51563651 -0.49949634
603 -0.51481554 0.50660242
109 0.47669057 -0.44201573
43 -0.33882872 0.34562073
475 1.20111252 -1.20297628
162 0.53488553 -0.56435149
360 -1.54606632 1.51663395
387 -1.16941764 1.18448571
896 0.84278337 -0.85452764
372 -0.98453134 0.96411868
260 0.15385308 -0.18191771
447 -0.93756880 0.95790772
217 -0.07117673 0.04351508
690 0.78699396 -0.81815085
540 -0.41320254 0.42679771
988 -0.94171630 0.95440077
874 -0.07523461 0.05234644
211 0.13627725 -0.14539119
704 -0.01674992 0.04090397
111 0.26931817 -0.27602239
604 -0.55802095 0.55972737
520 0.21444783 -0.23192726
234 0.30543052 -0.31191907
731 -1.33847354 1.35177978
391 0.13724549 -0.14344215
979 -1.01454539 1.01829316
446 2.35707426 -2.31533308
575 -0.85787973 0.86608999
21 0.82401951 -0.82020032
36 -1.19950522 1.20165286
490 0.44353482 -0.45823968
384 0.44233219 -0.45672541
301 0.08104018 -0.08136218
955 -1.23376644 1.20742900
435 0.17550646 -0.17000951
287 1.19025568 -1.20140275
776 1.01104609 -1.00842995
814 1.08771825 -1.09140529
931 -0.30734318 0.30622931
295 -0.70072463 0.72457028
694 -0.04732237 0.02871699
634 0.56058646 -0.57742030
241 -1.09917384 1.11272355
410 1.19754190 -1.19900001
267 1.62994153 -1.61319577
47 0.42892423 -0.40707003
312 -0.00426003 -0.00376817
919 1.03252351 -1.02344885
884 0.46083205 -0.48938316
889 0.78295158 -0.79694829
83 0.13600600 -0.14766934
684 -0.25842627 0.28828444
64 -0.29545122 0.28869852
137 -1.17123391 1.15313839
358 0.95242280 -0.94392918
633 0.16950156 -0.20103842
753 -1.04696640 1.01114856
415 0.46543530 -0.45457593
379 -0.57481245 0.54893694
110 -2.56107904 2.63147605
571 1.34252674 -1.31107666
661 1.37908689 -1.37387991
112 -0.60640709 0.59852336
770 2.48016895 -2.47098942
280 0.32941225 -0.31601901
130 -0.10729385 0.08907967
864 0.54590731 -0.55992537
93 0.42904813 -0.46362855
665 0.38825065 -0.41898300
883 -0.54354291 0.53294030
635 0.24431642 -0.24910996
174 1.47870180 -1.47704098
254 -0.13499982 0.15580953
434 -2.01741458 2.05145870
593 -0.55086758 0.56565862
165 0.76271435 -0.75611051
590 0.08453500 -0.12710053
788 0.56067985 -0.55923865
236 -0.77286011 0.78451242
210 -0.61981903 0.59913864
630 0.79700080 -0.79279326
281 -0.64947341 0.65419736
536 0.07670221 -0.08048972
930 -0.29839659 0.29313623
722 -1.20248835 1.20615424
728 -0.68517372 0.67945338
471 1.87868868 -1.84078942
69 1.33362824 -1.34548057
146 0.04891477 -0.06826452
566 -1.43284901 1.43184634
629 0.11506631 -0.17654570
91 -0.95151131 0.97639647
323 2.13459258 -2.08909928
977 -1.57036978 1.58555232
68 1.07609337 -1.08637336
940 0.10204545 -0.11564090
152 1.98374374 -1.92463524
959 1.14002257 -1.13321459
841 -0.16563635 0.17419954
957 0.64849044 -0.64964226
329 1.18813935 -1.17555875
631 -0.43690557 0.40824053
273 1.41550616 -1.38996815
647 -1.76433840 1.78732696
403 -0.26167458 0.26163979
751 1.48883930 -1.46884548
106 -0.22027479 0.22192718
388 0.57310854 -0.58947185
847 0.61555169 -0.63798208
907 0.24070049 -0.24966665
220 0.54221914 -0.53539114
816 0.76211423 -0.79468256
499 0.32970834 -0.31852469
938 -0.29397685 0.25976451
511 -1.05585546 1.06052894
451 -0.43501698 0.40830623
659 0.96034332 -0.95427645
925 1.41881677 -1.39315985
569 -1.21700544 1.22782644
676 -1.41174120 1.40726837
249 -1.82621497 1.85565301
33 -0.51268272 0.51569921
45 1.10125707 -1.08923399
126 -0.90061439 0.92270714
908 1.03433977 -1.06393539
653 0.76563051 -0.76352916
531 -0.61806834 0.62710564
154 0.92541204 -0.91538875
660 -1.13344082 1.13935241
396 -0.16037336 0.14388841
513 0.98346461 -0.97806353
61 -1.45021917 1.46410297
191 0.88745034 -0.86416330
407 -1.59360862 1.63311330
441 -1.56538658 1.56382907
619 1.48701807 -1.46650137
226 2.28308357 -2.23423712
626 1.11012049 -1.12272689
688 0.97075435 -0.98095800
207 -0.28459964 0.28446473
166 2.12420401 -2.06832946
350 -0.00179406 0.00294905
615 0.09580080 -0.09738078
552 0.35692150 -0.37313328
764 0.37680104 -0.38812681
945 -0.99538262 0.98185614
666 -1.05855203 1.02780883
147 0.27718573 -0.29928927
505 1.29088245 -1.26465288
806 -1.02103019 1.03092517
84 -1.51097080 1.52319814
119 1.98083910 -1.94368921
375 -0.04808445 0.03697031
418 -0.83930198 0.79064476
411 1.36750066 -1.34352735
85 3.17166466 -3.09547116
466 1.54565119 -1.53670437
544 0.44048552 -0.44026963
366 -0.22137468 0.19933147
362 -0.92793674 0.92270601
649 -0.81836427 0.81993898
212 0.46644915 -0.45353832
458 -0.40117754 0.38543500
218 -0.05454470 0.03579315
31 0.00686846 0.01659332
168 -1.91611664 1.97681015
935 -1.74310858 1.74858682
726 0.10154965 -0.10789734
284 -1.10556266 1.08686738
795 0.49183869 -0.52494739
973 0.78812744 -0.80824494
462 -0.94182847 0.90096203
749 -0.50925109 0.48110476
507 0.31784758 -0.34043825
906 -0.59831468 0.59612744
585 0.11982893 -0.15284458
426 0.81424497 -0.80179789
444 -0.05786525 0.03816565
607 0.04220661 -0.04293469
717 1.34486721 -1.35035360
929 -1.64049306 1.63462098
846 0.14693737 -0.15704603
584 -0.02736831 0.03582761
479 0.77505263 -0.79902901
171 1.13098537 -1.12853201
913 -0.33743215 0.31069865
565 0.63814330 -0.67691000
510 -1.11384017 1.13582727
327 -0.74806483 0.75967057
486 -1.41084837 1.42316132
691 1.27150129 -1.22400285
48 -0.80317562 0.79645088
628 0.45494111 -0.44543988
176 -0.19874988 0.17787588
560 -1.11580408 1.11707219
125 -0.18404589 0.16501269
356 2.32463656 -2.29447475
927 1.26469864 -1.24441364
697 -0.55465033 0.55162930
747 -0.07257261 0.06793616
837 1.51194003 -1.49369788
413 -1.26074232 1.26485168
984 -1.10831388 1.11677574
865 0.47315184 -0.47879430
233 1.16470627 -1.15948172
12 -1.61419976 1.60195714
82 0.76788534 -0.78769428
581 -0.91346654 0.92780514
638 -1.55198955 1.59093526
453 0.64084246 -0.65376078
104 0.71926710 -0.74953670
830 2.74638134 -2.72407670
990 -1.25014659 1.25377263
967 -0.50193457 0.53188507
489 -0.70112663 0.68510043
433 -0.74062302 0.73311829
189 -0.96752582 0.98158887
813 -0.87090983 0.88546289
964 1.84638492 -1.85966665
252 -0.56772544 0.55694240
592 -2.20285480 2.22644288
778 -0.38987358 0.38451263
322 -2.08716000 2.14574969
2 2.20743986 -2.15743013
34 -0.32364712 0.29748675
321 0.53080093 -0.53963500
918 -0.44489256 0.48428355
523 -0.20548267 0.19961364
542 1.46360963 -1.47081429
943 -0.81720208 0.77134293
849 -1.09579786 1.04549713
577 -0.66877349 0.66718157
798 -0.20574170 0.18864105
42 -0.97008946 0.99579204
886 -0.05042482 0.03228894
754 0.93145231 -0.97465691
594 -1.04849969 1.02531432
274 0.04178981 -0.03852771
124 -1.37587397 1.40962804
535 -1.03826731 1.06409160
969 -1.03553675 1.01765144
591 -0.14354162 0.11662745
459 0.35069801 -0.36233743
264 -1.08760659 1.10419406
623 0.91261572 -0.89696040
827 -1.67284521 1.69681981
496 -1.09818245 1.10651990
465 -0.63448128 0.62868646
368 -0.54633238 0.52004134
343 -0.12852764 0.13317617
767 0.70146563 -0.68224020
289 0.34303721 -0.33243349
905 0.63903206 -0.63413324
700 0.46772352 -0.45187889
736 0.30013742 -0.27708054
994 -0.22260573 0.22284517
503 -0.29038535 0.26668820
488 -0.19759137 0.19072332
834 -0.06705546 0.06319362
235 0.25191006 -0.26094478
578 -0.24854810 0.23589362
783 -1.91548324 1.94879705
348 -0.84457828 0.83884289
54 0.45282380 -0.43611234
894 -0.54306241 0.56668561
439 -1.04653021 1.06635098
553 0.75015193 -0.77828912
440 1.09280737 -1.09702724
87 0.74060661 -0.75541912
993 0.62652637 -0.64053541
870 0.29841157 -0.30152533
88 -0.80579092 0.77790043
26 0.65772428 -0.66073347
24 1.35254500 -1.30959754
606 0.64240874 -0.65421283
876 0.87503685 -0.90874114
833 1.41079858 -1.41632366
394 -1.28374191 1.25683228
743 0.32995077 -0.32701573
509 1.66086371 -1.62753069
183 0.43929025 -0.45530926
877 -0.27698912 0.25993634
40 -0.28284746 0.25984010
992 1.51631247 -1.51238755
989 2.13136246 -2.11515956
766 0.19478618 -0.17853094
483 2.12488332 -2.10445472
98 2.20025390 -2.16885982
826 -0.48788674 0.48437305
528 -0.19158567 0.18685960
299 -0.10067263 0.07934097
815 1.00338221 -1.00606541
425 -0.13368035 0.12824124
712 1.29842769 -1.28661447
461 0.21303953 -0.20933009
679 0.38741545 -0.36907548
701 1.27514286 -1.27428628
791 0.67483024 -0.65327033
645 -1.50360719 1.50780236
904 -0.11065612 0.10223275
582 -0.97609664 0.97237520
851 -1.30934944 1.31029736
334 -1.35789952 1.38371942
657 -1.31726529 1.28447324
62 -0.54856177 0.54120917
971 1.67802333 -1.63932512
239 2.12381970 -2.09103385
172 -0.36602002 0.36566151
920 0.87423444 -0.92030727
436 -0.15535926 0.14762022
492 -0.16670594 0.16444553
738 0.37074914 -0.38674342
94 -0.56619096 0.55502517
37 0.56933890 -0.55823474
848 -1.34872281 1.33143116
799 -0.12654515 0.12124873
291 1.45850829 -1.42866006
683 -0.53465633 0.53388152
514 -1.76155320 1.79864350
255 0.18896479 -0.21021236
574 -1.08709817 1.09247296
933 -0.15331845 0.13854704
485 0.70934720 -0.71491667
