18 0.19387851 0.23268469
28 -0.35597945 -0.24032527
21 0.97877898 1.02486121
11 0.62824932 0.59752430
10 -0.56647634 -0.39934556
12 -0.48079059 -0.36645291
1 -0.54951381 -0.46884118
14 -1.13341530 -1.10177497
16 1.17112435 1.03657135
22 0.49964096 0.59825755
25 1.14653766 1.07845225
3 0.95057212 0.94816733
15 -0.72882329 -0.73314498
2 -0.17757181 0.01120864
9 0.73077217 0.69103058
13 -0.65445797 -0.58458450
24 0.36493043 0.35029536
8 -0.78638079 -0.65137090
26 -0.49348021 -0.41568576
27 0.47426859 0.56749059
5 0.00337103 -0.02099899
0 -1.68830398 -1.84826586
17 1.31465490 1.24144568
20 0.67756891 0.70615804
19 1.14746571 0.99679128
23 -1.36521388 -1.26875900
29 -1.98871674 -2.26563417
6 1.07228096 0.97051929
4 -1.82997970 -1.99991694
7 1.44500927 1.31364284
