18 -0.08025800 -0.03084680
21 -1.13372457 -1.25142781
28 0.23669217 0.46900434
11 -1.01900102 -0.92619951
1 0.79730331 1.00387224
12 0.42018930 0.47496513
16 -0.53804354 -0.42363352
10 0.32984247 0.57191483
22 -0.98823593 -1.15739100
14 0.69945301 0.80919541
25 -1.66950119 -1.89574797
3 -1.44388976 -1.52620467
2 0.44380962 0.45013161
24 0.30490538 0.54392983
8 -0.20825197 0.15567476
9 0.03763117 0.15928674
13 0.47175707 0.44749484
15 0.85016426 0.52568201
26 0.40174095 0.55727732
27 -0.43178989 -0.28535427
5 -0.98963531 -0.99171894
17 -1.81833558 -2.08100356
0 1.80571555 1.54021092
20 0.21659429 0.24855190
19 0.48033033 0.71511550
23 0.73627499 0.74543553
29 0.96597128 0.62114947
6 0.63909331 0.79667810
7 -1.70944813 -1.77770982
4 2.19264644 1.51166741
