22 -0.97735912 -0.26678067
28 1.01942801 -1.40533476
21 -0.95611930 -0.66677058
18 0.94193429 -1.17858663
12 0.11426905 -0.49831374
1 0.78648518 1.75840302
25 0.51882413 -0.20437992
16 1.17225809 0.83305631
10 1.37813360 0.77342509
3 -0.03802772 1.41878885
15 -1.67804657 0.09655846
8 0.16476820 -1.19175048
14 1.01696092 1.54820548
11 -1.57089614 -0.44922856
17 1.13330320 -0.97885791
9 -0.86377642 1.37502274
13 -1.02053523 0.02205304
26 -0.39675135 0.57551044
5 -0.71005212 -0.34263904
2 -0.69606593 -0.42621223
24 1.28277955 0.00985608
0 0.01371783 0.21227058
20 -1.72269796 1.69340383
27 0.58607680 1.25213784
19 1.14509800 -0.27446462
23 -0.34508419 -1.80814042
7 -0.88849686 -0.63423198
29 -1.23296237 -0.93215284
4 0.67983491 -1.09889334
6 1.14299953 0.78804594
