72 -0.10192414 0.16764317
23 0.70504609 0.80674946
57 -0.16675435 -0.22183491
5 0.49694087 0.37521909
56 -0.21769493 0.07862021
47 0.11510259 0.07512683
79 -0.74564834 -0.81908976
49 -0.42136169 -0.49738386
46 -0.99082771 -1.04579162
54 1.64384596 1.70831114
78 0.48889510 0.43466618
66 0.38050795 0.48519254
61 -0.51432386 -0.57340883
93 -0.76933872 -0.82868385
45 0.35348705 0.28870994
44 -1.46731185 -1.31525403
21 -0.07290322 -0.04655502
82 0.42177623 0.20524538
15 0.35395317 0.16927272
80 -1.31823061 -1.07553122
51 -1.81656619 -2.16278477
98 0.54613832 0.46955966
41 0.32183379 0.66283304
53 1.06350137 1.03211975
29 -1.02956956 -0.94577610
94 1.40225215 1.64392913
12 -1.16820824 -1.03586827
63 -0.48714638 -0.63430882
14 1.38162861 1.39149373
0 2.52895324 2.33209900
95 -2.09255926 -1.97574175
75 0.29560237 0.19353739
62 0.90440590 1.06156350
84 0.76293827 0.60509840
8 0.67936164 0.50063856
34 0.53180084 0.58093745
22 -1.95774945 -1.61795287
91 -0.92228116 -0.96936001
99 0.51138612 0.58709149
48 -0.86776932 -1.07053785
10 -1.04227553 -0.98902726
35 1.12938975 1.27310169
65 -0.30443350 -0.29775986
58 1.21308329 1.46925601
59 -0.28579166 -0.15197756
89 -0.17266937 0.05220516
50 0.38585575 0.14376012
83 -1.12325192 -1.01153198
87 1.56322743 1.42522613
16 1.54927505 1.50683633
26 -0.00907714 0.10224939
88 0.36810510 0.20561087
40 2.06852651 1.91973458
37 -0.15464061 -0.33546135
11 0.25196490 0.18534188
76 1.19932403 1.38420338
25 -0.71378014 -0.72085970
6 0.85067123 0.91209618
71 -0.75568386 -0.57983287
36 -0.12896218 -0.40381625
38 0.82708448 0.46601047
3 0.37397769 0.41076733
60 -0.22021638 0.04847331
92 -0.04165717 -0.13555238
86 -1.50405542 -1.73499738
74 1.34441501 1.08923858
13 0.03517468 0.06490508
90 0.43087891 0.32246522
69 0.18242960 0.34126074
55 1.24569915 1.21546023
85 -1.39021649 -1.23482838
97 -1.83875950 -1.90129974
30 -0.89370802 -0.67076057
19 1.08375826 1.16918218
52 -0.42538380 -0.48462632
96 -0.65805471 -0.67630875
32 0.74342490 0.52769297
70 1.09899721 1.06361979
18 0.45684423 0.29830460
33 0.87460239 0.74606876
67 -1.77854026 -1.97381388
73 -2.22408242 -2.18249154
28 -0.26709777 -0.20743020
17 0.90614356 0.89827642
64 -1.29981754 -1.24472786
27 0.36672189 0.39470607
42 -0.91788741 -0.97044495
9 -1.08044102 -1.03251631
43 -1.56636635 -1.87947001
31 -0.47384495 -0.49598660
81 0.31582043 0.54030019
20 -0.92898777 -0.91480503
68 1.32318387 1.47987206
1 0.36700060 -0.14270040
24 1.47892406 1.49720150
4 -0.98001046 -0.95279118
77 -0.08154524 0.11767623
7 -0.13785364 0.19441901
39 -0.39811874 -0.29124453
2 1.00151838 1.13174616
