72 -0.15501990 -0.78530599
5 -0.86848712 -0.45769433
66 0.21196295 0.57937537
47 0.21435151 -0.20981500
49 -0.13222243 -0.05371820
56 -0.59678850 -1.38363180
23 0.17867607 -0.25839319
57 -0.57599149 -0.62489374
61 1.74933012 1.75760559
79 -0.28917544 -0.35443496
46 -0.12140413 1.41254098
93 1.47119457 1.36326738
41 -0.70362324 -1.07970616
15 -0.90314231 0.35069155
98 0.40311621 -0.32036262
45 -0.55026203 -1.58865208
21 0.49324405 0.59923739
14 0.02561178 0.44907976
95 0.38452953 -0.82618959
53 -1.08789938 -0.13073472
82 -1.02426608 -0.20362689
78 -0.09054541 -0.73205902
65 0.27692683 -0.30455748
54 -0.60797428 1.09998764
44 0.82111124 0.36217802
63 -0.94659493 -0.70334124
0 -0.73550431 -0.11189575
80 1.46329718 0.95655134
51 1.74495070 2.37288807
62 -1.52415917 -0.39543741
88 -0.44858347 0.03720027
12 0.50660735 0.05307286
25 1.38763858 0.47720972
48 0.16802629 -0.20867631
75 0.43816089 -0.19253712
8 -0.95912887 0.40289780
85 0.52683502 0.75890443
29 -0.66007079 -1.32588628
59 0.30346511 -0.87929202
99 0.86337373 0.47178770
94 -1.32945883 -0.43269777
89 0.72432220 -0.23255988
36 0.01611683 -1.06238170
35 -2.33814793 2.08097889
92 -0.22445297 -0.94600251
38 0.43589723 0.68813224
22 0.48819124 -0.41628394
50 -0.52899552 -0.02977200
83 0.18043998 -1.01804669
34 -1.85379481 0.05361410
71 -0.27410214 -1.48122341
84 -0.38849032 -0.62750518
16 0.36224041 -0.17715919
58 -1.30496407 0.18484443
10 0.41115053 0.18895591
37 -0.71045649 0.69788096
60 0.33726088 -1.32426417
91 0.41047776 -0.68433364
3 -1.63101298 0.00083449
26 1.99388790 0.67347704
87 -1.12179876 0.68739346
11 -1.59842047 0.36884955
76 0.04842237 -1.08792913
13 0.65247279 -0.91036266
6 0.16088680 0.20390824
30 0.68643210 1.80102836
69 0.01090289 -0.95224362
70 -0.09294328 0.89694441
74 -0.57708013 0.11529605
19 -0.19284547 -1.37083319
20 -1.37071144 -0.22059481
40 -1.07492317 -0.46255423
52 -0.79180906 -0.89793826
55 -1.96038161 0.75938303
86 1.28165547 1.22140500
24 -1.77575716 -0.10758511
33 0.75883479 0.35478858
97 -0.30957076 0.30704875
96 1.18877529 0.13476780
18 1.53257635 1.93015476
28 0.05889928 -1.94946722
9 1.05285448 -0.07104748
90 -2.12985065 0.23191132
42 -0.83984545 -0.39946217
64 -0.36767002 0.07048565
32 2.24914868 3.53720991
67 0.89894819 0.94320024
27 1.34597186 0.57337998
31 0.27836118 -0.94503567
73 1.05313419 0.60349984
17 -0.20919035 -1.41116752
1 1.18694817 -0.15504388
4 1.55512576 0.87266736
68 -0.22809565 -1.74855040
43 1.41152690 1.57844592
2 -0.43469383 -1.97554947
81 -1.47627102 -1.38476406
39 1.76110259 2.48304221
7 1.41592765 0.10785040
77 0.53527515 -0.24265390
