0 -1.80799391 0.58189133
3 -2.63626449 1.19644890
4 -3.37151600 2.31831895
2 -3.58920631 2.01811183
1 -2.18848868 0.72845129
58 1.14317145 -1.49149515
37 0.09969793 0.08801168
89 -0.97778200 1.20074497
93 0.52312482 -0.64390110
83 -0.78993206 1.52167498
19 0.48163132 -0.06334950
86 -0.00323700 0.47092803
85 0.79318925 -1.64242138
82 -1.21132488 1.49150372
40 1.07550362 -0.60095441
6 0.35487760 -0.98782849
39 1.50113071 -1.67094667
47 0.97216888 -0.68180547
94 -1.24184280 0.75267026
12 0.67099736 -1.30784200
55 -0.23276992 0.65875514
50 -1.26435828 1.86775973
27 -0.08605577 0.65871476
87 -0.75837281 0.19905296
34 0.36108803 -0.50512551
35 0.19983164 -0.37906446
42 -0.24139527 1.07957121
20 0.83107131 -1.51526488
48 0.26105330 -0.90102979
84 0.83179003 -0.84332585
66 0.96930966 -0.61260020
76 0.96223121 -0.24853274
95 0.99451512 -1.21256736
57 0.24922460 -0.43690789
65 0.33606914 -0.78574308
80 0.76951969 -0.72912963
28 0.28143049 -0.16762886
98 1.29900509 -1.15480471
8 0.45666324 -0.85013873
78 -0.10671575 0.20264130
51 0.49930453 -0.54342600
17 -0.07958590 0.99522221
13 0.48352156 -0.34560932
16 -1.13008054 1.15303184
69 0.71266596 -0.23667102
43 0.43701288 0.74202951
11 -0.03396482 0.97342001
77 -0.13387934 0.68198771
46 -0.50295900 0.10380007
72 -0.12115641 -0.29864835
30 0.61085798 -0.45966295
99 1.45399362 -1.92303895
25 -1.09415634 1.77082234
41 -1.03953330 -0.95156171
10 0.27362660 -1.31920446
36 -0.70727929 2.09296369
75 -0.33478594 1.29079710
64 1.32643425 0.92596381
74 -1.06130425 1.22293862
7 -0.53553884 0.50296088
52 -0.35840612 -0.34408202
32 0.21540476 -1.04550478
14 -0.53268881 0.45563455
61 0.45927779 1.02233795
5 -0.48272397 0.60038169
90 0.99031760 -0.75900109
73 -0.03447331 0.34317906
97 -0.51513108 0.24248276
26 0.63654378 -0.30676639
49 2.52236406 -2.32460690
23 0.48421895 -0.31417608
15 -0.20895442 -0.41279580
9 -0.77022518 0.04381917
29 -0.39794497 0.94895529
96 1.54217433 -1.65427378
33 1.22195711 -0.04924779
79 -0.67433535 0.35957669
91 -0.53300072 0.48670120
63 -0.22054373 0.17139944
45 -0.26133140 0.06424630
67 -1.43988986 0.96448613
24 1.31012452 -1.28165799
56 0.85158943 -0.06208721
70 0.76544880 -0.59355839
68 0.41678384 -1.19491645
62 0.13295016 -0.29373651
38 0.26091052 0.15248345
71 0.95865792 -0.15016560
44 0.58384244 -0.13174545
81 1.08728641 -1.55554501
18 -0.58908268 -0.13329885
59 -0.03715960 -0.82070999
31 -0.01071408 1.17074054
22 0.30365268 -0.25257467
92 0.37063458 0.04184014
53 -1.49027197 2.44537914
54 -0.83393577 0.89587767
21 -0.51746982 0.17330390
60 -0.62735900 0.20546227
88 0.48726920 -1.08879477
