72 0.32882191 -0.46673679
5 -0.27800172 -0.02268416
66 -0.29004991 0.31059084
47 0.14006927 -0.30533724
49 0.74011369 -0.82233424
56 0.44400630 -0.72611358
57 0.96593529 -0.89597700
23 0.13329396 -0.37927340
98 -0.24535481 0.02958940
61 -1.34810976 1.82815199
46 -1.17820552 1.06203262
41 0.66734557 -0.99238160
15 0.66909829 -0.73298265
21 -1.46153182 1.69396173
0 0.53407239 -0.87226639
45 -1.31076140 1.03734430
79 0.78800752 -0.85898833
44 -1.19115708 1.45993750
93 -0.91304874 1.15485715
54 -0.95754817 0.89762615
95 -0.17213799 -0.01297047
88 0.58796990 -0.91162493
62 1.15619516 -0.98760013
78 0.66579993 -0.70109274
53 0.27347450 -0.42679837
14 -0.00522269 0.25545080
65 0.03053172 -0.39118365
75 -0.14454457 0.23955290
80 -1.27723152 1.33965119
51 -0.86725158 0.79331965
63 0.22271448 -0.25133197
48 -0.26313987 0.25106495
82 0.04212972 -0.31294277
12 -0.40513736 0.40747026
8 -0.19169559 0.19170956
99 -1.54123192 1.58991542
25 -0.94544535 1.05844305
29 -0.01271079 -0.31505478
85 0.57527045 -0.45501443
89 -0.17064758 0.20666502
16 -0.87609594 1.16483893
59 0.21481221 -0.46060679
84 -0.94620047 1.08609249
92 0.35926502 -0.30278814
83 0.47402053 -0.74794957
22 1.07102650 -1.08874816
38 1.04579805 -0.82067548
71 -1.27210030 1.32715575
35 1.72919719 -1.52941761
36 1.58412733 -1.55081501
91 1.21244625 -1.21448487
94 -0.48213334 0.32589982
50 -0.13983772 -0.02012335
87 0.61051704 -0.56527564
58 0.28857075 -0.36910104
37 2.79653208 -2.16706678
3 0.38776031 -0.46894123
34 0.73623609 -1.01223337
60 -0.92238141 0.73616065
10 -0.95381162 0.70547605
69 -0.38515719 -0.10219668
30 -1.47876196 1.82233114
11 1.62472094 -1.56737417
6 0.79129238 -0.90433082
40 1.05306826 -0.83596513
97 0.30719046 0.01416010
13 -1.64748281 1.54792919
70 -1.07911350 1.01190294
26 -1.18878310 1.67305900
19 1.19273409 -0.99883265
55 0.62276511 -0.61737632
74 1.26619250 -0.96291815
20 -0.07404088 0.09988389
33 -1.16376654 1.44368214
52 -0.22772521 0.26746654
24 1.75455949 -1.53037713
76 -1.13706449 0.86678807
86 -0.97273145 1.82819890
18 -1.59317533 1.53847354
9 0.62049317 -0.80501739
28 -1.12984650 1.09715609
90 0.64558056 -0.70684645
96 -0.73376952 1.01171369
27 -1.63706250 1.82452020
32 -0.20429631 0.25885013
64 2.55245603 -2.17989792
42 0.06526810 0.06641325
4 1.43188210 -1.09397677
67 2.70341253 -2.29674620
73 -0.45401469 -0.14010377
17 1.19716572 -1.44056055
43 0.01781665 0.36182777
31 -0.25512745 0.08000428
1 -0.44269851 0.40392474
68 -0.14770188 0.14191882
81 -1.09109746 0.62851418
2 -1.27694820 0.82591535
39 -0.66006350 0.92160258
7 -0.56557088 0.45360608
77 0.98696890 -1.00136399
