49 0.53714903 0.46132286
61 -0.66482618 -0.50196634
21 0.01410060 0.31206770
66 0.04520429 0.11125206
47 0.50909789 0.46176643
5 -1.15756375 -1.07963944
56 0.06928550 -0.25309114
23 0.97078204 0.76410415
72 -0.63251037 -0.72426071
82 -1.00311801 -1.05923240
62 -1.22965085 -0.91291987
46 0.76493785 0.88705093
63 -1.41556930 -1.48098432
29 0.55111861 0.49531430
54 0.89712182 1.11982020
57 -0.72892086 -0.24715958
51 1.21529324 1.44251282
8 -0.76159539 -0.53965392
94 -0.92077421 -1.05733041
98 0.15989361 0.01451177
15 -1.09392490 -1.29513961
99 1.99435642 2.16971427
44 -0.59224898 -0.43577790
41 0.80274085 0.89459428
85 -0.25405197 -0.18052342
16 -1.61283203 -1.44018316
14 1.54162615 1.40028714
69 0.80691299 0.34978871
78 -0.53525791 -0.67564444
34 -0.16251507 -0.35689051
50 -0.16007256 -0.09325203
71 -0.91863673 -1.15007774
25 -0.51365577 -0.59564785
93 0.44643467 0.22624295
97 -1.05400053 -0.68913740
89 0.81568557 0.66136742
12 0.15967426 0.52726283
45 -0.41619881 -0.15154087
83 0.54387026 0.37247937
79 -2.54709450 -2.31908963
88 1.92101677 1.95973743
95 -0.69326574 -0.80832152
53 -0.72601339 -0.59838266
70 -1.43142389 -1.08103503
84 -0.20112565 0.11684483
13 0.26537382 -0.10428704
65 0.80077645 0.78843996
48 1.39172155 1.57965461
59 0.76942370 0.29471085
80 1.12682570 0.61337927
22 -0.90990974 -0.46843849
40 -0.42198635 -0.42503581
0 -0.28844015 -0.09251676
75 1.49541387 1.19398419
35 0.99842304 0.62338072
60 -1.00068693 -1.09410798
38 1.68766753 1.49228907
52 0.17825697 0.29443338
92 -1.42702326 -1.38990201
37 0.42913034 1.38033259
10 0.46092235 0.59138453
30 -0.80627683 -0.90968744
87 -1.35369206 -0.85848395
20 0.19527455 -0.09768569
58 0.29308109 0.06243226
26 1.12459145 1.21375393
36 -0.09737735 -0.16952857
86 -0.55328768 -0.12360191
11 0.57556459 0.35086271
3 1.46185967 1.38148678
6 1.48676056 1.38153682
64 0.94767601 1.04751769
91 -0.74210560 -0.20893189
76 0.86791570 0.87725963
18 1.84575716 1.84576010
33 -0.57517885 -0.62100382
28 0.32835921 0.06044851
9 -1.22127458 -1.70905634
1 -0.33258807 -0.08166874
90 -1.17662971 -0.92466830
74 0.52737386 0.61089729
96 -1.61683967 -1.99545465
4 0.36838868 0.26448187
31 1.15599504 1.32378889
43 0.60223830 0.77725675
55 0.61558744 0.69980035
24 -2.26910907 -2.08098389
81 -0.87972112 -1.12954789
68 -1.26549562 -1.49668874
27 -0.35724048 -0.56035552
32 1.72995855 1.99299530
7 0.68081872 0.71588183
67 -0.78133880 -1.03120446
19 0.68894092 0.64920292
42 -1.16285662 -1.22946438
2 0.89667171 0.73730652
17 0.31355793 0.11596667
73 -0.88658825 -1.74583058
39 -1.00487278 -0.84000456
77 1.48075803 1.40635295
