225 -0.70335979 0.73700653
658 0.76626577 -0.80924750
724 -0.70850255 0.71025308
100 1.23367337 -1.21309474
419 0.36076517 -0.32966860
143 0.25720960 -0.29561697
115 0.92968008 -0.91652956
692 1.72138402 -1.60045955
775 0.03645638 -0.10181893
437 0.91236971 -0.89460313
675 -0.91140078 0.90143570
136 -0.28960757 0.21263336
567 -1.58341120 1.64144778
472 0.76942746 -0.86335905
272 -0.36188013 0.22785068
134 0.91639369 -0.86207436
13 -0.21543104 0.12328011
230 -1.41813163 1.41092215
732 0.18465889 -0.26514211
944 0.45802466 -0.44476068
270 0.15050312 -0.24486433
515 -0.69892710 0.61352914
875 -0.09389297 0.04595055
340 -0.12070940 0.06812311
651 1.60239569 -1.47292690
148 -0.69434508 0.68128223
258 0.01789117 -0.07478382
917 0.60012924 -0.59100911
621 0.48945864 -0.54949763
900 -0.39015103 0.37219309
416 1.38148393 -1.30463205
406 -0.60639660 0.56396042
370 -1.43360665 1.38462871
203 -0.42863603 0.33011576
785 1.32073168 -1.26590710
116 0.95244654 -0.86770939
49 -1.57635236 1.65337035
182 -0.05159240 0.04682779
10 -0.01352501 0.03932191
599 -0.94673445 0.88863480
817 -0.27572912 0.24220125
331 -0.56573552 0.52472507
573 -1.46928816 1.52147902
463 0.66895096 -0.63232194
310 0.10139625 -0.14980716
133 -0.67095122 0.65917564
311 0.25724672 -0.30023737
423 -0.13283261 0.03156916
812 -1.24464931 1.28476772
491 0.18050710 -0.18726228
831 -0.39474636 0.40916066
642 -1.00600960 1.00973674
699 -0.17924429 0.15815678
240 0.52074516 -0.58462878
866 -1.21594969 1.17762631
401 -0.73393111 0.78376517
306 -0.13122196 0.04110105
266 0.75284300 -0.81642605
662 0.00532842 0.00540658
470 0.38517844 -0.45726650
156 -0.33666967 0.33338767
678 -0.99317337 0.99946716
138 -0.92818701 0.98202846
588 0.35585265 -0.44086310
895 -0.72853140 0.70136535
958 -1.58250212 1.61600512
771 0.48011548 -0.45232094
746 1.74538082 -1.67147077
282 0.39931643 -0.45516329
664 -1.48296301 1.54096692
780 0.27183694 -0.30732892
680 0.96724328 -0.93474074
395 0.38852841 -0.41514204
761 -0.06772581 -0.03450266
345 -0.61422009 0.54904761
324 0.11129587 -0.15017655
118 -1.41390382 1.38877931
113 0.72597045 -0.82251167
335 -0.72162200 0.67803461
102 0.35291560 -0.37294145
842 -0.31311035 0.35692105
193 -1.49487152 1.45322061
899 -1.52007416 1.53056322
735 -0.42607929 0.31421767
204 -0.65244288 0.59778222
557 0.68629770 -0.66175461
41 -0.82631463 0.82635508
516 -0.98657609 0.98802310
996 -1.46144048 1.42340623
81 0.20010373 -0.25788780
344 0.30538870 -0.36000244
409 -1.02513707 1.09144020
953 -0.44931496 0.41552866
161 1.89516526 -1.85830703
314 -0.58530216 0.54855932
431 0.63806657 -0.62713749
757 -0.04314528 0.06186059
598 -0.77794414 0.69601633
545 1.16572150 -1.15319265
16 1.01109706 -0.97727881
521 0.08368079 -0.11740417
804 -0.63326605 0.62946529
981 0.80519107 -0.82493824
429 -0.17009100 0.16880335
452 -0.92179427 0.92839106
748 1.95945605 -1.84156143
497 -0.46363462 0.48316611
297 0.38760270 -0.37606111
28 -0.85275157 0.81148758
300 0.10149582 -0.19264792
271 1.74172670 -1.63547398
946 0.69950361 -0.73279700
66 1.04491256 -1.02814891
903 0.03304706 -0.05987862
341 -0.84611312 0.82087519
319 1.51324115 -1.44443962
568 -0.10897630 0.06594957
893 -0.01272508 -0.04162031
477 0.53741028 -0.49468719
294 0.71007148 -0.77153211
562 1.14433852 -1.09397060
506 0.20533632 -0.25449373
242 0.48881343 -0.42121026
999 -1.39463808 1.37888674
787 -0.01160206 0.03479612
639 0.90591830 -0.95218669
821 -1.21239439 1.31305345
448 1.05615827 -1.09529734
978 -0.83968735 0.80897148
765 -0.50226960 0.43906059
561 -0.07409805 0.06890429
275 -1.30122133 1.35719485
972 -0.35337950 0.26997840
35 -0.73921020 0.79898175
856 -1.11648683 1.19468982
303 0.82528461 -0.85302786
293 0.75081894 -0.76527068
711 -1.70201766 1.76540040
744 0.16993751 -0.21675622
951 0.26240696 -0.28531405
305 1.54765960 -1.50628942
941 0.38492922 -0.47121471
605 0.91289415 -0.92046194
518 0.51276498 -0.52100492
173 -0.29205231 0.26435714
687 0.18141899 -0.15772593
670 -0.38197699 0.33408294
482 0.13316719 -0.18279631
769 0.71456198 -0.78982521
427 -0.75604339 0.79882081
256 -0.14285160 0.06136542
244 -0.01059261 -0.00506599
251 0.98506297 -1.00456768
44 0.12842197 -0.16230972
500 0.10094275 -0.15025883
494 0.56263394 -0.57337829
519 2.26872230 -2.09318663
740 -1.10573694 1.13913625
15 -0.95383942 0.99182570
991 -1.98959461 2.01803987
538 -0.07428126 0.02265207
449 -0.93797158 0.94595736
313 1.65440909 -1.66375608
537 -1.18834024 1.18679824
616 0.17801110 -0.25463148
201 -0.51074813 0.48804388
404 -0.60255370 0.56450199
613 0.45843379 -0.42476492
885 -1.58945941 1.58954892
38 0.08070544 -0.03815736
243 -0.98965928 0.99648090
998 -0.77609355 0.80845093
190 -0.37635869 0.29951112
669 -0.01401223 0.08406650
968 1.53743832 -1.52058018
167 -1.48076976 1.48498270
563 0.11479173 -0.16602968
947 0.35567731 -0.36734013
30 0.69361636 -0.74361431
381 0.95037406 -0.87186435
353 0.89364288 -0.86801643
57 -0.15712501 0.12477251
369 -0.14015792 0.12215274
445 1.10153428 -1.04736058
73 0.48038533 -0.53646546
128 -0.12789199 0.13413874
852 1.55187220 -1.52902095
543 0.20591063 -0.26970778
888 -1.59350335 1.65371472
881 -0.04018533 0.05815079
822 0.20643943 -0.20317994
805 1.69020595 -1.65905883
887 0.50761339 -0.53512386
278 -0.48244391 0.41936715
502 -0.76572413 0.77611537
132 -0.30075043 0.35598218
997 -0.92875754 0.85883745
213 -1.31965148 1.31668822
734 -0.74734539 0.76130225
221 -0.38858941 0.35677967
693 0.93675198 -0.92362075
843 1.40384891 -1.31342082
206 -0.20928501 0.22981179
414 -0.90652670 0.91731348
583 2.49104199 -2.29372496
421 1.66340794 -1.60579335
349 0.08390986 -0.20199457
640 0.70729108 -0.64936841
750 0.53617937 -0.59321636
841 1.65743493 -1.56505146
263 0.54063455 -0.56934948
857 0.61677686 -0.60661574
222 1.87794927 -1.81116705
839 -0.46869036 0.46965797
378 0.24762236 -0.30698963
555 1.03284375 -0.96605080
195 -1.46121922 1.58181937
86 1.15166355 -1.17199108
163 1.78717166 -1.76231933
265 -0.44938946 0.47759052
532 1.68424358 -1.66817494
715 0.91919023 -0.92165347
39 -1.05873342 1.09112482
730 0.16611240 -0.17478763
618 -0.15305241 0.06168442
234 1.29166879 -1.29217589
975 0.68465550 -0.65250692
105 0.37649271 -0.41067860
208 -1.47413039 1.54234441
8 0.54008139 -0.49119959
99 -0.54926393 0.45292868
389 -0.43540953 0.43334436
75 -0.21147996 0.22585621
197 -1.52076660 1.48342396
566 -1.34369529 1.30708310
627 0.36995089 -0.39228907
347 -0.81129555 0.86733658
954 0.89551333 -0.90184150
797 0.42268702 -0.47360756
570 1.23102947 -1.20454341
169 -0.01186911 0.00649589
786 -0.25768970 0.19628144
478 0.01775071 -0.07416249
107 -0.64378847 0.62090236
880 -0.00148313 -0.00398212
793 0.74206447 -0.75334195
781 0.48147397 -0.45131718
762 -0.84727573 0.81819633
672 0.40138667 -0.40582584
501 0.36052654 -0.34967125
385 0.51539308 -0.53858064
855 0.30982511 -0.37932650
245 0.03718193 -0.02917683
823 1.05908002 -1.16603886
398 -1.28553354 1.20128801
246 0.25500576 -0.25631999
53 -1.31273469 1.33445534
386 0.29535939 -0.31393835
840 0.39218481 -0.44806050
580 -0.49333423 0.47355012
460 0.81182943 -0.81798625
23 -0.99600122 0.98537178
89 -0.26826247 0.25097625
811 -0.59554470 0.67371000
227 -1.59718804 1.70975839
772 -0.51365302 0.51825085
608 -0.46916845 0.53016798
708 0.50312518 -0.42687900
696 -1.10368042 1.13424035
942 0.01454578 -0.07827757
541 0.59755057 -0.57920327
729 -0.43049149 0.40822541
674 0.17336719 -0.17238173
912 0.09330766 -0.14427906
548 1.77888688 -1.75789831
43 -1.27965060 1.28978832
838 -0.36176333 0.36362001
930 -3.51610379 3.84471886
170 0.76374093 -0.72091105
101 -0.35629980 0.35419506
637 0.58414152 -0.65554575
268 -1.33646802 1.28154620
231 -1.32617206 1.27312609
858 -1.80093566 1.86009471
390 -2.04307007 2.09548036
602 -0.18661731 0.16415902
936 1.03573894 -1.02231414
493 1.41201138 -1.38734398
238 -0.40149951 0.39310996
332 2.42155933 -2.27954766
192 -1.13941896 1.11028068
671 1.08162083 -1.08331605
432 0.20727616 -0.23771260
65 1.66487146 -1.64430371
779 -0.08415802 -0.00639564
928 1.32580489 -1.26602129
835 1.36911479 -1.28050853
380 1.70599766 -1.69202007
352 -0.29815489 0.23046211
601 -0.43957912 0.41699424
803 -0.28053783 0.23558711
995 -1.01246932 1.00848322
525 -0.22314533 0.15683765
140 -1.31486786 1.38465916
9 0.25807250 -0.27027255
859 2.32298018 -2.16156393
922 -0.25510183 0.27258295
534 0.81792338 -0.85416429
595 -1.28244494 1.36913554
174 -0.00834078 0.03633565
142 -0.17528255 0.12011078
934 0.60044681 -0.62716141
572 0.08888766 -0.09618353
292 0.89378577 -0.89061638
290 0.12639164 -0.08336378
127 -1.13579950 1.14066600
547 -1.32870091 1.38520146
96 0.21511438 -0.21974756
373 -0.31279709 0.27216173
151 0.62383926 -0.62577160
131 0.65879925 -0.63958930
50 -0.43345007 0.40090222
939 -0.58699370 0.50557320
956 1.21469556 -1.12546081
646 -1.24860055 1.27243915
698 -1.21262897 1.18949957
481 -0.15995560 0.10052537
487 -0.60537516 0.60408607
18 -1.80512935 1.80598570
909 -1.51872169 1.54457595
178 -0.95568449 0.90226328
399 -0.03584784 -0.05076976
844 -1.22166507 1.31172199
890 0.97467664 -0.94684564
254 -0.07112864 0.12720415
382 -0.18284390 0.18970209
315 -1.15137272 1.09505539
982 -0.43124165 0.41286539
337 -0.15117017 0.15729983
383 -0.34107237 0.34300293
517 -0.80481576 0.77722316
703 -0.08846641 0.05539362
660 0.17648343 -0.20017447
706 -0.81253442 0.84791212
985 -0.63547938 0.59160816
194 0.54705254 -0.55969797
624 0.50539235 -0.58612880
911 -0.53760385 0.49991570
63 1.16579125 -1.11679094
873 0.18903807 -0.25480439
123 -0.35403497 0.30850398
476 0.58109650 -0.59265739
32 -2.55601740 2.72279430
95 -1.05143359 1.05422759
987 0.20362303 -0.22048053
328 -0.65548183 0.59926992
90 0.47520714 -0.50530004
412 1.67466667 -1.63953504
302 -1.09395808 1.09718579
6 -0.05440458 0.03733795
867 2.06635714 -1.97942818
685 1.69388891 -1.65797859
318 -0.78379786 0.77983496
357 0.76362711 -0.79394682
716 -0.30103216 0.29830763
202 -0.01536922 -0.00753026
232 0.77810558 -0.78463098
339 0.64282103 -0.72513524
283 -0.51530638 0.54718618
539 -0.24154925 0.23340270
14 -0.10302824 0.12714361
962 1.52309627 -1.52116888
400 0.02965335 -0.04019932
468 -1.16374516 1.22667014
351 0.28072708 -0.25515783
70 -0.53762991 0.51176939
723 -0.76808580 0.73932398
529 -1.79766279 1.88287518
976 -0.80243270 0.78582162
405 0.53771760 -0.56174645
326 -0.44644843 0.41746911
121 0.45075433 -0.49963166
342 -0.06879290 0.09256564
596 1.39687931 -1.37701279
807 -0.28362046 0.27705183
792 0.03205375 -0.08058632
564 0.91944319 -0.91701241
597 0.43048245 -0.44978309
589 0.32002079 -0.38362645
129 -0.40424124 0.35894560
546 0.20976384 -0.25391736
392 -0.39277492 0.31553898
276 1.19770706 -1.19212241
644 -1.09678870 1.14571342
250 0.74127594 -0.70472660
359 -0.22631429 0.22546326
983 0.04946564 -0.13183595
937 2.39875127 -2.33369836
25 1.03050753 -1.03406596
961 0.37074474 -0.37426493
393 0.42397273 -0.43049819
155 0.60567575 -0.60323617
620 1.76701307 -1.73159399
986 -0.27158063 0.19283082
579 2.44978742 -2.32481244
157 0.50656768 -0.46034774
861 -0.58685215 0.52842726
569 0.00214225 0.03374306
832 -0.75084818 0.75371045
721 -0.14778303 0.08716804
403 -0.05490201 0.06686669
526 1.67990142 -1.68235224
29 -1.25183305 1.36730855
774 0.11889080 -0.19190117
450 -1.57612825 1.57202213
447 -0.65315687 0.58392718
643 -0.67305656 0.67548624
422 -1.25988039 1.29897402
330 0.94853510 -0.90664786
892 -0.79096251 0.79849093
364 0.73297573 -0.70469651
681 1.22342852 -1.25175227
76 0.92981285 -1.03932182
709 -0.51487280 0.49971995
847 -0.48875173 0.47758291
950 -0.26412744 0.23872018
307 0.41783753 -0.40222405
371 -1.05587672 0.96828326
144 0.02672555 -0.08268519
237 0.83206793 -0.92302118
622 -0.25739330 0.26667133
945 1.54399580 -1.51456996
159 -0.36277985 0.29694427
71 1.80030074 -1.74600474
214 0.14036874 -0.19146617
713 1.86879103 -1.70561230
960 0.13117497 -0.21152537
974 0.00868178 -0.00966972
209 0.85525491 -0.87326432
819 -0.25974687 0.32938206
673 -0.25504553 0.19787498
952 0.72360701 -0.70363004
777 2.52652440 -2.40292899
1 -1.24103948 1.23954317
719 -1.04602315 1.09046290
480 0.35679621 -0.39154703
891 1.38655908 -1.28798868
898 0.13833531 -0.11114238
277 -0.49300381 0.46684970
97 -0.01622153 -0.07134516
455 0.20924723 -0.22437738
333 0.42907721 -0.46546512
874 -0.39771392 0.35535868
882 -0.15841994 0.08737358
768 -0.85990307 0.84472757
689 0.14325988 -0.09201952
224 -0.72678832 0.79508272
360 -2.60137141 2.76628683
988 -1.12733129 1.19012670
522 0.07919887 -0.14560653
464 -0.67237749 0.70616519
656 0.84081228 -0.92545716
177 -0.99674485 1.05127613
72 -0.70955386 0.65813056
139 0.09515246 -0.14813169
473 0.43753219 -0.47590217
223 0.17536510 -0.08959513
354 -0.29407116 0.32718605
677 -0.62530070 0.54917920
181 0.54742231 -0.52393680
377 0.13686278 -0.12841904
739 0.66930819 -0.68367343
631 0.07766099 -0.16158908
782 -1.39583469 1.38131656
556 0.17551047 -0.28481380
296 -0.90666536 0.92049331
52 0.96232373 -1.04590334
4 0.76587502 -0.76615082
83 -1.78943804 1.87258024
869 0.19747835 -0.32252811
720 0.85290215 -0.84531208
36 0.32003534 -0.34612456
226 0.82908474 -0.81319946
59 -0.60554773 0.59449944
742 0.55431539 -0.62245329
686 -0.95748998 0.99816579
784 -0.20771366 0.20566869
74 0.63549472 -0.61478500
196 -0.55740243 0.56368166
760 -0.69563325 0.70531078
836 -2.16282867 2.29665959
77 -0.74139824 0.76371105
60 -0.69326569 0.67726792
397 -0.24540770 0.24232450
536 -0.18635500 0.13921552
320 -0.79321569 0.78000896
446 -1.01777984 0.97013490
741 1.38984373 -1.30628070
559 -0.25665932 0.22706224
617 1.29133666 -1.29016765
914 0.58100424 -0.63199134
970 -1.54520090 1.53115409
682 -1.22569103 1.17986075
923 -0.55272984 0.47295054
778 0.12884854 -0.19941068
794 -2.59723630 2.74315220
162 -0.79324267 0.71068119
879 0.61286327 -0.61976319
586 1.40131549 -1.31111207
91 -0.37688387 0.35724947
809 0.00529310 -0.08141898
829 1.62670681 -1.53184046
609 -0.03443719 0.09680324
549 0.11187779 -0.09088743
932 0.36188261 -0.42298360
977 0.31538947 -0.34959150
160 -1.77700579 1.87680334
814 0.32431629 -0.34559532
137 -0.32821404 0.26424477
20 1.16668133 -1.20549134
175 -0.75839118 0.85657510
179 -1.60105497 1.65099236
210 -0.23701746 0.25533746
752 0.23376498 -0.24022653
205 0.24732080 -0.18201403
964 0.18892614 -0.28764201
612 -0.40816074 0.35325873
902 0.05476561 -0.14356712
758 0.94242242 -0.96363801
51 2.13293644 -2.14565824
56 0.03593224 -0.11428161
632 0.31412606 -0.36522967
442 0.97971168 -1.00111669
424 -0.76318856 0.77774879
108 -1.41537859 1.52238526
467 -0.29454964 0.28950001
304 -1.05272761 1.03629118
228 -0.41330503 0.41585382
702 -1.03830055 0.98031638
718 -2.09942602 2.08515641
126 -0.68708850 0.71944241
625 -0.67406030 0.67942732
512 0.53523850 -0.55454143
79 0.93736143 -0.95987890
55 1.00255330 -1.02524095
215 -0.36315094 0.35846348
607 0.59583911 -0.60933230
733 1.15879746 -1.15185648
259 -1.46135393 1.51386293
84 -1.02755549 1.04735027
391 -0.16270874 0.15323587
916 0.17739824 -0.23386323
864 -1.31074823 1.24445865
665 0.90682417 -0.86614522
22 1.74966457 -1.67600381
565 1.14393343 -1.11825435
199 -1.45318789 1.52890660
27 -0.63044301 0.58931789
216 1.18937888 -1.23137081
184 0.23699002 -0.28507407
430 0.32792964 -0.32645614
725 0.00448813 -0.07140134
58 0.01290301 -0.09482779
376 0.94734602 -0.91511654
834 0.51903295 -0.57143675
164 0.96596483 -0.90600805
80 -0.42198297 0.37066335
737 0.89518371 -0.93084932
910 -0.35889510 0.29644076
420 -0.29507815 0.27122394
654 -0.74875349 0.68681612
150 -0.02874474 -0.05656828
218 -2.50487873 2.68500749
552 1.62714272 -1.59957796
966 -0.56346742 0.57128433
755 0.93062284 -0.93051655
17 1.19981213 -1.11553996
896 0.57773194 -0.58057098
610 -1.57589626 1.65978874
46 -0.47836597 0.43504592
927 0.90837300 -0.86350369
287 -1.11031179 1.11080122
219 -0.27336410 0.29493604
5 -1.65167693 1.71203342
408 0.02156935 -0.07762363
530 0.72147886 -0.75808633
180 0.08669615 -0.09693753
188 -0.01455743 0.02566189
571 -0.01374199 -0.06394476
229 0.27873517 -0.33247796
141 0.89475703 -0.90587211
490 0.44545010 -0.51706565
456 0.66014072 -0.72048874
745 -2.08775900 2.22042115
854 0.63917263 -0.64575612
921 1.26299392 -1.20253263
820 0.32603276 -0.36617760
634 -0.00585103 -0.01010653
346 1.82312860 -1.76210800
926 0.75589145 -0.81378489
454 -0.56605139 0.51848829
426 -1.57328227 1.61082611
955 0.87325161 -0.89818752
688 -1.37133592 1.39933526
247 0.29852517 -0.30862630
217 1.44698523 -1.34902938
948 -0.32833745 0.35591620
789 -1.22393554 1.25416308
469 -0.01270249 0.11255270
587 -0.21590414 0.25022116
558 -1.18754885 1.16708523
717 -0.68834614 0.61617502
145 0.78653580 -0.83431316
372 1.10364629 -1.09023542
387 -0.11676992 0.06857370
649 -1.84240190 1.93965327
828 -1.32937694 1.45827021
853 0.19575849 -0.22744412
663 -1.71696076 1.73968841
695 0.05968655 -0.06741568
316 -0.60727744 0.49389351
773 0.82810935 -0.82462721
800 0.52830979 -0.62407801
329 1.10865090 -1.13466718
374 0.27774244 -0.26975490
796 -2.29245519 2.38608933
114 -1.59760126 1.64960979
458 -1.69825544 1.70731007
186 -0.72407248 0.71039663
367 1.28321491 -1.22755951
417 -0.29105099 0.27407282
676 0.28896744 -0.34066679
110 -0.56861733 0.58785521
540 0.13105285 -0.27849401
152 -0.90615807 0.88638477
112 1.23954940 -1.18988290
211 -2.02226236 2.12151244
280 -0.20258115 0.22329081
668 -1.16874211 1.20856553
850 -0.54325034 0.49006155
707 0.78998665 -0.79751090
756 1.21668237 -1.14697145
508 -1.55897272 1.64410489
915 1.14975837 -1.11375937
710 0.71402646 -0.76861835
694 -0.83491473 0.84352408
690 0.38492108 -0.36326710
158 -0.59347848 0.49879920
878 -0.93112837 0.98346287
64 -0.32713051 0.33060948
600 0.51734902 -0.50611458
11 -1.14885760 1.16489537
474 -0.31020535 0.28238055
979 1.48176812 -1.43978877
117 -0.35900935 0.32618990
484 -1.30808992 1.29380262
604 0.16228242 -0.13241885
603 -0.46131886 0.41398406
860 -0.55131650 0.54217138
801 -0.67016788 0.68682410
551 -0.52991456 0.38739264
862 -0.43467646 0.42597115
365 0.22977545 -0.27407733
818 -0.00461604 -0.10797487
513 -1.34588220 1.34000265
336 -1.76841783 1.92289136
198 0.44646349 -0.41444459
286 0.23930996 -0.27296301
802 0.18480154 -0.15890043
872 -1.27571339 1.35786185
584 1.23936698 -1.19853428
697 -0.58973522 0.58618083
486 -0.45706679 0.42014725
149 1.69735032 -1.58483480
355 0.08536514 -0.12802175
153 0.12099680 -0.20779164
298 -0.65330899 0.66663513
122 2.97893274 -2.65670126
388 -1.04990846 1.06799744
444 -0.90685390 0.87357083
965 1.29233603 -1.27111185
759 1.07016037 -1.05997661
269 0.13737702 -0.15948659
957 -0.50217111 0.53226576
146 -1.09981142 1.09773316
257 1.18605715 -1.05452645
615 0.57074553 -0.61162511
837 -1.58726058 1.66802724
166 -0.43314571 0.37238703
636 0.98943543 -0.94668397
714 -1.71656847 1.84547987
667 0.30302090 -0.33489582
85 1.45410682 -1.53388024
67 -0.79202927 0.79657332
544 -0.86128808 0.86027077
361 0.71041552 -0.72426017
261 0.52570645 -0.59568425
19 0.74574863 -0.76381633
68 0.26957280 -0.31387999
61 0.24850659 -0.28649579
527 0.65502547 -0.68679526
441 0.70137071 -0.80157813
233 0.16101707 -0.23193547
309 -0.67284511 0.64447743
48 -0.75610340 0.72966123
628 1.15200993 -1.17700805
897 -2.68671980 2.92634681
87 1.39181810 -1.37858820
498 1.80597936 -1.73433448
262 -0.26288558 0.26287634
531 -0.30260454 0.25019832
919 0.72052343 -0.76978305
969 1.18145248 -1.18194673
78 0.02543953 -0.01487882
301 -0.77851964 0.78343783
489 0.47726005 -0.46507254
499 -0.49484569 0.42918143
356 2.86757624 -2.66551468
363 1.64343385 -1.62366016
650 2.63426570 -2.48937573
130 0.17943446 -0.12424814
443 0.65990746 -0.67800903
542 0.34282788 -0.31569176
810 -0.18005083 0.13257347
200 1.15333491 -1.12763870
338 0.80037641 -0.80014409
317 0.72877548 -0.86332027
7 1.03688844 -1.00232381
82 -0.21528444 0.21085060
120 0.55708467 -0.56405266
281 -1.08535538 1.08601215
845 -0.75974657 0.79591139
575 -1.02640167 0.98294812
248 -0.97487806 0.96586648
260 1.48644337 -1.52444441
808 -0.09064119 0.11209051
322 -0.55393616 0.58325946
124 -0.02064986 0.00684135
523 0.96586707 -0.94116965
267 -0.73135002 0.77410496
619 -0.18804342 0.19127389
496 -0.84500179 0.79838762
949 -0.32227166 0.29600685
884 0.67415584 -0.70672324
40 1.72579580 -1.69512776
475 0.27167488 -0.33583324
187 0.61633615 -0.53854729
402 -0.26297673 0.21665601
753 0.02444241 -0.07972430
435 0.62927930 -0.64542117
325 0.25910474 -0.28696704
652 1.66031772 -1.58961651
731 -0.03756080 0.11589529
751 -0.22837532 0.17764468
863 0.39445735 -0.50551283
633 0.36440253 -0.44487196
577 -0.14737967 0.11201729
453 -1.30096766 1.39014086
212 -0.65437041 0.69951806
626 -0.52338194 0.47053159
106 -0.84744826 0.87816440
350 0.29729193 -0.31397243
907 -0.00381022 0.00599238
379 -1.21495014 1.11922786
33 -0.54464103 0.51244726
906 0.21745918 -0.23464695
661 0.79288135 -0.89518313
465 2.05903518 -1.88418397
629 -0.26922741 0.19994375
980 0.47449517 -0.45987141
288 -0.43119517 0.46515031
45 0.34653992 -0.38476832
135 1.99537913 -1.93877981
411 -0.07139496 0.12507447
308 0.23361683 -0.21966128
69 0.26516188 -0.32534871
992 -0.50362551 0.44966076
550 -0.05772482 0.06175329
590 0.90272050 -1.03274683
479 -0.37778710 0.27132435
0 1.24560347 -1.27829004
824 0.27142504 -0.35551037
581 2.46414416 -2.31541794
253 1.93206070 -1.78890024
413 2.09004697 -1.97474507
614 0.74733018 -0.74433025
666 -0.73115078 0.70415912
3 0.89663565 -0.89425405
375 1.73644283 -1.68517791
638 -0.23378218 0.27042536
438 -0.10076877 0.04357582
727 -1.91558165 1.98277605
471 1.01621087 -0.94943424
776 -1.93333620 2.01155116
641 -0.04509991 0.00627875
410 0.59758241 -0.64500212
825 -1.15505952 1.18930890
236 -0.37729631 0.34867059
343 0.79732378 -0.80282476
653 -0.40041000 0.44017237
274 1.35726337 -1.27167880
871 -0.01250681 0.01297663
630 -0.51058808 0.42954937
220 -0.93802278 0.94431089
648 1.73138531 -1.68333715
147 0.47357651 -0.45818870
743 0.68537521 -0.65391595
109 -1.32908933 1.45532310
524 -0.41701178 0.43220684
938 -0.62590910 0.59775214
647 -0.93611847 0.87284655
883 -0.48872934 0.34400016
321 -2.05574217 2.10147970
886 -0.33595920 0.28093599
684 -0.32942680 0.32233328
111 -0.92387625 0.97623828
901 0.64207859 -0.66101548
295 -0.02520202 -0.04171456
984 -0.00514619 -0.06371385
726 -2.19574323 2.33552301
103 1.15908772 -1.16229063
119 2.74095741 -2.58302496
483 1.17404379 -1.17958723
252 -0.39515139 0.32721940
535 -0.17339773 0.15310827
249 -0.71021571 0.74060723
285 -0.31122284 0.30657875
528 1.56434314 -1.54565998
92 -1.63000545 1.72754472
384 1.78076687 -1.73388498
594 -2.31152162 2.41332599
279 -1.68285615 1.73385400
312 -0.04570290 -0.03867392
659 1.35310257 -1.32244956
877 0.47652653 -0.56726149
185 -0.89949829 0.89847880
576 -1.54730464 1.54466802
763 1.34788115 -1.25063143
47 -1.25527141 1.22784535
323 -1.80624301 1.82936683
241 0.96544096 -0.90160805
770 1.29739451 -1.29601874
533 0.83616113 -0.82963766
830 -1.94168879 1.97962014
908 -0.38658161 0.29305068
171 1.31241713 -1.24267532
273 -0.98037615 0.99835538
511 0.40679808 -0.44223696
705 -0.99593262 0.99190255
994 -0.83432569 0.77761720
691 0.82843558 -0.86604480
935 -1.16524742 1.20196371
764 0.73007597 -0.74403300
846 1.94461445 -1.86418494
783 -0.40020843 0.35089923
154 -2.69111720 2.88011850
635 0.71969844 -0.76644916
433 1.62704970 -1.52237564
700 1.27959800 -1.20239017
868 -0.10108975 0.04583056
924 0.69611389 -0.69972485
434 0.08722009 -0.13164491
585 0.83656494 -0.88721905
191 0.59603332 -0.54905611
851 0.71513190 -0.79818660
591 -0.52930452 0.43740216
396 0.90865490 -0.90316135
462 1.26315022 -1.24541399
457 1.02246978 -0.99041321
728 -0.11738085 0.11131259
34 2.16091064 -2.07177785
870 0.59705124 -0.67374714
931 -1.03662928 1.04945203
507 -0.31402160 0.28565753
993 1.86092185 -1.79542992
959 -0.26404453 0.27343047
495 -0.32386196 0.21638957
905 0.18050116 -0.17147875
940 0.31348908 -0.24902472
504 0.59825352 -0.54582009
520 1.38632705 -1.30127786
929 1.64493008 -1.61818281
183 -0.83843375 0.79906477
806 0.22580368 -0.23459367
704 1.81610327 -1.69127549
264 0.97485352 -0.97139837
865 0.63052327 -0.58789561
736 1.11460843 -1.05502017
358 1.51202150 -1.47951458
425 -0.76951287 0.71765674
816 -0.21106768 0.15724981
362 1.33055271 -1.36196549
849 -0.17413241 0.15259098
967 -1.38657266 1.41984758
554 0.25812083 -0.32472050
560 -1.46808535 1.42450351
168 -1.14007147 1.16632507
510 0.14531965 -0.21302031
21 1.44866683 -1.47631481
94 -1.24411176 1.26804640
611 0.97669898 -1.01704849
754 -0.07281485 0.00633929
428 -1.37598839 1.43211814
790 -0.87490268 0.85820417
813 0.16968622 -0.17719100
31 0.90530876 -0.89004291
582 -0.44559043 0.38437086
894 -1.99323742 2.04143007
451 2.22193437 -2.11955656
826 1.10514855 -1.09628225
766 -1.48998486 1.51246876
963 -0.16867286 0.14842298
348 2.65856903 -2.49917007
239 -0.73912563 0.73432151
366 -0.74049943 0.75490415
943 0.47673310 -0.56439413
655 0.10808431 -0.15953371
795 0.01306261 -0.07237103
54 -1.31603052 1.30734048
623 -0.10978653 0.12659153
889 -1.54235875 1.57460493
284 0.31508281 -0.36050378
578 -1.36457094 1.37500076
415 0.39985952 -0.33082859
798 -1.02220455 1.06598703
593 -0.51319486 0.43189473
722 -0.00975593 0.00079198
289 -1.31993342 1.38243922
913 -0.46445676 0.45633073
712 -0.46662973 0.42263290
125 0.14313859 -0.18587065
93 -0.16508206 0.14727132
407 0.39046983 -0.43084075
990 0.73972438 -0.73731228
505 -0.05179949 -0.00151822
165 0.03477317 -0.07708713
2 1.28667021 -1.21435442
12 1.77685341 -1.73728775
833 -0.00278517 -0.11201963
973 -1.88695287 1.92471327
503 -0.65541698 0.62755855
791 0.30399331 -0.28223281
98 1.72177586 -1.70181404
176 -0.22165484 0.15136574
104 -2.14987871 2.21030890
747 1.10277693 -1.03261960
827 -0.24068436 0.20563389
368 0.06349116 -0.07268894
88 -0.57017069 0.55219808
514 0.80932288 -0.74602456
235 -0.29280102 0.28920059
920 -1.69427012 1.68712980
925 1.97219303 -1.88496116
488 1.58045304 -1.52704063
918 0.58627760 -0.56644805
24 -1.50355096 1.52502787
418 -1.82314869 1.91088904
334 -0.03905306 -0.00228201
189 0.80208000 -0.81394584
592 -0.61626746 0.60608778
42 -1.44261285 1.51217260
466 0.38834405 -0.41740149
553 -0.33657629 0.27348376
255 0.56123358 -0.60124497
299 -0.25004313 0.21692063
440 -0.29955172 0.24350480
767 -1.74584663 1.78918173
749 1.44836131 -1.40196535
459 1.59629576 -1.53567896
679 -0.56202728 0.54211048
291 1.62644126 -1.59980416
461 -3.01368203 3.24150234
172 1.19671913 -1.12938304
989 -0.70286960 0.77282969
62 1.26296670 -1.27981906
37 1.32260423 -1.34780196
436 -0.59104824 0.49586405
788 -1.88705384 1.91020392
606 -1.45223255 1.51626992
683 0.41843920 -0.38710462
509 -0.44459560 0.45045898
439 -0.21019197 0.21961327
207 -0.62298841 0.61390324
904 -1.68881649 1.76295137
701 -0.66397315 0.71012040
492 1.48445392 -1.42054519
876 0.33783027 -0.35836903
394 1.35437157 -1.37993090
327 1.00815878 -1.03538002
645 1.06516012 -1.03689961
26 1.04344909 -1.02016126
815 -1.23655452 1.31938702
971 -0.06733368 0.01949688
657 0.87715117 -0.92082806
848 -2.48455342 2.58359863
799 -0.40889408 0.39236539
933 -0.36653632 0.32318878
485 -1.91131214 2.02969963
574 0.35085205 -0.37801135
738 -1.74410109 1.85423420
