3 0.50170142 1.59329581
4 0.74701195 1.37522383
1 0.64910811 1.57988199
2 0.52497296 1.45808772
0 0.11636143 1.00765385
58 1.33228254 0.98414807
39 -0.58861076 -0.27657232
85 -0.55124995 -0.49604936
93 -0.49456805 -0.81493712
6 0.32653248 0.43226304
89 0.23032910 0.77321366
94 1.50272096 1.05327070
19 -0.27473739 0.12991588
12 -0.88153085 -1.11092300
70 1.47816778 0.85006408
27 -1.02704693 -1.01991416
5 0.97644665 0.46008255
49 -1.23612847 -1.39925998
26 -1.07382861 -0.83304711
95 -1.19590498 -0.84428377
51 0.44095526 0.30081899
40 1.17960065 0.45277876
57 -0.28578509 -0.37618252
14 -0.31902059 0.58373097
43 0.47163255 0.74603794
82 -0.69794565 -1.34813397
80 -0.28012534 -0.64875201
15 -0.07883463 -0.09449867
83 -1.32079717 -1.97548949
20 -0.12081268 0.01709730
42 -1.00352153 -0.63922285
99 -1.19334357 -0.78468659
65 1.89122061 0.45530467
34 -0.09219256 0.07996703
48 -1.29439436 -0.90022129
33 1.58885273 1.24314513
11 -0.81876247 -0.87360084
22 -0.14126198 -1.38879730
17 1.13465668 0.87237283
23 -0.17136887 0.05002074
41 -1.54368064 -0.92143907
8 -1.65423532 -2.15747811
86 1.38876320 0.87852425
87 -0.09086486 -0.67241190
55 1.06011234 0.73294337
84 -0.06132166 -0.54608621
47 1.00624573 0.80446955
97 0.51684096 0.27018622
69 1.00965550 0.53832622
46 0.93921506 -0.20989781
66 -1.05874263 -0.24011702
81 0.76157347 1.05226309
31 1.00888694 0.60232360
64 -1.66241766 -1.31821523
44 0.54958975 0.44398574
74 0.12362659 -0.07474764
13 0.78878501 1.08943908
76 -0.47755799 -1.33282592
91 -0.25110942 -0.30959587
75 -1.18515989 -0.87035003
72 -0.29579912 -0.29484339
9 1.57763659 0.97199855
30 -1.71587001 -1.07517158
10 0.41169030 -0.41184695
35 0.29659791 0.29529236
62 1.02147498 1.61214897
36 0.06677397 -0.76612302
16 -0.60442915 -0.63088427
32 -1.00096212 -1.55502387
21 0.84426052 0.61868754
50 -0.89998832 -0.12748808
56 -0.64166490 -1.51616887
59 -0.48432238 -1.11868565
29 1.09157988 1.47911630
37 -1.10214078 -0.74025777
25 -1.36787610 -0.76236805
61 -1.04406636 -0.84202658
77 -1.12171761 -0.64558036
52 0.75326165 0.53403047
67 -0.42101132 0.78850228
71 1.65158630 2.30066491
90 0.11558082 0.40779155
7 -0.43554030 -0.40658636
96 1.10030517 0.76709516
79 1.37553167 1.37812125
88 -0.40153089 -0.27331883
92 0.80378879 1.47736640
68 0.92703915 1.06893424
63 0.01821617 -0.15965205
28 -0.05409185 0.26875672
45 0.92580611 1.14244410
78 0.80480291 0.10544975
24 -0.01017633 0.38030340
98 -2.04186090 -1.79271515
73 1.16961943 1.31199890
53 0.12118300 0.65715740
54 -2.94511062 -2.22369738
18 -1.27338484 -1.54447674
60 2.06384420 1.88438863
38 -0.39802150 -0.99643346
