-0.22372 -1.16864
-0.12620 -0.92475
-0.28093 -1.09307
-0.29375 -1.08061
0.02759 0.31012
-0.42870 0.32671
-0.32678 0.28013
-0.25259 0.23081
0.44444 0.16291
0.04171 0.48848
-0.47569 0.40005
-0.50070 -0.26629
-0.31485 -0.22766
-0.21979 0.47945
-0.16591 0.53434
-0.19455 0.51266
-0.07628 0.78090
-0.54003 -0.95962
-0.04898 0.44014
-0.42943 0.23378
-0.28248 0.37580
-0.17106 0.73767
-0.04205 0.73082
-0.03840 0.73781
0.15974 0.77748
0.50422 0.50189
0.13599 0.50545
0.38911 0.10660
-0.45066 0.47762
0.16601 0.34647
0.28032 0.61694
0.37782 0.42234
-0.39958 0.61232
-0.05787 0.50181
-0.22702 -0.70614
0.02014 0.24056
-0.43420 -0.38181
-0.38046 -0.27662
0.11477 -1.19473
-0.04649 -0.92282
-0.03948 0.73162
-0.02747 0.49998
0.24346 -0.89679
-0.43764 -0.37904
-0.23032 -0.70684
-0.58250 -1.10061
-0.36693 -0.93181
-0.39770 -1.09385
-0.55552 -1.12205
-0.90013 -1.27012
-0.64109 -1.16462
-0.49960 -1.08648
-0.26595 -0.97245
-0.46952 -1.04048
-0.60536 -1.18752
-0.71190 -1.25338
-0.46168 -1.02462
-0.46861 -1.08191
-0.65322 -1.19116
-0.57942 -1.27867
-0.41935 -1.05893
-0.81599 -0.58094
0.06922 -0.24903
0.48802 0.01778
-0.66404 -1.27712
0.09720 -0.92446
-0.08093 -0.90105
-0.30870 -0.35131
0.06811 -0.00476
-0.13322 0.42834
-0.10314 0.18792
-0.11045 -0.23056
-1.22758 -1.15045
-0.93007 0.11242
0.05851 0.17314
-0.25538 0.12871
-0.43331 0.41171
-0.23723 0.39523
-0.42897 0.28693
-0.57624 0.40596
-0.37983 0.28769
-0.45064 0.39928
-0.22839 0.17079
-0.37030 0.30599
0.03806 0.14460
-0.62467 0.39296
0.30938 0.08838
-0.16440 0.30194
-0.16402 0.25644
-0.22782 -0.03904
-0.51623 0.27231
-0.24009 0.22135
0.17319 0.18895
-0.41716 0.48018
-0.03825 0.28943
-0.42843 0.40024
-0.23211 0.68628
-0.19682 0.02196
-0.16620 0.01404
-0.44593 0.46350
-0.55185 0.36914
0.19545 -0.05274
-0.07659 -0.00495
-0.19837 0.29037
-0.22533 -0.20132
-0.39972 -1.16021
-0.55796 -0.35071
-0.15151 -0.85725
-0.58256 -1.26257
-0.77725 -0.38605
-0.65293 -0.30576
-0.58633 -1.16355
-0.09502 -0.07473
-0.78110 -0.63387
-0.70036 -1.20143
0.24146 -0.79125
-0.66983 -0.42950
-0.48274 0.12485
0.04698 0.33938
-0.77237 -0.57848
-0.47472 -0.16990
-0.29405 -0.05284
-0.46727 -0.90007
0.22200 0.48263
-0.76456 -0.64135
-0.29285 -0.07944
0.13977 -0.10581
-0.33585 -0.94858
-0.23876 0.60049
-0.01393 0.27776
-0.45679 0.42403
-0.36604 0.43022
-0.29581 0.40054
0.03773 0.45372
-0.42436 0.37205
0.13937 0.25277
-0.66982 -1.16496
0.57522 0.24077
0.35234 0.52028
-0.41972 -1.01777
-0.01989 0.48833
0.06178 0.27290
-0.06322 0.49146
0.46955 0.41739
-0.40146 -1.00028
-0.55152 -1.09189
-0.64304 -1.20064
-0.54958 -1.09100
-0.52827 -1.01986
-0.50930 -1.29613
-0.67294 -1.27782
-0.57163 -1.06093
-0.82836 -0.30785
0.03709 -0.22277
1.06056 -1.53192
-0.22407 -0.68528
-0.78131 -1.14205
-0.31020 0.35055
0.02842 -0.13322
-0.25502 -0.99633
-0.86013 -0.40084
-0.42464 -0.11358
-0.69156 -0.26723
-0.64713 -1.19149
0.15038 0.00844
-0.61073 -1.04547
-0.59008 -1.03856
-0.59886 -1.04847
-0.49063 -1.12460
-0.67654 -0.41157
-0.58501 -1.18221
-0.49159 -0.91474
-0.26939 -1.16609
0.26670 0.36368
0.33263 0.48098
0.63595 0.50272
0.15933 0.61433
0.35046 0.28150
-0.00097 -0.93967
0.72218 0.14650
0.02048 0.33523
0.55490 0.59809
0.24363 0.07862
0.32886 0.50996
0.38778 0.49439
-0.11040 0.56025
0.22167 0.15569
0.07353 0.35261
0.25679 0.45518
2.07399 0.69972
1.24458 0.33757
0.24488 -0.14805
-0.12613 -0.11891
0.00949 -0.47568
0.33721 -0.40259
0.07313 -0.79386
-0.10133 -0.23620
0.12277 0.50802
0.19031 0.64267
0.40798 0.42199
0.29007 0.24109
0.08907 0.57481
0.22007 0.46831
-0.25494 0.48995
0.19798 0.56474
0.19219 -0.04250
-0.18921 0.75945
0.35904 0.65372
0.20100 -0.09178
0.48645 0.51081
-0.26415 0.41615
0.40713 0.41081
0.61091 0.30922
0.76166 0.20729
0.33006 0.47128
-0.02380 -0.02496
0.23934 -0.32844
-0.00750 -0.76803
-0.06622 0.56483
-0.09033 -0.59482
-0.24844 -0.85767
0.04346 -0.17534
0.08202 -1.07027
0.29142 0.38117
0.90582 0.33264
-0.09706 -0.78768
0.17930 0.75350
-0.55843 0.39241
0.19059 0.25940
0.17557 0.78352
0.20724 0.66334
0.45511 0.86658
-0.15667 0.45576
0.33115 0.72975
0.32539 0.56139
0.53439 0.19659
0.25638 -0.15577
0.46376 -0.65802
0.56074 0.40611
0.92711 0.37366
0.34044 0.46474
0.78617 0.20838
-0.43082 0.32886
0.38910 0.46596
-0.19452 0.59609
-0.12761 0.35695
-0.01623 -0.90097
0.13098 -1.10121
0.05946 -0.87825
0.35859 -0.33678
-0.32768 -0.95555
-0.24900 -1.00606
-0.56617 -0.38463
-0.01842 -0.85280
-0.02794 -0.45001
0.05057 -0.09570
0.28851 -1.36976
0.29108 0.48809
0.55644 0.62573
0.20501 0.49884
-0.04826 -1.05202
-0.54951 -1.08590
-0.07453 -0.87937
0.27685 -0.04105
-0.16118 0.59152
-0.24972 0.45107
-0.16348 0.63144
-0.40227 0.47166
-0.09943 0.11144
0.41507 0.51804
10.70609 -1.90504
11.05203 -1.74561
0.09362 -0.52986
-0.07665 -0.23261
-0.02029 -1.23304
-0.19397 -1.10041
-0.01978 -0.41974
-0.10953 -0.91068
0.04978 -0.89340
-0.06738 -1.10564
0.01394 -0.79020
0.18441 -0.19540
-0.08426 -0.42142
-0.41351 -0.31117
-0.24755 -0.97012
-0.36386 -0.99118
-0.54840 -1.05067
-0.40830 -1.04853
0.02666 -0.59457
-0.12767 -1.49486
0.69212 -1.50514
-0.15485 -1.26746
0.44237 -0.17020
0.34253 0.02817
0.37628 0.75031
0.20214 0.50335
0.80390 -0.89443
0.59065 -0.73322
0.27452 0.28502
0.87315 0.17233
-0.10649 -0.13575
0.33060 0.63545
-0.02445 0.83004
-0.15997 0.35018
0.55072 0.55745
0.70601 0.72161
0.27601 0.65378
0.22711 0.41894
0.96872 0.74599
0.04543 0.16472
-0.29494 0.51955
0.19677 0.31121
0.58823 0.51984
0.10481 0.31992
0.14197 -0.30608
-0.03178 -0.82158
0.49610 1.02429
-0.27741 -0.17168
0.50505 0.41566
0.58878 0.87101
-0.19470 -1.36114
0.61596 -0.33554
0.72580 -0.05338
0.25168 0.93517
0.32894 1.16268
0.27082 -0.13489
-0.06605 -1.18946
-0.43026 -1.14320
-0.57181 -0.52651
-0.39874 -1.21275
-0.39952 0.17817
0.72558 0.52569
0.30302 0.57287
0.43933 0.32195
0.68218 0.66860
0.31332 0.54380
0.08260 0.54607
0.42758 0.46155
-0.18010 -0.97937
0.14482 -0.21203
-0.52968 -1.13570
-0.30201 -0.09743
-0.10251 0.69071
-0.47352 0.33054
-0.08534 0.31602
0.13003 0.82454
-0.44885 0.67487
0.48587 -0.06986
0.77667 0.00802
0.25273 0.70684
0.02086 0.94137
0.53474 1.40016
-0.09451 0.32832
-0.10535 0.38160
0.58235 0.52911
0.27350 0.31620
0.61778 -0.31198
0.40612 -0.36716
0.12644 0.61582
-0.45059 0.44307
0.24170 0.38843
0.34554 0.46825
0.11420 0.17706
0.14899 0.69401
0.75020 0.52886
0.65886 -0.07648
0.36437 0.50180
0.58004 0.39606
-0.15403 0.84400
-0.27460 0.41378
0.43607 0.76736
0.97731 0.73083
1.49639 1.18759
0.11597 0.56716
0.18650 0.27687
-0.02274 0.88104
0.53466 0.63718
-0.00356 0.31203
-0.04524 -1.22699
0.09414 -0.87521
-0.46635 -0.28946
0.45029 -0.18301
0.99355 -0.29101
0.64780 0.21388
0.64993 0.25302
0.80094 0.08424
0.95417 0.48223
0.57390 0.40304
0.96762 0.55164
-0.12523 0.46132
0.30688 0.34646
-0.27571 1.18721
0.44072 0.76535
-0.27889 -0.47537
-0.06319 0.18116
-0.23968 -0.75381
-0.66561 0.31799
-0.42516 -0.41251
0.69716 0.78596
0.75974 0.66169
-0.37721 0.58827
-0.01119 0.46563
-0.13005 0.41290
0.31791 0.53112
0.30497 0.52625
0.49833 0.44847
1.00051 0.39626
0.53481 0.56332
1.17887 -0.18494
0.64290 0.73668
0.42952 0.50481
-0.06342 0.01867
-0.51512 0.05388
0.42636 0.93732
-0.24860 -0.78847
0.32799 0.62947
0.00552 0.30101
-0.31533 -0.11641
0.10790 0.02647
-0.59731 0.46622
-0.38351 0.43724
-0.38889 0.33517
0.10539 0.59278
-0.53333 -1.05621
-0.39585 0.85498
0.08672 0.31584
-0.10851 0.55457
0.15533 0.63326
-0.61427 -0.78641
0.21066 0.58824
0.20588 -0.00323
0.15310 -0.64935
-0.80416 -0.36369
0.69031 0.33197
-0.24927 -0.22261
-0.29148 -0.70671
-0.21845 0.00911
-0.15738 -0.58370
0.04692 0.57919
-0.19944 0.12806
-0.51626 0.50742
0.91466 0.15353
0.33278 0.16946
0.63410 0.24057
0.60717 0.12552
0.58380 0.05528
0.20876 0.58358
1.34367 0.79050
1.21996 1.06742
-0.41635 0.05002
0.92842 0.32976
0.70793 0.29587
0.51843 0.71624
-0.25925 0.08348
-0.47778 0.38680
-0.37338 -0.94308
-0.42207 -0.01933
0.67110 0.20332
1.07261 -0.17463
0.78270 -0.23310
0.70793 -0.02893
0.23009 0.37067
0.29336 0.30981
0.19300 0.01381
-0.04545 -0.11555
0.44847 0.56431
-0.16312 0.08543
0.40494 0.55507
0.37594 0.64628
-0.18316 0.27945
0.37988 0.87107
0.14067 0.31958
-0.33475 -0.89473
0.86292 0.66200
0.53076 0.52871
1.00329 0.71876
0.89688 0.40690
0.86087 0.83509
0.37222 0.49299
0.29166 0.35779
0.20897 -0.33055
0.21964 0.52301
-0.24499 0.18513
1.19807 0.31152
1.20208 0.39916
-0.01347 0.61406
0.01575 0.26428
-0.16731 0.64506
0.21040 0.86783
-0.42501 -1.08727
0.25922 0.55529
1.25669 0.05604
1.11729 0.10638
0.08211 0.33562
0.07993 0.46161
-0.22729 -0.23150
0.20493 0.39481
-0.46585 0.62569
0.79407 0.62246
0.63197 0.26758
0.85664 0.74536
0.19050 0.34764
0.70249 0.59791
0.57953 0.62365
-0.63703 -1.38667
-0.66892 -1.07804
0.06146 -0.08028
-0.62126 -0.24589
-0.68026 -1.14684
-0.76152 -1.33757
-0.67905 -1.27062
-0.75266 -1.27634
-0.48823 0.34283
-0.61607 0.43578
-0.54114 0.33140
-0.52412 0.30257
-0.51287 0.33978
-0.40721 0.21248
-0.55890 0.35908
-0.57702 0.24938
-0.43420 -1.09198
-0.61968 -1.20611
-0.60674 -0.29724
-0.36599 -0.32836
-0.07900 0.11246
-0.45846 -1.27992
-0.70670 -1.18343
-0.60471 0.34242
0.55579 -1.09925
0.22656 -0.87977
-0.48275 0.48031
-0.62483 -0.35430
-0.51963 -0.22480
0.20565 -0.02917
-0.64468 -1.08880
0.53597 0.26210
0.35785 0.46681
-0.75282 -1.34094
-0.11477 0.10100
-0.35074 -1.57734
0.46026 0.42416
0.29099 0.17043
0.20522 0.36711
0.15115 0.01540
0.18276 0.24544
0.09184 0.54762
0.26025 0.24001
0.11104 -1.41724
0.03934 -1.23338
0.49169 0.77905
0.37788 0.90285
0.10412 0.30117
-0.07191 -0.63076
0.04437 -1.01054
-0.11273 -0.37993
-0.08018 0.36973
0.08560 0.31882
0.65097 0.36816
0.61712 0.34617
-0.08042 0.88044
-0.01012 0.26443
0.07402 0.58120
-0.38313 0.77801
0.20664 0.49975
0.70308 -0.05230
0.75218 -0.32798
0.72710 0.56102
0.41023 0.44454
0.89074 0.52790
0.14556 0.35311
-0.43749 0.43352
0.82205 0.20057
0.40511 0.51265
0.15831 0.56015
0.35887 0.66832
0.42267 0.41882
0.23394 0.28005
0.45773 0.38370
0.55642 0.72756
0.59213 0.16180
0.81818 0.40948
0.66353 -0.24152
0.63652 0.54000
-0.14547 -0.15193
0.32219 0.27093
0.34803 0.33870
0.72159 0.70059
-0.06822 0.50858
0.80266 -1.25163
0.38443 0.53180
0.83321 0.23881
0.95693 1.01684
0.19722 -0.09750
-0.63727 -1.13679
-0.62389 -0.17756
0.47590 0.20565
0.06936 -0.00265
-0.27015 0.08146
0.36132 0.39622
0.23013 0.60328
0.48789 0.44379
0.26241 0.68988
-0.13072 0.03641
0.21474 0.51797
0.23646 0.67489
-0.10939 0.59841
0.29672 0.40901
0.16264 0.65381
0.31330 0.03855
-0.30405 0.75456
0.82654 0.24289
0.01332 0.41473
0.39185 1.10491
0.56363 1.24359
0.35480 0.61459
0.01379 0.47676
-0.61410 0.32644
-0.08923 0.53575
0.07539 0.68159
0.34971 0.70929
0.01970 0.37460
0.35043 0.65311
0.28987 0.30541
0.57246 0.36741
0.15066 0.27463
0.46831 0.43253
0.31821 -0.28414
0.26845 0.31893
-0.09190 -0.18056
0.93900 0.49631
0.71725 0.33996
0.34090 0.00782
0.36783 0.30801
1.01162 0.41333
0.77237 0.61362
0.56815 0.54198
0.81774 0.05805
0.25417 -0.11710
1.36269 0.16021
1.40116 0.56399
0.31153 0.33911
1.39370 0.29778
1.05230 0.01461
1.26584 0.13992
1.25639 0.59396
0.17033 0.49161
-0.50597 0.54605
0.43529 0.38713
0.55812 0.30299
0.48858 0.28598
0.14818 0.30418
0.25380 0.30231
0.05163 0.14021
-0.02322 0.14146
0.38595 0.54179
0.24905 0.29713
0.24422 0.45849
-0.23094 -0.28276
0.36580 0.20467
-0.09264 0.67071
0.48375 0.18872
0.40485 -0.15614
-0.20526 0.60489
0.76775 0.86903
0.86460 -0.52441
0.65009 -0.25864
3.82226 -4.67259
4.19805 -4.87105
0.17357 0.35028
0.27197 0.02254
0.05257 -0.16721
0.94320 0.25167
0.32694 -0.32289
0.97749 -0.40178
-0.11163 -0.23941
-0.04450 -0.92804
-0.37929 -1.07651
-0.08596 -0.04208
0.13398 -0.22345
-0.79085 -1.57513
-0.15716 0.13509
0.35749 0.13923
-0.13090 -0.20817
0.25920 0.53927
0.82394 0.27970
0.33847 0.41543
0.86259 0.37190
0.72659 0.27893
-0.12788 0.48478
0.58566 0.47213
0.73306 0.41650
0.01818 0.38805
0.66538 0.07991
0.39902 0.28042
0.74190 0.48678
-0.09216 -0.42484
0.88267 0.24447
0.90528 0.12019
0.49993 0.66164
0.54567 0.25264
0.79915 0.49302
0.21162 0.35906
0.44435 0.60955
0.42476 0.29291
0.24823 0.28172
0.45797 0.13696
0.54926 0.12749
0.63763 0.45546
0.69408 0.98499
0.44231 0.69630
0.77300 0.50326
0.52303 0.83019
0.84403 0.38915
0.81618 0.47029
0.19320 0.35975
0.52942 0.32010
0.00214 0.45732
0.35586 0.60517
0.71413 0.34965
0.81938 0.44522
0.32299 0.41612
-0.41807 -0.04472
0.09434 0.23854
-0.07703 0.36611
0.09061 -0.35523
-0.06361 -0.24194
-0.24924 -0.03784
-0.36718 -0.86339
0.09403 -0.99926
-0.32714 0.42097
-0.17948 0.33498
-0.31156 0.40613
0.84258 0.46300
0.65841 0.30242
-0.26342 0.57124
0.70300 0.20394
0.06237 0.32562
-0.46594 0.71424
-0.65410 0.22607
0.08931 0.57753
0.19097 0.57163
0.35350 0.82922
-0.07894 0.74319
0.29464 0.56533
0.23837 0.16224
0.10089 0.40670
0.20006 0.51052
-0.59612 -0.35656
0.06075 0.77821
0.45919 0.24375
0.40640 0.60384
0.21848 0.56004
0.27876 0.07925
-0.57364 -0.59671
-0.23264 -0.75468
0.60450 0.21751
0.32993 0.33842
-0.03271 -0.18895
0.53805 0.62055
0.41987 0.84316
0.13833 -0.64967
0.13860 -0.21787
0.57819 0.20776
-0.39581 -0.35579
-0.30931 -0.98488
-0.27187 -0.40330
-0.31774 -1.23686
-0.56493 -1.05878
-0.04334 0.21656
-0.28163 -1.19704
-0.50574 -1.17176
-0.32333 -0.19459
0.18250 -1.10966
0.18952 -1.33418
-0.13311 -1.00771
0.22350 0.69987
0.13123 0.29137
-0.02678 0.05909
0.09042 -0.64920
-0.44575 -1.22308
-0.25202 -0.82876
-0.52788 -1.25568
-0.14291 -0.30114
-0.48044 -0.98230
-0.39854 -1.04479
0.30812 0.33120
0.20259 -0.23375
-0.01165 0.33315
-0.25493 0.59683
0.06549 0.82854
0.09925 0.87872
0.05018 0.38395
0.10780 0.51527
-0.07270 -1.08705
0.00995 0.40053
-0.16265 0.44806
-0.01590 0.56462
0.48708 0.51238
0.19200 0.19847
-0.69233 -1.26222
-0.77179 -0.39377
-0.42278 -1.00445
0.26009 0.61946
-0.09413 0.43671
0.59294 -0.26508
0.61826 -0.09681
-0.43587 -0.40684
0.97585 -0.40045
0.59969 0.09342
0.08699 -0.17960
0.42787 0.32253
0.77763 0.51911
0.21341 -0.57168
0.80016 0.41403
1.51795 -0.04271
0.14577 0.50428
0.26913 0.68892
0.70040 0.45028
-0.37391 0.24612
-0.15319 -0.38767
-0.14260 -0.23367
-0.29020 0.29759
-0.30277 0.24935
0.22596 0.24139
0.79864 0.38617
0.52341 -0.00821
0.61715 0.52957
1.05202 0.82109
0.44390 0.37767
0.04808 0.40557
0.27286 0.59616
0.25891 -0.06368
0.29654 0.29266
-0.16623 0.70109
1.22706 0.63485
1.02627 0.63773
0.15444 -1.20821
0.10537 0.12119
0.09309 -0.95845
0.03083 -0.73752
0.21970 -1.41862
1.14523 -0.50333
1.65569 -0.52774
0.20211 -0.50600
0.86099 -0.00721
-0.06637 0.16341
0.91249 0.17008
0.22011 -0.26157
-0.19105 -0.43619
0.53980 0.55954
0.00156 0.38117
0.95623 0.43585
0.07903 0.67084
0.26779 0.38507
-0.37465 -0.32281
0.49219 -0.81251
0.16822 -0.25179
0.47097 -0.11596
0.22196 0.51708
0.50853 0.74214
0.23593 0.30516
0.20223 0.54986
0.16578 0.58115
0.22911 0.28399
0.53071 0.28740
0.29840 0.30198
0.43769 0.71742
0.42021 0.56817
0.29379 0.44313
0.57705 0.77192
0.06408 0.57017
0.44014 0.69538
0.22256 0.51155
0.47568 0.79444
-0.02498 -0.20771
0.13388 -0.14416
-0.05177 0.06401
0.76060 0.36773
0.46759 0.28681
-0.27191 -0.96718
-0.24159 -0.98865
-0.44827 0.49282
-0.04887 0.13050
-0.28259 0.36822
-0.50635 -0.07365
-0.04038 0.23481
0.22231 -0.32726
0.21936 0.17381
0.23313 0.61538
-0.08253 0.43097
0.20626 0.46238
0.00159 0.64741
0.55342 0.20230
-0.13269 0.55258
-0.26924 0.58223
0.30009 0.48221
0.55680 0.47913
0.07106 0.37074
0.11492 0.65444
0.29886 0.73574
-0.34295 -0.40764
0.73001 0.35584
0.90849 0.47211
1.16455 0.14014
-0.13224 -0.10203
0.22414 0.30415
0.10079 0.42644
0.58611 0.03427
0.20723 0.57742
0.06523 0.66040
0.56714 -0.11398
-0.19080 -0.81408
-0.39650 -0.45936
0.08734 0.33093
-0.34792 0.06471
0.38839 0.94068
0.25023 0.02484
-0.00165 0.52906
0.63946 0.62181
0.25073 0.38400
0.21328 -0.44107
0.22668 0.64595
0.60296 0.43244
1.20918 0.49501
0.91115 0.13280
0.19461 0.57048
0.59100 0.57400
0.11982 -0.69206
0.11967 -0.88673
-0.09607 -1.07817
-0.22209 -0.98678
-0.44886 -0.45213
0.02762 -1.19842
2.61905 -3.50416
0.36454 0.35353
-0.01005 0.11149
0.42228 0.40126
0.43233 0.68001
1.21738 0.43123
0.43390 0.30180
0.51358 0.63846
0.63864 0.28164
0.84324 0.22608
0.79687 0.24678
0.54685 0.48242
-0.43835 -0.78459
0.03862 -0.87503
-0.00661 -0.81125
-0.25274 -0.39806
0.12255 -0.92772
-0.42723 -1.21562
-0.10769 0.51191
-0.08668 0.10541
0.31243 0.26158
0.33628 0.27348
0.31130 0.29686
0.67916 0.40059
0.10149 0.56806
-0.33908 0.22536
0.48638 0.22455
0.14030 0.35295
0.72094 0.21510
0.33306 0.39531
-0.42273 0.47195
0.59574 0.37228
1.02946 0.20534
1.02577 0.31733
-0.15554 0.40673
0.15613 0.36973
0.04127 -1.05228
0.22410 0.72560
-0.46337 -0.41784
-0.64219 0.35928
0.42019 0.56005
0.21737 0.40699
0.12104 0.50942
0.48561 0.24992
0.44009 -0.01311
0.45213 0.34929
-0.04953 0.41197
0.50863 0.37346
0.30952 -0.22644
-0.04283 0.54716
0.26801 0.31581
0.55081 -0.25892
-0.59342 -1.07866
0.26157 -1.20761
-0.69991 -0.23341
-0.27945 -0.15475
-0.61272 -0.34620
0.21476 0.18074
0.07389 -0.47447
-0.65700 -0.28950
0.95723 0.10460
0.80360 0.29986
-0.11523 0.47608
-0.34864 0.69166
11.14554 -2.11169
0.03006 0.15758
-0.37926 -0.00208
0.85557 0.46650
-0.15561 0.62219
-0.17205 0.55843
0.59634 0.47108
-0.64695 -1.32851
0.82310 -0.45596
0.71416 0.03329
-0.91993 -0.73547
0.35146 0.76361
0.33347 0.75104
0.60648 0.94380
0.02245 0.64341
0.50779 -0.01149
-0.11202 0.51674
1.27368 0.46913
0.74997 0.40783
0.17029 -0.49592
0.09999 0.63147
-0.20232 -0.04515
-0.13625 -0.28764
-0.41504 -1.13297
0.56561 0.53544
0.57804 0.58687
-0.60114 -0.85092
-0.27733 -0.99332
0.21205 -1.01001
0.69947 0.27913
0.87214 -0.19816
0.88229 0.12765
0.23679 0.37352
0.16628 0.49473
0.28028 0.50311
0.32019 0.81291
0.22659 0.34564
-0.17575 0.41839
0.05948 0.44154
-0.05433 0.67304
0.17022 0.54396
-0.03542 -0.36106
0.03201 0.30325
-0.15640 0.17001
0.20753 0.73612
-0.13076 0.62968
0.52076 0.87157
0.16399 0.60485
0.42875 1.09255
-0.04256 0.35209
0.39981 0.45415
0.40126 1.11103
0.74156 0.53593
0.87098 0.11267
0.01700 -0.93504
-0.30152 -0.98124
0.28821 -0.66408
0.18229 -0.02968
0.05968 0.19016
0.45678 0.20986
-0.12334 -0.60024
-0.07856 -0.62085
0.24691 0.77086
0.76448 0.37319
0.64830 1.27668
-0.10990 -0.02432
0.30986 0.79736
-0.01676 0.78982
0.38810 -0.12032
0.25575 0.16763
0.39212 0.37871
0.74429 0.36946
0.23274 0.87923
-0.05001 0.01334
0.06993 0.36612
-0.35731 0.35800
-0.11799 0.47366
0.11288 0.50900
0.04852 0.57076
0.06696 0.26356
0.39217 0.08230
-0.36993 -1.05354
-0.09077 0.37729
-0.07363 -0.14966
-0.06180 -0.13922
-0.88938 -1.35083
-0.04969 -0.16067
0.35897 0.43793
-0.43140 -1.17087
-0.56980 -1.03681
-0.35701 -0.29556
-0.31532 0.29668
0.36691 0.18144
0.13002 0.41393
0.07079 -1.21987
-0.05565 0.32162
0.32914 0.44633
0.38810 0.33393
-0.78031 -1.23650
0.13112 0.54169
0.30777 -1.64949
0.34298 -1.32982
0.29768 -0.87752
-0.13939 -0.41137
0.03874 -0.05683
0.17391 -0.76174
-0.07913 0.66092
0.20386 0.57504
0.10797 0.59714
0.12312 0.74122
0.20797 0.09622
0.68516 0.36885
-0.19150 -0.23632
0.52715 0.44919
0.41516 0.41610
0.29851 -0.02782
0.31685 -1.33663
-0.42977 -0.98956
-0.44472 -0.02853
0.38502 0.67746
0.65357 1.89214
0.90330 2.78211
-0.02773 -0.00801
0.12146 -0.07954
0.88836 0.65530
-0.28389 0.16244
0.42619 0.64297
-0.41929 -0.40557
-0.19632 0.48578
0.71874 0.58351
0.59185 0.60374
0.84832 0.73803
0.50057 0.47033
0.23509 -0.14744
-0.35388 -0.88585
0.13045 0.13402
0.41236 0.37881
1.32111 0.66091
0.35969 0.62810
0.21500 0.06267
0.58734 -0.16726
0.75913 1.13050
1.32216 -0.13209
0.64527 -0.05211
0.77286 0.68015
-0.75225 -0.50329
1.41554 -0.16395
0.14929 0.32462
-0.02891 0.07219
0.61394 -0.05251
-0.10483 0.44970
-0.33867 0.13185
-0.27790 1.02248
0.08591 0.73363
-0.25630 0.07461
-0.37093 -0.17383
-0.38119 -0.80210
0.15631 -0.25013
-0.44040 0.38964
0.25019 0.05584
-0.03707 -0.60440
-0.07789 0.35979
0.78353 0.11965
-0.44034 0.47944
0.12007 0.56287
0.10815 0.96516
-0.02274 0.56108
0.02494 -0.24229
0.11654 -0.22155
0.29410 -0.08703
0.15447 0.39708
0.70810 0.35221
0.56542 0.30160
0.10116 0.06251
-0.46470 0.58073
-0.19563 -0.09033
0.53409 0.45053
0.23368 0.49838
-0.19167 0.53549
0.51403 0.59297
0.33520 0.73202
0.38086 0.11448
0.63266 0.75807
0.81056 0.17333
0.80352 1.05661
0.49389 0.12369
0.40640 0.58615
-0.70536 -0.46449
-0.12981 0.34193
0.08557 -0.10437
0.36992 0.35122
-0.40876 0.50549
0.60523 0.46561
0.51177 0.34812
-0.23813 -0.15165
-0.23674 -0.05508
-0.33986 0.22076
-0.29230 -0.89759
-0.18923 -0.25095
0.21275 0.79455
0.53391 0.31521
-0.43605 0.67550
0.85664 0.17390
0.88368 0.24738
0.06816 -0.02487
-0.43370 -0.91804
1.12081 0.08067
-0.58800 -0.41394
0.10168 0.34138
-0.03787 0.12459
1.55151 -0.01416
0.45129 0.64032
-0.29194 0.13717
-0.12170 0.80794
0.48441 1.26464
0.33932 0.46184
0.31480 -1.06948
-0.24757 -0.90677
-0.21500 -0.74715
0.18991 0.37983
-0.52063 0.33912
-0.00776 0.19373
-0.21999 -1.31629
-0.28726 -0.06509
-0.21347 -0.92704
-0.02804 0.13163
-0.50327 -1.24607
0.60138 0.49237
0.31153 0.49260
0.50058 0.36517
0.30530 0.89337
0.39718 0.32010
0.33406 -0.25538
0.69248 0.14895
0.97939 0.75729
1.10381 0.77922
0.08771 0.54198
0.22698 0.53066
0.13457 -0.17190
-0.23848 -0.08677
-0.10629 -1.05909
-0.02437 -0.89570
0.36712 0.45685
0.00434 0.15046
0.59055 -1.10541
0.75967 0.53815
0.63495 0.15538
-0.00135 -1.12345
0.49917 -0.52386
-0.48100 -1.37903
-0.11022 -0.23066
0.39864 0.52051
0.05057 0.24069
0.16848 0.11367
-0.34868 0.29781
-0.05804 0.55489
-0.14718 0.56560
0.88611 0.80640
0.31981 0.05849
-0.20900 0.86062
-0.13661 -0.04591
0.36869 0.60081
0.75495 0.47617
0.12613 0.05888
-0.20096 0.32011
-0.18695 0.41549
0.86491 0.75520
0.10456 0.39617
0.08005 0.42029
-0.21297 0.10905
-0.02263 0.87624
0.18836 0.43034
-0.77370 -1.38246
-0.41258 -1.05950
-0.35802 -1.30269
-0.15941 0.28371
-0.33442 -1.56481
-0.32153 -0.12480
-0.13478 -0.43096
-0.37407 0.48424
-0.25480 0.62873
0.22491 0.45377
0.31952 0.50569
-0.36660 0.70310
10.17174 -3.01146
10.32716 -2.99498
0.12341 -0.46753
0.31493 -0.25358
-0.39372 -0.33705
-0.25911 -0.84072
-0.12105 -0.40076
0.02001 0.46833
0.28593 0.33936
0.09871 -1.19074
0.11441 -0.07381
0.89764 0.19559
-0.21491 -0.28125
1.14606 0.64170
0.90975 0.86240
0.58544 0.34477
0.90634 0.23328
0.56146 0.35476
-0.57654 -0.64226
0.04887 -0.20926
-0.43877 -0.37051
0.26950 0.85047
0.26407 0.39966
1.04030 -0.18769
1.02240 -0.15528
0.47139 0.29425
-0.65996 0.74876
0.78661 0.09504
0.16136 0.17707
0.55575 -0.13077
0.12003 -0.98747
-0.09108 -0.44464
-0.06934 0.59729
0.55276 0.49944
0.23070 0.29123
0.20562 0.45893
0.12653 0.28873
0.43725 0.25620
0.58860 0.60932
0.69211 0.76475
0.80791 0.70680
0.50117 0.67552
0.33296 0.45267
0.91492 0.85815
0.81405 0.40200
0.17709 0.66298
-0.14943 0.54085
-0.26545 0.52920
-0.26660 0.60813
0.43331 0.42534
-0.38540 0.07147
-0.25464 -0.43938
0.21693 -0.58601
-0.35527 -0.62286
0.08523 0.09221
0.01557 -0.08620
0.33694 0.22739
-0.94530 -0.44863
-0.57812 -0.32198
0.54619 0.18708
-0.52386 -1.08931
-0.58620 -1.40833
-0.67207 -1.28703
-0.82056 -1.33608
-0.86122 -0.55041
-0.49762 -0.30929
-0.83159 -0.59386
-0.07447 0.21859
-0.06112 0.52693
1.50312 0.37424
0.77545 -1.27491
0.81185 -1.58732
1.03389 0.04711
1.95900 0.38048
0.10799 0.12369
0.05159 0.18865
0.32121 0.10708
0.93610 0.78284
1.18647 0.70863
0.66698 0.32666
-0.49116 0.09307
-0.23232 0.15868
0.55347 -0.88504
0.01498 0.73025
-0.21008 -0.45083
0.25269 0.07615
-0.08915 -0.34249
0.85781 0.42882
0.18662 0.01688
0.07610 0.01587
0.18012 0.40495
-0.27283 -0.05442
0.41991 0.49458
0.04765 0.40897
-0.52489 0.42241
0.84144 0.80527
0.21815 0.20169
0.41347 -0.57485
0.51581 0.47688
0.85382 0.27530
0.73664 0.15525
0.39011 0.12935
0.29610 0.30451
0.36923 -0.12091
0.71394 0.24652
1.00376 -0.04616
-0.13636 -0.13790
0.14811 0.52162
0.89699 0.54305
0.70463 0.47843
-0.10981 0.13442
-0.13074 0.55788
-0.07257 0.63064
0.94972 0.27110
1.14895 0.51944
1.00003 0.67291
0.88325 0.18917
0.45428 0.33056
0.29818 0.34375
-0.78417 0.45944
0.06807 -0.45336
0.68925 0.38567
0.83286 0.36537
0.59340 0.19428
-0.05448 0.68163
0.48660 0.50291
-0.26124 0.41280
-0.35929 0.38011
0.43439 -0.22353
0.43233 0.12603
0.11479 0.38455
0.80862 -0.43871
0.98739 0.27542
0.99700 -0.07381
1.67341 0.43792
0.35333 0.54965
0.26907 -0.41467
1.36946 0.51822
0.42028 -0.24581
0.56119 0.35368
0.22698 0.44531
0.45307 1.08985
-0.16848 -1.35757
0.53726 0.38012
0.36404 0.17232
0.49901 0.02517
-0.08488 0.44159
0.03928 -0.12048
0.18439 -0.17375
-0.06744 0.23413
0.23990 -1.01052
0.17126 0.69506
0.14424 -0.81169
0.46622 0.02058
0.04079 -0.28317
0.09837 0.63494
-0.09431 0.28704
0.40802 0.72668
0.32043 -0.19694
0.04272 0.84914
-0.03400 0.83334
0.62223 0.63411
-0.16116 1.05518
0.30618 0.45194
-0.30576 -1.26795
-0.22321 -1.11048
0.64757 -0.09946
-0.00590 -0.09103
-0.25825 -0.23397
-0.38541 -0.72117
1.06813 0.52101
0.66674 0.46401
0.90578 0.82746
0.74415 0.19678
0.23845 -0.49826
0.51057 0.02109
0.78335 0.04451
1.00999 0.35334
0.83060 0.60010
1.08160 0.38011
1.74422 0.11288
0.96443 0.31969
0.21635 0.48954
0.08235 0.70743
0.51412 0.82160
1.03568 0.47291
0.38230 0.53078
0.40913 0.73449
0.31647 0.30230
0.20844 0.43531
0.25829 0.21213
0.25138 0.21189
0.54305 0.27235
0.25618 0.06950
0.05616 -0.09230
1.07293 0.16306
0.05501 0.20163
0.41747 0.57710
1.21074 0.10938
0.15309 0.34789
0.29224 0.56063
0.66793 0.66045
0.32717 0.45022
1.07499 0.32905
1.26665 0.40568
0.21642 -0.59179
1.44999 0.51061
0.19549 -0.22256
0.03651 0.30636
0.37542 0.28860
0.57007 0.58097
0.47008 0.13503
0.60008 0.48125
0.82632 0.75918
0.02001 0.65999
1.24785 0.39595
0.85073 0.45194
0.34110 0.81896
-0.05671 0.52243
0.53982 0.40742
0.69692 0.23457
0.76858 0.55409
-0.09529 0.33610
0.57690 0.65250
0.07680 0.35120
0.05965 0.22891
0.08386 0.28738
-0.25839 0.44367
0.10231 0.73903
0.42059 0.79667
0.42030 0.76158
1.21893 0.52765
0.11724 0.64085
0.20519 0.37111
-0.34060 -0.08397
0.30016 0.02709
-0.49829 0.54414
0.16068 0.22357
-0.03587 0.50318
0.22335 0.65947
0.93691 -0.16856
0.64654 0.48068
0.47595 0.46728
0.45481 0.70051
-0.30063 -0.20051
-0.00296 -0.11550
0.01095 -0.27347
0.17573 -0.11154
0.49171 0.27744
0.53231 0.44627
0.54984 -1.02020
0.75119 -0.53448
-0.30656 0.21931
0.17942 0.68584
-0.37546 1.05639
0.18262 -0.89240
0.45935 0.00100
-0.33309 -1.11016
0.49022 0.15154
1.17576 0.02603
0.32322 0.19638
0.72092 0.27238
1.23802 0.08940
1.28698 -0.67574
0.30613 -0.24162
1.75175 -1.02320
0.53300 0.10015
0.41808 -0.09321
0.47661 -0.18119
-0.44851 0.34709
0.86743 -0.20460
0.53463 -0.36871
-0.27957 0.69315
0.38229 0.45839
0.67039 0.37376
0.47706 0.11400
-0.52205 -1.44848
-0.32668 -0.05049
-0.70067 -0.51132
-0.22887 -0.22025
0.28193 0.20571
-0.20827 -0.28387
-0.08509 0.62935
1.39879 0.41936
1.20959 0.43956
-0.35284 -0.39048
0.02221 -0.47578
-0.59750 0.70624
0.01674 -0.11625
-0.40145 0.33066
0.27993 0.25811
-0.35863 -1.01547
-0.41377 -0.19499
0.80852 0.26304
0.56310 0.13432
0.12763 -0.01015
0.02194 0.43459
-0.25942 0.57566
-0.34947 -0.59524
-0.16705 0.15033
-0.33388 -0.41373
-0.65049 -1.52211
-0.97381 -1.66196
-0.14497 -0.24044
-0.61882 -1.21961
-0.15311 -0.18276
0.62633 -0.69002
0.66381 0.20375
1.11654 -0.95866
0.37508 0.25367
0.61409 0.31398
-0.45775 0.46186
0.59623 -0.02801
0.68004 0.33655
0.19693 0.17401
0.02249 0.20165
0.33577 -0.44615
-0.06774 -0.21420
-0.04232 0.20975
-0.00720 0.25992
0.70371 0.39728
0.61479 0.63893
-0.30765 -0.99440
-0.87927 -1.61564
-0.33755 -0.35639
-0.15589 -0.16338
0.22025 -0.14946
-0.00963 -0.27954
0.02448 -0.16318
-0.09442 -0.18527
0.22203 0.57364
-0.36635 -1.66717
-0.05644 -2.13541
0.38217 0.39635
-0.47223 -0.23185
-0.71308 -0.44806
-0.60261 -0.43258
-0.82896 -0.34092
1.22176 -0.69629
1.84978 -0.95319
1.23087 -1.36661
-0.02591 -0.67012
-0.38862 -1.06274
-0.14654 -0.21515
0.50702 0.56430
0.10843 0.49545
0.18318 0.75705
0.46889 1.47063
-0.34089 -0.39368
0.19195 -1.08797
0.22333 -1.22839
0.28366 0.23894
-0.08038 -0.24790
0.00471 -0.37477
0.05418 -0.15997
0.10048 0.38042
0.07851 0.53369
-0.09485 0.55418
-0.22156 0.65124
0.70396 0.38192
0.43284 0.45766
0.70784 0.28417
0.56017 0.35378
0.04111 0.11449
0.27772 0.62918
0.03123 -0.04380
0.32416 0.71328
-0.27952 -1.23889
-0.11252 0.36216
1.23242 0.80308
0.62446 0.68693
1.13356 0.46098
-0.44770 -1.65497
-0.38679 -1.43161
0.95987 0.09112
0.59666 -0.16399
0.15477 0.34824
-0.32198 0.16648
0.28031 0.01795
0.31427 -0.51046
0.32821 0.14670
0.32161 0.55144
0.44149 0.69844
0.78014 0.53164
0.31725 0.36313
0.63909 0.36570
-0.46422 -1.64004
-0.02711 0.12545
-0.04043 -1.02155
0.11008 0.52247
0.16998 0.13293
0.82099 0.30891
-0.49512 -0.25872
0.47471 0.23445
0.94849 0.48165
0.27523 0.38423
-0.01694 0.24563
-0.12264 -0.01194
-0.12564 0.12630
-0.03568 0.09672
0.40550 0.46217
-1.20906 -0.25715
-0.18144 0.72401
0.07426 0.39694
0.12225 0.57041
0.09842 0.57139
-0.04802 -0.41319
0.11457 0.00330
0.20032 0.40625
-0.21113 -0.00915
-0.22508 -0.20978
-0.13686 0.31909
0.09596 -0.11600
0.26940 0.60715
0.03091 0.62619
-0.42346 0.25455
0.15881 0.06856
0.42177 0.77184
0.62776 0.01461
0.08152 0.20678
-0.24807 0.59097
0.08451 0.41420
1.41294 -1.25099
0.12826 0.19251
-0.38959 -0.50418
-0.54055 0.51279
-0.69186 0.76857
0.34080 0.59390
-0.20313 -0.09101
-0.14849 -0.87408
-0.13036 -0.24307
1.02444 0.28970
0.76341 0.10142
0.46338 0.02702
-0.19753 0.64913
-0.28854 -0.52608
0.65225 -0.16146
0.61258 -0.13911
0.15731 0.36333
-0.67493 0.74542
-0.65935 -1.77986
0.11646 0.65566
-0.68840 -1.25152
0.27170 0.23185
0.35366 0.11384
0.77468 0.52255
0.83179 0.43070
0.53038 0.42998
1.31633 0.55539
0.71453 -0.02681
0.04674 0.47342
0.10569 -0.16609
-0.23891 -0.26402
0.35840 0.01911
0.07711 -0.41854
-0.22961 0.84989
-0.19301 0.13321
0.00971 0.57939
-0.31595 -1.06568
-0.26776 -0.57389
0.31693 -1.03787
-1.02362 1.01909
-0.04985 -0.09605
0.42126 0.25383
0.45248 -1.03810
0.69927 -0.04776
1.15664 0.57877
0.34012 -0.09511
-0.17906 0.21493
0.40792 0.40231
0.17297 0.11553
0.63534 0.34789
-0.17670 0.22818
-0.25581 0.01023
0.30504 0.53257
0.24487 0.57784
0.26663 0.48570
0.26230 0.63005
-0.39185 -0.20822
0.53903 0.10568
0.14610 0.41053
0.68814 0.40997
0.55002 0.64536
0.26621 0.51201
1.35835 0.77298
-0.26646 -1.23722
1.14453 0.11069
0.41107 0.29809
0.85987 -0.03684
9.60173 -6.89181
8.99638 -8.06494
9.30849 -7.04205
-0.26814 -1.04072
0.38151 -0.57705
0.37491 -0.01922
-0.01755 0.73862
0.55940 0.32834
-0.20756 -0.23323
0.40553 0.36240
0.28571 0.15482
0.77252 0.54174
0.86337 0.35414
0.95280 0.24133
0.20667 0.33240
-0.16288 -0.14486
0.17357 0.00206
-0.32276 0.55773
0.41365 0.52057
0.21371 0.48752
0.38325 0.65794
0.53969 0.63602
0.98120 0.64803
-0.18496 -0.00052
0.34228 0.33196
0.57564 0.30041
0.04863 0.50610
0.71297 0.76974
0.31434 0.39693
0.32150 0.66855
-0.31896 -0.15177
0.62535 0.50840
0.50416 0.07986
0.30985 0.42814
-0.09204 -0.00377
-0.01228 0.42399
-0.22948 0.59365
-0.04901 0.31183
0.46100 0.70184
0.53863 0.43827
0.25578 0.54677
1.36032 0.82741
0.11376 -0.20584
0.73243 0.33419
0.61897 0.22180
1.04562 0.41141
0.58046 0.48769
0.72224 0.81834
0.35059 0.19281
0.27876 0.35137
0.46542 0.53900
0.19101 0.32563
0.36296 0.37888
0.78214 0.29214
0.57556 0.46608
0.35884 0.22148
0.49818 0.12457
0.97463 0.42776
0.40141 0.39049
0.59386 0.46023
0.50528 0.28271
0.44915 0.36980
0.07517 -0.04792
0.02892 -0.29881
-0.84613 -0.65657
-0.23330 -0.86075
-0.58891 -1.06691
-0.32946 -0.10441
-0.15566 -0.12401
0.22075 -0.16911
0.75535 0.62810
0.75040 0.58233
0.10479 0.31635
-0.17875 -0.03332
0.78507 0.22225
0.91473 -0.10566
0.48217 0.30413
-0.23318 -0.05912
0.46988 0.74535
0.09844 0.32769
-0.15983 0.10239
0.47085 0.49283
-0.21358 0.44731
-0.44201 -0.42853
-0.65964 -0.99260
-0.09233 0.21761
-0.48533 -0.97720
1.47295 0.18513
0.14405 0.13056
-0.10564 0.42508
1.22110 0.41287
0.95676 0.26650
-0.65782 -0.32125
0.30606 0.10761
-0.12831 0.50151
0.09857 0.26869
0.12449 0.14226
0.05235 0.19739
0.02557 -0.22314
0.20047 0.51642
0.32027 0.18065
-0.21713 -0.60561
0.60141 0.66854
1.07543 0.07714
0.09155 0.78261
0.75344 0.32238
0.65728 0.23293
1.05536 0.44201
0.12764 0.11147
-0.21551 0.26123
-0.09385 0.34843
-0.69855 -0.66756
0.11166 -0.19871
0.89215 0.05908
0.30486 0.06709
0.55290 0.73842
0.36791 0.07467
0.37876 0.45687
0.36150 0.57534
0.34434 -0.14307
0.77578 0.41097
0.63876 0.43116
0.57423 0.46883
-0.64265 0.33820
-0.04115 0.26086
0.08181 -0.12649
-0.45976 -0.64073
-0.29288 -1.77191
0.05355 -0.38095
0.19180 0.16813
-0.01046 0.75689
-0.19697 0.33053
-0.32162 -0.55455
-0.29222 -0.45800
-0.12746 -0.82671
-0.11735 0.17032
-0.15045 0.57873
0.61171 0.22570
0.45679 0.93387
0.46400 0.21468
-0.09134 0.89599
-0.09973 0.62150
1.06430 0.20782
1.14693 -0.16422
-0.52777 -0.04909
-0.19549 -0.31368
0.44998 0.62519
0.09996 0.34356
0.39716 0.57752
-0.58758 -0.91052
-0.35401 -0.73135
-0.38242 -0.23783
0.22818 0.70684
0.16066 0.57431
0.42038 -0.69976
0.37091 0.33623
0.41419 0.19602
0.56345 0.34314
0.45700 0.37447
0.40121 -0.01829
0.70422 0.01748
-0.00989 0.15814
0.24476 0.39482
-0.25537 -0.12308
0.42901 -0.82846
-0.00426 0.01308
0.46193 -0.00154
0.00154 0.54520
0.06329 1.01290
0.29093 1.27310
0.20115 0.00597
0.98917 0.11634
0.80170 -0.66323
-0.22353 0.05516
-0.29922 -0.03633
-0.15854 0.70196
-0.08869 0.65099
0.21080 0.63381
0.05809 1.07410
-0.15534 0.59245
1.45287 0.51623
0.80862 0.32406
0.32199 -0.19514
0.36157 0.35238
-0.23644 0.71635
-0.04668 0.73227
1.79053 -0.19315
-0.08035 0.70810
-0.11833 0.70759
-0.34888 -1.40498
0.22327 0.38789
-0.05321 0.41519
1.22870 0.88432
0.80087 0.78478
0.59323 -0.05798
0.52297 0.10087
0.86514 0.36163
0.02257 -0.48120
1.58335 0.12401
-0.62853 -0.22668
0.10576 0.50724
0.24225 -0.12524
0.81097 -0.04105
1.38565 0.31193
0.26960 0.56933
0.25404 0.38201
0.05336 0.50906
0.50883 0.71763
-0.08329 0.42734
-0.42928 0.39932
0.60540 0.50411
0.44219 0.15733
0.50885 0.66313
-0.37896 -0.60398
-0.28890 -0.98224
-0.15619 0.38100
0.05878 0.29517
0.98689 0.12192
1.58241 0.15213
1.08883 -0.01458
-0.20913 0.83208
0.54301 1.40895
-0.16617 -0.11568
0.83445 0.40076
-0.63287 -1.29442
0.13538 -0.02148
-0.30382 -0.01625
0.10621 -0.23364
0.13047 0.68467
-0.05834 0.51744
0.04480 -0.05216
-0.57898 -0.01494
-0.12584 0.61005
0.48499 0.32674
0.95498 1.54359
0.82323 1.30669
0.25662 0.59889
0.65744 0.24400
3.01120 0.67524
2.90053 0.60986
-0.12367 0.39037
-0.64670 0.41223
0.29966 0.37349
-0.37605 0.79523
-0.26687 -0.29026
0.70707 0.73118
0.75877 0.35363
0.05845 0.79839
9.77123 -5.80337
9.63975 -5.93077
0.43824 0.53420
0.11345 0.36711
0.96074 0.42512
-0.08173 0.57398
1.17546 0.41791
1.59192 0.47864
-0.30464 -0.02167
0.13665 0.12182
-0.28890 0.77390
-0.27872 0.54655
0.02117 0.66307
-0.39490 -0.35833
-0.57812 0.34684
-0.35764 -0.77972
1.00774 -0.68767
-0.03496 1.10647
0.04596 -1.30694
0.04424 0.47534
-0.24922 -0.45713
1.18770 0.30394
0.15657 0.08867
-0.03805 -0.72891
0.21722 0.19739
0.25218 0.39269
0.58891 0.32030
0.42204 0.42919
0.13256 0.52277
-0.31285 -0.31313
-0.51948 -1.23898
0.25935 0.53717
0.70648 0.28211
0.05149 0.24076
0.06841 0.57172
0.16766 -0.24533
0.80037 0.36066
0.30027 0.35074
0.65553 0.49235
0.09175 0.40629
-0.10329 0.13450
0.08292 0.41971
-0.22429 -0.33360
-0.41995 -1.02440
0.30444 0.53825
0.60125 -1.32629
0.21577 -0.68018
0.27864 0.34135
0.12855 0.33889
0.34082 0.60868
-0.08194 0.57542
0.10331 0.75050
0.41111 0.53951
0.83566 -0.36805
1.74373 0.42235
2.76909 0.78259
0.06901 0.51974
-0.11505 0.59836
-0.25326 0.36657
0.41295 -0.13260
1.11687 0.02673
0.18390 0.60765
0.43406 0.57712
0.63075 0.58767
-0.05071 0.05949
0.25758 0.70714
0.22940 0.44046
0.17903 0.26241
-0.10330 0.19312
-0.14762 -0.89980
-0.24766 -0.48340
0.65734 0.70510
0.87052 0.81363
0.38316 0.57239
-0.56944 0.03576
-0.35263 -0.52961
0.65518 0.28378
0.45349 0.56600
-0.01790 0.48671
0.73946 0.72571
0.69017 0.19428
0.04494 0.56474
0.33708 0.12686
0.28967 0.27180
0.12698 -0.02625
0.34469 0.40634
1.03168 0.61624
-0.00033 0.54217
-0.13993 0.45698
-0.20855 0.63327
-0.14563 0.41288
-0.39890 0.51145
-0.49499 0.43719
0.10837 -0.34334
-0.13140 -0.20358
0.22520 0.73133
0.58431 1.17219
-0.64374 0.29684
-0.45196 0.53938
-0.27541 0.43529
0.60836 0.44752
0.13625 -0.14159
0.71441 0.45861
-0.19953 0.25060
-0.40582 -0.29859
-0.15141 0.80484
0.54891 1.03335
0.44364 1.05767
0.43182 0.70901
0.37030 0.47258
0.84979 -0.67816
-0.16688 0.19454
1.24183 0.32229
0.85357 0.33485
0.20354 -0.05946
-0.06096 -0.12907
0.98746 0.29008
0.79761 0.00907
-0.25295 0.52399
-0.12777 0.53791
0.15755 0.11530
0.29632 0.68977
0.37390 0.71656
0.35531 0.25282
-0.19608 0.79125
0.32805 1.20325
0.07085 -0.24925
1.34948 0.38994
0.84771 0.66158
1.11274 0.34595
0.69598 0.49678
-0.40469 -0.07349
-0.49205 0.20336
0.18115 0.22324
0.47409 0.08392
0.37251 0.22155
-0.10722 -0.01823
1.34521 0.47218
0.17295 0.71931
0.00486 0.05613
-0.17203 0.10116
-0.06827 0.19972
0.59251 0.50990
1.99796 0.72468
2.55349 0.69961
0.25051 0.83491
0.52342 0.85007
0.02821 0.47032
0.22346 0.56786
-0.14957 0.38576
-0.27969 0.58710
0.55139 0.46308
-0.13593 0.58120
-0.17459 -0.00444
-0.42751 0.28629
-0.11178 -0.22548
0.52720 0.51730
0.37106 0.91783
0.08969 -0.02720
0.31370 0.45845
0.27959 0.37650
0.48135 0.31091
0.44290 0.72419
-0.05629 -0.67231
0.38678 0.56806
0.47913 0.78321
0.14323 -0.23602
1.20760 0.75717
0.23898 0.64857
0.19370 0.06869
0.86199 0.04365
0.04805 0.22763
0.04028 0.27691
0.32296 0.70027
1.06981 -0.12848
0.47685 0.03062
0.54507 0.36218
0.80459 0.64487
-0.09145 0.19627
-0.47003 -1.04672
0.60621 0.81979
-0.09206 -0.09877
0.69552 0.65429
0.24332 0.35912
0.09000 0.66148
0.61195 0.34557
0.51357 0.53845
0.64653 0.21411
0.41324 -0.06425
0.75217 -0.05485
0.82202 0.46927
0.50360 0.52769
-0.11657 0.34742
0.16559 0.45872
0.01768 -0.01810
0.08221 0.29992
0.90565 0.78312
0.66752 0.72113
0.08112 0.47163
0.31427 0.33979
0.42190 0.38462
0.33443 0.26116
0.09921 0.00267
0.29585 0.56803
-0.01132 0.08581
0.36349 0.10320
0.36020 0.03128
0.56646 0.00203
-0.34095 -0.52371
-0.38960 -1.10211
0.59598 0.25640
-0.07160 0.44420
-0.16049 0.70321
-0.55295 0.44555
-0.11872 0.29823
-0.23319 0.21563
0.14403 -0.04534
0.80888 0.37012
0.74457 0.73249
0.07008 -0.97344
0.15188 -0.42806
-0.47686 -0.04014
-0.39662 0.18770
-0.94563 -0.08576
0.72710 0.14600
0.02708 -0.11775
0.06219 -0.80572
0.15009 0.87323
0.01712 0.71097
-0.21930 0.01903
0.55099 0.34320
0.40480 0.17660
0.10636 0.34722
0.15457 0.76090
0.57410 0.00609
-0.23851 -0.10801
-0.16052 0.28660
-0.20767 0.22824
0.33804 0.30993
1.04851 0.37600
0.50911 0.56787
0.21231 0.66242
0.47764 0.36032
0.30173 0.37557
0.17813 0.46363
-1.28490 0.03397
0.23358 0.57298
1.67363 0.90232
-0.43527 0.55812
-0.48930 0.44772
0.34311 0.58377
0.29930 0.86249
0.69048 0.57152
0.06490 0.41366
0.71074 0.26019
0.39714 0.64841
0.32426 0.74786
0.17409 0.61395
0.17746 1.04949
-0.06906 -0.59950
0.36277 0.97230
-0.70732 -0.27331
-0.82890 0.22394
0.52970 0.33525
0.51370 -1.33911
0.00217 0.37292
0.65793 -0.48037
-0.29421 -0.45918
-0.37788 0.08772
0.78090 -0.93269
-0.05582 -0.16181
0.37511 0.31195
-0.22754 -1.13665
0.09356 0.21037
0.20481 -0.15313
0.44688 0.42268
0.73683 0.03007
0.24538 0.60034
0.58233 0.22766
0.68390 0.55526
-0.44985 0.06154
0.04841 -0.74080
0.24095 0.21630
0.94588 0.55141
0.02910 0.52035
-0.32529 0.57441
-0.20983 0.37917
0.01919 0.59982
-0.02671 -0.40593
1.23784 0.04954
1.40960 -0.01400
1.81979 -0.01531
0.42251 0.56547
0.66845 0.68431
0.65713 0.01387
0.67556 0.17920
0.39635 0.33727
-0.07415 0.69208
0.51319 -0.07634
0.08053 -0.77904
0.72951 0.59906
0.12631 0.11783
-0.01301 -0.31040
-0.38835 0.00816
-0.22222 0.18735
-0.17608 -0.67682
-0.39689 -0.08980
0.68579 0.49682
0.28985 0.70039
0.52771 0.50987
0.35308 0.57176
-0.92768 -0.47474
-0.03999 0.53401
-0.27867 0.25640
0.73488 0.08580
0.32558 0.43924
0.02835 1.00476
0.10205 0.65515
0.21420 0.17757
0.77611 0.28624
0.03184 0.21990
0.27742 -0.14758
2.15752 -0.90629
3.57899 -1.61912
0.00823 -0.34490
0.02967 0.69623
0.25670 0.73940
0.43642 0.73359
1.07290 0.38428
0.49996 0.39449
0.29715 0.42199
0.68773 0.51437
-0.11269 0.09728
-0.07283 0.61877
-0.39006 -0.38648
-0.20824 -0.33706
0.46973 0.58981
0.29692 0.03722
0.12855 0.36225
0.82359 0.61991
0.42048 0.30907
0.24054 -1.78729
0.87595 0.90833
0.73397 0.68650
-0.03017 0.22514
0.08275 0.36013
0.43976 0.50216
0.23924 0.26299
-0.17781 0.55246
0.55598 0.68440
0.49364 0.87082
0.53643 0.35680
3.51457 -1.51626
0.41299 0.11528
0.06363 0.23455
0.30841 0.47301
0.33936 0.56852
-0.17158 -0.19897
0.48228 0.55719
-0.52872 -1.49453
-0.42414 -1.13801
-0.31685 0.09478
0.62213 -0.07602
0.23077 0.41865
0.61483 0.42695
0.14092 0.48962
0.70182 0.41556
0.17252 0.39245
0.55213 0.44633
0.33047 0.98091
1.21235 -0.57805
0.91148 -0.68275
0.13606 0.00817
-0.12188 0.70693
0.36031 0.63627
0.45539 0.36080
0.20578 0.47035
0.79398 0.21420
0.37803 0.41277
-0.26981 -0.35281
-0.15738 -0.49124
0.37555 0.46905
0.21452 0.84970
0.42582 0.19902
0.51557 0.46077
0.38002 0.56575
-0.18911 -1.07316
0.01787 0.62670
0.27957 -0.87046
-0.64767 -0.54852
1.01015 0.42604
-0.18331 0.59108
0.26749 0.52883
0.09736 0.48372
0.37014 0.44354
0.36554 0.81825
0.34806 0.18899
-0.06901 0.00368
-0.23760 0.29282
0.30782 0.47204
0.10477 0.61542
0.22987 0.40985
0.74452 0.22321
0.39738 0.33639
1.18723 0.50049
0.77725 0.57139
0.25632 0.59019
-0.21509 -1.14450
0.87593 -0.62293
0.41900 0.49331
0.76471 0.10901
0.68332 0.30532
0.44417 0.01026
0.33472 0.18011
0.62339 -0.03811
0.03952 0.35141
0.12793 0.02823
1.08316 0.45134
0.01883 -0.62946
-0.00996 -0.61198
0.25912 0.36048
-0.28417 0.55942
0.01456 0.32304
-0.15947 -0.76418
0.53484 -0.10901
0.55804 0.65368
-0.62696 -1.21594
0.35135 0.67256
0.36886 0.39632
0.74519 0.55799
0.43113 0.58699
0.31863 0.53650
0.38428 0.56760
-0.06569 0.45525
0.35371 0.40884
0.33957 1.01975
0.20011 0.61927
0.50242 0.96002
0.10330 0.42806
-0.15085 -0.36972
1.01616 0.62419
0.72337 0.55659
-0.09522 0.51800
0.11344 -0.87252
0.27548 0.84916
0.36000 0.61225
0.06623 0.32306
0.21024 0.57588
-13.29113 1.88334
-11.89387 1.61571
0.11753 0.74543
0.02248 0.35657
-0.35407 0.19028
-0.13202 0.26781
0.02449 0.51181
-0.24972 -1.16433
-0.42263 -1.26091
0.49337 0.31130
0.27925 -0.40071
-0.52837 0.46468
0.33689 0.76097
-0.49550 -1.60133
-0.62873 -1.51370
8.23291 -7.07836
8.29046 -6.93248
0.70167 -1.50395
0.56746 -1.40196
-0.72760 -1.29294
0.75852 -0.90100
-0.72051 -0.46521
0.14507 0.66039
0.55633 0.85981
0.53217 0.62184
0.19747 0.03645
0.30567 0.80109
0.78305 0.58945
0.16454 0.48713
-0.22292 0.69794
0.01119 0.37858
-0.23418 0.07660
0.00888 -0.08592
0.30548 0.10561
0.17757 0.06812
-0.31012 -0.34642
-0.23854 0.30526
0.03012 -0.32597
0.10464 -0.67475
-0.59833 -0.86350
-0.25190 -0.67975
0.40934 0.30650
-0.25240 0.20256
0.21550 0.28506
0.08411 0.34099
10.65304 -4.57381
10.38690 -4.61691
10.65289 -4.66091
-0.01424 0.01984
-12.41279 2.78961
-11.94745 2.12277
0.87737 0.44876
0.56533 -0.51637
0.20800 0.37230
0.60572 -0.51945
-0.22765 0.01616
-0.14724 -0.08042
0.43991 0.36953
0.72303 0.13051
1.18695 0.41038
0.16823 0.34728
0.50269 0.65894
0.59657 0.71645
10.30420 -4.03218
10.58690 -3.99828
0.40823 0.74696
-12.58379 1.90639
-0.10147 0.63701
0.84227 -0.80137
0.39090 -0.82178
0.98561 -0.84009
-0.55912 -1.47814
1.30945 -0.35775
1.03860 -0.18351
0.92668 0.05121
1.66604 -0.48228
0.96677 0.58685
1.08828 0.13400
0.93283 -0.90477
-0.72300 0.34858
-0.24145 -0.15755
0.62219 0.74543
0.50936 0.10459
0.42801 0.48430
0.59194 0.63157
0.58757 0.63807
0.50335 0.61703
0.72249 0.31534
0.75538 0.69177
0.39221 0.50297
0.35776 1.06272
1.22500 0.00847
0.56390 0.63218
-0.17435 0.69930
0.27807 0.49201
0.52318 0.81809
0.67294 0.66839
-0.25378 -0.41798
0.11119 0.24184
-0.22321 0.33563
11.06869 -4.35977
10.65945 -5.39459
-0.33341 0.15423
-0.19947 0.11806
0.07217 -0.35466
0.24153 1.03349
-0.45847 0.05511
0.33973 0.14074
0.23292 0.02497
0.15707 0.87198
0.29182 0.26256
0.20838 0.65150
0.06495 -0.46047
-0.25400 0.70020
0.59296 0.58106
0.17100 -0.23280
0.47847 0.45341
-0.15326 -1.25342
0.13921 0.32438
0.18727 0.01570
-0.11862 -1.22140
-0.15251 -1.24411
-0.24469 -0.37297
-0.07058 0.54086
-0.35894 0.70622
0.84989 0.10960
-0.63520 0.24044
-0.15466 0.12077
-0.16772 0.38735
-0.09850 0.53421
-0.35610 0.22297
0.54796 0.69614
-0.39443 0.43134
0.03253 0.96104
-0.04006 0.53667
0.58227 1.03570
0.06329 1.03451
0.10835 0.45666
-0.34484 0.24107
-0.25151 0.61788
0.44018 0.33906
-0.23701 0.61383
0.40500 0.37843
0.46937 0.31294
0.39721 0.27476
0.11736 -0.26429
0.10242 0.21822
0.77432 0.23381
0.87627 0.07026
0.41155 0.71228
-0.01823 0.49579
-0.32194 0.64485
0.75490 0.45756
0.36439 0.50269
0.42378 0.90548
0.02630 -0.00299
0.51940 0.37029
0.12832 0.69230
1.17062 -0.02314
-0.73191 0.80114
0.04391 0.37660
0.41229 0.36665
0.64100 0.47166
-0.42252 -0.28385
0.41487 0.19242
0.02042 -0.04749
-0.03796 0.30439
1.12207 0.62905
4.25077 -1.32453
5.93390 -1.96659
5.75480 -2.01970
2.49272 -0.76760
5.89298 -2.04427
0.10584 0.82953
0.76549 0.20947
0.71518 0.22562
0.14924 0.48260
0.05797 0.80201
-0.11514 0.77959
0.16256 0.33028
1.20092 1.22770
1.12973 1.12651
0.66990 0.19305
-0.13870 0.36178
-0.22273 0.70080
1.86887 0.11356
-0.50187 0.37071
-0.13621 0.30338
0.37362 0.41405
0.09581 1.04490
-0.06480 0.52760
-0.48385 0.86500
-0.44873 0.83958
0.11815 -0.28881
-0.06689 0.07160
0.84344 0.42317
-0.21169 0.33741
-0.40062 -1.51982
0.17532 0.17411
1.66024 1.11552
1.10648 0.64254
0.41194 0.96483
0.23457 -0.11907
-0.30468 0.27008
0.00852 0.59604
0.55133 0.34993
-0.17347 0.60891
-0.41380 0.29377
-0.40241 0.33788
-0.72766 -1.56364
0.56056 -0.29891
0.47477 0.10186
0.76421 -0.11693
0.12509 1.01966
-0.35236 0.16634
0.52802 1.17196
-0.19481 -0.08913
-0.20971 0.25929
0.00759 -0.24048
0.75167 0.06686
0.08258 0.44332
0.25741 0.06499
-0.30251 0.53255
0.48098 0.48616
0.15138 0.30648
0.15482 -0.80822
0.22274 0.22486
0.18437 0.95952
1.02069 0.32001
0.69066 0.58587
0.52912 0.74635
0.07601 0.00371
0.16104 -0.04880
-0.02007 0.02899
0.23716 0.12584
-0.78458 -0.40345
0.37485 0.01490
0.75104 -0.45200
0.61371 -0.03327
-0.16645 0.13236
0.12839 -0.06171
0.24576 0.37662
0.19158 0.07300
0.17621 0.65915
-0.03427 0.49850
0.34657 1.28787
-0.19580 0.10080
-0.00512 -0.07809
-0.06541 -0.82499
0.39841 0.14630
0.53607 0.36213
0.68201 0.58297
0.14228 0.01614
0.27281 0.60456
0.06339 0.53288
0.01767 -1.09739
0.78948 0.49787
0.15594 -0.24386
0.25285 0.61317
-0.09654 0.29772
0.57375 0.26159
1.47376 2.45092
2.45211 4.26833
0.42149 0.44494
0.43229 0.46588
0.20594 0.71056
-0.10997 0.27863
0.61454 0.65829
0.19887 0.07390
-0.16674 0.52427
0.24101 0.34397
0.29089 0.20305
0.95096 0.55354
-0.36636 -0.42042
0.90502 0.27276
1.08614 0.32842
0.27064 0.28852
-0.32181 0.47060
0.38424 0.22261
-0.57341 0.30462
-0.08491 -0.10906
0.04093 0.23225
0.33933 0.08491
0.60785 0.18233
0.21282 -0.46912
0.38947 0.43508
1.11420 -0.48562
0.48298 0.42095
0.40106 0.48437
0.15661 0.88117
0.60828 0.57962
0.21709 0.63982
-0.11374 0.28491
-0.59400 -1.19140
-0.50312 -1.14567
0.69673 -0.16242
0.67698 0.21658
0.72631 -0.46455
0.89721 -0.70438
0.41716 1.05155
-0.02879 0.56685
0.12538 -0.03631
0.05245 -0.01029
-0.09317 0.22573
5.77271 -9.40476
0.28128 0.21312
0.98690 0.56954
-0.01182 0.36136
0.09504 -0.20399
0.20470 1.04431
-0.13389 0.60771
1.03445 0.66891
-0.31715 -0.99444
0.69421 -1.56705
0.54954 0.85063
-0.38477 0.48652
-0.28176 -0.94806
-0.11830 -0.22773
-0.40926 -1.31851
0.24623 -0.95515
-0.20894 0.49877
1.18598 -0.26466
0.04106 0.50244
0.42546 0.17573
-0.37253 -0.13196
-0.35964 0.30850
-0.33782 -0.02595
-0.38729 -0.07699
-0.43917 -0.03760
-0.37734 0.03658
-0.43554 -0.41702
-0.59385 -1.09615
0.36426 -0.05506
0.22029 0.14862
0.35795 -0.95185
-0.39254 -1.30805
-0.11217 0.05261
0.36932 0.53893
-11.94389 1.51536
0.76368 0.92709
0.23261 0.10845
0.59478 -0.03416
0.52566 0.40119
0.58556 0.43444
1.20000 0.70131
1.23737 0.34538
0.54311 0.59489
0.93681 0.09664
-0.04109 0.06187
-0.11185 0.11269
-0.21375 -0.12861
-0.60442 0.44791
0.60043 0.15135
0.22894 0.09621
-0.23372 0.11456
-0.02868 -0.26666
0.20246 0.61741
-0.12235 0.84360
0.59269 0.73264
0.26033 0.01515
0.21273 0.28215
-0.03039 0.26578
0.77810 0.46494
0.93393 0.62820
0.26696 0.42558
0.80397 1.20823
0.52015 0.52867
-0.43221 -1.32831
-0.02477 -0.09602
0.68004 0.40367
-0.37073 0.57216
-0.43215 0.62598
0.90800 0.13100
-0.24180 0.83719
-0.28551 0.53251
-0.40911 0.33428
0.71699 0.20985
-0.06082 0.14706
1.27930 1.59611
1.40044 1.64952
0.27946 0.89954
0.80836 -0.11551
-0.62796 -0.63586
-0.17704 0.21803
0.57318 0.61161
-0.32881 -0.66583
0.64865 -0.08091
0.97219 0.04293
1.04092 0.00751
0.55908 -1.14231
0.31144 -0.70966
0.50149 0.19741
0.24077 0.56464
0.57411 -0.43452
0.09447 0.35589
0.79231 0.25845
1.07140 0.22109
-0.21524 -0.58750
-0.32249 -1.50191
1.21509 0.27834
-0.30212 1.07716
-0.29662 -1.22540
0.21285 0.66834
0.59619 0.44939
0.37213 0.45531
0.15923 0.44024
1.64808 -0.28906
0.33442 0.41020
-0.72396 -1.26917
-0.62105 0.56224
-0.75829 -1.33860
-0.46660 -1.17095
-1.27727 -0.55414
-0.57246 -0.99594
-0.40812 0.20425
-0.08285 -0.03079
-0.14730 0.96627
0.86444 0.36797
0.38112 0.42794
0.14876 -0.19092
-0.46769 0.41833
-0.33270 0.35847
-0.27529 0.45761
-0.84962 -0.48847
-0.46096 0.11958
0.64691 0.66049
-0.81949 -0.47744
0.11870 -0.52207
0.10785 0.88899
0.59136 0.01877
-0.99382 -0.45380
0.74229 0.19797
-0.17841 -0.04386
0.56897 1.79942
0.76179 -0.13611
0.95726 0.05985
-0.39816 -0.23710
0.90454 0.76758
1.21027 0.44121
-0.00738 -0.48993
-0.67786 -0.18434
-0.05162 0.70160
1.04690 0.26065
0.15969 0.50793
0.47965 0.19636
0.00491 0.71235
-0.39577 0.82838
-0.04976 0.55837
0.06824 1.57197
0.00912 0.78370
1.21047 0.27876
1.00493 -0.23335
1.10257 -0.27339
-0.64933 -1.67742
0.25988 0.93803
0.53733 0.45164
0.74764 0.28902
0.69747 0.52216
1.21780 0.31872
0.54713 0.51456
0.15436 0.53968
0.04799 -0.12046
-0.16460 0.39435
0.09879 0.66549
-1.10860 -0.75274
3.56755 0.60530
2.64300 0.31242
4.48230 0.78714
2.05746 0.71484
1.03325 0.32391
0.37718 0.57548
1.63228 0.75767
0.07825 0.28912
0.17097 -1.70837
0.74848 -0.05546
0.13599 0.67459
-0.59270 0.23964
1.75931 0.54562
0.33333 0.07991
0.65911 0.44930
0.18665 0.39876
0.09367 0.41208
0.21070 -1.38209
11.48875 2.47739
11.60917 2.26181
0.45929 0.77648
0.16151 0.73893
-0.48626 -0.54013
-0.06949 0.12148
-0.12480 0.31713
0.06912 0.22813
0.42290 0.42012
-0.08641 0.71139
0.02178 0.68384
-0.01773 0.54734
0.39448 0.56390
0.13126 0.42042
0.11387 0.73427
-0.46664 -0.10311
-0.34481 0.50610
-0.81609 -0.67982
-0.19169 0.14767
0.14680 -1.24775
1.09592 0.63008
0.36952 0.21954
0.88548 -0.10370
-0.23691 0.06817
-0.22271 -0.40346
-0.32486 -0.25169
0.36346 0.55032
-0.18545 -0.01831
0.71482 -0.29659
-0.20321 -1.06875
-0.33253 -0.73812
-0.23839 0.31458
0.26577 0.91667
0.52308 1.58517
0.17475 -0.13950
0.53550 0.76351
0.01277 0.08072
0.52056 1.06032
0.50709 0.79173
1.59280 4.04621
0.81405 2.48699
1.60965 4.08974
0.24836 0.23870
-0.33371 0.47137
-0.07569 0.15641
0.43418 0.37023
0.06355 0.04394
-0.13222 -0.91848
0.11237 -0.00264
0.23701 0.14682
0.70670 0.35139
0.33503 -0.38230
0.51778 0.24651
0.67699 -0.19046
-0.52685 -1.47083
0.56519 0.94662
0.12378 -1.24639
0.06669 -0.37656
-0.68084 -0.03528
0.53993 0.66476
0.44386 0.68163
0.08166 -1.16368
0.03749 -0.20178
0.02606 0.24915
-0.63884 -1.19378
0.07066 -0.21840
-0.14427 0.32027
-0.22142 -0.07207
-0.59114 -0.98392
-0.49075 -0.31783
0.04660 -0.93071
-0.28294 -1.19522
0.66569 1.44958
0.30711 0.72834
-0.30357 0.51984
-0.41518 -0.73544
-0.42849 -1.25491
0.11116 -0.27148
-0.42410 0.27105
-0.14903 0.45758
0.54413 0.70999
0.00179 0.79112
0.61828 0.27071
-0.14555 0.54991
-0.15049 0.66341
1.33403 0.71444
-0.20150 -0.21996
0.06469 0.50374
0.31610 0.63735
0.96629 -0.29143
1.18245 -0.52726
1.16784 -0.54972
0.61933 0.76034
0.02477 -0.06617
-0.00036 0.20854
-0.03997 0.23744
-0.68303 -0.13083
-0.37879 -0.03410
-0.42049 0.44808
-0.65786 0.42289
0.04892 0.01978
-0.61695 -0.01359
0.11176 0.13358
-0.29349 -1.25204
-0.02301 -1.27851
0.83936 -0.70713
0.37613 0.27258
0.94166 -0.02167
0.19011 0.70813
-0.33715 0.43555
-0.24307 -0.60111
-0.43360 0.49820
0.45974 0.62022
0.57801 0.60754
-0.40717 0.21536
-0.86366 -1.63597
-0.41844 0.55617
-0.02966 -0.24787
-0.35444 0.35848
0.30555 0.62352
0.27403 0.38056
-0.07659 -0.36672
-0.19551 -0.48219
-0.10751 -0.33079
11.32845 -1.95208
-0.35519 0.15327
0.13003 0.21031
0.55044 0.42961
0.07610 0.05754
-0.09796 0.47951
0.09118 0.33833
0.11807 0.04621
0.94900 -0.00567
0.01946 0.21223
-0.45911 -1.12918
1.20183 6.21340
1.93181 -1.92838
0.04429 0.41683
0.36986 0.57729
0.35390 0.90412
0.51305 0.55481
0.70836 0.35797
0.51289 -1.00420
-0.21178 0.62173
0.35483 0.27463
0.81785 0.27322
-0.10688 -0.19575
1.28060 -0.07165
-0.43837 0.69467
0.12220 -0.19408
-0.27142 0.69804
0.46279 -0.06767
0.21384 -0.94827
-0.23527 -1.30207
0.55374 0.72450
-0.17907 -0.39841
0.23780 -0.84324
0.17151 0.21796
0.32568 0.87989
0.61188 0.43507
-0.00738 0.54756
0.65967 0.63980
0.28000 0.80713
0.45768 0.97001
-0.05736 -0.38029
0.21381 0.13130
0.08950 -0.23567
0.59822 0.08622
0.95365 0.32628
-0.54551 0.81850
-0.19831 -0.01974
0.08218 0.52421
0.05144 0.74015
0.20262 0.23979
0.17330 0.55527
0.46956 -0.98084
-0.44586 -0.18740
0.01362 0.35747
-0.13514 -0.33717
-0.08613 0.64829
0.63852 -0.43146
-0.14122 0.49129
-0.13541 0.47131
0.14430 -0.49074
0.02425 -0.22921
0.55763 0.80432
0.20412 -0.83811
-0.09520 -0.05883
-0.86193 -0.61583
-0.50481 -0.50814
-0.16882 -1.15449
2.80221 -0.17352
1.38695 0.23857
0.52642 0.23778
0.59661 0.44418
-0.13879 -1.08607
-0.37799 -1.56870
-0.00649 -0.00506
0.13153 -0.82606
-0.14726 0.92199
-0.01297 -0.13381
-0.77844 -1.39297
-0.35941 -0.40133
0.42402 -0.99906
-0.27517 0.34599
0.56780 0.03678
0.31754 0.63066
-0.26594 -0.85228
0.42884 -0.97923
0.60798 -0.44465
0.34255 0.54445
-1.10469 0.47621
-0.51210 0.42551
-0.02365 -0.16035
0.61004 0.36678
0.40612 0.66258
0.42184 0.84448
0.53583 0.92773
1.00457 -0.91719
-0.34501 0.07467
0.76454 0.28092
0.61771 -0.16649
10.00874 -5.16196
10.09442 -5.34019
-0.03895 0.68871
-0.29678 -0.63724
-0.22480 -0.20575
0.65770 -0.13399
-0.17271 -0.38722
0.29799 0.66189
-0.16029 0.11704
0.37632 -0.78043
0.03052 -0.76535
-0.03920 0.55415
-0.25738 0.09279
-0.04226 0.80256
-0.06839 0.79615
-0.31743 -1.92286
0.10996 -0.69559
-0.11868 0.72282
-0.06735 -0.26152
-0.31705 0.29901
-0.13979 0.44023
0.05203 0.09668
0.12757 0.03009
-0.10343 0.13312
-0.14594 0.39482
0.13819 0.53024
0.97826 0.94735
-0.44849 0.35058
-0.46451 0.42531
-0.56086 0.69859
-0.27662 0.37386
0.02460 0.51228
0.15990 -0.33655
0.73720 0.17847
-0.22732 0.34581
-0.04865 0.41518
0.69456 0.14064
1.02516 0.20063
0.47248 -0.39059
-0.37817 0.76439
-0.19968 0.53723
0.11189 0.38291
-0.33809 0.39642
0.58883 0.79097
0.64145 0.19850
0.28530 0.46350
0.41902 0.39529
0.27421 0.64867
0.79499 0.25129
0.56071 0.44585
0.35971 0.32420
-0.30778 0.60728
0.54286 -0.44009
-0.80497 0.62687
0.80895 0.27650
0.75956 0.16716
0.26871 0.78443
0.33943 0.58305
0.61521 0.07240
0.23695 0.38783
0.02631 0.70141
0.22272 0.72298
0.03245 0.43924
0.14428 0.51121
-0.61121 0.44507
0.98722 0.37510
-0.19530 0.65457
0.76630 0.23966
0.41761 0.24718
-0.33867 0.60039
0.39363 0.37794
0.56749 0.93154
-0.81745 0.68515
-0.81551 0.88000
-0.45117 0.89958
-0.26160 0.70995
0.16391 0.27790
0.00403 0.22684
-0.39354 0.31388
0.51269 0.31634
0.48267 0.33049
0.70062 0.34752
0.21004 0.30926
0.29435 0.39590
-0.18633 0.32113
-0.85856 0.82780
0.08411 0.51287
0.25429 0.41361
0.33609 0.61010
0.96134 -0.09562
-0.18174 0.92241
0.30688 0.43181
-0.21300 0.81372
0.06024 0.43419
0.39241 0.19360
0.25145 0.29545
-0.25773 0.86215
-0.17078 0.37587
0.00060 0.40355
-0.22114 1.20174
1.03053 0.31763
0.96276 0.44723
1.50013 0.32599
0.67769 1.01056
0.21229 0.00676
0.47385 0.54743
-0.09880 0.53178
-0.00062 0.39081
-0.43629 0.48465
0.63036 0.57223
0.27100 0.83343
0.43452 0.68624
0.44989 0.63546
0.00904 0.48484
0.44811 0.32340
0.70058 0.36367
0.46257 0.06901
-0.03442 0.55233
0.52160 0.14786
1.41442 0.21132
0.68059 0.18399
0.02879 0.42181
-0.13185 -0.70699
0.79602 1.41668
0.14048 0.19960
-0.05945 0.49203
-0.49932 -0.20709
-0.82024 -0.60401
0.84485 0.23795
0.08779 0.45517
0.60962 1.36073
0.47738 0.12807
0.07190 0.39633
-0.35665 0.61608
-0.11221 0.52708
0.16837 0.48069
0.46183 0.83999
-0.20437 0.78627
-0.36008 0.58837
0.02508 -0.07725
-0.00744 0.52299
0.08624 0.40572
-0.39045 0.79456
-0.11826 0.69099
0.73585 0.22877
0.89321 -0.02356
0.30516 0.37964
-0.08736 0.49789
0.13262 0.50675
0.30094 0.53955
0.31038 0.08282
-0.75087 -0.43102
-0.53379 0.45810
-0.53578 0.44309
-0.12924 0.27041
0.57729 0.87332
-0.76142 -0.44540
0.17425 1.39835
-0.45400 0.35822
-0.62874 0.00141
0.84890 1.81075
-0.51248 0.40633
0.08899 0.70785
0.02218 0.91506
-0.40441 0.45866
0.35675 0.69871
0.21840 1.23302
-0.15212 0.27470
-0.24213 1.09816
-0.44426 0.80068
0.59745 0.68603
0.11424 0.93041
0.51923 0.69876
0.78060 0.48530
-0.35200 0.22117
0.15578 0.20606
0.37396 0.73197
-0.15973 0.90506
-0.26565 1.00945
0.14161 0.37921
0.30141 0.59336
-0.12915 -0.21549
-0.19071 0.68657
0.34682 0.29486
0.40798 0.54832
0.51901 0.72780
0.27294 0.82094
0.40004 1.67312
0.75115 1.19078
-0.15324 0.79111
0.99051 0.95176
-0.78526 0.60566
0.22135 0.48841
-0.06109 0.39100
-0.19585 0.59196
0.39604 0.54866
0.31006 0.48519
-0.02703 0.65855
0.03766 0.28738
-0.18958 0.32366
0.22739 0.56064
-0.04011 1.01312
0.02253 0.93296
1.21868 -0.50086
-0.30306 -0.54988
0.67599 0.42177
-1.12636 0.19852
-1.10421 0.25026
-0.46920 0.23125
0.45466 0.10502
0.31534 0.71400
0.23997 0.30658
0.02131 0.57890
0.50863 0.74921
0.07312 0.07156
1.65807 0.03163
0.96397 -0.03887
1.75205 -0.03973
0.56563 0.24133
0.73183 2.15527
1.04672 3.55585
0.15213 0.66635
-0.14364 -0.55979
-0.13164 0.34760
0.05235 0.02281
0.52021 0.67352
-0.02929 0.62726
-0.02670 0.50503
0.08131 0.51704
0.35250 0.56114
0.08255 0.43824
0.38054 -0.22013
0.23520 0.72867
0.00057 1.12084
0.18872 0.78862
0.18148 0.71921
0.33860 0.81098
0.07960 0.51465
-0.37395 0.43609
0.52354 0.96747
0.11848 0.74576
0.25157 0.89335
0.00379 0.48804
0.27492 0.77380
0.59274 0.59629
-0.13219 -0.21163
0.55511 0.65201
0.24699 0.40701
0.04078 0.56023
-0.03053 0.85518
0.25878 0.65310
0.89080 0.39956
0.41785 0.44066
-0.45504 0.56185
0.18006 0.45759
1.04699 0.31764
1.33859 0.45209
0.33261 0.22920
0.19728 0.62304
0.27996 0.39796
0.19699 0.39818
0.04346 0.91982
0.23857 0.41537
0.12925 -0.12307
0.36961 -0.70814
1.02034 0.46573
0.34853 0.35994
0.61576 0.40712
0.35390 0.52276
-0.68977 0.67240
0.86713 0.64827
0.23869 0.19801
-0.20634 0.61458
1.15935 0.36552
-0.35244 0.73644
0.69919 0.94246
-0.22071 0.37580
0.71097 0.68065
0.19287 0.30683
-0.04837 0.60021
0.45283 0.77967
0.25219 0.09831
0.76909 -0.02150
-0.13169 0.36305
-0.35811 0.36405
0.79684 0.33645
0.27794 0.77633
0.18739 0.29659
1.05185 -0.20147
0.53246 1.87784
0.23678 0.44334
11.37194 -0.25988
11.19802 -0.75196
0.15333 1.14420
0.38041 1.04902
1.64409 1.59913
1.98980 2.04573
0.42046 0.30200
0.33274 0.38948
0.70418 0.24234
-0.15652 0.49450
0.37944 0.56504
0.78098 0.84053
0.10193 0.69665
0.21920 0.45468
0.55037 0.60664
-0.56615 0.49992
-0.36720 -0.50311
0.33537 0.35895
0.12729 0.96251
0.80694 0.46412
0.14938 0.12267
-0.33386 0.30889
0.06422 1.17039
0.93156 0.46633
-0.22041 0.13999
-0.25341 0.28342
0.14452 0.34101
0.39388 0.47314
-0.50421 0.61954
0.68252 0.09472
0.63992 0.08125
0.31403 0.61636
0.17216 0.33277
0.57784 0.25199
0.45412 0.22433
0.95227 0.61802
0.64737 0.06872
0.65018 -0.02415
0.24253 0.03627
0.68672 0.39307
1.07328 0.30482
1.05886 0.20186
0.38882 0.67225
0.71801 0.01580
0.54708 0.49980
0.73275 0.86541
0.00364 0.64576
0.13058 0.67990
0.18905 0.65435
0.70235 0.00449
0.21354 0.05963
0.13163 0.66318
-0.30599 0.38710
0.53896 0.74839
0.59639 1.13476
0.78422 1.24710
0.30554 0.54839
0.78558 0.36715
-0.27752 -0.53128
-0.47006 0.08349
0.06865 0.81243
0.59758 0.12834
-0.10952 -0.89994
-0.00459 0.48305
0.89278 0.79926
0.55225 0.50393
-0.10300 0.05639
-0.25191 -0.61184
0.37474 0.09530
-0.06720 0.75246
0.36035 -0.55316
0.52596 -0.23295
-0.28751 0.50584
0.34612 0.19415
0.21385 0.27154
-0.66532 0.76960
0.02879 0.45738
0.49439 0.48533
-0.17203 0.47518
-0.49221 0.51347
-0.36992 0.57462
1.25245 -0.14277
0.66029 0.35043
-0.05667 0.50780
-0.37264 1.01144
0.39609 0.34959
-0.53523 -0.69412
0.16185 0.47304
0.06477 -0.07891
1.75227 1.48149
1.94829 1.56691
0.27021 0.57956
0.87233 0.65356
0.00379 0.56478
0.17920 0.72298
1.06106 0.99793
-0.08670 0.58783
10.33645 -4.97451
10.33948 -4.98885
0.17062 0.64070
0.71255 0.37327
0.65713 0.85238
-0.49590 -0.86979
0.70673 0.97041
0.31949 0.55945
0.75228 0.98660
0.15451 0.95640
-0.08097 0.39533
1.14484 0.01362
-0.19711 0.32193
1.09415 -0.66372
0.28458 0.77798
-0.24879 0.69699
-0.18028 0.32123
0.07606 0.17837
0.34831 0.07453
0.33818 0.68846
0.35785 0.68474
0.55308 0.48684
0.31853 1.37181
0.43681 0.07810
0.22591 -0.37704
0.32983 -0.29125
0.19269 -1.86446
-0.11334 -0.70108
0.11287 0.98648
0.37816 0.63585
-0.34182 0.50059
0.05977 0.53689
0.58643 0.55435
0.47235 1.42922
0.51546 0.20064
0.81580 0.87007
0.07681 0.79105
0.13006 0.39781
0.18691 0.15279
-0.00278 1.18031
-0.59253 0.47395
0.29727 0.78607
0.40885 -0.32146
-0.19556 0.55116
0.63701 0.15686
0.56769 0.23801
-0.07714 0.62124
-0.23708 0.21392
0.36616 0.36666
0.58589 0.17544
0.46779 0.29040
0.25234 -0.24819
-0.02418 0.03546
-0.02199 0.75799
0.56934 0.55035
0.34561 0.58622
1.35016 0.59907
0.10186 0.16937
-0.00901 0.37315
0.49904 0.44906
0.23519 0.16189
-1.10805 0.80993
-0.29631 0.51361
-0.62498 0.37866
1.01548 0.50596
0.21197 0.55967
-0.01958 0.50643
-0.43016 -0.36047
-0.10153 0.42455
-0.40935 0.27190
-0.10570 0.03452
0.18759 0.66462
0.47450 0.72219
0.62285 0.06117
0.05750 0.53141
0.96998 0.85833
-0.37156 0.76000
0.13320 0.55976
-0.62120 0.40500
0.67480 0.39348
0.30063 0.44132
0.48979 0.44502
0.72146 0.65347
0.01242 0.68652
0.03309 0.67515
0.63074 -0.93892
-0.20010 -1.25641
0.31884 -0.28653
0.02201 -0.79009
-0.50090 -0.27205
-0.20947 -0.39422
0.04589 -0.02645
0.79274 0.09972
0.05568 0.69957
-0.19340 -0.01716
0.08666 0.62226
0.27441 0.50128
-0.08045 0.10810
-0.57477 -0.83486
-0.17569 0.37169
0.24900 0.27972
4.93958 1.86838
5.02188 1.83244
3.83179 0.86171
-0.08138 -1.16284
-0.42190 -0.28806
-0.60460 -0.98499
0.22149 0.48797
0.18117 0.77936
0.47017 0.74153
0.36697 0.55567
0.43909 0.70108
0.37835 0.81283
-0.11570 0.04095
-0.31887 -0.72140
-0.01635 0.19593
0.62812 0.35711
1.76300 -0.27790
1.57422 -0.45553
1.49697 0.59224
0.09850 -0.22006
0.10552 -1.21818
-0.48345 -0.97244
-0.22173 -1.16306
0.57351 0.25786
-0.07080 -1.05211
-0.42866 -1.38048
0.42370 -0.22326
12.03389 0.62181
12.11121 0.14615
0.78081 0.40432
0.07838 0.14610
-0.60731 -0.94240
-0.18622 -1.24193
-0.20821 -1.15418
-0.78228 -1.22807
-0.39638 -0.45760
-0.37224 -0.30346
-0.48299 0.56514
-0.05081 0.05736
0.49280 0.42818
0.84904 -1.70313
1.57196 -2.65566
1.48843 -2.72826
0.97721 -2.38881
1.57271 -2.47002
1.52387 -2.45026
1.54336 -2.37642
0.32063 -0.17573
-0.20404 0.08110
0.62651 0.68199
0.86891 0.55815
0.43685 1.10912
-0.59987 -0.79077
0.28197 0.28132
0.37069 0.26307
-0.04717 -0.22819
0.30213 0.26990
-0.11770 -0.86250
-0.28624 -0.78492
0.42897 0.29562
0.39567 0.28141
0.54041 0.49412
0.30599 -0.62715
-0.28773 -0.07946
-0.08548 -0.35641
0.28209 0.59929
0.28024 0.83859
1.10061 -0.07738
0.52781 0.38901
0.94671 0.48883
0.23801 -0.45600
0.66363 0.00207
0.89625 -0.08457
12.19484 -0.37947
12.31289 -0.39242
2.49388 0.10410
2.42406 0.04015
0.56852 0.05548
5.57129 -10.29192
5.54095 -10.42844
4.46865 -9.68560
4.55581 -9.75704
-0.05093 0.58095
-0.58196 -1.27251
-0.39728 -1.19100
-0.21644 -0.01761
-0.13453 -2.02604
-0.14819 -1.18870
9.02762 -3.57033
9.34714 -3.48818
0.86934 -1.59101
7.11518 -8.61471
0.15245 -0.00727
0.38624 0.24325
-0.19479 0.29668
-0.63435 -1.47826
-0.32688 -1.52307
-0.81197 -1.34127
-0.69994 -1.30377
0.02196 -1.38709
-0.66157 -1.12801
-0.96536 -0.35453
-0.68742 -1.58228
-0.77821 -1.20169
-0.24503 0.07277
-0.38249 -1.14528
-0.05844 0.10040
0.17024 0.42577
-0.55812 -2.13703
0.29478 0.59657
0.38871 0.59595
0.09396 -0.58953
-0.01429 0.02364
0.33821 0.16636
-0.14629 -0.16961
0.02937 -1.38658
0.11316 -0.02198
0.71243 0.05076
0.91191 -0.12598
0.93856 -0.13181
-0.30565 -0.82478
0.20754 0.06576
-0.18647 -0.66848
0.15182 -0.05129
1.60212 -0.19408
1.61657 -0.27344
1.60718 -0.21079
0.29383 0.03592
0.21669 0.72357
-0.06366 -0.72015
0.21138 0.57709
0.17147 0.14077
0.76375 0.28384
0.49266 -0.55770
0.29300 -0.71286
0.11422 0.01827
-0.20460 -0.12559
0.81245 -0.71703
-0.07601 -1.17194
0.61659 0.00796
0.00767 -0.02657
-0.31009 -1.73768
-0.11980 -0.68681
2.65358 -2.41112
-0.11957 0.15514
0.22314 -0.96505
0.08691 -0.91592
-0.20170 -1.20721
-0.83442 0.35991
-0.16167 0.88874
-0.26202 -0.51429
0.06527 0.28193
11.17549 -2.91478
0.72744 -1.15000
5.84641 -9.37389
0.89756 -1.31623
0.35160 0.72188
0.53987 0.21830
-0.02772 -0.20906
0.84915 1.00689
-0.48633 0.28245
-0.01165 0.46260
0.56243 -0.22621
0.18892 -0.16735
4.91672 -9.88104
4.81751 -10.00053
0.90984 -0.60414
0.06753 0.35546
0.38172 0.06206
0.75193 0.41588
0.65280 0.27673
0.28946 0.77611
1.73622 -1.47195
0.11398 0.19546
0.76364 0.58156
0.77343 0.60426
0.39752 0.62217
0.73544 0.21781
0.79815 0.21142
0.70818 0.20181
0.71293 -0.00986
-0.37167 -0.39967
0.03416 0.70168
0.79656 0.26164
0.78610 0.24756
1.77671 0.60249
-0.07488 0.15135
-0.34542 -1.37731
0.16612 -1.34661
0.18563 -1.32603
0.04582 -0.12473
-0.35291 -0.26066
0.36935 0.26812
0.46353 0.47024
0.78519 0.22816
0.70773 0.18634
-0.38325 -1.13614
0.15827 1.03550
-1.25296 -1.13870
0.19471 -0.17405
0.77178 0.15613
0.74152 -0.98184
0.70978 0.09054
-0.40712 0.91122
0.80467 0.31312
0.76988 0.27620
-0.31183 -1.13074
0.20608 -0.31952
-0.23275 -1.04773
-0.17603 0.13622
0.97860 0.04356
0.78407 0.24017
-0.56111 -0.70357
-0.60132 -0.55012
0.75310 0.21747
0.73432 0.19909
0.73241 0.19702
-0.21952 0.32110
-0.10197 -1.35972
0.78956 0.24618
0.09127 -1.37138
1.25187 0.44956
-0.12909 0.60682
1.27459 -0.04010
-0.09992 0.09246
1.22767 -0.03896
-0.03268 -0.73864
-0.02945 -0.71725
0.01415 -0.67202
0.89400 0.59051
0.78911 0.20152
0.59206 0.14615
-0.95230 -0.56002
0.28743 -0.56748
1.27048 0.58626
-0.28526 0.65737
0.03936 -1.12624
-0.02491 -1.27810
-0.03046 0.16279
0.67062 0.55255
0.92839 -0.85085
-0.71921 -0.42579
-0.04106 -0.85902
0.44389 -1.17782
0.98625 -0.88770
-0.31801 -1.07239
0.03836 -0.12596
0.46320 0.44458
-0.00955 0.66440
-0.38467 -1.31980
0.17676 0.10914
0.12077 -0.05667
0.75829 -0.30299
1.42081 -0.49648
1.61252 -0.76023
-0.37824 -1.49513
-0.07465 0.73033
0.29037 0.64963
-0.65295 -0.62967
0.42976 0.64108
-0.12440 0.39192
0.26012 0.62747
0.14458 0.61349
0.18677 -0.12614
-0.58351 -0.08108
0.36495 0.43255
0.42797 -0.92742
1.63000 0.49474
-0.78346 -0.60708
-0.82288 -0.58198
-0.82057 -0.59871
1.56821 -0.17006
-0.57420 0.00524
0.86354 -0.66108
0.68944 0.38649
0.79952 0.54950
1.18630 1.51943
0.30814 -0.56807
0.12952 -1.47458
0.09947 -1.71555
0.63600 0.12773
0.55599 0.12827
0.85400 -1.45228
-0.21075 -1.25910
-0.12048 0.04854
-0.22555 0.67438
0.20273 -1.74899
1.06346 -0.65030
-0.11533 -0.10490
0.31912 1.05197
-0.71290 0.40157
-0.23877 0.65470
-0.35382 0.45005
-0.64568 0.62464
-0.13605 -0.51850
0.89171 -0.49415
1.51377 0.73085
0.64958 -1.24954
0.22338 -0.07530
1.63299 1.14547
-0.13767 0.30473
2.05907 0.52499
-0.24306 0.14946
-0.35329 0.53052
-0.91156 -0.52978
2.21093 0.89255
0.06577 0.13641
0.62093 1.61610
-0.04358 -1.30509
1.68105 0.28140
1.15616 -0.76979
-0.29555 0.68941
-0.39883 0.97525
-0.17609 -0.90526
0.46085 0.92276
-0.63664 -1.51172
1.81618 0.68991
0.16943 0.85686
0.72086 -0.05529
0.33147 0.08477
-0.16807 0.92407
2.10254 -2.03750
1.58396 -1.11602
7.11458 -8.68326
0.24485 0.15418
1.04090 5.01253
-0.88442 0.92286
1.16305 6.01471
0.08652 0.01685
0.95414 -0.70494
0.15948 0.22295
0.02945 -0.49082
0.11161 0.09455
0.61214 -1.79850
-0.72375 -0.25394
0.68257 -1.23976
-0.30346 0.41997
0.17910 0.47919
-0.40286 0.32439
0.51741 -0.02668
-0.73301 0.81962
-0.60054 0.77310
-0.31736 0.62453
-0.65542 0.57555
0.30922 0.84571
-0.13408 0.78910
-0.56493 0.67418
-0.51830 0.50882
-0.14492 0.29937
0.52548 1.22429
-0.28522 0.69426
0.06759 1.20487
-0.12899 0.51108
0.79484 1.04660
-0.49855 0.38430
0.44160 0.40851
1.10263 0.41948
-1.01611 0.53404
-0.10185 0.32708
-0.65527 0.71819
-0.20757 0.58451
-0.38100 -0.32360
-0.52195 0.43675
0.17371 0.58147
0.18507 0.48715
0.82046 -0.19494
-0.17648 0.43644
-0.34010 0.68176
-0.64918 0.61676
-0.15575 0.78025
0.17899 0.70692
-0.30920 0.65713
-0.45491 0.68673
1.07691 -0.23274
-0.24001 1.07093
-0.23215 0.91879
0.25883 0.99847
0.13828 -0.12479
0.77789 -0.36683
0.42684 0.45300
-0.14796 0.42423
-0.21456 0.93825
-0.71562 0.70308
-0.18069 0.65563
0.87937 0.95578
1.23890 0.58753
0.13333 -11.06513
0.26355 -11.17962
-0.71956 0.84097
-0.38536 -0.07740
-0.46523 0.60451
0.84442 0.96681
-0.11278 0.04490
-0.44229 -0.38914
0.03566 0.88616
0.13734 -0.15878
1.08941 -0.28147
0.14666 0.74146
-0.07737 0.06904
1.88017 0.12343
-1.67417 -11.01070
-1.74899 -10.83116
-0.19947 -0.06882
1.07981 0.35509
-0.06525 -0.01501
0.35008 0.45280
0.07897 0.88514
0.93548 0.03397
-0.33696 0.97720
0.22755 -0.12216
-0.13317 -0.21492
-0.12015 -0.16289
1.38612 -0.33610
-1.02885 -0.72099
-0.79857 -0.37938
0.06573 0.13509
-0.02875 0.05972
-0.73733 -0.49598
0.12620 -0.11752
0.27566 0.35554
0.28018 0.21178
0.22440 -0.90435
-0.35653 -0.80895
0.90770 1.16330
-0.26627 1.51253
-0.34154 0.54569
-0.00153 0.63857
-0.02035 -1.11948
0.74475 0.11906
-0.21269 1.38105
0.32650 1.42414
0.44605 0.76582
1.39537 -0.50838
-0.07563 0.47849
-0.12271 -0.30459
2.38467 -10.75483
2.46854 -10.57385
-0.14201 0.29961
0.08210 0.49793
0.15752 -0.11858
-0.17344 0.14709
0.05750 0.01267
10.88989 -3.34712
10.79241 -3.49987
0.33660 -0.87860
0.18630 0.15383
0.83289 1.67748
1.05350 2.57040
0.12592 0.26266
-0.16149 0.14463
0.55922 -0.12013
1.32376 0.52733
2.03953 -0.11170
0.06026 -0.00395
11.32612 1.97088
0.53872 -1.58889
0.06900 0.20396
1.60957 0.76033
-0.07484 -0.06781
1.24403 0.41665
-0.61338 -0.45704
0.02478 0.10337
0.15847 -0.09373
-0.06249 -0.73226
0.07681 -3.07783
2.41021 -2.27933
0.47589 -0.48666
0.00750 -0.09802
-0.21845 -0.86741
0.84743 1.21926
0.05951 0.59042
1.25829 -0.50573
1.29502 -0.98335
-0.25281 -0.66310
1.02799 -0.24585
-0.20930 0.41195
0.38999 0.51260
-0.02249 0.17919
10.65629 -4.55985
0.05325 -0.02168
-0.89752 0.66878
8.13662 -6.75541
7.75978 -7.21041
0.09088 -0.18537
0.70439 0.48524
-0.32022 -0.40348
-0.23493 -0.54686
1.58801 0.78263
0.20768 -0.09136
0.23584 -0.16157
-0.03755 -0.20050
-0.20536 0.01476
10.65823 -3.35267
0.91450 -0.42841
-0.24986 0.00355
-0.55363 -0.61256
-0.50720 0.11256
0.75650 -0.65011
0.04648 0.10086
-0.28989 -0.63131
-0.89359 -0.40301
-0.03088 -0.07193
-0.47519 -0.02429
-0.47568 -0.51899
0.46553 -1.00258
9.37995 -6.12051
9.45806 -6.12897
-0.17212 -0.43655
-0.07189 0.04797
0.04372 -0.48803
0.12546 0.01577
-0.14766 -0.09712
1.09851 -0.96790
-0.11153 0.00184
0.07619 -0.20938
-0.17724 0.04674
-0.04304 -0.18443
0.15439 0.10782
11.16715 -2.80057
0.15155 -0.00422
-0.15261 -0.17893
-0.15053 -0.24632
-0.18949 0.09527
-0.10390 -0.00372
