D2 133 134 135 137 138 139 140 141 142 143 144 170 171 232 233 234 235 236 237 238 239 240 241 242 243 244 245 246 247 249 250 251 252 253 254 255 256 257 258 259 260 261 262 263 264 265 266 267 268 269 270 271 272 273 274 275 276 277 278 279 280 281 282 283 284 285 286 287 288 289 290 291 292 293 294 295 296 297 298 299 300 301 302 303 304 305 306 307 308 309 310 311 312 313 314 315 316 317 318 319 320 321 322 323 324 325 326 327 328 425 426 427 429 432 433 434 435 436 437 439 441 442 443 446 447 448 449 450 451 453 455 488 498
D10 232 233 234 235 236 237 238 239 240 241 242 243 244 245 246 247 249 250 251 252 253 254 255 256 257 258 259 260 261 262 263 264 265 266 267 268 269 270 271 272 273 274 275 276 277 278 279 280 281 282 283 284 285 286 287 288 289 290 291 292 293 294 295 296 297 298 299 300 301 302 303 304 305 306 307 308 309 310 311 312 313 314 315 316 317 318 319 320 321 322 323 324 325 326 327 328
D20 232 233 234 235 236 237 238 239 240 241 242 243 244 245 246 247 249 250 251 252 255 256 257 258 259 260 267 268 271 272 273 274 275 276 279 280 281 282 293 294 297 298 299 300 301 302 305 306 307 308 309 310 311 312 313 314
D50 2 3 25 74 84 85 103 122 133 134 135 137 138 139 140 141 142 143 144 169 174 180 221 227 229 329 330 333 340 425 426 427 429 430 431 432 433 434 435 436 437 439 441 442 443 446 447 448 449 450 451 453 455 456 457 459 461 463 466 467 469 470 475 477 479 481 542 637 638 639 641 642 643 647 648 654 658 662 663 665 666 668 669 671 673 674 675 676 678 679 681 682 683 688 689 691 692 693 694 695 696 698 700 701 702 704 705 706 709 710 716 718 721 722 724 725 728 729 732 733 736 737 738 739 740 741 742 748 750 752 753 754 759 762 766 767 768 770 792
D80 232 233 234 235 236 237 238 239 240 241 242 243 244 245 246 247 249 250 251 252 253 254 255 256 257 258 259 260 261 262 263 264 265 266 267 268 269 270 271 272 273 274 275 276 277 278 279 280 281 282 283 284 285 286 287 288 289 290 291 292 293 294 295 296 297 298 299 300 301 302 303 304 305 306 307 308 309 310 311 312 313 314 315 316 317 318 319 320 321 322 323 324 325 326 327 328
D100 232 233 234 235 236 237 238 239 240 241 242 243 244 245 246 247 249 250 251 252 253 254 255 256 257 258 259 260 261 262 263 264 265 266 267 268 269 270 271 272 273 274 275 276 277 278 279 280 281 282 283 284 285 286 287 288 289 290 291 292 293 294 295 296 297 298 299 300 301 302 303 304 305 306 307 308 309 310 311 312 313 314 315 316 317 318 319 320 321 322 323 324 325 326 327 328
D128 232 233 234 235 236 237 238 239 240 241 242 243 244 245 246 247 249 250 251 252 253 254 255 256 257 258 259 260 261 262 263 264 265 266 267 268 269 270 271 272 273 274 275 276 277 278 279 280 281 282 283 284 285 286 287 288 289 290 291 292 293 294 295 296 297 298 299 300 301 302 303 304 305 306 307 308 309 310 311 312 313 314 315 316 317 318 319 320 321 322 323 324 325 326 327 328
D300 2 3 25 74 84 85 103 133 134 135 137 138 139 140 141 142 143 144 169 170 171 174 180 227 329 330 333 425 426 427 429 430 431 432 433 434 435 436 437 439 441 442 443 446 447 448 449 450 451 453 455 456 457 459 461 463 466 467 469 470 475 477 479 481 488 498 540 542 637 638 639 641 642 643 647 648 654 658 662 663 665 666 668 669 671 673 674 675 676 678 679 681 682 683 688 689 691 692 693 694 695 698 700 702 704 705 706 709 710 716 718 721 722 724 725 728 729 732 733 736 737 738 739 740 741 742 748 750 752 753 754 759 762 766 767 768 770 792
D500 232 233 234 235 236 237 238 239 240 241 242 243 244 245 246 247 249 250 251 252 255 256 257 258 259 260 267 268 271 272 273 274 275 276 279 280 281 282 293 294 297 298 299 300 301 302 305 306 307 308 309 310 311 312 313 314
DNX 747 45 805 760 21 1038 30 307 713 427 667 163 529 544 311 471 470 353 991 705 509 990 889 670 422 161 551 498 994 315 408 724 29 982 549 950 703 726 426 742 528 992 609 314 979 1003 263 890 827 1019 428 537 265 189 547 557 556 788 310 249 874 131 801 472 553 409 132 465 543 362 32 873 1036 38 993 518 542 396 701 208 781 274 37 800 896 736 555 550 397 634 612 558 548 160 725 1039 546 952 608 997 545 951 722 635 295 559 407 807 154 260 429 694 554 81 828 3 473 127 513 31 996 561 704 697 453 1037 2 90 685 134 452 410
DI 8 9 26 27 28 37 39 50 60 71 82 83 84 94 95 100 104 119 120 141 149 150 153 163 183 184 186 189 193 207 218 224 227 244 245 246 248 250 251 252 253 254 259 270 284 285 295 301 302 318 320 336 337 338 344 345 348 355 358 377 381 383 384 386 387 426 430 438 439 451 452 460 461 462 463 473 484 504 509 519 520 521 532 533 536 546 573 575 585 586 594 596 598 601 602 620 632 664 665 666 667 668 686 688 714 715 723 729 756 764 765 780 783 791 811 815 819 821 831 833 834 858 874 876 877 878 918 919 921 981 1018 1019 1025 1048

