0 1 44 80 362 393 428 429 446 447 448 449 450 453 558 560 561 567 608 609 677 683 684 693 720 746 778 952 975 976 983
2 3 90 127 128 160 161 307 310 311 340 341 363 396 397 407 408 409 410 418 465 493 498 518 528 529 562 606 631 656 685 701 703 713 722 724 725 726 736 788 818 824 827 954 990 991 993 994 1003
4 5 69 70 96 97 118 135 136 170 171 221 272 273 306 401 488 496 497 510 522 524 534 535 564 565 584 597 603 617 621 626 628 633 636 675 712 728 733 748 750 753 757 793 797 925 926 929 958 959 1027 1050
6 7 10 15 19 23 33 36 53 146 147 148 194 195 196 197 198 199 239 240 241 305 313 419 475 499 505 538 571 592 593 623 625 669 676 867 1023 1035 1049
8 9 26 27 28 37 39 50 60 71 82 83 84 94 95 100 104 119 120 141 149 150 153 163 183 184 186 189 193 207 218 224 227 244 245 246 248 250 251 252 253 254 259 270 284 285 295 301 302 318 320 336 337 338 344 345 348 355 358 377 381 383 384 386 387 426 430 438 439 451 452 460 461 462 463 473 484 504 509 519 520 521 532 533 536 546 573 575 585 586 594 596 598 601 602 620 632 664 665 666 667 668 686 688 714 715 723 729 756 764 765 780 783 791 811 815 819 821 831 833 834 858 874 876 877 878 918 919 921 981 1018 1019 1025 1048
13 14 54 55 61 75 139 140 173 174 222 223 226 370 436 478 511 512 514 525 566 681 691 718 763 806 960 961 966 978 1004 1051
20 21 22 29 38 45 56 116 117 121 208 314 315 492 494 495 515 523 587 642 772 775 776 805 807 825 1015
24 25 87 133 158 159 175 191 192 243 266 267 271 298 328 329 330 466 506 590 591 640 643 644 645 647 648 650 651 652 671 692 706 727 730 745 749 755 941 953 992
30 31 32 64 65 67 73 74 76 77 78 79 81 85 86 131 132 134 154 164 165 168 169 172 178 231 237 238 260 263 264 275 276 282 283 303 323 324 325 335 339 346 347 349 350 351 352 353 354 356 357 359 364 365 366 368 369 371 372 374 385 399 400 402 403 420 454 455 456 457 458 468 470 471 472 537 542 543 544 545 547 548 549 550 551 552 553 554 555 556 557 559 570 572 576 577 578 607 612 618 619 630 658 660 670 672 694 697 704 705 721 742 747 766 767 777 779 786 787 800 801 808 809 810 823 826 846 864 872 873 875 880 898 901 922 923 924 928 932 939 940 945 946 950 951 955 956 967 968 977 979 982 996 997 1002 1006 1007 1008 1009 1010 1011 1012 1013 1014 1024 1030 1031 1036 1037 1038 1039
34 35 46 47 48 88 92 93 106 142 143 144 145 157 228 242 268 269 279 286 289 290 304 390 398 406 414 417 425 459 464 467 474 476 479 485 489 613 614 759 761 813 814 829 830 835 836 839 840 841 842 843 844 845 847 848 849 850 851 852 853 854 855 856 857 879 883 891 892 895 903 904 905 906 907 908 909 910 911 912 913 914 915 916 917 920 931 972 1034 1047
42 43 49 177 187 204 205 213 214 367 373 482 541 579 580 657 661 792 794 795 796 802 963 1001
51 52 89 91 101 102 103 105 155 156 190 210 234 235 236 247 297 382 437 483 530 531 574 622 662 663 716 751 758 762 885 927 1016 1022 1029
62 63 249 255 256 265 274 379 388 389 411 412 413 421 422 427 431 432 433 469 486 487 501 502 503 513 516 517 624 627 641 678 679 719 731 760 770 771 820 828 859 860 861 862 863 889 890 974 1041 1042
66 188 206 225 291 294 296 360 392 394 395 491 500 583 649 673 682 741 812 816 817 884 902 930 973 988 1044
151 152 162 215 216 217 321 322 334 375 376 380 440 477 507 508 526 527 568 569 637 646 702 717 735 896 949 957 962 969 995 998 1005 1017 1020 1021 1026 1028
