nodei nodej distance
0 1 4.774
0 2 3.946
0 3 3.839
0 4 5.099
0 5 2.367
0 6 3.285
0 7 4.287
0 8 4.077
0 9 4.126
0 10 3.052
0 11 0.949
0 12 2.187
0 13 1.983
0 14 2.597
0 15 3.617
0 16 2.388
0 17 3.445
0 18 3.996
0 19 3.305
0 20 3.527
0 21 2.197
0 22 1.145
0 23 3.811
0 24 2.253
0 25 1.931
0 26 5.526
0 27 2.218
0 28 2.424
0 29 2.939
0 30 4.264
0 31 3.831
0 32 4.427
0 33 3.275
0 34 0.967
0 35 4.127
0 36 3.086
0 37 4.170
0 38 2.448
0 39 2.738
0 40 3.834
0 41 2.268
0 42 3.677
0 43 3.951
0 44 2.862
0 45 3.321
0 46 2.100
0 47 1.902
0 48 3.927
0 49 2.237
0 50 2.836
0 51 3.862
0 52 2.219
0 53 3.022
0 54 2.958
0 55 2.161
0 56 2.436
0 57 1.500
0 58 3.199
0 59 3.782
0 60 3.443
0 61 2.077
0 62 2.446
0 63 2.986
0 64 3.330
0 65 3.432
0 66 3.655
0 67 2.989
0 68 4.824
0 69 2.619
0 70 2.952
0 71 3.387
0 72 3.685
0 73 4.426
0 74 2.114
0 75 5.146
0 76 3.926
0 77 2.652
0 78 3.407
0 79 2.093
0 80 1.618
0 81 2.741
0 82 3.348
0 83 3.482
0 84 1.468
0 85 3.438
0 86 3.983
0 87 2.751
0 88 3.082
0 89 4.118
0 90 2.353
0 91 2.446
0 92 2.709
0 93 1.973
0 94 2.905
0 95 3.680
0 96 4.798
0 97 2.724
0 98 4.773
0 99 3.228
1 2 2.606
1 3 1.750
1 4 1.224
1 5 2.438
1 6 1.679
1 7 0.506
1 8 0.745
1 9 1.362
1 10 2.327
1 11 3.860
1 12 2.888
1 13 2.824
1 14 2.276
1 15 1.179
1 16 2.581
1 17 3.255
1 18 1.145
1 19 1.707
1 20 2.297
1 21 2.671
1 22 3.778
1 23 1.926
1 24 3.220
1 25 2.927
1 26 1.378
1 27 2.888
1 28 2.382
1 29 3.201
1 30 0.720
1 31 3.097
1 32 0.824
1 33 1.897
1 34 4.234
1 35 1.278
1 36 1.790
1 37 0.790
1 38 2.549
1 39 2.533
1 40 2.165
1 41 2.811
1 42 1.374
1 43 1.068
1 44 2.007
1 45 1.885
1 46 3.134
1 47 2.949
1 48 0.868
1 49 2.836
1 50 1.961
1 51 0.947
1 52 2.557
1 53 2.194
1 54 2.088
1 55 2.713
1 56 2.341
1 57 3.438
1 58 1.615
1 59 1.038
1 60 2.272
1 61 2.710
1 62 2.590
1 63 2.123
1 64 1.912
1 65 2.624
1 66 2.154
1 67 2.292
1 68 1.898
1 69 2.160
1 70 2.458
1 71 2.827
1 72 1.103
1 73 1.124
1 74 2.828
1 75 0.591
1 76 1.470
1 77 2.726
1 78 2.635
1 79 2.964
1 80 3.165
1 81 2.063
1 82 1.992
1 83 1.474
1 84 3.338
1 85 2.810
1 86 0.861
1 87 2.484
1 88 1.801
1 89 0.667
1 90 2.653
1 91 2.385
1 92 2.899
1 93 3.007
1 94 1.896
1 95 2.377
1 96 1.282
1 97 3.087
1 98 0.575
1 99 1.800
2 3 0.900
2 4 1.897
2 5 2.110
2 6 2.796
2 7 2.247
2 8 2.516
2 9 3.326
2 10 1.060
2 11 3.065
2 12 1.835
2 13 2.307
2 14 2.747
2 15 2.372
2 16 3.020
2 17 0.810
2 18 2.982
2 19 1.437
2 20 0.568
2 21 2.041
2 22 2.813
2 23 3.621
2 24 1.697
2 25 2.962
2 26 2.274
2 27 1.792
2 28 2.080
2 29 1.111
2 30 2.792
2 31 0.507
2 32 3.061
2 33 1.213
2 34 3.041
2 35 1.331
2 36 2.643
2 37 2.758
2 38 3.050
2 39 1.314
2 40 3.858
2 41 3.248
2 42 1.461
2 43 2.835
2 44 1.751
2 45 3.147
2 46 3.529
2 47 2.260
2 48 2.075
2 49 1.797
2 50 1.981
2 51 2.447
2 52 2.476
2 53 3.221
2 54 2.992
2 55 2.903
2 56 2.396
2 57 2.486
2 58 1.864
2 59 1.939
2 60 3.683
2 61 2.632
2 62 1.680
2 63 1.339
2 64 3.191
2 65 0.516
2 66 3.725
2 67 1.166
2 68 1.175
2 69 2.371
2 70 1.094
2 71 0.583
2 72 2.032
2 73 1.510
2 74 3.070
2 75 3.196
2 76 1.173
2 77 1.327
2 78 4.004
2 79 1.919
2 80 2.631
2 81 1.974
2 82 1.019
2 83 2.759
2 84 2.659
2 85 4.182
2 86 2.552
2 87 1.329
2 88 2.660
2 89 2.194
2 90 1.768
2 91 1.993
2 92 3.767
2 93 3.199
2 94 1.946
2 95 0.372
2 96 1.586
2 97 3.973
2 98 2.132
2 99 2.912
3 4 1.346
3 5 1.630
3 6 1.986
3 7 1.356
3 8 1.618
3 9 2.438
3 10 0.819
3 11 2.897
3 12 1.660
3 13 1.942
3 14 2.083
3 15 1.506
3 16 2.394
3 17 1.508
3 18 2.094
3 19 0.703
3 20 0.563
3 21 1.684
3 22 2.703
3 23 2.770
3 24 1.777
3 25 2.460
3 26 1.778
3 27 1.634
3 28 1.582
3 29 1.524
3 30 1.893
3 31 1.362
3 32 2.161
3 33 0.594
3 34 3.053
3 35 0.485
3 36 1.870
3 37 1.859
3 38 2.409
3 39 1.127
3 40 3.014
3 41 2.643
3 42 0.584
3 43 1.947
3 44 1.148
3 45 2.339
3 46 2.957
3 47 1.966
3 48 1.177
3 49 1.607
3 50 1.330
3 51 1.558
3 52 1.958
3 53 2.464
3 54 2.243
3 55 2.343
3 56 1.817
3 57 2.342
3 58 1.099
3 59 1.048
3 60 2.878
3 61 2.134
3 62 1.394
3 63 0.866
3 64 2.382
3 65 0.886
3 66 2.895
3 67 0.859
3 68 1.009
3 69 1.734
3 70 0.944
3 71 1.089
3 72 1.152
3 73 0.752
3 74 2.510
3 75 2.338
3 76 0.281
3 77 1.267
3 78 3.219
3 79 1.753
3 80 2.313
3 81 1.364
3 82 0.491
3 83 1.918
3 84 2.407
3 85 3.403
3 86 1.657
3 87 1.102
3 88 1.888
3 89 1.295
3 90 1.488
3 91 1.517
3 92 3.081
3 93 2.665
3 94 1.275
3 95 0.628
3 96 1.016
3 97 3.292
3 98 1.345
3 99 2.113
4 5 2.766
4 6 2.535
4 7 1.270
4 8 1.702
4 9 2.513
4 10 2.158
4 11 4.150
4 12 2.961
4 13 3.132
4 14 2.942
4 15 1.946
4 16 3.274
4 17 2.686
4 18 2.228
4 19 1.796
4 20 1.860
4 21 2.902
4 22 3.987
4 23 3.032
4 24 3.122
4 25 3.489
4 26 0.434
4 27 2.941
4 28 2.711
4 29 2.827
4 30 1.836
4 31 2.398
4 32 2.015
4 33 1.838
4 34 4.370
4 35 0.973
4 36 2.545
4 37 1.870
4 38 3.264
4 39 2.455
4 40 3.285
4 41 3.528
4 42 1.433
4 43 2.109
4 44 2.255
4 45 2.833
4 46 3.862
4 47 3.197
4 48 1.463
4 49 2.907
4 50 2.341
4 51 1.813
4 52 3.020
4 53 3.083
4 54 2.914
4 55 3.317
4 56 2.829
4 57 3.624
4 58 1.991
4 59 1.509
4 60 3.310
4 61 3.197
4 62 2.674
4 63 2.128
4 64 2.869
4 65 2.146
4 66 3.236
4 67 2.182
4 68 0.831
4 69 2.687
4 70 2.287
4 71 2.331
4 72 1.651
4 73 0.674
4 74 3.467
4 75 1.695
4 76 1.185
4 77 2.608
4 78 3.681
4 79 3.052
4 80 3.508
4 81 2.417
4 82 1.809
4 83 2.369
4 84 3.636
4 85 3.865
4 86 1.811
4 87 2.424
4 88 2.561
4 89 1.379
4 90 2.762
4 91 2.671
4 92 3.789
4 93 3.642
4 94 2.271
4 95 1.835
4 96 0.333
4 97 3.996
4 98 0.672
4 99 2.674
5 6 1.261
5 7 1.939
5 8 1.795
5 9 2.129
5 10 1.051
5 11 1.431
5 12 0.670
5 13 0.388
5 14 0.785
5 15 1.346
5 16 0.963
5 17 2.084
5 18 1.882
5 19 0.982
5 20 1.553
5 21 0.289
5 22 1.342
5 23 2.091
5 24 1.161
5 25 0.855
5 26 3.184
5 27 0.704
5 28 0.057
5 29 1.662
5 30 2.029
5 31 2.281
5 32 2.247
5 33 1.037
5 34 1.809
5 35 1.809
5 36 1.023
5 37 1.941
5 38 1.009
5 39 0.858
5 40 2.252
5 41 1.161
5 42 1.333
5 43 1.788
5 44 0.512
5 45 1.504
5 46 1.422
5 47 0.518
5 48 1.575
5 49 0.645
5 50 0.477
5 51 1.586
5 52 0.367
5 53 1.394
5 54 1.183
5 55 0.800
5 56 0.360
5 57 1.014
5 58 0.835
5 59 1.421
5 60 1.941
5 61 0.524
5 62 0.530
5 63 0.797
5 64 1.539
5 65 1.658
5 66 2.073
5 67 0.945
5 68 2.636
5 69 0.469
5 70 1.042
5 71 1.750
5 72 1.335
5 73 2.094
5 74 0.964
5 75 2.872
5 76 1.636
5 77 0.966
5 78 2.164
5 79 0.695
5 80 0.751
5 81 0.377
5 82 1.182
5 83 1.388
5 84 0.906
5 85 2.313
5 86 1.721
5 87 0.821
5 88 1.031
5 89 1.772
5 90 0.494
5 91 0.118
5 92 1.744
5 93 1.088
5 94 0.543
5 95 1.749
5 96 2.485
5 97 1.933
5 98 2.406
5 99 1.293
6 7 1.314
6 8 0.936
6 9 0.885
6 10 1.914
6 11 2.460
6 12 1.919
6 13 1.558
6 14 0.688
6 15 0.589
6 16 0.936
6 17 3.071
6 18 0.711
6 19 1.359
6 20 2.254
6 21 1.551
6 22 2.473
6 23 0.873
6 24 2.395
6 25 1.356
6 26 2.864
6 27 1.947
6 28 1.228
6 29 2.758
6 30 1.027
6 31 3.136
6 32 1.149
6 33 1.596
6 34 2.963
6 35 1.831
6 36 0.239
6 37 0.936
6 38 0.893
6 39 1.900
6 40 1.082
6 41 1.145
6 42 1.417
6 43 0.681
6 44 1.181
6 45 0.353
6 46 1.459
6 47 1.730
6 48 1.074
6 49 1.886
6 50 0.958
6 51 0.754
6 52 1.154
6 53 0.548
6 54 0.409
6 55 1.127
6 56 0.968
6 57 2.204
6 58 0.935
6 59 1.066
6 60 0.893
6 61 1.245
6 62 1.705
6 63 1.581
6 64 0.397
6 65 2.498
6 66 0.934
6 67 1.815
6 68 2.794
6 69 0.802
6 70 1.985
6 71 2.658
6 72 0.921
6 73 1.985
6 74 1.205
6 75 1.909
6 76 1.806
6 77 2.073
6 78 1.236
6 79 1.954
6 80 1.790
6 81 1.032
6 82 1.790
6 83 0.211
6 84 1.989
6 85 1.421
6 86 0.819
6 87 1.847
6 88 0.233
6 89 1.171
6 90 1.709
6 91 1.291
6 92 1.258
6 93 1.375
6 94 0.950
6 95 2.435
6 96 2.374
6 97 1.462
6 98 1.943
6 99 0.140
7 8 0.432
7 9 1.272
7 10 1.848
7 11 3.366
7 12 2.382
7 13 2.326
7 14 1.841
7 15 0.749
7 16 2.160
7 17 2.835
7 18 0.966
7 19 1.212
7 20 1.874
7 21 2.167
7 22 3.277
7 23 1.766
7 24 2.721
7 25 2.472
7 26 1.559
7 27 2.383
7 28 1.883
7 29 2.739
7 30 0.612
7 31 2.718
7 32 0.852
7 33 1.415
7 34 3.730
7 35 0.931
7 36 1.378
7 37 0.622
7 38 2.135
7 39 2.039
7 40 2.020
7 41 2.401
7 42 0.902
7 43 0.841
7 44 1.501
7 45 1.581
7 46 2.731
7 47 2.447
7 48 0.364
7 49 2.330
7 50 1.462
7 51 0.562
7 52 2.076
7 53 1.856
7 54 1.715
7 55 2.266
7 56 1.862
7 57 2.934
7 58 1.111
7 59 0.532
7 60 2.042
7 61 2.236
7 62 2.084
7 63 1.627
7 64 1.615
7 65 2.198
7 66 1.966
7 67 1.806
7 68 1.747
7 69 1.686
7 70 1.976
7 71 2.399
7 72 0.604
7 73 0.892
7 74 2.393
7 75 1.035
7 76 1.076
7 77 2.234
7 78 2.412
7 79 2.459
7 80 2.673
7 81 1.562
7 82 1.527
7 83 1.127
7 84 2.842
7 85 2.596
7 86 0.542
7 87 1.989
7 88 1.391
7 89 0.169
7 90 2.147
7 91 1.882
7 92 2.569
7 93 2.573
7 94 1.396
7 95 1.979
7 96 1.193
7 97 2.769
7 98 0.634
7 99 1.447
8 9 0.865
8 10 1.945
8 11 3.185
8 12 2.329
8 13 2.170
8 14 1.538
8 15 0.460
8 16 1.838
8 17 3.021
8 18 0.541
8 19 1.281
8 20 2.077
8 21 2.055
8 22 3.131
8 23 1.336
8 24 2.724
8 25 2.199
8 26 1.980
8 27 2.339
8 28 1.742
8 29 2.854
8 30 0.288
8 31 2.958
8 32 0.559
8 33 1.520
8 34 3.603
8 35 1.263
8 36 1.048
8 37 0.242
8 38 1.804
8 39 2.078
8 40 1.590
8 41 2.066
8 42 1.073
8 43 0.410
8 44 1.437
8 45 1.169
8 46 2.388
8 47 2.312
8 48 0.441
8 49 2.281
8 50 1.332
8 51 0.215
8 52 1.860
8 53 1.462
8 54 1.345
8 55 1.980
8 56 1.644
8 57 2.808
8 58 1.035
8 59 0.596
8 60 1.613
8 61 2.002
8 62 2.046
8 63 1.670
8 64 1.201
8 65 2.387
8 66 1.534
8 67 1.881
8 68 2.147
8 69 1.459
8 70 2.061
8 71 2.582
8 72 0.558
8 73 1.288
8 74 2.089
8 75 1.079
8 76 1.355
8 77 2.274
8 78 1.983
8 79 2.395
8 80 2.489
8 81 1.435
8 82 1.670
8 83 0.734
8 84 2.671
8 85 2.166
8 86 0.119
8 87 2.024
8 88 1.058
8 89 0.362
8 90 2.092
8 91 1.762
8 92 2.173
8 93 2.267
8 94 1.276
8 95 2.211
8 96 1.616
8 97 2.368
8 98 1.056
8 99 1.061
9 10 2.611
9 11 3.334
9 12 2.769
9 13 2.441
9 14 1.553
9 15 0.975
9 16 1.740
9 17 3.747
9 18 0.344
9 19 1.971
9 20 2.842
9 21 2.418
9 22 3.356
9 23 0.580
9 24 3.229
9 25 2.198
9 26 2.730
9 27 2.793
9 28 2.090
9 29 3.505
9 30 0.677
9 31 3.737
9 32 0.551
9 33 2.223
9 34 3.846
9 35 2.121
9 36 1.120
9 37 0.651
9 38 1.682
9 39 2.666
9 40 0.806
9 41 1.893
9 42 1.864
9 43 0.491
9 44 1.952
9 45 0.814
9 46 2.156
9 47 2.612
9 48 1.277
9 49 2.731
9 50 1.762
9 51 0.881
9 52 2.039
9 53 1.139
9 54 1.169
9 55 1.969
9 56 1.852
9 57 3.089
9 58 1.605
9 59 1.390
9 60 0.982
9 61 2.123
9 62 2.530
9 63 2.295
9 64 0.813
9 65 3.131
9 66 0.822
9 67 2.526
9 68 3.011
9 69 1.681
9 70 2.707
9 71 3.314
9 72 1.295
9 73 2.151
9 74 2.015
9 75 1.308
9 76 2.192
9 77 2.854
9 78 1.317
9 79 2.813
9 80 2.673
9 81 1.853
9 82 2.399
9 83 0.742
9 84 2.872
9 85 1.479
9 86 0.793
9 87 2.612
9 88 1.116
9 89 1.226
9 90 2.548
9 91 2.144
9 92 1.739
9 93 2.168
9 94 1.734
9 95 2.996
9 96 2.464
9 97 1.891
9 98 1.843
9 99 0.908
10 11 2.122
10 12 0.866
10 13 1.261
10 14 1.729
10 15 1.641
10 16 1.980
10 17 1.158
10 18 2.286
10 19 0.664
10 20 0.517
10 21 0.992
10 22 1.908
10 23 2.782
10 24 0.966
10 25 1.901
10 26 2.591
10 27 0.833
10 28 1.023
10 29 0.910
10 30 2.232
10 31 1.262
10 32 2.499
10 33 0.434
10 34 2.238
10 35 1.222
10 36 1.720
10 37 2.169
10 38 2.015
10 39 0.315
10 40 2.995
10 41 2.199
10 42 0.953
10 43 2.150
10 44 0.754
10 45 2.246
10 46 2.472
10 47 1.237
10 48 1.543
10 49 0.817
10 50 0.993
10 51 1.801
10 52 1.417
10 53 2.259
10 54 2.028
10 55 1.847
10 56 1.352
10 57 1.552
10 58 1.010
10 59 1.365
10 60 2.763
10 61 1.572
10 62 0.643
10 63 0.334
10 64 2.289
10 65 0.621
10 66 2.841
10 67 0.110
10 68 1.773
10 69 1.351
10 70 0.134
10 71 0.752
10 72 1.388
10 73 1.525
10 74 2.014
10 75 2.883
10 76 0.991
10 77 0.450
10 78 3.053
10 79 0.959
10 80 1.604
10 81 0.961
10 82 0.359
10 83 1.934
10 84 1.662
10 85 3.222
10 86 1.934
10 87 0.303
10 88 1.735
10 89 1.726
10 90 0.738
10 91 0.935
10 92 2.744
10 93 2.139
10 94 0.978
10 95 0.706
10 96 1.831
10 97 2.945
10 98 2.049
10 99 2.008
11 12 1.257
11 13 1.044
11 14 1.781
11 15 2.725
11 16 1.646
11 17 2.655
11 18 3.161
11 19 2.356
11 20 2.612
11 21 1.249
11 22 0.293
11 23 3.101
11 24 1.414
11 25 1.171
11 26 4.577
11 27 1.293
11 28 1.488
11 29 2.137
11 30 3.391
11 31 3.010
11 32 3.576
11 33 2.328
11 34 0.610
11 35 3.178
11 36 2.242
11 37 3.298
11 38 1.713
11 39 1.811
11 40 3.171
11 41 1.605
11 42 2.729
11 43 3.100
11 44 1.918
11 45 2.559
11 46 1.562
11 47 0.954
11 48 3.003
11 49 1.305
11 50 1.905
11 51 2.970
11 52 1.332
11 53 2.297
11 54 2.185
11 55 1.385
11 56 1.545
11 57 0.579
11 58 2.266
11 59 2.852
11 60 2.787
11 61 1.216
11 62 1.503
11 63 2.039
11 64 2.576
11 65 2.549
11 66 2.984
11 67 2.053
11 68 3.889
11 69 1.730
11 70 2.030
11 71 2.529
11 72 2.762
11 73 3.477
11 74 1.395
11 75 4.262
11 76 2.978
11 77 1.745
11 78 2.838
11 79 1.166
11 80 0.696
11 81 1.808
11 82 2.406
11 83 2.643
11 84 0.525
11 85 2.913
11 86 3.097
11 87 1.819
11 88 2.241
11 89 3.198
11 90 1.409
11 91 1.503
11 92 2.174
11 93 1.308
11 94 1.974
11 95 2.775
11 96 3.849
11 97 2.257
11 98 3.833
11 99 2.426
12 13 0.576
12 14 1.442
12 15 1.911
12 16 1.563
12 17 1.581
12 18 2.499
12 19 1.218
12 20 1.357
12 21 0.398
12 22 1.045
12 23 2.759
12 24 0.495
12 25 1.299
12 26 3.394
12 27 0.049
12 28 0.695
12 29 1.097
12 30 2.590
12 31 1.864
12 32 2.829
12 33 1.124
12 34 1.410
12 35 1.992
12 36 1.683
12 37 2.507
12 38 1.620
12 39 0.553
12 40 2.921
12 41 1.714
12 42 1.596
12 43 2.392
12 44 0.894
12 45 2.174
12 46 1.908
12 47 0.459
12 48 2.026
12 49 0.054
12 50 1.021
12 51 2.135
12 52 0.943
12 53 2.057
12 54 1.851
12 55 1.343
12 56 1.019
12 57 0.686
12 58 1.297
12 59 1.851
12 60 2.606
12 61 1.022
12 62 0.301
12 63 0.835
12 64 2.209
12 65 1.325
12 66 2.742
12 67 0.804
12 68 2.638
12 69 1.138
12 70 0.773
12 71 1.345
12 72 1.806
12 73 2.299
12 74 1.483
12 75 3.381
12 76 1.775
12 77 0.510
12 78 2.813
12 79 0.093
12 80 0.815
12 81 0.923
12 82 1.169
12 83 2.028
12 84 0.824
12 85 2.954
12 86 2.275
12 87 0.564
12 88 1.692
12 89 2.228
12 90 0.237
12 91 0.628
12 92 2.335
12 93 1.553
12 94 1.065
12 95 1.526
12 96 2.645
12 97 2.507
12 98 2.738
12 99 1.959
13 14 0.964
13 15 1.716
13 16 1.019
13 17 2.145
13 18 2.218
13 19 1.337
13 20 1.777
13 21 0.269
13 22 0.961
13 23 2.334
13 24 1.042
13 25 0.724
13 26 3.554
13 27 0.624
13 28 0.444
13 29 1.670
13 30 2.396
13 31 2.402
13 32 2.603
13 33 1.351
13 34 1.437
13 35 2.166
13 36 1.322
13 37 2.305
13 38 1.080
13 39 0.996
13 40 2.466
13 41 1.147
13 42 1.701
13 43 2.136
13 44 0.882
13 45 1.750
13 46 1.332
13 47 0.180
13 48 1.963
13 49 0.584
13 50 0.864
13 51 1.959
13 52 0.431
13 53 1.577
13 54 1.395
13 55 0.779
13 56 0.590
13 57 0.652
13 58 1.223
13 59 1.809
13 60 2.123
13 61 0.459
13 62 0.628
13 63 1.079
13 64 1.779
13 65 1.819
13 66 2.281
13 67 1.166
13 68 2.950
13 69 0.762
13 70 1.213
13 71 1.872
13 72 1.723
13 73 2.459
13 74 0.912
13 75 3.249
13 76 1.981
13 77 1.034
13 78 2.294
13 79 0.546
13 80 0.377
13 81 0.765
13 82 1.468
13 83 1.710
13 84 0.518
13 85 2.423
13 86 2.092
13 87 0.978
13 88 1.326
13 89 2.159
13 90 0.543
13 91 0.464
13 92 1.775
13 93 0.977
13 94 0.931
13 95 1.965
13 96 2.843
13 97 1.940
13 98 2.791
13 99 1.564
14 15 1.099
14 16 0.332
14 17 2.837
14 18 1.399
14 19 1.382
14 20 2.180
14 21 1.045
14 22 1.815
14 23 1.374
14 24 1.936
14 25 0.672
14 26 3.317
14 27 1.481
14 28 0.779
14 29 2.438
14 30 1.686
14 31 2.991
14 32 1.832
14 33 1.554
14 34 2.305
14 35 2.088
14 36 0.498
14 37 1.592
14 38 0.331
14 39 1.605
14 40 1.502
14 41 0.587
14 42 1.605
14 43 1.358
14 44 0.996
14 45 0.797
14 46 0.920
14 47 1.144
14 48 1.522
14 49 1.423
14 50 0.770
14 51 1.329
14 52 0.533
14 53 0.618
14 54 0.432
14 55 0.446
14 56 0.426
14 57 1.579
14 58 1.006
14 59 1.438
14 60 1.167
14 61 0.577
14 62 1.310
14 63 1.414
14 64 0.823
14 65 2.350
14 66 1.318
14 67 1.620
14 68 3.025
14 69 0.378
14 70 1.757
14 71 2.471
14 72 1.301
14 73 2.315
14 74 0.553
14 75 2.573
14 76 1.988
14 77 1.738
14 78 1.379
14 79 1.451
14 80 1.131
14 81 0.774
14 82 1.739
14 83 0.886
14 84 1.331
14 85 1.530
14 86 1.431
14 87 1.560
14 88 0.491
14 89 1.677
14 90 1.279
14 91 0.867
14 92 1.021
14 93 0.733
14 94 0.815
14 95 2.375
14 96 2.721
14 97 1.227
14 98 2.431
14 99 0.645
15 16 1.413
15 17 2.772
15 18 0.645
15 19 0.995
15 20 1.872
15 21 1.614
15 22 2.676
15 23 1.266
15 24 2.333
15 25 1.749
15 26 2.281
15 27 1.926
15 28 1.295
15 29 2.543
15 30 0.685
15 31 2.768
15 32 0.917
15 33 1.247
15 34 3.152
15 35 1.276
15 36 0.628
15 37 0.598
15 38 1.386
15 39 1.723
15 40 1.513
15 41 1.652
15 42 0.922
15 43 0.510
15 44 1.035
15 45 0.906
15 46 1.982
15 47 1.863
15 48 0.484
15 49 1.867
15 50 0.896
15 51 0.246
15 52 1.399
15 53 1.137
15 54 0.975
15 55 1.534
15 56 1.184
15 57 2.358
15 58 0.651
15 59 0.497
15 60 1.424
15 61 1.543
15 62 1.640
15 63 1.334
15 64 0.947
15 65 2.156
15 66 1.407
15 67 1.561
15 68 2.231
15 69 0.999
15 70 1.743
15 71 2.339
15 72 0.363
15 73 1.405
15 74 1.653
15 75 1.537
15 76 1.288
15 77 1.916
15 78 1.787
15 79 1.971
15 80 2.029
15 81 0.998
15 82 1.425
15 83 0.443
15 84 2.213
15 85 1.974
15 86 0.376
15 87 1.668
15 88 0.641
15 89 0.594
15 90 1.677
15 91 1.322
15 92 1.844
15 93 1.832
15 94 0.847
15 95 2.032
15 96 1.788
15 97 2.050
15 98 1.366
15 99 0.729
16 17 3.047
16 18 1.637
16 19 1.692
16 20 2.453
16 21 1.173
16 22 1.732
16 23 1.455
16 24 2.050
16 25 0.476
16 26 3.648
16 27 1.607
16 28 0.974
16 29 2.618
16 30 1.961
16 31 3.232
16 32 2.082
16 33 1.847
16 34 2.213
16 35 2.417
16 36 0.791
16 37 1.868
16 38 0.068
16 39 1.818
16 40 1.531
16 41 0.256
16 42 1.932
16 43 1.617
16 44 1.278
16 45 0.933
16 46 0.588
16 47 1.190
16 48 1.849
16 49 1.555
16 50 1.067
16 51 1.634
16 52 0.622
16 53 0.651
16 54 0.571
16 55 0.270
16 56 0.628
16 57 1.554
16 58 1.332
16 59 1.769
16 60 1.157
16 61 0.563
16 62 1.490
16 63 1.681
16 64 0.944
16 65 2.599
16 66 1.344
16 67 1.870
16 68 3.349
16 69 0.662
16 70 1.991
16 71 2.705
16 72 1.631
16 73 2.647
16 74 0.275
16 75 2.845
16 76 2.310
16 77 1.928
16 78 1.282
16 79 1.553
16 80 1.070
16 81 1.052
16 82 2.027
16 83 1.146
16 84 1.263
16 85 1.405
16 86 1.726
16 87 1.779
16 88 0.780
16 89 1.998
16 90 1.441
16 91 1.066
16 92 0.781
16 93 0.439
16 94 1.119
16 95 2.650
16 96 3.053
16 97 0.971
16 98 2.758
16 99 0.855
17 18 3.414
17 19 1.777
17 20 0.961
17 21 1.911
17 22 2.373
17 23 3.940
17 24 1.245
17 25 2.863
17 26 3.076
17 27 1.532
17 28 2.074
17 29 0.518
17 30 3.308
17 31 0.420
17 32 3.580
17 33 1.525
17 34 2.491
17 35 1.991
17 36 2.875
17 37 3.257
17 38 3.092
17 39 1.233
17 40 4.153
17 41 3.238
17 42 1.955
17 43 3.273
17 44 1.902
17 45 3.402
17 46 3.468
17 47 2.040
17 48 2.590
17 49 1.564
17 50 2.139
17 51 2.905
17 52 2.438
17 53 3.398
17 54 3.168
17 55 2.868
17 56 2.429
17 57 2.105
17 58 2.161
17 59 2.426
17 60 3.914
17 61 2.559
17 62 1.562
17 63 1.491
17 64 3.444
17 65 0.638
17 66 3.997
17 67 1.257
17 68 1.986
17 69 2.466
17 70 1.094
17 71 0.439
17 72 2.481
17 73 2.225
17 74 3.024
17 75 3.842
17 76 1.786
17 77 1.124
17 78 4.192
17 79 1.639
17 80 2.387
17 81 2.093
17 82 1.355
17 83 3.089
17 84 2.355
17 85 4.355
17 86 3.030
17 87 1.276
17 88 2.890
17 89 2.746
17 90 1.624
17 91 1.983
17 92 3.827
17 93 3.115
17 94 2.131
17 95 0.888
17 96 2.364
17 97 4.017
17 98 2.841
17 99 3.164
18 19 1.638
18 20 2.502
18 21 2.166
18 22 3.158
18 23 0.805
18 24 2.944
18 25 2.067
18 26 2.477
18 27 2.519
18 28 1.838
18 29 3.186
18 30 0.424
18 31 3.396
18 32 0.449
18 33 1.890
18 34 3.645
18 35 1.783
18 36 0.919
18 37 0.364
18 38 1.588
18 39 2.358
18 40 1.056
18 41 1.826
18 42 1.520
18 43 0.147
18 44 1.653
18 45 0.785
18 46 2.120
18 47 2.382
18 48 0.936
18 49 2.458
18 50 1.481
18 51 0.537
18 52 1.839
18 53 1.116
18 54 1.076
18 55 1.837
18 56 1.638
18 57 2.870
18 58 1.288
18 59 1.046
18 60 1.128
18 61 1.945
18 62 2.246
18 63 1.976
18 64 0.803
18 65 2.794
18 66 1.019
18 67 2.205
18 68 2.686
18 69 1.458
18 70 2.386
18 71 2.979
18 72 0.952
18 73 1.827
18 74 1.909
18 75 1.236
18 76 1.849
18 77 2.549
18 78 1.492
18 79 2.549
18 80 2.482
18 81 1.576
18 82 2.063
18 83 0.518
18 84 2.677
18 85 1.669
18 86 0.456
18 87 2.303
18 88 0.921
18 89 0.900
18 90 2.272
18 91 1.883
18 92 1.791
18 93 2.075
18 94 1.445
18 95 2.654
18 96 2.156
18 97 1.968
18 98 1.568
18 99 0.783
19 20 0.898
19 21 1.107
19 22 2.207
19 23 2.200
19 24 1.513
19 25 1.777
19 26 2.222
19 27 1.210
19 28 0.929
19 29 1.574
19 30 1.567
19 31 1.789
19 32 1.835
19 33 0.252
19 34 2.618
19 35 0.829
19 36 1.208
19 37 1.505
19 38 1.707
19 39 0.828
19 40 2.429
19 41 1.941
19 42 0.380
19 43 1.498
19 44 0.472
19 45 1.710
19 46 2.256
19 47 1.402
19 48 0.886
19 49 1.164
19 50 0.629
19 51 1.140
19 52 1.279
19 53 1.794
19 54 1.567
19 55 1.647
19 56 1.123
19 57 1.846
19 58 0.427
19 59 0.706
19 60 2.246
19 61 1.458
19 62 0.918
19 63 0.416
19 64 1.753
19 65 1.165
19 66 2.291
19 67 0.603
19 68 1.679
19 69 1.032
19 70 0.782
19 71 1.344
19 72 0.723
19 73 1.123
19 74 1.813
19 75 2.243
19 76 0.657
19 77 1.022
19 78 2.570
19 79 1.304
19 80 1.714
19 81 0.672
19 82 0.436
19 83 1.337
19 84 1.840
19 85 2.749
19 86 1.271
19 87 0.778
19 88 1.226
19 89 1.077
19 90 0.997
19 91 0.880
19 92 2.386
19 93 1.972
19 94 0.573
19 95 1.075
19 96 1.506
19 97 2.597
19 98 1.520
19 99 1.474
20 21 1.508
20 22 2.382
20 23 3.097
20 24 1.338
20 25 2.408
20 26 2.281
20 27 1.319
20 28 1.520
20 29 0.972
20 30 2.363
20 31 0.896
20 32 2.635
20 33 0.659
20 34 2.672
20 35 1.048
20 36 2.091
20 37 2.316
20 38 2.483
20 39 0.807
20 40 3.327
20 41 2.683
20 42 1.005
20 43 2.358
20 44 1.183
20 45 2.602
20 46 2.967
20 47 1.750
20 48 1.641
20 49 1.311
20 50 1.415
20 51 1.978
20 52 1.917
20 53 2.662
20 54 2.432
20 55 2.341
20 56 1.830
20 57 2.035
20 58 1.320
20 59 1.483
20 60 3.136
20 61 2.077
20 62 1.158
20 63 0.773
20 64 2.646
20 65 0.327
20 66 3.187
20 67 0.614
20 68 1.335
20 69 1.804
20 70 0.584
20 71 0.530
20 72 1.554
20 73 1.310
20 74 2.508
20 75 2.882
20 76 0.831
20 77 0.876
20 78 3.449
20 79 1.447
20 80 2.119
20 81 1.407
20 82 0.465
20 83 2.234
20 84 2.169
20 85 3.625
20 86 2.096
20 87 0.810
20 88 2.107
20 89 1.789
20 90 1.251
20 91 1.436
20 92 3.200
20 93 2.641
20 94 1.382
20 95 0.197
20 96 1.527
20 97 3.405
20 98 1.908
20 99 2.365
21 22 1.116
21 23 2.375
21 24 0.892
21 25 0.955
21 26 3.329
21 27 0.438
21 28 0.328
21 29 1.455
21 30 2.299
21 31 2.149
21 32 2.523
21 33 1.097
21 34 1.563
21 35 1.931
21 36 1.312
21 37 2.212
21 38 1.227
21 39 0.733
21 40 2.530
21 41 1.338
21 42 1.481
21 43 2.069
21 44 0.678
21 45 1.788
21 46 1.557
21 47 0.295
21 48 1.803
21 49 0.384
21 50 0.723
21 51 1.850
21 52 0.550
21 53 1.661
21 54 1.457
21 55 0.965
21 56 0.624
21 57 0.767
21 58 1.056
21 59 1.639
21 60 2.210
21 61 0.649
21 62 0.365
21 63 0.819
21 64 1.822
21 65 1.556
21 66 2.350
21 67 0.898
21 68 2.691
21 69 0.755
21 70 0.947
21 71 1.618
21 72 1.569
21 73 2.229
21 74 1.115
21 75 3.127
21 76 1.738
21 77 0.789
21 78 2.416
21 79 0.410
21 80 0.629
21 81 0.620
21 82 1.205
21 83 1.676
21 84 0.734
21 85 2.557
21 86 1.987
21 87 0.712
21 88 1.320
21 89 2.004
21 90 0.288
21 91 0.292
21 92 1.950
21 93 1.206
21 94 0.782
21 95 1.697
21 96 2.606
21 97 2.127
21 98 2.595
21 99 1.580
22 23 3.172
22 24 1.140
22 25 1.271
22 26 4.418
22 27 1.075
22 28 1.397
22 29 1.857
22 30 3.354
22 31 2.736
22 32 3.555
22 33 2.152
22 34 0.490
22 35 3.014
22 36 2.244
22 37 3.263
22 38 1.800
22 39 1.594
22 40 3.263
22 41 1.733
22 42 2.586
22 43 3.084
22 44 1.794
22 45 2.610
22 46 1.740
22 47 0.830
22 48 2.913
22 49 1.097
22 50 1.817
22 51 2.920
22 52 1.320
22 53 2.374
22 54 2.237
22 55 1.463
22 56 1.520
22 57 0.363
22 58 2.167
22 59 2.753
22 60 2.888
22 61 1.239
22 62 1.316
22 63 1.861
22 64 2.632
22 65 2.298
22 66 3.075
22 67 1.849
22 68 3.681
22 69 1.703
22 70 1.807
22 71 2.266
22 72 2.675
22 73 3.318
22 74 1.505
22 75 4.210
22 76 2.805
22 77 1.508
22 78 2.973
22 79 0.951
22 80 0.685
22 81 1.716
22 82 2.212
22 83 2.642
22 84 0.485
22 85 3.062
22 86 3.052
22 87 1.608
22 88 2.246
22 89 3.112
22 90 1.226
22 91 1.395
22 92 2.333
22 93 1.449
22 94 1.882
22 95 2.537
22 96 3.678
22 97 2.436
22 98 3.710
22 99 2.455
23 24 3.245
23 25 1.931
23 26 3.279
23 27 2.791
23 28 2.065
23 29 3.631
23 30 1.216
23 31 3.988
23 32 1.129
23 33 2.445
23 34 3.659
23 35 2.524
23 36 1.092
23 37 1.167
23 38 1.389
23 39 2.773
23 40 0.255
23 41 1.543
23 42 2.186
23 43 0.926
23 44 2.054
23 45 0.587
23 46 1.749
23 47 2.513
23 48 1.683
23 49 2.730
23 50 1.830
23 51 1.275
23 52 1.905
23 53 0.804
23 54 0.942
23 55 1.717
23 56 1.758
23 57 2.952
23 58 1.786
23 59 1.751
23 60 0.436
23 61 1.942
23 62 2.565
23 63 2.450
23 64 0.555
23 65 3.356
23 66 0.246
23 67 2.685
23 68 3.458
23 69 1.621
23 70 2.857
23 71 3.522
23 72 1.627
23 73 2.605
23 74 1.716
23 75 1.883
23 76 2.553
23 77 2.944
23 78 0.741
23 79 2.785
23 80 2.492
23 81 1.900
23 82 2.635
23 83 0.863
23 84 2.692
23 85 0.899
23 86 1.236
23 87 2.720
23 88 1.080
23 89 1.685
23 90 2.561
23 91 2.137
23 92 1.244
23 93 1.840
23 94 1.824
23 95 3.270
23 96 2.950
23 97 1.367
23 98 2.372
23 99 0.804
24 25 1.753
24 26 3.554
24 27 0.457
24 28 1.182
24 29 0.728
24 30 2.997
24 31 1.596
24 32 3.247
24 33 1.349
24 34 1.347
24 35 2.186
24 36 2.162
24 37 2.919
24 38 2.109
24 39 0.695
24 40 3.412
24 41 2.189
24 42 1.867
24 43 2.829
24 44 1.299
24 45 2.661
24 46 2.358
24 47 0.891
24 48 2.380
24 49 0.517
24 50 1.467
24 51 2.543
24 52 1.434
24 53 2.551
24 54 2.344
24 55 1.820
24 56 1.514
24 57 0.860
24 58 1.693
24 59 2.200
24 60 3.100
24 61 1.499
24 62 0.699
24 63 1.097
24 64 2.697
24 65 1.189
24 66 3.234
24 67 0.959
24 68 2.673
24 69 1.627
24 70 0.835
24 71 1.133
24 72 2.179
24 73 2.490
24 74 1.952
24 75 3.745
24 76 1.956
24 77 0.517
24 78 3.307
24 79 0.498
24 80 1.190
24 81 1.376
24 82 1.323
24 83 2.492
24 84 1.126
24 85 3.446
24 86 2.683
24 87 0.739
24 88 2.172
24 89 2.578
24 90 0.686
24 91 1.109
24 92 2.816
24 93 2.004
24 94 1.500
24 95 1.462
24 96 2.793
24 97 2.982
24 98 2.997
24 99 2.443
25 26 3.886
25 27 1.348
25 28 0.892
25 29 2.394
25 30 2.357
25 31 3.102
25 32 2.504
25 33 1.875
25 34 1.746
25 35 2.573
25 36 1.169
25 37 2.263
25 38 0.542
25 39 1.677
25 40 2.001
25 41 0.473
25 42 2.082
25 43 2.030
25 44 1.313
25 45 1.401
25 46 0.608
25 47 0.863
25 48 2.133
25 49 1.307
25 50 1.161
25 51 1.986
25 52 0.502
25 53 1.127
25 54 1.031
25 55 0.230
25 56 0.663
25 57 1.133
25 58 1.498
25 59 2.022
25 60 1.621
25 61 0.332
25 62 1.315
25 63 1.651
25 64 1.415
25 65 2.496
25 66 1.814
25 67 1.796
25 68 3.454
25 69 0.806
25 70 1.880
25 71 2.570
25 72 1.898
25 73 2.834
25 74 0.235
25 75 3.244
25 76 2.429
25 77 1.743
25 78 1.706
25 79 1.264
25 80 0.643
25 81 1.105
25 82 2.031
25 83 1.557
25 84 0.820
25 85 1.806
25 86 2.095
25 87 1.649
25 88 1.163
25 89 2.305
25 90 1.243
25 91 0.973
25 92 1.102
25 93 0.253
25 94 1.228
25 95 2.603
25 96 3.237
25 97 1.243
25 98 3.033
25 99 1.297
26 27 3.375
26 28 3.129
26 29 3.243
26 30 2.064
26 31 2.764
26 32 2.201
26 33 2.271
26 34 4.803
26 35 1.404
26 36 2.897
26 37 2.114
26 38 3.634
26 39 2.889
26 40 3.525
26 41 3.899
26 42 1.853
26 43 2.373
26 44 2.674
26 45 3.140
26 46 4.233
26 47 3.624
26 48 1.808
26 49 3.340
26 50 2.750
26 51 2.120
26 52 3.426
26 53 3.410
26 54 3.256
26 55 3.706
26 56 3.231
26 57 4.055
26 58 2.393
26 59 1.880
26 60 3.590
26 61 3.602
26 62 3.106
26 63 2.561
26 64 3.174
26 65 2.559
26 66 3.496
26 67 2.617
26 68 1.135
26 69 3.081
26 70 2.720
26 71 2.738
26 72 2.017
26 73 1.101
26 74 3.852
26 75 1.730
26 76 1.619
26 77 3.041
26 78 3.959
26 79 3.486
26 80 3.930
26 81 2.829
26 82 2.243
26 83 2.684
26 84 4.061
26 85 4.141
26 86 2.095
26 87 2.858
26 88 2.912
26 89 1.693
26 90 3.194
26 91 3.092
26 92 4.122
26 93 4.029
26 94 2.679
26 95 2.244
26 96 0.762
26 97 4.325
26 98 0.925
26 99 3.000
27 28 0.727
27 29 1.048
27 30 2.602
27 31 1.816
27 32 2.843
27 33 1.106
27 34 1.428
27 35 1.974
27 36 1.712
27 37 2.521
27 38 1.663
27 39 0.519
27 40 2.956
27 41 1.761
27 42 1.586
27 43 2.410
27 44 0.902
27 45 2.206
27 46 1.956
27 47 0.508
27 48 2.029
27 49 0.062
27 50 1.039
27 51 2.148
27 52 0.987
27 53 2.095
27 54 1.887
27 55 1.389
27 56 1.057
27 57 0.719
27 58 1.306
27 59 1.853
27 60 2.643
27 61 1.068
27 62 0.299
27 63 0.820
27 64 2.242
27 65 1.281
27 66 2.777
27 67 0.776
27 68 2.607
27 69 1.171
27 70 0.737
27 71 1.298
27 72 1.812
27 73 2.281
27 74 1.531
27 75 3.386
27 76 1.756
27 77 0.465
27 78 2.854
27 79 0.128
27 80 0.863
27 81 0.943
27 82 1.144
27 83 2.053
27 84 0.869
27 85 2.996
27 86 2.288
27 87 0.534
27 88 1.721
27 89 2.230
27 90 0.249
27 91 0.657
27 92 2.381
27 93 1.601
27 94 1.081
27 95 1.486
27 96 2.624
27 97 2.554
27 98 2.729
27 99 1.990
28 29 1.661
28 30 1.979
28 31 2.261
28 32 2.199
28 33 0.991
28 34 1.862
28 35 1.755
28 36 0.990
28 37 1.891
28 38 1.018
28 39 0.844
28 40 2.230
28 41 1.181
28 42 1.278
28 43 1.743
28 44 0.458
28 45 1.480
28 46 1.449
28 47 0.571
28 48 1.519
28 49 0.666
28 50 0.421
28 51 1.535
28 52 0.396
28 53 1.381
28 54 1.166
28 55 0.824
28 56 0.357
28 57 1.066
28 58 0.778
28 59 1.364
28 60 1.925
28 61 0.561
28 62 0.532
28 63 0.759
28 64 1.515
28 65 1.635
28 66 2.053
28 67 0.915
28 68 2.587
28 69 0.445
28 70 1.021
28 71 1.732
28 72 1.280
28 73 2.039
28 74 0.991
28 75 2.819
28 76 1.584
28 77 0.962
28 78 2.157
28 79 0.727
28 80 0.808
28 81 0.321
28 82 1.140
28 83 1.349
28 84 0.962
28 85 2.309
28 86 1.670
28 87 0.805
28 88 0.999
28 89 1.717
28 90 0.506
28 91 0.092
28 92 1.753
28 93 1.121
28 94 0.487
28 95 1.717
28 96 2.431
28 97 1.945
28 98 2.349
28 99 1.264
29 30 3.141
29 31 0.892
29 32 3.409
29 33 1.337
29 34 1.994
29 35 2.000
29 36 2.544
29 37 3.078
29 38 2.668
29 39 0.859
29 40 3.828
29 41 2.792
29 42 1.837
29 43 3.053
29 44 1.578
29 45 3.070
29 46 3.002
29 47 1.551
29 48 2.447
29 49 1.087
29 50 1.802
29 51 2.710
29 52 1.998
29 53 3.026
29 54 2.802
29 55 2.420
29 56 2.018
29 57 1.588
29 58 1.900
29 59 2.271
29 60 3.559
29 61 2.103
29 62 1.131
29 63 1.210
29 64 3.110
29 65 0.687
29 66 3.663
29 67 0.982
29 68 2.229
29 69 2.082
29 70 0.800
29 71 0.535
29 72 2.297
29 73 2.276
29 74 2.569
29 75 3.771
29 76 1.773
29 77 0.701
29 78 3.813
29 79 1.145
29 80 1.887
29 81 1.739
29 82 1.212
29 83 2.806
29 84 1.844
29 85 3.968
29 86 2.843
29 87 0.911
29 88 2.558
29 89 2.625
29 90 1.177
29 91 1.572
29 92 3.399
29 93 2.647
29 94 1.808
29 95 1.004
29 96 2.495
29 97 3.581
29 98 2.861
29 99 2.835
30 31 3.240
30 32 0.272
30 33 1.808
30 34 3.833
30 35 1.515
30 36 1.188
30 37 0.094
30 38 1.920
30 39 2.359
30 40 1.462
30 41 2.172
30 42 1.358
30 43 0.362
30 44 1.703
30 45 1.183
30 46 2.482
30 47 2.546
30 48 0.723
30 49 2.544
30 50 1.580
30 51 0.455
30 52 2.059
30 53 1.503
30 54 1.427
30 55 2.131
30 56 1.846
30 57 3.041
30 58 1.304
30 59 0.883
30 60 1.552
30 61 2.189
30 62 2.312
30 63 1.953
30 64 1.206
30 65 2.674
30 66 1.438
30 67 2.166
30 68 2.359
30 69 1.660
30 70 2.347
30 71 2.869
30 72 0.844
30 73 1.503
30 74 2.225
30 75 0.887
30 76 1.625
30 77 2.555
30 78 1.916
30 79 2.652
30 80 2.697
30 81 1.682
30 82 1.959
30 83 0.817
30 84 2.885
30 85 2.092
30 86 0.315
30 87 2.305
30 88 1.195
30 89 0.606
30 90 2.354
30 91 2.007
30 92 2.197
30 93 2.398
30 94 1.528
30 95 2.493
30 96 1.796
30 97 2.380
30 98 1.167
30 99 1.131
31 32 3.511
31 33 1.543
31 34 2.886
31 35 1.819
31 36 2.960
31 37 3.199
31 38 3.271
31 39 1.427
31 40 4.214
31 41 3.441
31 42 1.887
31 43 3.251
31 44 2.012
31 45 3.480
31 46 3.695
31 47 2.318
31 48 2.517
31 49 1.838
31 50 2.251
31 51 2.869
31 52 2.645
31 53 3.515
31 54 3.284
31 55 3.079
31 56 2.604
31 57 2.445
31 58 2.204
31 59 2.368
31 60 4.008
31 61 2.783
31 62 1.787
31 63 1.587
31 64 3.523
31 65 0.644
31 66 4.070
31 67 1.371
31 68 1.645
31 69 2.613
31 70 1.241
31 71 0.532
31 72 2.446
31 73 2.013
31 74 3.241
31 75 3.688
31 76 1.643
31 77 1.368
31 78 4.308
31 79 1.934
31 80 2.679
31 81 2.223
31 82 1.353
31 83 3.125
31 84 2.670
31 85 4.480
31 86 2.983
31 87 1.460
31 88 2.976
31 89 2.652
31 90 1.862
31 91 2.170
31 92 4.003
31 93 3.350
31 94 2.229
31 95 0.747
31 96 2.090
31 97 4.201
31 98 2.635
31 99 3.242
32 33 2.078
32 34 4.038
32 35 1.773
32 36 1.342
32 37 0.332
32 38 2.035
32 39 2.618
32 40 1.357
32 41 2.275
32 42 1.630
32 43 0.477
32 44 1.949
32 45 1.230
32 46 2.569
32 47 2.759
32 48 0.995
32 49 2.784
32 50 1.811
32 51 0.707
32 52 2.246
32 53 1.562
32 54 1.525
32 55 2.275
32 56 2.037
32 57 3.253
32 58 1.556
32 59 1.155
32 60 1.513
32 61 2.363
32 62 2.557
32 63 2.216
32 64 1.244
32 65 2.946
32 66 1.368
32 67 2.432
32 68 2.588
32 69 1.853
32 70 2.613
32 71 3.141
32 72 1.112
32 73 1.740
32 74 2.353
32 75 0.793
32 76 1.891
32 77 2.814
32 78 1.861
32 79 2.887
32 80 2.888
32 81 1.912
32 82 2.230
32 83 0.946
32 84 3.080
32 85 2.027
32 86 0.569
32 87 2.564
32 88 1.345
32 89 0.869
32 90 2.595
32 91 2.233
32 92 2.224
32 93 2.521
32 94 1.764
32 95 2.764
32 96 2.007
32 97 2.393
32 98 1.343
32 99 1.230
33 34 2.534
33 35 0.868
33 36 1.432
33 37 1.749
33 38 1.870
33 39 0.654
33 40 2.672
33 41 2.089
33 42 0.525
33 43 1.749
33 44 0.573
33 45 1.944
33 46 2.393
33 47 1.384
33 48 1.111
33 49 1.069
33 50 0.784
33 51 1.387
33 52 1.373
33 53 2.008
33 54 1.779
33 55 1.771
33 56 1.246
33 57 1.788
33 58 0.662
33 59 0.934
33 60 2.477
33 61 1.546
33 62 0.836
33 63 0.290
33 64 1.987
33 65 0.914
33 66 2.530
33 67 0.396
33 68 1.602
33 69 1.186
33 70 0.561
33 71 1.092
33 72 0.967
33 73 1.175
33 74 1.939
33 75 2.450
33 76 0.654
33 77 0.838
33 78 2.792
33 79 1.215
33 80 1.724
33 81 0.797
33 82 0.195
33 83 1.584
33 84 1.827
33 85 2.970
33 86 1.516
33 87 0.612
33 88 1.449
33 89 1.292
33 90 0.926
33 91 0.923
33 92 2.570
33 93 2.088
33 94 0.741
33 95 0.845
33 96 1.526
33 97 2.779
33 98 1.649
33 99 1.706
34 35 3.402
34 36 2.733
34 37 3.742
34 38 2.281
34 39 1.927
34 40 3.744
34 41 2.197
34 42 2.998
34 43 3.569
34 44 2.234
34 45 3.099
34 46 2.171
34 47 1.291
34 48 3.366
34 49 1.465
34 50 2.279
34 51 3.394
34 52 1.809
34 53 2.859
34 54 2.726
34 55 1.945
34 56 2.007
34 57 0.797
34 58 2.619
34 59 3.201
34 60 3.366
34 61 1.729
34 62 1.704
34 63 2.246
34 64 3.120
34 65 2.536
34 66 3.557
34 67 2.196
34 68 3.999
34 69 2.188
34 70 2.123
34 71 2.468
34 72 3.131
34 73 3.709
34 74 1.976
34 75 4.681
34 76 3.184
34 77 1.805
34 78 3.435
34 79 1.320
34 80 1.175
34 81 2.176
34 82 2.569
34 83 3.130
34 84 0.976
34 85 3.516
34 86 3.527
34 87 1.952
34 88 2.735
34 89 3.567
34 90 1.622
34 91 1.851
34 92 2.779
34 93 1.905
34 94 2.341
34 95 2.806
34 96 4.052
34 97 2.866
34 98 4.135
34 99 2.946
35 36 1.771
35 37 1.499
35 38 2.419
35 39 1.503
35 40 2.777
35 41 2.673
35 42 0.492
35 43 1.638
35 44 1.297
35 45 2.172
35 46 3.001
35 47 2.226
35 48 0.848
35 49 1.938
35 50 1.412
35 51 1.257
35 52 2.087
35 53 2.356
35 54 2.154
35 55 2.420
35 56 1.910
35 57 2.651
35 58 1.089
35 59 0.779
35 60 2.699
35 61 2.265
35 62 1.702
35 63 1.157
35 64 2.214
35 65 1.371
35 66 2.681
35 67 1.231
35 68 0.963
35 69 1.787
35 70 1.355
35 71 1.574
35 72 0.917
35 73 0.307
35 74 2.579
35 75 1.869
35 76 0.233
35 77 1.669
35 78 3.058
35 79 2.083
35 80 2.543
35 81 1.476
35 82 0.864
35 83 1.717
35 84 2.665
35 85 3.245
35 86 1.328
35 87 1.467
35 88 1.788
35 89 0.910
35 90 1.790
35 91 1.709
35 92 3.026
35 93 2.748
35 94 1.344
35 95 1.105
35 96 0.677
35 97 3.238
35 98 0.861
35 99 1.968
36 37 1.094
36 38 0.760
36 39 1.685
36 40 1.285
36 41 1.025
36 42 1.323
36 43 0.865
36 44 0.974
36 45 0.528
36 46 1.354
36 47 1.493
36 48 1.089
36 49 1.650
36 50 0.743
36 51 0.843
36 52 0.924
36 53 0.595
36 54 0.383
36 55 0.944
36 56 0.732
36 57 1.970
36 58 0.782
36 59 1.041
36 60 1.047
36 61 1.026
36 62 1.475
36 63 1.386
36 64 0.569
36 65 2.318
36 66 1.123
36 67 1.618
36 68 2.732
36 69 0.564
36 70 1.784
36 71 2.470
36 72 0.896
36 73 1.957
36 74 1.043
36 75 2.075
36 76 1.717
36 77 1.854
36 78 1.362
36 79 1.717
36 80 1.565
36 81 0.809
36 82 1.627
36 83 0.401
36 84 1.762
36 85 1.541
36 86 0.937
36 87 1.633
36 88 0.018
36 89 1.221
36 90 1.476
36 91 1.055
36 92 1.259
36 93 1.220
36 94 0.744
36 95 2.277
36 96 2.356
36 97 1.470
36 98 1.990
36 99 0.291
37 38 1.827
37 39 2.287
37 40 1.416
37 41 2.081
37 42 1.313
37 43 0.280
37 44 1.623
37 45 1.101
37 46 2.391
37 47 2.456
37 48 0.683
37 49 2.461
37 50 1.494
37 51 0.377
37 52 1.966
37 53 1.418
37 54 1.337
37 55 2.037
37 56 1.754
37 57 2.952
37 58 1.227
37 59 0.833
37 60 1.487
37 61 2.095
37 62 2.232
37 63 1.884
37 64 1.125
37 65 2.624
37 66 1.383
37 67 2.100
37 68 2.364
37 69 1.568
37 70 2.282
37 71 2.818
37 72 0.782
37 73 1.506
37 74 2.131
37 75 0.981
37 76 1.596
37 77 2.483
37 78 1.853
37 79 2.568
37 80 2.605
37 81 1.596
37 82 1.904
37 83 0.725
37 84 2.794
37 85 2.032
37 86 0.238
37 87 2.233
37 88 1.101
37 89 0.590
37 90 2.272
37 91 1.920
37 92 2.116
37 93 2.305
37 94 1.444
37 95 2.452
37 96 1.814
37 97 2.301
37 98 1.206
37 99 1.042
38 39 1.861
38 40 1.464
38 41 0.267
38 42 1.936
38 43 1.573
38 44 1.303
38 45 0.873
38 46 0.600
38 47 1.253
38 48 1.831
38 49 1.611
38 50 1.087
38 51 1.603
38 52 0.677
38 53 0.586
38 54 0.517
38 55 0.338
38 56 0.667
38 57 1.621
38 58 1.337
38 59 1.757
38 60 1.089
38 61 0.626
38 62 1.538
38 63 1.712
38 64 0.883
38 65 2.635
38 66 1.276
38 67 1.906
38 68 3.356
38 69 0.683
38 70 2.030
38 71 2.745
38 72 1.617
38 73 2.643
38 74 0.334
38 75 2.802
38 76 2.318
38 77 1.976
38 78 1.217
38 79 1.611
38 80 1.138
38 81 1.078
38 82 2.052
38 83 1.103
38 84 1.331
38 85 1.343
38 86 1.691
38 87 1.821
38 88 0.749
38 89 1.975
38 90 1.492
38 91 1.110
38 92 0.735
38 93 0.488
38 94 1.136
38 95 2.679
38 96 3.049
38 97 0.930
38 98 2.738
38 99 0.805
39 40 2.969
39 41 2.018
39 42 1.174
39 43 2.231
39 44 0.722
39 45 2.211
39 46 2.268
39 47 0.948
39 48 1.708
39 49 0.506
39 50 0.943
39 51 1.912
39 52 1.220
39 53 2.177
39 54 1.950
39 55 1.653
39 56 1.196
39 57 1.239
39 58 1.072
39 59 1.527
39 60 2.705
39 61 1.356
39 62 0.368
39 63 0.413
39 64 2.251
39 65 0.824
39 66 2.804
39 67 0.273
39 68 2.088
39 69 1.237
39 70 0.224
39 71 0.895
39 72 1.522
39 73 1.809
39 74 1.814
39 75 3.069
39 76 1.276
39 77 0.197
39 78 2.968
39 79 0.646
39 80 1.319
39 81 0.881
39 82 0.646
39 83 1.954
39 84 1.362
39 85 3.128
39 86 2.050
39 87 0.055
39 88 1.699
39 89 1.902
39 90 0.455
39 91 0.752
39 92 2.596
39 93 1.923
39 94 0.951
39 95 0.984
39 96 2.132
39 97 2.789
39 98 2.303
39 99 1.976
40 41 1.579
40 42 2.431
40 43 1.180
40 44 2.257
40 45 0.759
40 46 1.742
40 47 2.646
40 48 1.936
40 49 2.896
40 50 2.027
40 51 1.529
40 52 2.035
40 53 0.895
40 54 1.075
40 55 1.800
40 56 1.907
40 57 3.066
40 58 2.011
40 59 2.002
40 60 0.390
40 61 2.052
40 62 2.743
40 63 2.662
40 64 0.720
40 65 3.579
40 66 0.188
40 67 2.896
40 68 3.712
40 69 1.785
40 70 3.065
40 71 3.741
40 72 1.875
40 73 2.860
40 74 1.776
40 75 2.087
40 76 2.801
40 77 3.136
40 78 0.573
40 79 2.940
40 80 2.593
40 81 2.091
40 82 2.864
40 83 1.099
40 84 2.790
40 85 0.703
40 86 1.491
40 87 2.918
40 88 1.271
40 89 1.940
40 90 2.733
40 91 2.307
40 92 1.183
40 93 1.881
40 94 2.027
40 95 3.503
40 96 3.205
40 97 1.270
40 98 2.623
40 99 0.994
41 42 2.187
41 43 1.821
41 44 1.517
41 45 1.079
41 46 0.334
41 47 1.305
41 48 2.097
41 49 1.713
41 50 1.314
41 51 1.867
41 52 0.800
41 53 0.761
41 54 0.751
41 55 0.373
41 56 0.853
41 57 1.606
41 58 1.586
41 59 2.021
41 60 1.191
41 61 0.692
41 62 1.676
41 63 1.910
41 64 1.081
41 65 2.815
41 66 1.396
41 67 2.091
41 68 3.602
41 69 0.909
41 70 2.202
41 71 2.911
41 72 1.883
41 73 2.902
41 74 0.243
41 75 3.050
41 76 2.564
41 77 2.114
41 78 1.240
41 79 1.692
41 80 1.115
41 81 1.292
41 82 2.265
41 83 1.356
41 84 1.292
41 85 1.334
41 86 1.952
41 87 1.983
41 88 1.013
41 89 2.242
41 90 1.618
41 91 1.272
41 92 0.634
41 93 0.302
41 94 1.368
41 95 2.880
41 96 3.309
41 97 0.793
41 98 3.005
41 99 1.046
42 43 1.374
42 44 0.822
42 45 1.768
42 46 2.514
42 47 1.776
42 48 0.636
42 49 1.542
42 50 0.921
42 51 0.987
42 52 1.598
42 53 1.916
42 54 1.704
42 55 1.929
42 56 1.419
42 57 2.225
42 58 0.601
42 59 0.481
42 60 2.305
42 61 1.776
42 62 1.296
42 63 0.776
42 64 1.811
42 65 1.318
42 66 2.315
42 67 0.921
42 68 1.423
42 69 1.296
42 70 1.084
42 71 1.516
42 72 0.571
42 73 0.762
42 74 2.088
42 75 1.935
42 76 0.394
42 77 1.361
42 78 2.653
42 79 1.683
42 80 2.077
42 81 0.989
42 82 0.626
42 83 1.338
42 84 2.210
42 85 2.838
42 86 1.096
42 87 1.128
42 88 1.341
42 89 0.795
42 90 1.376
42 91 1.239
42 92 2.565
42 93 2.257
42 94 0.853
42 95 1.140
42 96 1.159
42 97 2.777
42 98 1.143
42 99 1.548
43 44 1.533
43 45 0.822
43 46 2.126
43 47 2.296
43 48 0.790
43 49 2.350
43 50 1.371
43 51 0.389
43 52 1.771
43 53 1.141
43 54 1.072
43 55 1.802
43 56 1.564
43 57 2.787
43 58 1.159
43 59 0.899
43 60 1.218
43 61 1.887
43 62 2.132
43 63 1.844
43 64 0.846
43 65 2.651
43 66 1.128
43 67 2.071
43 68 2.547
43 69 1.381
43 70 2.252
43 71 2.838
43 72 0.806
43 73 1.689
43 74 1.885
43 75 1.230
43 76 1.701
43 77 2.423
43 78 1.586
43 79 2.446
43 80 2.414
43 81 1.469
43 82 1.921
43 83 0.473
43 84 2.607
43 85 1.767
43 86 0.315
43 87 2.176
43 88 0.869
43 89 0.763
43 90 2.162
43 91 1.783
43 92 1.836
43 93 2.056
43 94 1.331
43 95 2.508
43 96 2.025
43 97 2.021
43 98 1.456
43 99 0.775
44 45 1.502
44 46 1.820
44 47 0.969
44 48 1.140
44 49 0.845
44 50 0.239
44 51 1.248
44 52 0.812
44 53 1.505
44 54 1.274
44 55 1.199
44 56 0.673
44 57 1.443
44 58 0.404
44 59 0.969
44 60 2.012
44 61 0.989
44 62 0.609
44 63 0.425
44 64 1.543
44 65 1.368
44 66 2.097
44 67 0.648
44 68 2.143
44 69 0.621
44 70 0.810
44 71 1.506
44 72 0.914
44 73 1.582
44 74 1.367
44 75 2.488
44 76 1.129
44 77 0.904
44 78 2.299
44 79 0.964
44 80 1.256
44 81 0.226
44 82 0.749
44 83 1.233
44 84 1.395
44 85 2.469
44 86 1.388
44 87 0.668
44 88 0.989
44 89 1.342
44 90 0.657
44 91 0.418
44 92 2.017
44 93 1.519
44 94 0.231
44 95 1.379
44 96 1.973
44 97 2.223
44 98 1.918
44 99 1.264
45 46 1.350
45 47 1.928
45 48 1.385
45 49 2.146
45 50 1.270
45 51 1.023
45 52 1.323
45 53 0.333
45 54 0.374
45 55 1.177
45 56 1.172
45 57 2.376
45 58 1.284
45 59 1.398
45 60 0.539
45 61 1.373
45 62 1.986
45 63 1.913
45 64 0.044
45 65 2.840
45 66 0.595
45 67 2.145
45 68 3.132
45 69 1.035
45 70 2.311
45 71 2.995
45 72 1.256
45 73 2.311
45 74 1.207
45 75 2.021
45 76 2.155
45 77 2.376
45 78 0.887
45 79 2.198
45 80 1.926
45 81 1.331
45 82 2.138
45 83 0.466
45 84 2.126
45 85 1.074
45 86 1.050
45 87 2.159
45 88 0.513
45 89 1.455
45 90 1.979
45 91 1.554
45 92 1.015
45 93 1.355
45 94 1.272
45 95 2.784
45 96 2.691
45 97 1.202
45 98 2.215
45 99 0.239
46 47 1.468
46 48 2.430
46 49 1.915
46 50 1.627
46 51 2.192
46 52 1.055
46 53 1.019
46 54 1.055
46 55 0.627
46 56 1.147
46 57 1.682
46 58 1.913
46 59 2.355
46 60 1.354
46 61 0.912
46 62 1.912
46 63 2.198
46 64 1.345
46 65 3.079
46 66 1.570
46 67 2.365
46 68 3.925
46 69 1.226
46 70 2.463
46 71 3.163
46 72 2.217
46 73 3.234
46 74 0.459
46 75 3.352
46 76 2.888
46 77 2.345
46 78 1.312
46 79 1.872
46 80 1.207
46 81 1.597
46 82 2.563
46 83 1.669
46 84 1.354
46 85 1.363
46 86 2.273
46 87 2.237
46 88 1.341
46 89 2.573
46 90 1.844
46 91 1.537
46 92 0.621
46 93 0.355
46 94 1.685
46 95 3.164
46 96 3.641
46 97 0.696
46 98 3.338
46 99 1.351
47 48 2.083
47 49 0.481
47 50 0.989
47 51 2.104
47 52 0.611
47 53 1.756
47 54 1.574
47 55 0.943
47 56 0.764
47 57 0.496
47 58 1.337
47 59 1.923
47 60 2.302
47 61 0.628
47 62 0.594
47 63 1.101
47 64 1.958
47 65 1.760
47 66 2.461
47 67 1.152
47 68 2.970
47 69 0.931
47 70 1.172
47 71 1.795
47 72 1.845
47 73 2.524
47 74 1.066
47 75 3.389
47 76 2.029
47 77 0.953
47 78 2.469
47 79 0.407
47 80 0.370
47 81 0.887
47 82 1.481
47 83 1.877
47 84 0.442
47 85 2.595
47 86 2.238
47 87 0.941
47 88 1.498
47 89 2.282
47 90 0.499
47 91 0.565
47 92 1.937
47 93 1.114
47 94 1.053
47 95 1.931
47 96 2.899
47 97 2.096
47 98 2.887
47 99 1.740
48 49 1.975
48 50 1.099
48 51 0.409
48 52 1.722
48 53 1.621
48 54 1.452
48 55 1.934
48 56 1.510
48 57 2.571
48 58 0.747
48 59 0.181
48 60 1.890
48 61 1.885
48 62 1.730
48 63 1.295
48 64 1.424
48 65 1.954
48 66 1.851
48 67 1.489
48 68 1.777
48 69 1.338
48 70 1.665
48 71 2.151
48 72 0.242
48 73 0.932
48 74 2.069
48 75 1.364
48 76 0.919
48 77 1.904
48 78 2.257
48 79 2.101
48 80 2.312
48 81 1.198
48 82 1.247
48 83 0.919
48 84 2.479
48 85 2.444
48 86 0.485
48 87 1.657
48 88 1.104
48 89 0.202
48 90 1.790
48 91 1.518
48 92 2.326
48 93 2.248
48 94 1.032
48 95 1.770
48 96 1.306
48 97 2.533
48 98 0.909
48 99 1.213
49 50 0.978
49 51 2.089
49 52 0.934
49 53 2.036
49 54 1.827
49 55 1.341
49 56 0.999
49 57 0.737
49 58 1.249
49 59 1.799
49 60 2.584
49 61 1.021
49 62 0.248
49 63 0.781
49 64 2.181
49 65 1.289
49 66 2.718
49 67 0.752
49 68 2.587
49 69 1.111
49 70 0.728
49 71 1.315
49 72 1.756
49 73 2.244
49 74 1.485
49 75 3.331
49 76 1.721
49 77 0.476
49 78 2.798
49 79 0.146
49 80 0.844
49 81 0.882
49 82 1.117
49 83 1.991
49 84 0.863
49 85 2.941
49 86 2.229
49 87 0.514
49 88 1.660
49 89 2.176
49 90 0.189
49 91 0.595
49 92 2.331
49 93 1.560
49 94 1.020
49 95 1.483
49 96 2.591
49 97 2.505
49 98 2.684
49 99 1.929
50 51 1.129
50 52 0.679
50 53 1.266
50 54 1.035
50 55 1.019
50 56 0.500
50 57 1.482
50 58 0.365
50 59 0.947
50 60 1.775
50 61 0.857
50 62 0.767
50 63 0.664
50 64 1.311
50 65 1.606
50 66 1.864
50 67 0.887
50 68 2.304
50 69 0.405
50 70 1.046
50 71 1.745
50 72 0.859
50 73 1.678
50 74 1.184
50 75 2.404
50 76 1.272
50 77 1.115
50 78 2.060
50 79 1.077
50 80 1.218
50 81 0.103
50 82 0.969
50 83 1.030
50 84 1.381
50 85 2.230
50 86 1.267
50 87 0.891
50 88 0.757
50 89 1.296
50 90 0.791
50 91 0.431
50 92 1.789
50 93 1.346
50 94 0.071
50 95 1.609
50 96 2.079
50 97 1.996
50 98 1.942
50 99 1.034
51 52 1.645
51 53 1.295
51 54 1.159
51 55 1.769
51 56 1.429
51 57 2.600
51 58 0.850
51 59 0.510
51 60 1.503
51 61 1.787
51 62 1.857
51 63 1.511
51 64 1.058
51 65 2.278
51 66 1.450
51 67 1.729
51 68 2.183
51 69 1.244
51 70 1.911
51 71 2.468
51 72 0.425
51 73 1.332
51 74 1.881
51 75 1.292
51 76 1.312
51 77 2.107
51 78 1.873
51 79 2.198
51 80 2.274
51 81 1.232
51 82 1.551
51 83 0.565
51 84 2.458
51 85 2.059
51 86 0.140
51 87 1.857
51 88 0.854
51 89 0.434
51 90 1.900
51 91 1.558
51 92 2.007
51 93 2.060
51 94 1.075
51 95 2.124
51 96 1.691
51 97 2.207
51 98 1.195
51 99 0.886
52 53 1.146
52 54 0.965
52 55 0.434
52 56 0.216
52 57 1.056
52 58 1.034
52 59 1.591
52 60 1.693
52 61 0.179
52 62 0.876
52 63 1.153
52 64 1.351
52 65 2.025
52 66 1.850
52 67 1.311
52 68 2.955
52 69 0.401
52 70 1.409
52 71 2.114
52 72 1.481
52 73 2.356
52 74 0.597
52 75 2.934
52 76 1.935
52 77 1.315
52 78 1.876
52 79 0.939
52 80 0.643
52 81 0.611
52 82 1.530
52 83 1.323
52 84 0.838
52 85 2.012
52 86 1.769
52 87 1.186
52 88 0.926
52 89 1.907
52 90 0.821
52 91 0.483
52 92 1.401
52 93 0.725
52 94 0.749
52 95 2.113
52 96 2.757
52 97 1.583
52 98 2.601
52 99 1.146
53 54 0.231
53 55 0.914
53 56 1.038
53 57 2.170
53 58 1.371
53 59 1.604
53 60 0.549
53 61 1.157
53 62 1.909
53 63 1.929
53 64 0.327
53 65 2.871
53 66 0.708
53 67 2.152
53 68 3.319
53 69 0.945
53 70 2.305
53 71 3.010
53 72 1.458
53 73 2.525
53 74 0.915
53 75 2.352
53 76 2.310
53 77 2.325
53 78 0.795
53 79 2.068
53 80 1.700
53 81 1.304
53 82 2.202
53 83 0.730
53 84 1.897
53 85 0.965
53 86 1.343
53 87 2.129
53 88 0.577
53 89 1.717
53 90 1.886
53 91 1.465
53 92 0.713
53 93 1.048
53 94 1.286
53 95 2.852
53 96 2.918
53 97 0.914
53 98 2.488
53 99 0.410
54 55 0.805
54 56 0.833
54 57 2.010
54 58 1.147
54 59 1.418
54 60 0.760
54 61 1.002
54 62 1.690
54 63 1.698
54 64 0.394
54 65 2.640
54 66 0.893
54 67 1.921
54 68 3.115
54 69 0.725
54 70 2.076
54 71 2.780
54 72 1.272
54 73 2.336
54 74 0.847
54 75 2.301
54 76 2.098
54 77 2.101
54 78 1.025
54 79 1.867
54 80 1.555
54 81 1.075
54 82 1.972
54 83 0.616
54 84 1.754
54 85 1.196
54 86 1.227
54 87 1.901
54 88 0.366
54 89 1.566
54 90 1.672
54 91 1.248
54 92 0.879
54 93 1.005
54 94 1.055
54 95 2.622
54 96 2.734
54 97 1.089
54 98 2.340
54 99 0.296
55 56 0.526
55 57 1.287
55 58 1.334
55 59 1.832
55 60 1.427
55 61 0.321
55 62 1.306
55 63 1.571
55 64 1.193
55 65 2.457
55 66 1.612
55 67 1.739
55 68 3.324
55 69 0.633
55 70 1.842
55 71 2.548
55 72 1.704
55 73 2.670
55 74 0.169
55 75 3.019
55 76 2.290
55 77 1.744
55 78 1.545
55 79 1.323
55 80 0.801
55 81 0.979
55 82 1.939
55 83 1.329
55 84 0.993
55 85 1.660
55 86 1.874
55 87 1.619
55 88 0.937
55 89 2.100
55 90 1.246
55 91 0.913
55 92 0.996
55 93 0.328
55 94 1.082
55 95 2.537
55 96 3.075
55 97 1.165
55 98 2.840
55 99 1.067
56 57 1.237
56 58 0.838
56 59 1.383
56 60 1.586
56 61 0.376
56 62 0.887
56 63 1.058
56 64 1.204
56 65 1.970
56 66 1.726
56 67 1.242
56 68 2.801
56 69 0.186
56 70 1.363
56 71 2.078
56 72 1.269
56 73 2.171
56 74 0.694
56 75 2.719
56 76 1.771
56 77 1.319
56 78 1.804
56 79 1.034
56 80 0.852
56 81 0.453
56 82 1.417
56 83 1.125
56 84 1.043
56 85 1.954
56 86 1.554
56 87 1.155
56 88 0.736
56 89 1.693
56 90 0.854
56 91 0.448
56 92 1.401
56 93 0.850
56 94 0.566
56 95 2.028
56 96 2.575
56 97 1.597
56 98 2.394
56 99 0.976
57 58 1.823
57 59 2.407
57 60 2.704
57 61 1.013
57 62 0.953
57 63 1.498
57 64 2.402
57 65 1.970
57 66 2.878
57 67 1.489
57 68 3.324
57 69 1.413
57 70 1.455
57 71 1.955
57 72 2.335
57 73 2.955
57 74 1.365
57 75 3.885
57 76 2.442
57 77 1.166
57 78 2.829
57 79 0.593
57 80 0.491
57 81 1.379
57 82 1.851
57 83 2.361
57 84 0.329
57 85 2.937
57 86 2.734
57 87 1.251
57 88 1.973
57 89 2.771
57 90 0.862
57 91 1.054
57 92 2.233
57 93 1.352
57 94 1.544
57 95 2.196
57 96 3.315
57 97 2.362
57 98 3.354
57 99 2.202
58 59 0.587
58 60 1.819
58 61 1.208
58 62 1.011
58 63 0.690
58 64 1.327
58 65 1.570
58 66 1.868
58 67 0.922
58 68 2.019
58 69 0.701
58 70 1.102
58 71 1.738
58 72 0.514
58 73 1.337
58 74 1.491
58 75 2.085
58 76 0.982
58 77 1.265
58 78 2.143
58 79 1.367
58 80 1.582
58 81 0.458
58 82 0.855
58 83 0.929
58 84 1.741
58 85 2.323
58 86 0.990
58 87 1.017
58 88 0.800
58 89 0.948
58 90 1.060
58 91 0.772
58 92 1.984
58 93 1.662
58 94 0.295
58 95 1.501
58 96 1.742
58 97 2.197
58 98 1.578
58 99 1.048
59 60 1.921
59 61 1.759
59 62 1.554
59 63 1.114
59 64 1.439
59 65 1.792
59 66 1.902
59 67 1.309
59 68 1.735
59 69 1.219
59 70 1.486
59 71 1.986
59 72 0.146
59 73 0.921
59 74 1.974
59 75 1.545
59 76 0.807
59 77 1.723
59 78 2.282
59 79 1.927
59 80 2.164
59 81 1.044
59 82 1.077
59 83 0.939
59 84 2.326
59 85 2.469
59 86 0.615
59 87 1.476
59 88 1.057
59 89 0.379
59 90 1.615
59 91 1.358
59 92 2.296
59 93 2.153
59 94 0.878
59 95 1.622
59 96 1.316
59 97 2.506
59 98 1.012
59 99 1.205
60 61 1.694
60 62 2.450
60 63 2.430
60 64 0.496
60 65 3.365
60 66 0.218
60 67 2.659
60 68 3.655
60 69 1.485
60 70 2.820
60 71 3.515
60 72 1.782
60 73 2.822
60 74 1.393
60 75 2.290
60 76 2.691
60 77 2.860
60 78 0.371
60 79 2.617
60 80 2.225
60 81 1.825
60 82 2.671
60 83 0.982
60 84 2.420
60 85 0.556
60 86 1.500
60 87 2.655
60 88 1.031
60 89 1.934
60 90 2.431
60 91 2.008
60 92 0.814
60 93 1.492
60 94 1.785
60 95 3.320
60 96 3.192
60 97 0.931
60 98 2.669
60 99 0.772
61 62 1.000
61 63 1.319
61 64 1.396
61 65 2.171
61 66 1.865
61 67 1.466
61 68 3.132
61 69 0.550
61 70 1.554
61 71 2.251
61 72 1.645
61 73 2.534
61 74 0.466
61 75 3.070
61 76 2.113
61 77 1.435
61 78 1.843
61 79 1.002
61 80 0.554
61 81 0.790
61 82 1.700
61 83 1.427
61 84 0.754
61 85 1.968
61 86 1.906
61 87 1.326
61 88 1.025
61 89 2.067
61 90 0.934
61 91 0.642
61 92 1.317
61 93 0.568
61 94 0.926
61 95 2.272
61 96 2.935
61 97 1.486
61 98 2.770
61 99 1.218
62 63 0.546
62 64 2.024
62 65 1.192
62 66 2.570
62 67 0.560
62 68 2.389
62 69 0.965
62 70 0.585
62 71 1.255
62 72 1.514
62 73 2.008
62 74 1.463
62 75 3.089
62 76 1.490
62 77 0.439
62 78 2.688
62 79 0.386
62 80 0.961
62 81 0.678
62 82 0.903
62 83 1.794
62 84 1.024
62 85 2.840
62 86 1.997
62 87 0.351
62 88 1.486
62 89 1.932
62 90 0.096
62 91 0.444
62 92 2.271
62 93 1.564
62 94 0.801
62 95 1.342
62 96 2.362
62 97 2.457
62 98 2.438
62 99 1.761
63 64 1.955
63 65 0.943
63 66 2.507
63 67 0.235
63 68 1.872
63 69 1.036
63 70 0.412
63 71 1.085
63 72 1.113
63 73 1.463
63 74 1.739
63 75 2.656
63 76 0.944
63 77 0.609
63 78 2.723
63 79 0.926
63 80 1.448
63 81 0.641
63 82 0.389
63 83 1.607
63 84 1.543
63 85 2.893
63 86 1.647
63 87 0.362
63 88 1.402
63 89 1.489
63 90 0.636
63 91 0.680
63 92 2.434
63 93 1.877
63 94 0.645
63 95 0.970
63 96 1.817
63 97 2.637
63 98 1.917
63 99 1.674
64 65 2.883
64 66 0.554
64 67 2.187
64 68 3.174
64 69 1.071
64 70 2.353
64 71 3.038
64 72 1.298
64 73 2.351
64 74 1.217
64 75 2.036
64 76 2.199
64 77 2.416
64 78 0.845
64 79 2.232
64 80 1.949
64 81 1.371
64 82 2.181
64 83 0.505
64 84 2.149
64 85 1.031
64 86 1.082
64 87 2.200
64 88 0.555
64 89 1.491
64 90 2.016
64 91 1.590
64 92 0.991
64 93 1.361
64 94 1.314
64 95 2.828
64 96 2.730
64 97 1.176
64 98 2.249
64 99 0.282
65 66 3.431
65 67 0.730
65 68 1.548
65 69 1.972
65 70 0.617
65 71 0.204
65 72 1.853
65 73 1.626
65 74 2.622
65 75 3.208
65 76 1.158
65 77 0.816
65 78 3.664
65 79 1.407
65 80 2.129
65 81 1.580
65 82 0.732
65 83 2.496
65 84 2.149
65 85 3.836
65 86 2.400
65 87 0.847
65 88 2.334
65 89 2.109
65 90 1.276
65 91 1.545
65 92 3.365
65 93 2.740
65 94 1.585
65 95 0.316
65 96 1.815
65 97 3.565
65 98 2.230
65 99 2.601
66 67 2.740
66 68 3.627
66 69 1.609
66 70 2.906
66 71 3.589
66 72 1.770
66 73 2.782
66 74 1.590
66 75 2.128
66 76 2.692
66 77 2.967
66 78 0.496
66 79 2.760
66 80 2.405
66 81 1.924
66 82 2.723
66 83 0.977
66 84 2.602
66 85 0.659
66 86 1.428
66 87 2.753
66 88 1.108
66 89 1.873
66 90 2.557
66 91 2.132
66 92 1.030
66 93 1.697
66 94 1.867
66 95 3.366
66 96 3.138
66 97 1.137
66 98 2.583
66 99 0.834
67 68 1.836
67 69 1.242
67 70 0.182
67 71 0.859
67 72 1.322
67 73 1.537
67 74 1.906
67 75 2.840
67 76 1.003
67 77 0.444
67 78 2.947
67 79 0.897
67 80 1.516
67 81 0.852
67 82 0.374
67 83 1.841
67 84 1.583
67 85 3.115
67 86 1.864
67 87 0.244
67 88 1.633
67 89 1.677
67 90 0.655
67 91 0.828
67 92 2.635
67 93 2.033
67 94 0.874
67 95 0.807
67 96 1.860
67 97 2.835
67 98 2.039
67 99 1.906
68 69 2.700
68 70 1.880
68 71 1.699
68 72 1.876
68 73 0.860
68 74 3.488
68 75 2.441
68 76 1.038
68 77 2.195
68 78 4.017
68 79 2.731
68 80 3.321
68 81 2.351
68 82 1.489
68 83 2.674
68 84 3.409
68 85 4.204
68 86 2.232
68 87 2.073
68 88 2.749
68 89 1.786
68 90 2.484
68 91 2.524
68 92 3.984
68 93 3.650
68 94 2.243
68 95 1.236
68 96 0.623
68 97 4.196
68 98 1.328
68 99 2.931
69 70 1.381
69 71 2.095
69 72 1.099
69 73 2.037
69 74 0.792
69 75 2.533
69 76 1.663
69 77 1.380
69 78 1.732
69 79 1.164
69 80 1.037
69 81 0.397
69 82 1.369
69 83 0.948
69 84 1.227
69 85 1.891
69 86 1.368
69 87 1.191
69 88 0.569
69 89 1.518
69 90 0.949
69 91 0.523
69 92 1.397
69 93 0.962
69 94 0.460
69 95 2.000
69 96 2.442
69 97 1.602
69 98 2.231
69 99 0.825
70 71 0.715
70 72 1.503
70 73 1.657
70 74 2.006
70 75 3.011
70 76 1.124
70 77 0.323
70 78 3.100
70 79 0.864
70 80 1.542
70 81 1.001
70 82 0.493
70 83 2.018
70 84 1.586
70 85 3.266
70 86 2.045
70 87 0.235
70 88 1.798
70 89 1.851
70 90 0.675
70 91 0.930
70 92 2.763
70 93 2.123
70 94 1.039
70 95 0.760
70 96 1.959
70 97 2.960
70 98 2.183
70 99 2.073
71 72 2.043
71 73 1.825
71 74 2.710
71 75 3.412
71 76 1.361
71 77 0.842
71 78 3.805
71 79 1.419
71 80 2.159
71 81 1.710
71 82 0.918
71 83 2.666
71 84 2.161
71 85 3.973
71 86 2.591
71 87 0.929
71 88 2.486
71 89 2.308
71 90 1.331
71 91 1.641
71 92 3.478
71 93 2.817
71 94 1.730
71 95 0.497
71 96 2.002
71 97 3.675
71 98 2.432
71 99 2.757
72 73 1.067
72 74 1.842
72 75 1.575
72 76 0.926
72 77 1.719
72 78 2.142
72 79 1.878
72 80 2.070
72 81 0.959
72 82 1.126
72 83 0.801
72 84 2.238
72 85 2.329
72 86 0.550
72 87 1.469
72 88 0.912
72 89 0.437
72 90 1.569
72 91 1.281
72 92 2.150
72 93 2.021
72 94 0.793
72 95 1.703
72 96 1.462
72 97 2.360
72 98 1.136
72 99 1.060
73 74 2.825
73 75 1.706
73 76 0.535
73 77 1.973
73 78 3.188
73 79 2.389
73 80 2.835
73 81 1.750
73 82 1.168
73 83 1.846
73 84 2.962
73 85 3.375
73 86 1.374
73 87 1.774
73 88 1.973
73 89 0.927
73 90 2.095
73 91 1.998
73 92 3.215
73 93 2.998
73 94 1.609
73 95 1.338
73 96 0.406
73 97 3.425
73 98 0.622
73 99 2.125
74 75 3.111
74 76 2.453
74 77 1.899
74 78 1.471
74 79 1.457
74 80 0.874
74 81 1.146
74 82 2.107
74 83 1.412
74 84 1.054
74 85 1.572
74 86 1.980
74 87 1.782
74 88 1.034
74 89 2.229
74 90 1.400
74 91 1.079
74 92 0.876
74 93 0.180
74 94 1.245
74 95 2.705
74 96 3.231
74 97 1.030
74 98 2.977
74 99 1.128
75 76 2.058
75 77 3.265
75 78 2.623
75 79 3.451
75 80 3.566
75 81 2.508
75 82 2.559
75 83 1.700
75 84 3.750
75 85 2.780
75 86 1.165
75 87 3.018
75 88 2.082
75 89 1.167
75 90 3.144
75 91 2.835
75 92 3.017
75 93 3.283
75 94 2.345
75 95 2.967
75 96 1.819
75 97 3.183
75 98 1.118
75 99 2.004
76 77 1.438
76 78 3.042
76 79 1.867
76 80 2.357
76 81 1.325
76 82 0.633
76 83 1.717
76 84 2.471
76 85 3.228
76 86 1.403
76 87 1.242
76 88 1.734
76 89 1.023
76 90 1.580
76 91 1.531
76 92 2.957
76 93 2.618
76 94 1.208
76 95 0.909
76 96 0.873
76 97 3.169
76 98 1.087
76 99 1.939
77 78 3.111
77 79 0.592
77 80 1.319
77 81 1.045
77 82 0.805
77 83 2.136
77 84 1.334
77 85 3.267
77 86 2.245
77 87 0.250
77 88 1.866
77 89 2.098
77 90 0.501
77 91 0.872
77 92 2.709
77 93 1.994
77 94 1.129
77 95 1.031
77 96 2.281
77 97 2.896
77 98 2.483
77 99 2.144
78 79 2.814
78 80 2.340
78 81 2.099
78 82 2.987
78 83 1.344
78 84 2.525
78 85 0.187
78 86 1.871
78 87 2.920
78 88 1.344
78 89 2.305
78 90 2.658
78 91 2.244
78 92 0.698
78 93 1.531
78 94 2.079
78 95 3.637
78 96 3.561
78 97 0.731
78 98 3.039
78 99 1.106
79 80 0.749
79 81 0.977
79 82 1.263
79 83 2.071
79 84 0.743
79 85 2.951
79 86 2.338
79 87 0.657
79 88 1.725
79 89 2.302
79 90 0.312
79 91 0.669
79 92 2.318
79 93 1.517
79 94 1.124
79 95 1.614
79 96 2.738
79 97 2.485
79 98 2.824
79 99 1.988
80 81 1.124
80 82 1.834
80 83 1.964
80 84 0.200
80 85 2.446
80 86 2.402
80 87 1.310
80 88 1.565
80 89 2.505
80 90 0.868
80 91 0.838
80 92 1.743
80 93 0.868
80 94 1.287
80 95 2.301
80 96 3.219
80 97 1.878
80 98 3.156
80 99 1.770
81 82 0.975
81 83 1.116
81 84 1.283
81 85 2.265
81 86 1.370
81 87 0.830
81 88 0.821
81 89 1.396
81 90 0.696
81 91 0.327
81 92 1.794
81 93 1.302
81 94 0.166
81 95 1.603
81 96 2.148
81 97 1.999
81 98 2.033
81 99 1.099
82 83 1.773
82 84 1.920
82 85 3.164
82 86 1.675
82 87 0.617
82 88 1.644
82 89 1.418
82 90 0.998
82 91 1.065
82 92 2.758
82 93 2.252
82 94 0.930
82 95 0.650
82 96 1.486
82 97 2.966
82 98 1.693
82 99 1.901
83 84 2.160
83 85 1.531
83 86 0.615
83 87 1.900
83 88 0.402
83 89 0.994
83 90 1.809
83 91 1.403
83 92 1.443
83 93 1.584
83 94 1.008
83 95 2.406
83 96 2.225
83 97 1.642
83 98 1.760
83 99 0.327
84 85 2.626
84 86 2.587
84 87 1.361
84 88 1.762
84 89 2.675
84 90 0.928
84 91 0.979
84 92 1.913
84 93 1.029
84 94 1.449
84 95 2.345
84 96 3.339
84 97 2.037
84 98 3.308
84 99 1.970
85 86 2.055
85 87 3.082
85 88 1.524
85 89 2.490
85 90 2.807
85 91 2.397
85 92 0.742
85 93 1.614
85 94 2.251
85 95 3.814
85 96 3.747
85 97 0.720
85 98 3.222
85 99 1.290
86 87 1.995
86 88 0.947
86 89 0.449
86 90 2.039
86 91 1.695
86 92 2.054
86 93 2.157
86 94 1.214
86 95 2.237
86 96 1.714
86 97 2.249
86 98 1.171
86 99 0.942
87 88 1.647
87 89 1.851
87 90 0.442
87 91 0.713
87 92 2.556
87 93 1.894
87 94 0.897
87 95 0.991
87 96 2.102
87 97 2.750
87 98 2.261
87 99 1.924
88 89 1.235
88 90 1.486
88 91 1.065
88 92 1.242
88 93 1.211
88 94 0.759
88 95 2.294
88 96 2.373
88 97 1.453
88 98 2.004
88 99 0.278
89 90 1.992
89 91 1.718
89 92 2.429
89 93 2.408
89 94 1.230
89 95 1.907
89 96 1.266
89 97 2.632
89 98 0.773
89 99 1.307
90 91 0.426
90 92 2.222
90 93 1.494
90 94 0.832
90 95 1.434
90 96 2.453
90 97 2.404
90 98 2.515
90 99 1.758
91 92 1.845
91 93 1.205
91 94 0.491
91 95 1.632
91 96 2.386
91 97 2.037
91 98 2.329
91 99 1.334
92 93 0.887
92 94 1.829
92 95 3.396
92 96 3.612
92 97 0.212
92 98 3.201
92 99 1.122
93 94 1.410
93 95 2.837
93 96 3.403
93 97 1.010
93 98 3.156
93 99 1.293
94 95 1.575
94 96 2.011
94 97 2.038
94 98 1.872
94 99 1.034
95 96 1.505
95 97 3.602
95 98 1.953
95 99 2.548
96 97 3.822
96 98 0.708
96 99 2.514
97 98 3.402
97 99 1.324
98 99 2.079
