nodei nodej distance
0 1 5.143
0 2 3.218
0 3 1.798
0 4 3.416
0 5 1.087
0 6 2.891
0 7 4.122
0 8 2.662
0 9 1.914
0 10 2.355
0 11 1.730
0 12 5.103
0 13 2.973
0 14 1.362
0 15 1.279
0 16 1.735
0 17 2.595
0 18 3.304
0 19 0.944
0 20 0.674
0 21 1.224
0 22 2.684
0 23 1.661
0 24 0.375
0 25 3.026
0 26 2.515
0 27 3.156
0 28 1.697
0 29 1.697
0 30 1.604
0 31 4.943
0 32 4.334
0 33 3.463
0 34 0.232
0 35 0.321
0 36 1.309
0 37 2.415
0 38 3.747
0 39 1.986
0 40 1.903
0 41 0.899
0 42 0.450
0 43 4.611
0 44 1.937
0 45 1.310
0 46 1.552
0 47 2.675
0 48 1.906
0 49 3.353
0 50 2.534
0 51 2.769
0 52 0.329
0 53 2.960
0 54 2.855
0 55 0.609
0 56 1.007
0 57 0.730
0 58 0.617
0 59 2.668
0 60 0.244
0 61 2.933
0 62 0.115
0 63 0.320
0 64 1.100
0 65 2.318
0 66 1.797
0 67 1.239
0 68 0.460
0 69 0.387
0 70 3.076
0 71 2.141
0 72 1.226
0 73 1.956
0 74 1.542
0 75 4.929
0 76 0.486
0 77 0.094
0 78 1.866
0 79 0.288
0 80 3.902
0 81 0.945
0 82 0.072
0 83 1.243
0 84 2.435
0 85 2.793
0 86 2.740
0 87 1.111
0 88 2.232
0 89 1.721
0 90 1.897
0 91 1.802
0 92 0.169
0 93 3.613
0 94 0.311
0 95 1.525
0 96 2.781
0 97 1.276
0 98 2.544
0 99 3.448
1 2 1.928
1 3 3.345
1 4 1.727
1 5 4.058
1 6 2.253
1 7 1.023
1 8 2.481
1 9 3.230
1 10 2.788
1 11 3.413
1 12 0.040
1 13 2.171
1 14 3.781
1 15 3.865
1 16 3.408
1 17 2.549
1 18 1.840
1 19 4.199
1 20 4.469
1 21 3.919
1 22 2.460
1 23 3.482
1 24 5.518
1 25 2.117
1 26 2.629
1 27 1.988
1 28 3.448
1 29 3.446
1 30 3.540
1 31 0.200
1 32 0.810
1 33 1.681
1 34 4.911
1 35 4.822
1 36 3.835
1 37 2.728
1 38 1.396
1 39 3.158
1 40 3.240
1 41 4.246
1 42 5.590
1 43 0.533
1 44 3.207
1 45 3.833
1 46 3.591
1 47 2.469
1 48 3.237
1 49 1.790
1 50 2.610
1 51 2.374
1 52 5.472
1 53 2.184
1 54 2.288
1 55 5.750
1 56 4.136
1 57 4.414
1 58 4.526
1 59 2.476
1 60 5.387
1 61 2.211
1 62 5.028
1 63 4.824
1 64 4.043
1 65 2.826
1 66 3.347
1 67 3.905
1 68 5.603
1 69 4.757
1 70 2.067
1 71 3.003
1 72 3.918
1 73 3.188
1 74 3.601
1 75 0.215
1 76 4.659
1 77 5.050
1 78 3.278
1 79 5.429
1 80 1.243
1 81 6.087
1 82 5.199
1 83 3.901
1 84 2.708
1 85 2.350
1 86 2.403
1 87 6.251
1 88 2.911
1 89 3.422
1 90 3.247
1 91 3.342
1 92 5.311
1 93 1.531
1 94 4.833
1 95 3.618
1 96 2.362
1 97 3.867
1 98 2.600
1 99 1.696
2 3 1.421
2 4 0.208
2 5 2.132
2 6 0.334
2 7 0.906
2 8 0.559
2 9 1.304
2 10 0.864
2 11 1.490
2 12 1.889
2 13 0.247
2 14 1.858
2 15 1.940
2 16 1.484
2 17 0.625
2 18 0.111
2 19 2.274
2 20 2.545
2 21 1.995
2 22 0.536
2 23 1.557
2 24 3.594
2 25 0.202
2 26 0.705
2 27 0.087
2 28 1.522
2 29 1.522
2 30 1.616
2 31 1.729
2 32 1.119
2 33 0.254
2 34 2.987
2 35 2.898
2 36 1.910
2 37 0.806
2 38 0.535
2 39 1.233
2 40 1.316
2 41 2.320
2 42 3.667
2 43 1.396
2 44 1.282
2 45 1.909
2 46 1.667
2 47 0.544
2 48 1.313
2 49 0.151
2 50 0.686
2 51 0.460
2 52 3.548
2 53 0.271
2 54 0.367
2 55 3.827
2 56 2.211
2 57 2.490
2 58 2.602
2 59 0.550
2 60 3.462
2 61 0.294
2 62 3.104
2 63 2.899
2 64 2.119
2 65 0.901
2 66 1.422
2 67 1.980
2 68 3.679
2 69 2.832
2 70 0.172
2 71 1.078
2 72 1.992
2 73 1.262
2 74 1.678
2 75 1.715
2 76 2.733
2 77 3.125
2 78 1.352
2 79 3.505
2 80 0.685
2 81 4.163
2 82 3.275
2 83 1.976
2 84 0.787
2 85 0.428
2 86 0.486
2 87 4.328
2 88 0.988
2 89 1.497
2 90 1.322
2 91 1.418
2 92 3.387
2 93 0.401
2 94 2.909
2 95 1.693
2 96 0.441
2 97 1.942
2 98 0.676
2 99 0.237
3 4 1.618
3 5 0.713
3 6 1.092
3 7 2.324
3 8 0.864
3 9 0.119
3 10 0.557
3 11 0.069
3 12 3.305
3 13 1.175
3 14 0.437
3 15 0.520
3 16 0.063
3 17 0.797
3 18 1.506
3 19 0.855
3 20 1.124
3 21 0.575
3 22 0.886
3 23 0.138
3 24 2.174
3 25 1.228
3 26 0.716
3 27 1.357
3 28 0.112
3 29 0.102
3 30 0.195
3 31 3.145
3 32 2.536
3 33 1.665
3 34 1.566
3 35 1.478
3 36 0.490
3 37 0.617
3 38 1.949
3 39 0.190
3 40 0.106
3 41 0.902
3 42 2.246
3 43 2.812
3 44 0.139
3 45 0.489
3 46 0.246
3 47 0.877
3 48 0.108
3 49 1.555
3 50 0.735
3 51 0.971
3 52 2.128
3 53 1.161
3 54 1.057
3 55 2.406
3 56 0.792
3 57 1.069
3 58 1.182
3 59 0.871
3 60 2.043
3 61 1.134
3 62 1.683
3 63 1.479
3 64 0.699
3 65 0.520
3 66 0.014
3 67 0.560
3 68 2.259
3 69 1.412
3 70 1.278
3 71 0.343
3 72 0.573
3 73 0.163
3 74 0.257
3 75 3.131
3 76 1.314
3 77 1.705
3 78 0.078
3 79 2.085
3 80 2.104
3 81 2.743
3 82 1.855
3 83 0.557
3 84 0.637
3 85 0.995
3 86 0.942
3 87 2.908
3 88 0.434
3 89 0.079
3 90 0.100
3 91 0.003
3 92 1.966
3 93 1.814
3 94 1.488
3 95 0.274
3 96 0.983
3 97 0.522
3 98 0.745
3 99 1.649
4 5 2.330
4 6 0.526
4 7 0.706
4 8 0.754
4 9 1.503
4 10 1.061
4 11 1.687
4 12 1.687
4 13 0.444
4 14 2.054
4 15 2.138
4 16 1.681
4 17 0.822
4 18 0.113
4 19 2.472
4 20 2.742
4 21 2.193
4 22 0.733
4 23 1.755
4 24 3.792
4 25 0.390
4 26 0.902
4 27 0.261
4 28 1.721
4 29 1.720
4 30 1.813
4 31 1.527
4 32 0.918
4 33 0.047
4 34 3.184
4 35 3.096
4 36 2.108
4 37 1.002
4 38 0.331
4 39 1.431
4 40 1.513
4 41 2.519
4 42 3.864
4 43 1.194
4 44 1.480
4 45 2.107
4 46 1.864
4 47 0.742
4 48 1.510
4 49 0.063
4 50 0.883
4 51 0.649
4 52 3.746
4 53 0.457
4 54 0.561
4 55 4.024
4 56 2.409
4 57 2.687
4 58 2.800
4 59 0.749
4 60 3.661
4 61 0.484
4 62 3.302
4 63 3.097
4 64 2.317
4 65 1.099
4 66 1.620
4 67 2.178
4 68 3.877
4 69 3.030
4 70 0.342
4 71 1.276
4 72 2.190
4 73 1.461
4 74 1.875
4 75 1.513
4 76 2.932
4 77 3.323
4 78 1.551
4 79 3.703
4 80 0.487
4 81 4.361
4 82 3.472
4 83 2.174
4 84 0.982
4 85 0.623
4 86 0.677
4 87 4.525
4 88 1.184
4 89 1.695
4 90 1.520
4 91 1.615
4 92 3.584
4 93 0.196
4 94 3.106
4 95 1.891
4 96 0.635
4 97 2.140
4 98 0.873
4 99 0.032
5 6 1.805
5 7 3.036
5 8 1.576
5 9 0.828
5 10 1.269
5 11 0.645
5 12 4.018
5 13 1.887
5 14 0.282
5 15 0.196
5 16 0.650
5 17 1.509
5 18 2.218
5 19 0.143
5 20 0.415
5 21 0.143
5 22 1.598
5 23 0.576
5 24 1.462
5 25 1.940
5 26 1.429
5 27 2.070
5 28 0.610
5 29 0.612
5 30 0.519
5 31 3.858
5 32 3.248
5 33 2.377
5 34 0.855
5 35 0.767
5 36 0.226
5 37 1.330
5 38 2.661
5 39 0.899
5 40 0.817
5 41 0.188
5 42 1.536
5 43 3.525
5 44 0.851
5 45 0.226
5 46 0.467
5 47 1.589
5 48 0.821
5 49 2.267
5 50 1.447
5 51 1.684
5 52 1.416
5 53 1.874
5 54 1.769
5 55 1.696
5 56 0.081
5 57 0.362
5 58 0.472
5 59 1.582
5 60 1.331
5 61 1.847
5 62 0.972
5 63 0.767
5 64 0.037
5 65 1.232
5 66 0.711
5 67 0.153
5 68 1.547
5 69 0.700
5 70 1.991
5 71 1.055
5 72 0.140
5 73 0.870
5 74 0.458
5 75 3.843
5 76 0.602
5 77 0.994
5 78 0.780
5 79 1.374
5 80 2.816
5 81 2.032
5 82 1.145
5 83 0.157
5 84 1.350
5 85 1.707
5 86 1.655
5 87 2.197
5 88 1.147
5 89 0.635
5 90 0.811
5 91 0.716
5 92 1.255
5 93 2.527
5 94 0.779
5 95 0.440
5 96 1.695
5 97 0.191
5 98 1.458
5 99 2.362
6 7 1.232
6 8 0.229
6 9 0.977
6 10 0.536
6 11 1.161
6 12 2.213
6 13 0.091
6 14 1.529
6 15 1.612
6 16 1.156
6 17 0.297
6 18 0.413
6 19 1.947
6 20 2.217
6 21 1.667
6 22 0.208
6 23 1.230
6 24 3.266
6 25 0.135
6 26 0.377
6 27 0.265
6 28 1.196
6 29 1.194
6 30 1.287
6 31 2.053
6 32 1.443
6 33 0.572
6 34 2.659
6 35 2.570
6 36 1.582
6 37 0.476
6 38 0.857
6 39 0.906
6 40 0.988
6 41 1.993
6 42 3.338
6 43 1.720
6 44 0.954
6 45 1.581
6 46 1.339
6 47 0.219
6 48 0.984
6 49 0.463
6 50 0.358
6 51 0.125
6 52 3.220
6 53 0.070
6 54 0.037
6 55 3.498
6 56 1.884
6 57 2.161
6 58 2.274
6 59 0.227
6 60 3.135
6 61 0.042
6 62 2.776
6 63 2.571
6 64 1.791
6 65 0.573
6 66 1.094
6 67 1.652
6 68 3.351
6 69 2.505
6 70 0.187
6 71 0.750
6 72 1.665
6 73 0.936
6 74 1.349
6 75 2.038
6 76 2.406
6 77 2.797
6 78 1.026
6 79 3.177
6 80 1.012
6 81 3.835
6 82 2.947
6 83 1.649
6 84 0.456
6 85 0.098
6 86 0.152
6 87 4.000
6 88 0.658
6 89 1.170
6 90 0.994
6 91 1.089
6 92 3.059
6 93 0.722
6 94 2.581
6 95 1.366
6 96 0.110
6 97 1.615
6 98 0.347
6 99 0.557
7 8 1.460
7 9 2.208
7 10 1.767
7 11 2.393
7 12 0.983
7 13 1.149
7 14 2.760
7 15 2.844
7 16 2.387
7 17 1.528
7 18 0.819
7 19 3.178
7 20 3.448
7 21 2.899
7 22 1.438
7 23 2.461
7 24 4.497
7 25 1.096
7 26 1.608
7 27 0.967
7 28 2.426
7 29 2.426
7 30 2.519
7 31 0.824
7 32 0.214
7 33 0.660
7 34 3.890
7 35 3.802
7 36 2.814
7 37 1.708
7 38 0.377
7 39 2.137
7 40 2.219
7 41 3.224
7 42 4.570
7 43 0.490
7 44 2.185
7 45 2.812
7 46 2.570
7 47 1.447
7 48 2.216
7 49 0.769
7 50 1.589
7 51 1.355
7 52 4.452
7 53 1.163
7 54 1.267
7 55 4.730
7 56 3.115
7 57 3.393
7 58 3.506
7 59 1.454
7 60 4.367
7 61 1.190
7 62 4.007
7 63 3.803
7 64 3.022
7 65 1.804
7 66 2.326
7 67 2.884
7 68 4.583
7 69 3.736
7 70 1.048
7 71 1.982
7 72 2.896
7 73 2.166
7 74 2.581
7 75 0.810
7 76 3.638
7 77 4.029
7 78 2.256
7 79 4.409
7 80 0.221
7 81 5.067
7 82 4.178
7 83 2.880
7 84 1.688
7 85 1.329
7 86 1.383
7 87 5.231
7 88 1.890
7 89 2.401
7 90 2.226
7 91 2.321
7 92 4.290
7 93 0.510
7 94 3.812
7 95 2.597
7 96 1.341
7 97 2.846
7 98 1.579
7 99 0.675
8 9 0.749
8 10 0.307
8 11 0.933
8 12 2.441
8 13 0.313
8 14 1.300
8 15 1.384
8 16 0.927
8 17 0.071
8 18 0.642
8 19 1.718
8 20 1.988
8 21 1.439
8 22 0.028
8 23 1.001
8 24 3.037
8 25 0.364
8 26 0.149
8 27 0.494
8 28 0.967
8 29 0.965
8 30 1.059
8 31 2.281
8 32 1.672
8 33 0.801
8 34 2.430
8 35 2.341
8 36 1.354
8 37 0.248
8 38 1.085
8 39 0.677
8 40 0.759
8 41 1.765
8 42 3.110
8 43 1.948
8 44 0.725
8 45 1.352
8 46 1.110
8 47 0.034
8 48 0.756
8 49 0.691
8 50 0.130
8 51 0.112
8 52 2.991
8 53 0.298
8 54 0.193
8 55 3.270
8 56 1.655
8 57 1.933
8 58 2.045
8 59 0.040
8 60 2.906
8 61 0.271
8 62 2.547
8 63 2.343
8 64 1.562
8 65 0.345
8 66 0.866
8 67 1.424
8 68 3.123
8 69 2.276
8 70 0.415
8 71 0.522
8 72 1.436
8 73 0.707
8 74 1.121
8 75 2.267
8 76 2.178
8 77 2.569
8 78 0.797
8 79 2.949
8 80 1.240
8 81 3.607
8 82 2.718
8 83 1.420
8 84 0.228
8 85 0.131
8 86 0.082
8 87 3.771
8 88 0.430
8 89 0.941
8 90 0.766
8 91 0.861
8 92 2.830
8 93 0.950
8 94 2.352
8 95 1.137
8 96 0.119
8 97 1.386
8 98 0.119
8 99 0.786
9 10 0.442
9 11 0.188
9 12 3.190
9 13 1.059
9 14 0.554
9 15 0.636
9 16 0.180
9 17 0.681
9 18 1.390
9 19 0.970
9 20 1.240
9 21 0.691
9 22 0.770
9 23 0.253
9 24 2.289
9 25 1.113
9 26 0.601
9 27 1.242
9 28 0.219
9 29 0.218
9 30 0.312
9 31 3.030
9 32 2.421
9 33 1.549
9 34 1.682
9 35 1.593
9 36 0.606
9 37 0.502
9 38 1.834
9 39 0.072
9 40 0.015
9 41 1.016
9 42 2.362
9 43 2.697
9 44 0.028
9 45 0.604
9 46 0.363
9 47 0.761
9 48 0.026
9 49 1.440
9 50 0.620
9 51 0.857
9 52 2.243
9 53 1.047
9 54 0.942
9 55 2.522
9 56 0.907
9 57 1.185
9 58 1.297
9 59 0.754
9 60 2.158
9 61 1.019
9 62 1.799
9 63 1.594
9 64 0.814
9 65 0.404
9 66 0.118
9 67 0.675
9 68 2.374
9 69 1.527
9 70 1.164
9 71 0.227
9 72 0.688
9 73 0.044
9 74 0.374
9 75 3.016
9 76 1.429
9 77 1.821
9 78 0.049
9 79 2.201
9 80 1.988
9 81 2.859
9 82 1.971
9 83 0.671
9 84 0.522
9 85 0.880
9 86 0.828
9 87 3.024
9 88 0.320
9 89 0.193
9 90 0.020
9 91 0.116
9 92 2.082
9 93 1.699
9 94 1.604
9 95 0.389
9 96 0.868
9 97 0.638
9 98 0.630
9 99 1.534
10 11 0.626
10 12 2.748
10 13 0.618
10 14 0.994
10 15 1.077
10 16 0.620
10 17 0.239
10 18 0.949
10 19 1.411
10 20 1.682
10 21 1.132
10 22 0.328
10 23 0.694
10 24 2.731
10 25 0.671
10 26 0.159
10 27 0.800
10 28 0.660
10 29 0.659
10 30 0.752
10 31 2.588
10 32 1.979
10 33 1.108
10 34 2.124
10 35 2.035
10 36 1.047
10 37 0.064
10 38 1.392
10 39 0.370
10 40 0.452
10 41 1.458
10 42 2.803
10 43 2.256
10 44 0.419
10 45 1.046
10 46 0.804
10 47 0.320
10 48 0.449
10 49 0.998
10 50 0.178
10 51 0.416
10 52 2.685
10 53 0.605
10 54 0.500
10 55 2.963
10 56 1.348
10 57 1.626
10 58 1.739
10 59 0.314
10 60 2.600
10 61 0.578
10 62 2.241
10 63 2.036
10 64 1.256
10 65 0.038
10 66 0.559
10 67 1.117
10 68 2.816
10 69 1.969
10 70 0.722
10 71 0.215
10 72 1.129
10 73 0.400
10 74 0.814
10 75 2.574
10 76 1.871
10 77 2.262
10 78 0.490
10 79 2.642
10 80 1.547
10 81 3.300
10 82 2.412
10 83 1.113
10 84 0.084
10 85 0.438
10 86 0.387
10 87 3.465
10 88 0.124
10 89 0.634
10 90 0.459
10 91 0.554
10 92 2.523
10 93 1.257
10 94 2.046
10 95 0.830
10 96 0.426
10 97 1.079
10 98 0.188
10 99 1.092
11 12 3.374
11 13 1.244
11 14 0.368
11 15 0.451
11 16 0.014
11 17 0.866
11 18 1.574
11 19 0.786
11 20 1.056
11 21 0.506
11 22 0.954
11 23 0.072
11 24 2.105
11 25 1.296
11 26 0.785
11 27 1.426
11 28 0.066
11 29 0.036
11 30 0.126
11 31 3.213
11 32 2.604
11 33 1.733
11 34 1.498
11 35 1.409
11 36 0.421
11 37 0.685
11 38 2.017
11 39 0.259
11 40 0.175
11 41 0.834
11 42 2.177
11 43 2.881
11 44 0.208
11 45 0.420
11 46 0.178
11 47 0.946
11 48 0.177
11 49 1.624
11 50 0.804
11 51 1.039
11 52 2.059
11 53 1.230
11 54 1.126
11 55 2.337
11 56 0.723
11 57 1.000
11 58 1.113
11 59 0.940
11 60 1.974
11 61 1.203
11 62 1.615
11 63 1.410
11 64 0.630
11 65 0.589
11 66 0.071
11 67 0.492
11 68 2.190
11 69 1.344
11 70 1.346
11 71 0.412
11 72 0.505
11 73 0.232
11 74 0.188
11 75 3.199
11 76 1.246
11 77 1.636
11 78 0.144
11 79 2.016
11 80 2.173
11 81 2.674
11 82 1.786
11 83 0.489
11 84 0.705
11 85 1.064
11 86 1.011
11 87 2.839
11 88 0.503
11 89 0.026
11 90 0.169
11 91 0.072
11 92 1.898
11 93 1.883
11 94 1.420
11 95 0.206
11 96 1.052
11 97 0.454
11 98 0.814
11 99 1.718
12 13 2.132
12 14 3.741
12 15 3.825
12 16 3.368
12 17 2.509
12 18 1.800
12 19 4.160
12 20 4.429
12 21 3.880
12 22 2.420
12 23 3.442
12 24 5.478
12 25 2.078
12 26 2.589
12 27 1.948
12 28 3.408
12 29 3.407
12 30 3.500
12 31 0.160
12 32 0.770
12 33 1.641
12 34 4.871
12 35 4.782
12 36 3.795
12 37 2.688
12 38 1.356
12 39 3.119
12 40 3.201
12 41 4.206
12 42 5.551
12 43 0.493
12 44 3.167
12 45 3.794
12 46 3.551
12 47 2.429
12 48 3.197
12 49 1.750
12 50 2.570
12 51 2.334
12 52 5.432
12 53 2.144
12 54 2.248
12 55 5.711
12 56 4.097
12 57 4.374
12 58 4.486
12 59 2.437
12 60 5.348
12 61 2.171
12 62 4.988
12 63 4.784
12 64 4.004
12 65 2.786
12 66 3.307
12 67 3.865
12 68 5.564
12 69 4.717
12 70 2.027
12 71 2.963
12 72 3.878
12 73 3.148
12 74 3.562
12 75 0.175
12 76 4.619
12 77 5.010
12 78 3.238
12 79 5.389
12 80 1.204
12 81 6.047
12 82 5.159
12 83 3.861
12 84 2.668
12 85 2.310
12 86 2.363
12 87 6.211
12 88 2.871
12 89 3.383
12 90 3.207
12 91 3.302
12 92 5.271
12 93 1.491
12 94 4.793
12 95 3.578
12 96 2.323
12 97 3.827
12 98 2.560
12 99 1.656
13 14 1.612
13 15 1.695
13 16 1.238
13 17 0.379
13 18 0.333
13 19 2.029
13 20 2.299
13 21 1.750
13 22 0.290
13 23 1.312
13 24 3.348
13 25 0.062
13 26 0.459
13 27 0.185
13 28 1.277
13 29 1.277
13 30 1.370
13 31 1.972
13 32 1.362
13 33 0.491
13 34 2.741
13 35 2.653
13 36 1.665
13 37 0.560
13 38 0.776
13 39 0.988
13 40 1.070
13 41 2.075
13 42 3.421
13 43 1.638
13 44 1.036
13 45 1.663
13 46 1.422
13 47 0.298
13 48 1.067
13 49 0.382
13 50 0.440
13 51 0.215
13 52 3.303
13 53 0.053
13 54 0.121
13 55 3.581
13 56 1.966
13 57 2.244
13 58 2.357
13 59 0.305
13 60 3.217
13 61 0.057
13 62 2.858
13 63 2.654
13 64 1.873
13 65 0.655
13 66 1.177
13 67 1.735
13 68 3.434
13 69 2.587
13 70 0.122
13 71 0.833
13 72 1.747
13 73 1.017
13 74 1.432
13 75 1.958
13 76 2.488
13 77 2.880
13 78 1.107
13 79 3.260
13 80 0.929
13 81 3.918
13 82 3.030
13 83 1.731
13 84 0.540
13 85 0.182
13 86 0.240
13 87 4.083
13 88 0.742
13 89 1.252
13 90 1.077
13 91 1.172
13 92 3.141
13 93 0.641
13 94 2.664
13 95 1.448
13 96 0.194
13 97 1.697
13 98 0.430
13 99 0.475
14 15 0.087
14 16 0.374
14 17 1.233
14 18 1.942
14 19 0.420
14 20 0.688
14 21 0.140
14 22 1.322
14 23 0.301
14 24 1.737
14 25 1.664
14 26 1.153
14 27 1.794
14 28 0.340
14 29 0.335
14 30 0.242
14 31 3.581
14 32 2.972
14 33 2.101
14 34 1.130
14 35 1.041
14 36 0.056
14 37 1.053
14 38 2.385
14 39 0.625
14 40 0.542
14 41 0.469
14 42 1.810
14 43 3.248
14 44 0.576
14 45 0.059
14 46 0.191
14 47 1.314
14 48 0.545
14 49 1.991
14 50 1.172
14 51 1.407
14 52 1.691
14 53 1.597
14 54 1.493
14 55 1.970
14 56 0.357
14 57 0.633
14 58 0.745
14 59 1.307
14 60 1.606
14 61 1.571
14 62 1.247
14 63 1.043
14 64 0.263
14 65 0.956
14 66 0.436
14 67 0.130
14 68 1.823
14 69 0.977
14 70 1.714
14 71 0.779
14 72 0.145
14 73 0.597
14 74 0.180
14 75 3.567
14 76 0.879
14 77 1.269
14 78 0.507
14 79 1.648
14 80 2.541
14 81 2.306
14 82 1.418
14 83 0.129
14 84 1.073
14 85 1.431
14 86 1.378
14 87 2.471
14 88 0.870
14 89 0.361
14 90 0.536
14 91 0.440
14 92 1.530
14 93 2.251
14 94 1.052
14 95 0.167
14 96 1.419
14 97 0.093
14 98 1.182
14 99 2.086
15 16 0.456
15 17 1.316
15 18 2.025
15 19 0.335
15 20 0.605
15 21 0.055
15 22 1.405
15 23 0.383
15 24 1.654
15 25 1.747
15 26 1.236
15 27 1.877
15 28 0.420
15 29 0.418
15 30 0.325
15 31 3.665
15 32 3.056
15 33 2.184
15 34 1.047
15 35 0.958
15 36 0.031
15 37 1.136
15 38 2.469
15 39 0.707
15 40 0.625
15 41 0.383
15 42 1.727
15 43 3.332
15 44 0.658
15 45 0.032
15 46 0.273
15 47 1.397
15 48 0.628
15 49 2.075
15 50 1.255
15 51 1.491
15 52 1.608
15 53 1.681
15 54 1.577
15 55 1.887
15 56 0.272
15 57 0.550
15 58 0.662
15 59 1.390
15 60 1.523
15 61 1.654
15 62 1.164
15 63 0.959
15 64 0.179
15 65 1.039
15 66 0.518
15 67 0.044
15 68 1.739
15 69 0.893
15 70 1.798
15 71 0.862
15 72 0.059
15 73 0.678
15 74 0.264
15 75 3.650
15 76 0.795
15 77 1.185
15 78 0.588
15 79 1.565
15 80 2.624
15 81 2.223
15 82 1.335
15 83 0.043
15 84 1.156
15 85 1.515
15 86 1.462
15 87 2.388
15 88 0.954
15 89 0.443
15 90 0.618
15 91 0.523
15 92 1.447
15 93 2.334
15 94 0.969
15 95 0.247
15 96 1.503
15 97 0.013
15 98 1.265
15 99 2.169
16 17 0.860
16 18 1.569
16 19 0.791
16 20 1.061
16 21 0.511
16 22 0.949
16 23 0.075
16 24 2.110
16 25 1.291
16 26 0.780
16 27 1.421
16 28 0.059
16 29 0.038
16 30 0.132
16 31 3.208
16 32 2.599
16 33 1.728
16 34 1.503
16 35 1.414
16 36 0.427
16 37 0.680
16 38 2.012
16 39 0.252
16 40 0.169
16 41 0.838
16 42 2.183
16 43 2.876
16 44 0.202
16 45 0.425
16 46 0.183
16 47 0.941
16 48 0.171
16 49 1.618
16 50 0.799
16 51 1.034
16 52 2.064
16 53 1.225
16 54 1.120
16 55 2.343
16 56 0.728
16 57 1.006
16 58 1.118
16 59 0.934
16 60 1.979
16 61 1.198
16 62 1.620
16 63 1.416
16 64 0.635
16 65 0.583
16 66 0.062
16 67 0.497
16 68 2.195
16 69 1.349
16 70 1.341
16 71 0.406
16 72 0.510
16 73 0.224
16 74 0.194
16 75 3.194
16 76 1.251
16 77 1.642
16 78 0.136
16 79 2.022
16 80 2.167
16 81 2.680
16 82 1.791
16 83 0.493
16 84 0.700
16 85 1.058
16 86 1.005
16 87 2.844
16 88 0.497
16 89 0.018
16 90 0.162
16 91 0.066
16 92 1.903
16 93 1.877
16 94 1.425
16 95 0.210
16 96 1.046
16 97 0.459
16 98 0.809
16 99 1.713
17 18 0.710
17 19 1.651
17 20 1.921
17 21 1.371
17 22 0.089
17 23 0.934
17 24 2.970
17 25 0.432
17 26 0.080
17 27 0.561
17 28 0.899
17 29 0.898
17 30 0.992
17 31 2.349
17 32 1.740
17 33 0.869
17 34 2.363
17 35 2.274
17 36 1.286
17 37 0.182
17 38 1.153
17 39 0.609
17 40 0.692
17 41 1.697
17 42 3.043
17 43 2.016
17 44 0.658
17 45 1.285
17 46 1.043
17 47 0.081
17 48 0.689
17 49 0.759
17 50 0.061
17 51 0.182
17 52 2.924
17 53 0.367
17 54 0.261
17 55 3.203
17 56 1.588
17 57 1.866
17 58 1.978
17 59 0.076
17 60 2.839
17 61 0.339
17 62 2.480
17 63 2.275
17 64 1.495
17 65 0.277
17 66 0.798
17 67 1.356
17 68 3.055
17 69 2.208
17 70 0.484
17 71 0.454
17 72 1.369
17 73 0.639
17 74 1.054
17 75 2.335
17 76 2.110
17 77 2.501
17 78 0.729
17 79 2.881
17 80 1.308
17 81 3.539
17 82 2.651
17 83 1.352
17 84 0.163
17 85 0.199
17 86 0.152
17 87 3.704
17 88 0.363
17 89 0.874
17 90 0.698
17 91 0.794
17 92 2.763
17 93 1.018
17 94 2.285
17 95 1.070
17 96 0.187
17 97 1.318
17 98 0.052
17 99 0.853
18 19 2.360
18 20 2.630
18 21 2.080
18 22 0.621
18 23 1.643
18 24 3.679
18 25 0.278
18 26 0.790
18 27 0.148
18 28 1.609
18 29 1.607
18 30 1.700
18 31 1.640
18 32 1.030
18 33 0.159
18 34 3.072
18 35 2.983
18 36 1.995
18 37 0.889
18 38 0.443
18 39 1.319
18 40 1.401
18 41 2.406
18 42 3.752
18 43 1.307
18 44 1.367
18 45 1.994
18 46 1.752
18 47 0.630
18 48 1.398
18 49 0.050
18 50 0.771
18 51 0.536
18 52 3.633
18 53 0.345
18 54 0.449
18 55 3.912
18 56 2.297
18 57 2.574
18 58 2.687
18 59 0.637
18 60 3.548
18 61 0.371
18 62 3.189
18 63 2.984
18 64 2.204
18 65 0.986
18 66 1.508
18 67 2.065
18 68 3.764
18 69 2.918
18 70 0.230
18 71 1.163
18 72 2.078
18 73 1.349
18 74 1.762
18 75 1.625
18 76 2.819
18 77 3.210
18 78 1.439
18 79 3.590
18 80 0.600
18 81 4.248
18 82 3.360
18 83 2.062
18 84 0.869
18 85 0.511
18 86 0.564
18 87 4.413
18 88 1.072
18 89 1.583
18 90 1.407
18 91 1.502
18 92 3.472
18 93 0.309
18 94 2.994
18 95 1.779
18 96 0.523
18 97 2.028
18 98 0.760
18 99 0.145
19 20 0.271
19 21 0.280
19 22 1.740
19 23 0.717
19 24 1.319
19 25 2.082
19 26 1.571
19 27 2.212
19 28 0.752
19 29 0.753
19 30 0.660
19 31 3.999
19 32 3.390
19 33 2.519
19 34 0.713
19 35 0.624
19 36 0.365
19 37 1.471
19 38 2.803
19 39 1.041
19 40 0.959
19 41 0.052
19 42 1.393
19 43 3.667
19 44 0.993
19 45 0.366
19 46 0.608
19 47 1.731
19 48 0.962
19 49 2.409
19 50 1.589
19 51 1.825
19 52 1.274
19 53 2.016
19 54 1.911
19 55 1.553
19 56 0.063
19 57 0.219
19 58 0.328
19 59 1.724
19 60 1.188
19 61 1.989
19 62 0.830
19 63 0.625
19 64 0.157
19 65 1.374
19 66 0.852
19 67 0.294
19 68 1.405
19 69 0.558
19 70 2.132
19 71 1.197
19 72 0.282
19 73 1.012
19 74 0.598
19 75 3.985
19 76 0.460
19 77 0.851
19 78 0.922
19 79 1.231
19 80 2.958
19 81 1.889
19 82 1.002
19 83 0.298
19 84 1.491
19 85 1.849
19 86 1.797
19 87 2.054
19 88 1.288
19 89 0.777
19 90 0.953
19 91 0.858
19 92 1.113
19 93 2.669
19 94 0.635
19 95 0.581
19 96 1.837
19 97 0.332
19 98 1.600
19 99 2.504
20 21 0.550
20 22 2.010
20 23 0.987
20 24 1.049
20 25 2.352
20 26 1.841
20 27 2.482
20 28 1.024
20 29 1.023
20 30 0.930
20 31 4.269
20 32 3.660
20 33 2.789
20 34 0.442
20 35 0.353
20 36 0.635
20 37 1.741
20 38 3.073
20 39 1.312
20 40 1.229
20 41 0.230
20 42 1.122
20 43 3.937
20 44 1.263
20 45 0.636
20 46 0.878
20 47 2.002
20 48 1.232
20 49 2.679
20 50 1.860
20 51 2.095
20 52 1.003
20 53 2.286
20 54 2.181
20 55 1.282
20 56 0.335
20 57 0.058
20 58 0.057
20 59 1.995
20 60 0.918
20 61 2.259
20 62 0.559
20 63 0.355
20 64 0.426
20 65 1.644
20 66 1.123
20 67 0.565
20 68 1.134
20 69 0.290
20 70 2.402
20 71 1.467
20 72 0.553
20 73 1.283
20 74 0.868
20 75 4.255
20 76 0.195
20 77 0.581
20 78 1.193
20 79 0.960
20 80 3.228
20 81 1.618
20 82 0.731
20 83 0.569
20 84 1.761
20 85 2.119
20 86 2.066
20 87 1.783
20 88 1.558
20 89 1.047
20 90 1.223
20 91 1.128
20 92 0.842
20 93 2.939
20 94 0.364
20 95 0.852
20 96 2.107
20 97 0.603
20 98 1.870
20 99 2.774
21 22 1.460
21 23 0.438
21 24 1.599
21 25 1.802
21 26 1.291
21 27 1.932
21 28 0.475
21 29 0.473
21 30 0.380
21 31 3.719
21 32 3.110
21 33 2.239
21 34 0.992
21 35 0.903
21 36 0.085
21 37 1.191
21 38 2.523
21 39 0.762
21 40 0.680
21 41 0.329
21 42 1.672
21 43 3.387
21 44 0.713
21 45 0.087
21 46 0.328
21 47 1.452
21 48 0.683
21 49 2.130
21 50 1.310
21 51 1.545
21 52 1.553
21 53 1.736
21 54 1.632
21 55 1.832
21 56 0.218
21 57 0.495
21 58 0.607
21 59 1.445
21 60 1.468
21 61 1.709
21 62 1.109
21 63 0.904
21 64 0.124
21 65 1.094
21 66 0.573
21 67 0.026
21 68 1.684
21 69 0.838
21 70 1.852
21 71 0.917
21 72 0.031
21 73 0.733
21 74 0.318
21 75 3.705
21 76 0.740
21 77 1.130
21 78 0.643
21 79 1.510
21 80 2.679
21 81 2.168
21 82 1.280
21 83 0.034
21 84 1.211
21 85 1.570
21 86 1.517
21 87 2.333
21 88 1.009
21 89 0.498
21 90 0.673
21 91 0.578
21 92 1.392
21 93 2.389
21 94 0.914
21 95 0.302
21 96 1.557
21 97 0.055
21 98 1.320
21 99 2.224
22 23 1.023
22 24 3.059
22 25 0.343
22 26 0.169
22 27 0.472
22 28 0.988
22 29 0.987
22 30 1.081
22 31 2.260
22 32 1.651
22 33 0.779
22 34 2.452
22 35 2.363
22 36 1.375
22 37 0.270
22 38 1.064
22 39 0.698
22 40 0.781
22 41 1.786
22 42 3.132
22 43 1.927
22 44 0.747
22 45 1.374
22 46 1.132
22 47 0.016
22 48 0.778
22 49 0.670
22 50 0.150
22 51 0.100
22 52 3.013
22 53 0.278
22 54 0.172
22 55 3.292
22 56 1.677
22 57 1.955
22 58 2.067
22 59 0.027
22 60 2.928
22 61 0.250
22 62 2.569
22 63 2.364
22 64 1.584
22 65 0.366
22 66 0.887
22 67 1.445
22 68 3.144
22 69 2.297
22 70 0.395
22 71 0.543
22 72 1.458
22 73 0.728
22 74 1.143
22 75 2.246
22 76 2.199
22 77 2.590
22 78 0.818
22 79 2.970
22 80 1.218
22 81 3.628
22 82 2.740
22 83 1.441
22 84 0.251
22 85 0.110
22 86 0.071
22 87 3.793
22 88 0.452
22 89 0.963
22 90 0.787
22 91 0.883
22 92 2.852
22 93 0.929
22 94 2.374
22 95 1.159
22 96 0.098
22 97 1.408
22 98 0.140
22 99 0.764
23 24 2.036
23 25 1.365
23 26 0.853
23 27 1.495
23 28 0.049
23 29 0.037
23 30 0.060
23 31 3.282
23 32 2.673
23 33 1.802
23 34 1.429
23 35 1.341
23 36 0.353
23 37 0.754
23 38 2.086
23 39 0.325
23 40 0.242
23 41 0.764
23 42 2.109
23 43 2.950
23 44 0.276
23 45 0.351
23 46 0.110
23 47 1.014
23 48 0.245
23 49 1.692
23 50 0.872
23 51 1.109
23 52 1.990
23 53 1.299
23 54 1.194
23 55 2.269
23 56 0.654
23 57 0.932
23 58 1.045
23 59 1.007
23 60 1.905
23 61 1.272
23 62 1.546
23 63 1.342
23 64 0.561
23 65 0.657
23 66 0.135
23 67 0.423
23 68 2.122
23 69 1.275
23 70 1.415
23 71 0.480
23 72 0.435
23 73 0.296
23 74 0.122
23 75 3.268
23 76 1.177
23 77 1.568
23 78 0.206
23 79 1.948
23 80 2.241
23 81 2.606
23 82 1.718
23 83 0.419
23 84 0.774
23 85 1.132
23 86 1.080
23 87 2.771
23 88 0.571
23 89 0.060
23 90 0.236
23 91 0.141
23 92 1.829
23 93 1.952
23 94 1.351
23 95 0.136
23 96 1.120
23 97 0.385
23 98 0.883
23 99 1.787
24 25 3.401
24 26 2.890
24 27 3.531
24 28 2.072
24 29 2.072
24 30 1.979
24 31 5.318
24 32 4.709
24 33 3.838
24 34 0.607
24 35 0.696
24 36 1.684
24 37 2.790
24 38 4.122
24 39 2.361
24 40 2.278
24 41 1.274
24 42 0.084
24 43 4.986
24 44 2.312
24 45 1.685
24 46 1.927
24 47 3.051
24 48 2.281
24 49 3.729
24 50 2.909
24 51 3.144
24 52 0.047
24 53 3.335
24 54 3.230
24 55 0.236
24 56 1.383
24 57 1.105
24 58 0.992
24 59 3.044
24 60 0.131
24 61 3.308
24 62 0.490
24 63 0.695
24 64 1.475
24 65 2.693
24 66 2.172
24 67 1.614
24 68 0.085
24 69 0.762
24 70 3.451
24 71 2.516
24 72 1.602
24 73 2.332
24 74 1.917
24 75 5.304
24 76 0.861
24 77 0.469
24 78 2.241
24 79 0.092
24 80 4.278
24 81 0.570
24 82 0.322
24 83 1.618
24 84 2.810
24 85 3.168
24 86 3.115
24 87 0.736
24 88 2.607
24 89 2.096
24 90 2.272
24 91 2.177
24 92 0.208
24 93 3.988
24 94 0.686
24 95 1.900
24 96 3.156
24 97 1.652
24 98 2.919
24 99 3.823
25 26 0.512
25 27 0.130
25 28 1.331
25 29 1.329
25 30 1.423
25 31 1.917
25 32 1.308
25 33 0.437
25 34 2.794
25 35 2.705
25 36 1.717
25 37 0.611
25 38 0.721
25 39 1.041
25 40 1.123
25 41 2.129
25 42 3.474
25 43 1.585
25 44 1.089
25 45 1.716
25 46 1.474
25 47 0.352
25 48 1.120
25 49 0.327
25 50 0.493
25 51 0.260
25 52 3.355
25 53 0.069
25 54 0.171
25 55 3.634
25 56 2.019
25 57 2.297
25 58 2.409
25 59 0.360
25 60 3.270
25 61 0.094
25 62 2.911
25 63 2.707
25 64 1.926
25 65 0.708
25 66 1.230
25 67 1.788
25 68 3.486
25 69 2.640
25 70 0.060
25 71 0.886
25 72 1.800
25 73 1.071
25 74 1.484
25 75 1.903
25 76 2.542
25 77 2.933
25 78 1.161
25 79 3.312
25 80 0.877
25 81 3.970
25 82 3.082
25 83 1.784
25 84 0.591
25 85 0.233
25 86 0.287
25 87 4.135
25 88 0.794
25 89 1.305
25 90 1.129
25 91 1.225
25 92 3.194
25 93 0.587
25 94 2.716
25 95 1.501
25 96 0.245
25 97 1.750
25 98 0.482
25 99 0.422
26 27 0.641
26 28 0.819
26 29 0.818
26 30 0.911
26 31 2.429
26 32 1.820
26 33 0.948
26 34 2.283
26 35 2.194
26 36 1.206
26 37 0.103
26 38 1.233
26 39 0.529
26 40 0.612
26 41 1.617
26 42 2.963
26 43 2.096
26 44 0.578
26 45 1.205
26 46 0.963
26 47 0.161
26 48 0.608
26 49 0.839
26 50 0.019
26 51 0.259
26 52 2.844
26 53 0.446
26 54 0.341
26 55 3.123
26 56 1.507
26 57 1.786
26 58 1.898
26 59 0.155
26 60 2.759
26 61 0.419
26 62 2.400
26 63 2.195
26 64 1.415
26 65 0.197
26 66 0.718
26 67 1.276
26 68 2.975
26 69 2.128
26 70 0.563
26 71 0.374
26 72 1.289
26 73 0.559
26 74 0.973
26 75 2.415
26 76 2.030
26 77 2.421
26 78 0.649
26 79 2.801
26 80 1.388
26 81 3.459
26 82 2.571
26 83 1.272
26 84 0.085
26 85 0.279
26 86 0.229
26 87 3.624
26 88 0.283
26 89 0.794
26 90 0.618
26 91 0.713
26 92 2.683
26 93 1.098
26 94 2.205
26 95 0.989
26 96 0.267
26 97 1.238
26 98 0.030
26 99 0.933
27 28 1.460
27 29 1.459
27 30 1.552
27 31 1.788
27 32 1.178
27 33 0.307
27 34 2.924
27 35 2.835
27 36 1.847
27 37 0.741
27 38 0.592
27 39 1.171
27 40 1.253
27 41 2.258
27 42 3.604
27 43 1.455
27 44 1.219
27 45 1.846
27 46 1.604
27 47 0.481
27 48 1.249
27 49 0.198
27 50 0.622
27 51 0.389
27 52 3.485
27 53 0.197
27 54 0.300
27 55 3.764
27 56 2.149
27 57 2.426
27 58 2.539
27 59 0.489
27 60 3.400
27 61 0.223
27 62 3.041
27 63 2.836
27 64 2.056
27 65 0.838
27 66 1.359
27 67 1.917
27 68 3.616
27 69 2.770
27 70 0.088
27 71 1.015
27 72 1.930
27 73 1.200
27 74 1.614
27 75 1.774
27 76 2.671
27 77 3.062
27 78 1.290
27 79 3.442
27 80 0.747
27 81 4.100
27 82 3.212
27 83 1.914
27 84 0.721
27 85 0.362
27 86 0.416
27 87 4.265
27 88 0.924
27 89 1.435
27 90 1.259
27 91 1.354
27 92 3.324
27 93 0.457
27 94 2.846
27 95 1.631
27 96 0.375
27 97 1.880
27 98 0.612
27 99 0.292
28 29 0.043
28 30 0.105
28 31 3.248
28 32 2.639
28 33 1.767
28 34 1.465
28 35 1.377
28 36 0.391
28 37 0.721
28 38 2.052
28 39 0.290
28 40 0.209
28 41 0.798
28 42 2.146
28 43 2.915
28 44 0.243
28 45 0.388
28 46 0.151
28 47 0.979
28 48 0.215
28 49 1.658
28 50 0.838
28 51 1.076
28 52 2.026
28 53 1.265
28 54 1.160
28 55 2.305
28 56 0.689
28 57 0.969
28 58 1.081
28 59 0.972
28 60 1.941
28 61 1.238
28 62 1.582
28 63 1.377
28 64 0.598
28 65 0.623
28 66 0.106
28 67 0.458
28 68 2.157
28 69 1.310
28 70 1.382
28 71 0.445
28 72 0.470
28 73 0.260
28 74 0.165
28 75 3.234
28 76 1.211
28 77 1.603
28 78 0.170
28 79 1.984
28 80 2.206
28 81 2.642
28 82 1.754
28 83 0.454
28 84 0.741
28 85 1.098
28 86 1.046
28 87 2.807
28 88 0.538
28 89 0.041
28 90 0.203
28 91 0.115
28 92 1.865
28 93 1.917
28 94 1.388
28 95 0.174
28 96 1.086
28 97 0.421
28 98 0.848
28 99 1.752
29 30 0.094
29 31 3.246
29 32 2.637
29 33 1.766
29 34 1.465
29 35 1.376
29 36 0.388
29 37 0.718
29 38 2.051
29 39 0.290
29 40 0.207
29 41 0.800
29 42 2.145
29 43 2.914
29 44 0.240
29 45 0.387
29 46 0.145
29 47 0.979
29 48 0.210
29 49 1.657
29 50 0.837
29 51 1.073
29 52 2.026
29 53 1.263
29 54 1.159
29 55 2.305
29 56 0.690
29 57 0.968
29 58 1.080
29 59 0.972
29 60 1.941
29 61 1.236
29 62 1.582
29 63 1.377
29 64 0.597
29 65 0.621
29 66 0.100
29 67 0.459
29 68 2.157
29 69 1.311
29 70 1.380
29 71 0.444
29 72 0.471
29 73 0.262
29 74 0.156
29 75 3.232
29 76 1.213
29 77 1.603
29 78 0.173
29 79 1.983
29 80 2.206
29 81 2.641
29 82 1.753
29 83 0.455
29 84 0.738
29 85 1.097
29 86 1.044
29 87 2.806
29 88 0.536
29 89 0.027
29 90 0.200
29 91 0.105
29 92 1.865
29 93 1.916
29 94 1.387
29 95 0.172
29 96 1.084
29 97 0.421
29 98 0.847
29 99 1.751
30 31 3.340
30 32 2.731
30 33 1.859
30 34 1.372
30 35 1.283
30 36 0.295
30 37 0.811
30 38 2.144
30 39 0.384
30 40 0.300
30 41 0.707
30 42 2.051
30 43 3.007
30 44 0.334
30 45 0.294
30 46 0.052
30 47 1.072
30 48 0.303
30 49 1.750
30 50 0.930
30 51 1.166
30 52 1.933
30 53 1.356
30 54 1.252
30 55 2.211
30 56 0.597
30 57 0.874
30 58 0.987
30 59 1.066
30 60 1.848
30 61 1.329
30 62 1.489
30 63 1.284
30 64 0.504
30 65 0.715
30 66 0.194
30 67 0.366
30 68 2.064
30 69 1.218
30 70 1.473
30 71 0.538
30 72 0.379
30 73 0.355
30 74 0.062
30 75 3.325
30 76 1.120
30 77 1.510
30 78 0.266
30 79 1.890
30 80 2.299
30 81 2.548
30 82 1.660
30 83 0.362
30 84 0.831
30 85 1.190
30 86 1.137
30 87 2.713
30 88 0.629
30 89 0.119
30 90 0.294
30 91 0.198
30 92 1.771
30 93 2.009
30 94 1.293
30 95 0.081
30 96 1.178
30 97 0.328
30 98 0.940
30 99 1.844
31 32 0.610
31 33 1.481
31 34 4.711
31 35 4.622
31 36 3.634
31 37 2.528
31 38 1.196
31 39 2.958
31 40 3.040
31 41 4.046
31 42 5.390
31 43 0.334
31 44 3.007
31 45 3.633
31 46 3.391
31 47 2.269
31 48 3.037
31 49 1.590
31 50 2.410
31 51 2.174
31 52 5.272
31 53 1.984
31 54 2.088
31 55 5.550
31 56 3.936
31 57 4.213
31 58 4.326
31 59 2.277
31 60 5.187
31 61 2.011
31 62 4.828
31 63 4.624
31 64 3.843
31 65 2.626
31 66 3.147
31 67 3.705
31 68 5.403
31 69 4.557
31 70 1.867
31 71 2.803
31 72 3.718
31 73 2.988
31 74 3.401
31 75 0.014
31 76 4.459
31 77 4.849
31 78 3.078
31 79 5.229
31 80 1.044
31 81 5.887
31 82 4.998
31 83 3.701
31 84 2.508
31 85 2.150
31 86 2.203
31 87 6.051
31 88 2.711
31 89 3.222
31 90 3.047
31 91 3.142
31 92 5.111
31 93 1.331
31 94 4.633
31 95 3.418
31 96 2.162
31 97 3.667
31 98 2.400
31 99 1.496
32 33 0.871
32 34 4.102
32 35 4.013
32 36 3.026
32 37 1.919
32 38 0.587
32 39 2.349
32 40 2.431
32 41 3.437
32 42 4.782
32 43 0.277
32 44 2.397
32 45 3.024
32 46 2.782
32 47 1.660
32 48 2.428
32 49 0.981
32 50 1.801
32 51 1.566
32 52 4.663
32 53 1.375
32 54 1.479
32 55 4.942
32 56 3.327
32 57 3.605
32 58 3.717
32 59 1.667
32 60 4.578
32 61 1.401
32 62 4.219
32 63 4.015
32 64 3.234
32 65 2.016
32 66 2.538
32 67 3.096
32 68 4.795
32 69 3.948
32 70 1.259
32 71 2.194
32 72 3.108
32 73 2.379
32 74 2.792
32 75 0.596
32 76 3.850
32 77 4.241
32 78 2.469
32 79 4.621
32 80 0.434
32 81 5.278
32 82 4.390
32 83 3.092
32 84 1.899
32 85 1.541
32 86 1.594
32 87 5.443
32 88 2.102
32 89 2.613
32 90 2.438
32 91 2.533
32 92 4.502
32 93 0.722
32 94 4.024
32 95 2.809
32 96 1.553
32 97 3.058
32 98 1.791
32 99 0.887
33 34 3.231
33 35 3.142
33 36 2.154
33 37 1.048
33 38 0.285
33 39 1.478
33 40 1.560
33 41 2.565
33 42 3.911
33 43 1.148
33 44 1.526
33 45 2.153
33 46 1.911
33 47 0.788
33 48 1.557
33 49 0.110
33 50 0.930
33 51 0.695
33 52 3.792
33 53 0.504
33 54 0.608
33 55 4.071
33 56 2.456
33 57 2.734
33 58 2.846
33 59 0.796
33 60 3.707
33 61 0.530
33 62 3.348
33 63 3.143
33 64 2.363
33 65 1.145
33 66 1.667
33 67 2.224
33 68 3.923
33 69 3.077
33 70 0.389
33 71 1.322
33 72 2.237
33 73 1.507
33 74 1.921
33 75 1.467
33 76 2.978
33 77 3.369
33 78 1.598
33 79 3.749
33 80 0.440
33 81 4.407
33 82 3.519
33 83 2.221
33 84 1.028
33 85 0.670
33 86 0.723
33 87 4.572
33 88 1.231
33 89 1.742
33 90 1.566
33 91 1.661
33 92 3.631
33 93 0.150
33 94 3.153
33 95 1.938
33 96 0.682
33 97 2.187
33 98 0.919
33 99 0.017
34 35 0.090
34 36 1.077
34 37 2.183
34 38 3.515
34 39 1.754
34 40 1.671
34 41 0.668
34 42 0.680
34 43 4.379
34 44 1.705
34 45 1.078
34 46 1.320
34 47 2.444
34 48 1.674
34 49 3.121
34 50 2.302
34 51 2.537
34 52 0.561
34 53 2.728
34 54 2.623
34 55 0.840
34 56 0.776
34 57 0.498
34 58 0.385
34 59 2.437
34 60 0.476
34 61 2.701
34 62 0.117
34 63 0.090
34 64 0.868
34 65 2.086
34 66 1.565
34 67 1.007
34 68 0.692
34 69 0.158
34 70 2.844
34 71 1.909
34 72 0.995
34 73 1.725
34 74 1.310
34 75 4.697
34 76 0.257
34 77 0.138
34 78 1.635
34 79 0.519
34 80 3.671
34 81 1.176
34 82 0.290
34 83 1.011
34 84 2.203
34 85 2.561
34 86 2.508
34 87 1.342
34 88 2.000
34 89 1.489
34 90 1.665
34 91 1.570
34 92 0.400
34 93 3.381
34 94 0.080
34 95 1.293
34 96 2.549
34 97 1.045
34 98 2.312
34 99 3.216
35 36 0.988
35 37 2.094
35 38 3.426
35 39 1.665
35 40 1.582
35 41 0.580
35 42 0.769
35 43 4.290
35 44 1.616
35 45 0.989
35 46 1.231
35 47 2.355
35 48 1.586
35 49 3.033
35 50 2.213
35 51 2.448
35 52 0.650
35 53 2.639
35 54 2.534
35 55 0.929
35 56 0.687
35 57 0.409
35 58 0.296
35 59 2.348
35 60 0.565
35 61 2.612
35 62 0.206
35 63 0.031
35 64 0.779
35 65 1.997
35 66 1.476
35 67 0.918
35 68 0.781
35 69 0.078
35 70 2.755
35 71 1.820
35 72 0.906
35 73 1.636
35 74 1.221
35 75 4.608
35 76 0.172
35 77 0.228
35 78 1.546
35 79 0.607
35 80 3.582
35 81 1.265
35 82 0.378
35 83 0.922
35 84 2.114
35 85 2.473
35 86 2.419
35 87 1.430
35 88 1.911
35 89 1.400
35 90 1.576
35 91 1.481
35 92 0.489
35 93 3.292
35 94 0.013
35 95 1.205
35 96 2.460
35 97 0.956
35 98 2.223
35 99 3.127
36 37 1.106
36 38 2.439
36 39 0.678
36 40 0.595
36 41 0.413
36 42 1.757
36 43 3.302
36 44 0.628
36 45 0.012
36 46 0.243
36 47 1.367
36 48 0.598
36 49 2.045
36 50 1.225
36 51 1.460
36 52 1.638
36 53 1.651
36 54 1.547
36 55 1.917
36 56 0.303
36 57 0.580
36 58 0.692
36 59 1.360
36 60 1.553
36 61 1.624
36 62 1.194
36 63 0.989
36 64 0.209
36 65 1.009
36 66 0.488
36 67 0.074
36 68 1.769
36 69 0.923
36 70 1.767
36 71 0.832
36 72 0.089
36 73 0.649
36 74 0.233
36 75 3.620
36 76 0.825
36 77 1.215
36 78 0.559
36 79 1.595
36 80 2.594
36 81 2.253
36 82 1.365
36 83 0.073
36 84 1.126
36 85 1.485
36 86 1.432
36 87 2.418
36 88 0.924
36 89 0.413
36 90 0.588
36 91 0.493
36 92 1.477
36 93 2.304
36 94 0.999
36 95 0.217
36 96 1.473
36 97 0.038
36 98 1.235
36 99 2.139
37 38 1.332
37 39 0.431
37 40 0.512
37 41 1.518
37 42 2.863
37 43 2.196
37 44 0.478
37 45 1.105
37 46 0.863
37 47 0.263
37 48 0.509
37 49 0.939
37 50 0.121
37 51 0.355
37 52 2.744
37 53 0.545
37 54 0.441
37 55 3.023
37 56 1.408
37 57 1.686
37 58 1.798
37 59 0.258
37 60 2.659
37 61 0.518
37 62 2.300
37 63 2.096
37 64 1.315
37 65 0.100
37 66 0.619
37 67 1.177
37 68 2.875
37 69 2.029
37 70 0.661
37 71 0.276
37 72 1.189
37 73 0.461
37 74 0.873
37 75 2.514
37 76 1.931
37 77 2.321
37 78 0.551
37 79 2.701
37 80 1.488
37 81 3.359
37 82 2.471
37 83 1.173
37 84 0.020
37 85 0.379
37 86 0.326
37 87 3.524
37 88 0.183
37 89 0.694
37 90 0.519
37 91 0.613
37 92 2.583
37 93 1.198
37 94 2.105
37 95 0.890
37 96 0.366
37 97 1.139
37 98 0.130
37 99 1.033
38 39 1.762
38 40 1.844
38 41 2.850
38 42 4.195
38 43 0.863
38 44 1.811
38 45 2.437
38 46 2.195
38 47 1.073
38 48 1.841
38 49 0.394
38 50 1.214
38 51 0.979
38 52 4.076
38 53 0.788
38 54 0.892
38 55 4.355
38 56 2.740
38 57 3.018
38 58 3.130
38 59 1.081
38 60 3.991
38 61 0.814
38 62 3.632
38 63 3.428
38 64 2.647
38 65 1.430
38 66 1.951
38 67 2.509
38 68 4.208
38 69 3.361
38 70 0.672
38 71 1.607
38 72 2.522
38 73 1.792
38 74 2.206
38 75 1.182
38 76 3.263
38 77 3.654
38 78 1.882
38 79 4.034
38 80 0.162
38 81 4.691
38 82 3.803
38 83 2.505
38 84 1.312
38 85 0.954
38 86 1.007
38 87 4.856
38 88 1.515
38 89 2.026
38 90 1.851
38 91 1.946
38 92 3.915
38 93 0.135
38 94 3.437
38 95 2.222
38 96 0.966
38 97 2.471
38 98 1.204
38 99 0.300
39 40 0.084
39 41 1.088
39 42 2.434
39 43 2.626
39 44 0.052
39 45 0.676
39 46 0.435
39 47 0.690
39 48 0.084
39 49 1.368
39 50 0.548
39 51 0.786
39 52 2.315
39 53 0.975
39 54 0.870
39 55 2.594
39 56 0.978
39 57 1.257
39 58 1.369
39 59 0.683
39 60 2.230
39 61 0.948
39 62 1.871
39 63 1.666
39 64 0.886
39 65 0.333
39 66 0.190
39 67 0.747
39 68 2.446
39 69 1.599
39 70 1.092
39 71 0.155
39 72 0.759
39 73 0.031
39 74 0.446
39 75 2.944
39 76 1.501
39 77 1.892
39 78 0.120
39 79 2.273
39 80 1.917
39 81 2.930
39 82 2.042
39 83 0.743
39 84 0.451
39 85 0.808
39 86 0.757
39 87 3.095
39 88 0.249
39 89 0.265
39 90 0.090
39 91 0.187
39 92 2.154
39 93 1.627
39 94 1.676
39 95 0.461
39 96 0.796
39 97 0.709
39 98 0.559
39 99 1.462
40 41 1.006
40 42 2.351
40 43 2.708
40 44 0.034
40 45 0.593
40 46 0.351
40 47 0.772
40 48 0.014
40 49 1.450
40 50 0.630
40 51 0.867
40 52 2.232
40 53 1.057
40 54 0.952
40 55 2.511
40 56 0.896
40 57 1.174
40 58 1.287
40 59 0.765
40 60 2.147
40 61 1.030
40 62 1.788
40 63 1.584
40 64 0.803
40 65 0.415
40 66 0.107
40 67 0.665
40 68 2.364
40 69 1.517
40 70 1.174
40 71 0.238
40 72 0.677
40 73 0.058
40 74 0.362
40 75 3.026
40 76 1.419
40 77 1.810
40 78 0.043
40 79 2.190
40 80 1.999
40 81 2.848
40 82 1.960
40 83 0.661
40 84 0.532
40 85 0.890
40 86 0.838
40 87 3.013
40 88 0.330
40 89 0.182
40 90 0.006
40 91 0.103
40 92 2.071
40 93 1.710
40 94 1.593
40 95 0.378
40 96 0.878
40 97 0.627
40 98 0.641
40 99 1.545
41 42 1.348
41 43 3.713
41 44 1.039
41 45 0.414
41 46 0.656
41 47 1.777
41 48 1.009
41 49 2.456
41 50 1.636
41 51 1.872
41 52 1.228
41 53 2.062
41 54 1.958
41 55 1.508
41 56 0.111
41 57 0.182
41 58 0.286
41 59 1.770
41 60 1.143
41 61 2.035
41 62 0.785
41 63 0.579
41 64 0.206
41 65 1.420
41 66 0.899
41 67 0.341
41 68 1.359
41 69 0.512
41 70 2.179
41 71 1.243
41 72 0.328
41 73 1.058
41 74 0.646
41 75 4.032
41 76 0.413
41 77 0.806
41 78 0.968
41 79 1.186
41 80 3.004
41 81 1.844
41 82 0.958
41 83 0.345
41 84 1.538
41 85 1.896
41 86 1.844
41 87 2.010
41 88 1.335
41 89 0.824
41 90 0.999
41 91 0.905
41 92 1.068
41 93 2.715
41 94 0.592
41 95 0.628
41 96 1.884
41 97 0.379
41 98 1.646
41 99 2.550
42 43 5.058
42 44 2.385
42 45 1.758
42 46 2.000
42 47 3.124
42 48 2.354
42 49 3.801
42 50 2.982
42 51 3.216
42 52 0.123
42 53 3.407
42 54 3.303
42 55 0.160
42 56 1.456
42 57 1.177
42 58 1.065
42 59 3.117
42 60 0.208
42 61 3.380
42 62 0.564
42 63 0.769
42 64 1.548
42 65 2.766
42 66 2.245
42 67 1.687
42 68 0.046
42 69 0.837
42 70 3.523
42 71 2.589
42 72 1.675
42 73 2.405
42 74 1.989
42 75 5.376
42 76 0.936
42 77 0.542
42 78 2.315
42 79 0.162
42 80 4.350
42 81 0.497
42 82 0.392
42 83 1.691
42 84 2.883
42 85 3.241
42 86 3.188
42 87 0.661
42 88 2.680
42 89 2.169
42 90 2.345
42 91 2.249
42 92 0.281
42 93 4.060
42 94 0.758
42 95 1.974
42 96 3.229
42 97 1.725
42 98 2.992
42 99 3.896
43 44 2.674
43 45 3.301
43 46 3.059
43 47 1.936
43 48 2.704
43 49 1.257
43 50 2.077
43 51 1.842
43 52 4.940
43 53 1.651
43 54 1.755
43 55 5.218
43 56 3.604
43 57 3.881
43 58 3.994
43 59 1.944
43 60 4.855
43 61 1.678
43 62 4.496
43 63 4.291
43 64 3.511
43 65 2.293
43 66 2.814
43 67 3.372
43 68 5.071
43 69 4.225
43 70 1.535
43 71 2.470
43 72 3.385
43 73 2.655
43 74 3.069
43 75 0.320
43 76 4.126
43 77 4.517
43 78 2.745
43 79 4.897
43 80 0.711
43 81 5.555
43 82 4.666
43 83 3.369
43 84 2.176
43 85 1.818
43 86 1.870
43 87 5.719
43 88 2.378
43 89 2.890
43 90 2.714
43 91 2.809
43 92 4.779
43 93 0.998
43 94 4.300
43 95 3.086
43 96 1.830
43 97 3.335
43 98 2.067
43 99 1.163
44 45 0.627
44 46 0.385
44 47 0.739
44 48 0.032
44 49 1.417
44 50 0.597
44 51 0.833
44 52 2.266
44 53 1.023
44 54 0.918
44 55 2.545
44 56 0.930
44 57 1.208
44 58 1.320
44 59 0.732
44 60 2.181
44 61 0.996
44 62 1.822
44 63 1.617
44 64 0.837
44 65 0.381
44 66 0.140
44 67 0.698
44 68 2.397
44 69 1.551
44 70 1.140
44 71 0.204
44 72 0.711
44 73 0.034
44 74 0.396
44 75 2.992
44 76 1.452
44 77 1.843
44 78 0.076
44 79 2.223
44 80 1.965
44 81 2.881
44 82 1.993
44 83 0.695
44 84 0.499
44 85 0.856
44 86 0.804
44 87 3.046
44 88 0.296
44 89 0.216
44 90 0.041
44 91 0.136
44 92 2.105
44 93 1.676
44 94 1.627
44 95 0.412
44 96 0.844
44 97 0.661
44 98 0.607
44 99 1.511
45 46 0.242
45 47 1.366
45 48 0.596
45 49 2.044
45 50 1.224
45 51 1.459
45 52 1.639
45 53 1.650
45 54 1.545
45 55 1.918
45 56 0.303
45 57 0.581
45 58 0.693
45 59 1.359
45 60 1.554
45 61 1.623
45 62 1.195
45 63 0.990
45 64 0.210
45 65 1.008
45 66 0.487
45 67 0.072
45 68 1.770
45 69 0.924
45 70 1.766
45 71 0.831
45 72 0.086
45 73 0.647
45 74 0.233
45 75 3.619
45 76 0.826
45 77 1.216
45 78 0.557
45 79 1.597
45 80 2.592
45 81 2.255
45 82 1.367
45 83 0.070
45 84 1.125
45 85 1.483
45 86 1.431
45 87 2.419
45 88 0.922
45 89 0.411
45 90 0.587
45 91 0.492
45 92 1.478
45 93 2.303
45 94 1.000
45 95 0.215
45 96 1.471
45 97 0.034
45 98 1.234
45 99 2.138
46 47 1.124
46 48 0.354
46 49 1.801
46 50 0.982
46 51 1.217
46 52 1.881
46 53 1.408
46 54 1.303
46 55 2.160
46 56 0.545
46 57 0.823
46 58 0.935
46 59 1.117
46 60 1.796
46 61 1.381
46 62 1.437
46 63 1.233
46 64 0.452
46 65 0.766
46 66 0.245
46 67 0.314
46 68 2.012
46 69 1.166
46 70 1.524
46 71 0.589
46 72 0.327
46 73 0.406
46 74 0.016
46 75 3.377
46 76 1.068
46 77 1.458
46 78 0.316
46 79 1.838
46 80 2.350
46 81 2.496
46 82 1.608
46 83 0.311
46 84 0.883
46 85 1.241
46 86 1.189
46 87 2.661
46 88 0.680
46 89 0.170
46 90 0.345
46 91 0.250
46 92 1.720
46 93 2.061
46 94 1.242
46 95 0.031
46 96 1.229
46 97 0.276
46 98 0.992
46 99 1.896
47 48 0.769
47 49 0.679
47 50 0.143
47 51 0.114
47 52 3.005
47 53 0.289
47 54 0.182
47 55 3.284
47 56 1.668
47 57 1.947
47 58 2.059
47 59 0.011
47 60 2.920
47 61 0.260
47 62 2.561
47 63 2.356
47 64 1.576
47 65 0.358
47 66 0.879
47 67 1.437
47 68 3.136
47 69 2.289
47 70 0.406
47 71 0.535
47 72 1.449
47 73 0.719
47 74 1.134
47 75 2.255
47 76 2.190
47 77 2.582
47 78 0.809
47 79 2.962
47 80 1.227
47 81 3.620
47 82 2.732
47 83 1.433
47 84 0.244
47 85 0.121
47 86 0.086
47 87 3.785
47 88 0.444
47 89 0.954
47 90 0.779
47 91 0.874
47 92 2.843
47 93 0.938
47 94 2.366
47 95 1.150
47 96 0.110
47 97 1.399
47 98 0.133
47 99 0.773
48 49 1.447
48 50 0.627
48 51 0.863
48 52 2.236
48 53 1.053
48 54 0.949
48 55 2.514
48 56 0.899
48 57 1.177
48 58 1.290
48 59 0.763
48 60 2.151
48 61 1.026
48 62 1.791
48 63 1.587
48 64 0.807
48 65 0.412
48 66 0.110
48 67 0.668
48 68 2.367
48 69 1.520
48 70 1.170
48 71 0.235
48 72 0.681
48 73 0.062
48 74 0.365
48 75 3.023
48 76 1.422
48 77 1.813
48 78 0.054
48 79 2.193
48 80 1.996
48 81 2.851
48 82 1.963
48 83 0.664
48 84 0.529
48 85 0.887
48 86 0.834
48 87 3.016
48 88 0.326
48 89 0.186
48 90 0.017
48 91 0.105
48 92 2.074
48 93 1.706
48 94 1.596
48 95 0.381
48 96 0.875
48 97 0.630
48 98 0.637
48 99 1.542
49 50 0.820
49 51 0.586
49 52 3.683
49 53 0.394
49 54 0.498
49 55 3.961
49 56 2.346
49 57 2.624
49 58 2.737
49 59 0.687
49 60 3.598
49 61 0.421
49 62 3.239
49 63 3.034
49 64 2.254
49 65 1.036
49 66 1.557
49 67 2.115
49 68 3.814
49 69 2.967
49 70 0.279
49 71 1.213
49 72 2.128
49 73 1.398
49 74 1.812
49 75 1.576
49 76 2.869
49 77 3.260
49 78 1.488
49 79 3.640
49 80 0.550
49 81 4.298
49 82 3.409
49 83 2.111
49 84 0.919
49 85 0.560
49 86 0.614
49 87 4.462
49 88 1.121
49 89 1.632
49 90 1.457
49 91 1.552
49 92 3.521
49 93 0.259
49 94 3.043
49 95 1.828
49 96 0.572
49 97 2.077
49 98 0.810
49 99 0.095
50 51 0.241
50 52 2.863
50 53 0.427
50 54 0.322
50 55 3.142
50 56 1.526
50 57 1.805
50 58 1.917
50 59 0.137
50 60 2.778
50 61 0.400
50 62 2.419
50 63 2.214
50 64 1.434
50 65 0.216
50 66 0.737
50 67 1.295
50 68 2.994
50 69 2.147
50 70 0.545
50 71 0.393
50 72 1.308
50 73 0.578
50 74 0.992
50 75 2.396
50 76 2.049
50 77 2.440
50 78 0.668
50 79 2.820
50 80 1.369
50 81 3.478
50 82 2.590
50 83 1.291
50 84 0.103
50 85 0.260
50 86 0.211
50 87 3.643
50 88 0.302
50 89 0.812
50 90 0.637
50 91 0.732
50 92 2.702
50 93 1.079
50 94 2.224
50 95 1.008
50 96 0.248
50 97 1.257
50 98 0.012
50 99 0.914
51 52 3.098
51 53 0.191
51 54 0.094
51 55 3.376
51 56 1.762
51 57 2.039
51 58 2.152
51 59 0.125
51 60 3.013
51 61 0.166
51 62 2.654
51 63 2.450
51 64 1.669
51 65 0.453
51 66 0.973
51 67 1.531
51 68 3.229
51 69 2.383
51 70 0.307
51 71 0.630
51 72 1.544
51 73 0.816
51 74 1.227
51 75 2.160
51 76 2.285
51 77 2.675
51 78 0.906
51 79 3.055
51 80 1.135
51 81 3.713
51 82 2.824
51 83 1.528
51 84 0.335
51 85 0.047
51 86 0.030
51 87 3.877
51 88 0.537
51 89 1.049
51 90 0.873
51 91 0.968
51 92 2.937
51 93 0.844
51 94 2.459
51 95 1.245
51 96 0.040
51 97 1.493
51 98 0.229
51 99 0.680
52 53 3.289
52 54 3.185
52 55 0.280
52 56 1.337
52 57 1.059
52 58 0.946
52 59 2.998
52 60 0.086
52 61 3.262
52 62 0.444
52 63 0.649
52 64 1.429
52 65 2.647
52 66 2.126
52 67 1.568
52 68 0.132
52 69 0.717
52 70 3.405
52 71 2.470
52 72 1.556
52 73 2.286
52 74 1.871
52 75 5.258
52 76 0.815
52 77 0.423
52 78 2.196
52 79 0.046
52 80 4.232
52 81 0.616
52 82 0.275
52 83 1.572
52 84 2.764
52 85 3.123
52 86 3.069
52 87 0.781
52 88 2.561
52 89 2.050
52 90 2.226
52 91 2.131
52 92 0.161
52 93 3.942
52 94 0.639
52 95 1.855
52 96 3.110
52 97 1.606
52 98 2.873
52 99 3.777
53 54 0.106
53 55 3.567
53 56 1.953
53 57 2.230
53 58 2.343
53 59 0.297
53 60 3.204
53 61 0.029
53 62 2.845
53 63 2.640
53 64 1.860
53 65 0.642
53 66 1.163
53 67 1.721
53 68 3.420
53 69 2.574
53 70 0.117
53 71 0.820
53 72 1.734
53 73 1.005
53 74 1.418
53 75 1.969
53 76 2.475
53 77 2.866
53 78 1.095
53 79 3.246
53 80 0.944
53 81 3.904
53 82 3.015
53 83 1.718
53 84 0.525
53 85 0.168
53 86 0.219
53 87 4.068
53 88 0.727
53 89 1.239
53 90 1.063
53 91 1.158
53 92 3.127
53 93 0.653
53 94 2.649
53 95 1.435
53 96 0.180
53 97 1.684
53 98 0.417
53 99 0.489
54 55 3.463
54 56 1.848
54 57 2.126
54 58 2.239
54 59 0.191
54 60 3.100
54 61 0.078
54 62 2.740
54 63 2.536
54 64 1.755
54 65 0.538
54 66 1.059
54 67 1.617
54 68 3.316
54 69 2.469
54 70 0.224
54 71 0.715
54 72 1.629
54 73 0.900
54 74 1.314
54 75 2.074
54 76 2.371
54 77 2.762
54 78 0.990
54 79 3.142
54 80 1.047
54 81 3.800
54 82 2.911
54 83 1.613
54 84 0.421
54 85 0.062
54 86 0.118
54 87 3.964
54 88 0.623
54 89 1.134
54 90 0.959
54 91 1.054
54 92 3.023
54 93 0.757
54 94 2.545
54 95 1.330
54 96 0.074
54 97 1.579
54 98 0.312
54 99 0.593
55 56 1.616
55 57 1.337
55 58 1.225
55 59 3.277
55 60 0.366
55 61 3.540
55 62 0.723
55 63 0.929
55 64 1.708
55 65 2.926
55 66 2.405
55 67 1.847
55 68 0.153
55 69 0.997
55 70 3.683
55 71 2.749
55 72 1.835
55 73 2.565
55 74 2.149
55 75 5.536
55 76 1.095
55 77 0.702
55 78 2.475
55 79 0.322
55 80 4.510
55 81 0.337
55 82 0.552
55 83 1.851
55 84 3.043
55 85 3.401
55 86 3.348
55 87 0.501
55 88 2.840
55 89 2.329
55 90 2.505
55 91 2.409
55 92 0.441
55 93 4.220
55 94 0.918
55 95 2.134
55 96 3.389
55 97 1.885
55 98 3.152
55 99 4.056
56 57 0.282
56 58 0.392
56 59 1.661
56 60 1.252
56 61 1.926
56 62 0.893
56 63 0.688
56 64 0.094
56 65 1.311
56 66 0.789
56 67 0.231
56 68 1.468
56 69 0.621
56 70 2.069
56 71 1.133
56 72 0.219
56 73 0.949
56 74 0.536
56 75 3.922
56 76 0.523
56 77 0.914
56 78 0.859
56 79 1.294
56 80 2.895
56 81 1.952
56 82 1.065
56 83 0.235
56 84 1.428
56 85 1.786
56 86 1.734
56 87 2.118
56 88 1.225
56 89 0.714
56 90 0.890
56 91 0.795
56 92 1.176
56 93 2.606
56 94 0.699
56 95 0.518
56 96 1.774
56 97 0.269
56 98 1.537
56 99 2.441
57 58 0.114
57 59 1.940
57 60 0.974
57 61 2.203
57 62 0.615
57 63 0.412
57 64 0.371
57 65 1.589
57 66 1.068
57 67 0.511
57 68 1.190
57 69 0.347
57 70 2.346
57 71 1.412
57 72 0.500
57 73 1.228
57 74 0.812
57 75 4.199
57 76 0.253
57 77 0.636
57 78 1.138
57 79 1.016
57 80 3.173
57 81 1.674
57 82 0.785
57 83 0.515
57 84 1.705
57 85 2.064
57 86 2.011
57 87 1.838
57 88 1.503
57 89 0.992
57 90 1.168
57 91 1.072
57 92 0.897
57 93 2.883
57 94 0.419
57 95 0.797
57 96 2.052
57 97 0.548
57 98 1.815
57 99 2.719
58 59 2.052
58 60 0.861
58 61 2.316
58 62 0.502
58 63 0.298
58 64 0.483
58 65 1.701
58 66 1.180
58 67 0.622
58 68 1.077
58 69 0.233
58 70 2.459
58 71 1.524
58 72 0.610
58 73 1.340
58 74 0.925
58 75 4.312
58 76 0.140
58 77 0.523
58 78 1.250
58 79 0.903
58 80 3.286
58 81 1.561
58 82 0.673
58 83 0.626
58 84 1.818
58 85 2.177
58 86 2.123
58 87 1.726
58 88 1.615
58 89 1.105
58 90 1.280
58 91 1.185
58 92 0.785
58 93 2.996
58 94 0.307
58 95 0.909
58 96 2.164
58 97 0.660
58 98 1.927
58 99 2.831
59 60 2.913
59 61 0.269
59 62 2.554
59 63 2.349
59 64 1.569
59 65 0.351
59 66 0.872
59 67 1.430
59 68 3.129
59 69 2.282
59 70 0.414
59 71 0.528
59 72 1.442
59 73 0.712
59 74 1.128
59 75 2.263
59 76 2.183
59 77 2.575
59 78 0.802
59 79 2.955
59 80 1.234
59 81 3.613
59 82 2.725
59 83 1.426
59 84 0.239
59 85 0.130
59 86 0.097
59 87 3.778
59 88 0.438
59 89 0.947
59 90 0.772
59 91 0.868
59 92 2.837
59 93 0.946
59 94 2.359
59 95 1.143
59 96 0.119
59 97 1.392
59 98 0.128
59 99 0.780
60 61 3.177
60 62 0.359
60 63 0.564
60 64 1.344
60 65 2.562
60 66 2.041
60 67 1.483
60 68 0.216
60 69 0.631
60 70 3.320
60 71 2.385
60 72 1.471
60 73 2.200
60 74 1.786
60 75 5.173
60 76 0.730
60 77 0.338
60 78 2.110
60 79 0.051
60 80 4.147
60 81 0.701
60 82 0.194
60 83 1.487
60 84 2.679
60 85 3.038
60 86 2.985
60 87 0.867
60 88 2.476
60 89 1.965
60 90 2.141
60 91 2.046
60 92 0.078
60 93 3.857
60 94 0.555
60 95 1.769
60 96 3.025
60 97 1.521
60 98 2.788
60 99 3.692
61 62 2.818
61 63 2.613
61 64 1.833
61 65 0.615
61 66 1.136
61 67 1.694
61 68 3.393
61 69 2.547
61 70 0.145
61 71 0.793
61 72 1.707
61 73 0.978
61 74 1.391
61 75 1.996
61 76 2.448
61 77 2.839
61 78 1.068
61 79 3.219
61 80 0.970
61 81 3.877
61 82 2.989
61 83 1.691
61 84 0.498
61 85 0.140
61 86 0.193
61 87 4.042
61 88 0.700
61 89 1.212
61 90 1.036
61 91 1.131
61 92 3.101
61 93 0.680
61 94 2.623
61 95 1.408
61 96 0.152
61 97 1.657
61 98 0.389
61 99 0.515
62 63 0.206
62 64 0.985
62 65 2.203
62 66 1.682
62 67 1.124
62 68 0.575
62 69 0.274
62 70 2.961
62 71 2.026
62 72 1.112
62 73 1.842
62 74 1.427
62 75 4.814
62 76 0.373
62 77 0.021
62 78 1.752
62 79 0.402
62 80 3.788
62 81 1.059
62 82 0.174
62 83 1.128
62 84 2.320
62 85 2.678
62 86 2.625
62 87 1.225
62 88 2.117
62 89 1.606
62 90 1.782
62 91 1.687
62 92 0.283
62 93 3.498
62 94 0.196
62 95 1.410
62 96 2.666
62 97 1.162
62 98 2.429
62 99 3.333
63 64 0.780
63 65 1.998
63 66 1.477
63 67 0.919
63 68 0.780
63 69 0.068
63 70 2.757
63 71 1.821
63 72 0.907
63 73 1.637
63 74 1.222
63 75 4.610
63 76 0.167
63 77 0.227
63 78 1.546
63 79 0.607
63 80 3.583
63 81 1.265
63 82 0.380
63 83 0.923
63 84 2.116
63 85 2.474
63 86 2.421
63 87 1.430
63 88 1.913
63 89 1.402
63 90 1.577
63 91 1.482
63 92 0.488
63 93 3.293
63 94 0.039
63 95 1.206
63 96 2.462
63 97 0.957
63 98 2.224
63 99 3.128
64 65 1.218
64 66 0.697
64 67 0.140
64 68 1.560
64 69 0.714
64 70 1.976
64 71 1.041
64 72 0.129
64 73 0.857
64 74 0.442
64 75 3.829
64 76 0.616
64 77 1.006
64 78 0.767
64 79 1.386
64 80 2.803
64 81 2.044
64 82 1.156
64 83 0.144
64 84 1.335
64 85 1.694
64 86 1.641
64 87 2.209
64 88 1.132
64 89 0.621
64 90 0.797
64 91 0.702
64 92 1.268
64 93 2.513
64 94 0.790
64 95 0.426
64 96 1.681
64 97 0.177
64 98 1.444
64 99 2.348
65 66 0.521
65 67 1.079
65 68 2.778
65 69 1.932
65 70 0.759
65 71 0.177
65 72 1.092
65 73 0.363
65 74 0.777
65 75 2.612
65 76 1.833
65 77 2.225
65 78 0.453
65 79 2.605
65 80 1.584
65 81 3.262
65 82 2.374
65 83 1.076
65 84 0.120
65 85 0.476
65 86 0.424
65 87 3.427
65 88 0.087
65 89 0.597
65 90 0.421
65 91 0.517
65 92 2.486
65 93 1.295
65 94 2.008
65 95 0.793
65 96 0.463
65 97 1.042
65 98 0.226
65 99 1.130
66 67 0.558
66 68 2.257
66 69 1.410
66 70 1.280
66 71 0.344
66 72 0.571
66 73 0.162
66 74 0.256
66 75 3.133
66 76 1.312
66 77 1.703
66 78 0.074
66 79 2.083
66 80 2.106
66 81 2.741
66 82 1.853
66 83 0.554
66 84 0.639
66 85 0.997
66 86 0.944
66 87 2.906
66 88 0.436
66 89 0.075
66 90 0.100
66 91 0.015
66 92 1.965
66 93 1.816
66 94 1.487
66 95 0.271
66 96 0.985
66 97 0.520
66 98 0.747
66 99 1.651
67 68 1.699
67 69 0.852
67 70 1.838
67 71 0.902
67 72 0.015
67 73 0.718
67 74 0.305
67 75 3.691
67 76 0.754
67 77 1.145
67 78 0.628
67 79 1.526
67 80 2.664
67 81 2.184
67 82 1.296
67 83 0.007
67 84 1.197
67 85 1.555
67 86 1.502
67 87 2.349
67 88 0.994
67 89 0.483
67 90 0.658
67 91 0.563
67 92 1.407
67 93 2.374
67 94 0.929
67 95 0.287
67 96 1.543
67 97 0.038
67 98 1.305
67 99 2.209
68 69 0.847
68 70 3.536
68 71 2.601
68 72 1.687
68 73 2.417
68 74 2.002
68 75 5.389
68 76 0.946
68 77 0.554
68 78 2.327
68 79 0.176
68 80 4.363
68 81 0.485
68 82 0.407
68 83 1.703
68 84 2.895
68 85 3.254
68 86 3.201
68 87 0.651
68 88 2.693
68 89 2.182
68 90 2.357
68 91 2.262
68 92 0.293
68 93 4.073
68 94 0.771
68 95 1.986
68 96 3.242
68 97 1.737
68 98 3.004
68 99 3.908
69 70 2.690
69 71 1.754
69 72 0.840
69 73 1.570
69 74 1.156
69 75 4.543
69 76 0.099
69 77 0.295
69 78 1.480
69 79 0.675
69 80 3.516
69 81 1.332
69 82 0.448
69 83 0.856
69 84 2.049
69 85 2.407
69 86 2.354
69 87 1.498
69 88 1.846
69 89 1.335
69 90 1.510
69 91 1.415
69 92 0.556
69 93 3.226
69 94 0.092
69 95 1.139
69 96 2.395
69 97 0.890
69 98 2.157
69 99 3.062
70 71 0.937
70 72 1.851
70 73 1.122
70 74 1.534
70 75 1.853
70 76 2.592
70 77 2.982
70 78 1.212
70 79 3.362
70 80 0.829
70 81 4.020
70 82 3.132
70 83 1.834
70 84 0.641
70 85 0.285
70 86 0.336
70 87 4.184
70 88 0.844
70 89 1.356
70 90 1.180
70 91 1.275
70 92 3.244
70 93 0.538
70 94 2.766
70 95 1.551
70 96 0.297
70 97 1.800
70 98 0.534
70 99 0.374
71 72 0.915
71 73 0.186
71 74 0.600
71 75 2.789
71 76 1.656
71 77 2.047
71 78 0.275
71 79 2.427
71 80 1.762
71 81 3.085
71 82 2.197
71 83 0.898
71 84 0.296
71 85 0.653
71 86 0.601
71 87 3.250
71 88 0.094
71 89 0.420
71 90 0.244
71 91 0.340
71 92 2.309
71 93 1.472
71 94 1.831
71 95 0.615
71 96 0.641
71 97 0.864
71 98 0.403
71 99 1.307
72 73 0.730
72 74 0.318
72 75 3.704
72 76 0.741
72 77 1.133
72 78 0.640
72 79 1.513
72 80 2.676
72 81 2.171
72 82 1.284
72 83 0.016
72 84 1.210
72 85 1.567
72 86 1.515
72 87 2.336
72 88 1.007
72 89 0.495
72 90 0.671
72 91 0.576
72 92 1.395
72 93 2.387
72 94 0.917
72 95 0.299
72 96 1.555
72 97 0.052
72 98 1.318
72 99 2.222
73 74 0.417
73 75 2.974
73 76 1.471
73 77 1.863
73 78 0.090
73 79 2.243
73 80 1.946
73 81 2.901
73 82 2.013
73 83 0.714
73 84 0.482
73 85 0.838
73 86 0.787
73 87 3.066
73 88 0.279
73 89 0.236
73 90 0.064
73 91 0.159
73 92 2.125
73 93 1.657
73 94 1.647
73 95 0.431
73 96 0.826
73 97 0.680
73 98 0.588
73 99 1.492
74 75 3.387
74 76 1.058
74 77 1.448
74 78 0.328
74 79 1.828
74 80 2.361
74 81 2.486
74 82 1.598
74 83 0.302
74 84 0.893
74 85 1.252
74 86 1.199
74 87 2.651
74 88 0.691
74 89 0.181
74 90 0.356
74 91 0.260
74 92 1.710
74 93 2.071
74 94 1.232
74 95 0.032
74 96 1.240
74 97 0.267
74 98 1.002
74 99 1.906
75 76 4.445
75 77 4.835
75 78 3.064
75 79 5.215
75 80 1.030
75 81 5.873
75 82 4.984
75 83 3.687
75 84 2.494
75 85 2.136
75 86 2.189
75 87 6.037
75 88 2.697
75 89 3.208
75 90 3.033
75 91 3.128
75 92 5.097
75 93 1.317
75 94 4.619
75 95 3.404
75 96 2.148
75 97 3.653
75 98 2.386
75 99 1.482
76 77 0.394
76 78 1.381
76 79 0.774
76 80 3.417
76 81 1.431
76 82 0.547
76 83 0.758
76 84 1.951
76 85 2.309
76 86 2.256
76 87 1.597
76 88 1.748
76 89 1.237
76 90 1.412
76 91 1.317
76 92 0.655
76 93 3.128
76 94 0.185
76 95 1.041
76 96 2.297
76 97 0.792
76 98 2.059
76 99 2.963
77 78 1.773
77 79 0.380
77 80 3.809
77 81 1.038
77 82 0.154
77 83 1.149
77 84 2.341
77 85 2.700
77 86 2.647
77 87 1.203
77 88 2.139
77 89 1.628
77 90 1.803
77 91 1.708
77 92 0.262
77 93 3.519
77 94 0.217
77 95 1.432
77 96 2.688
77 97 1.183
77 98 2.450
77 99 3.354
78 79 2.153
78 80 2.036
78 81 2.811
78 82 1.923
78 83 0.624
78 84 0.571
78 85 0.928
78 86 0.877
78 87 2.976
78 88 0.369
78 89 0.147
78 90 0.038
78 91 0.075
78 92 2.034
78 93 1.747
78 94 1.557
78 95 0.341
78 96 0.916
78 97 0.590
78 98 0.678
78 99 1.582
79 80 4.189
79 81 0.658
79 82 0.231
79 83 1.530
79 84 2.721
79 85 3.080
79 86 3.026
79 87 0.823
79 88 2.519
79 89 2.008
79 90 2.183
79 91 2.088
79 92 0.119
79 93 3.899
79 94 0.596
79 95 1.812
79 96 3.068
79 97 1.563
79 98 2.830
79 99 3.734
80 81 4.847
80 82 3.959
80 83 2.660
80 84 1.468
80 85 1.109
80 86 1.163
80 87 5.012
80 88 1.670
80 89 2.181
80 90 2.006
80 91 2.101
80 92 4.070
80 93 0.292
80 94 3.592
80 95 2.377
80 96 1.121
80 97 2.626
80 98 1.359
80 99 0.455
81 82 0.889
81 83 2.187
81 84 3.379
81 85 3.738
81 86 3.684
81 87 0.167
81 88 3.177
81 89 2.666
81 90 2.841
81 91 2.746
81 92 0.777
81 93 4.557
81 94 1.254
81 95 2.470
81 96 3.726
81 97 2.221
81 98 3.488
81 99 4.392
82 83 1.300
82 84 2.491
82 85 2.849
82 86 2.796
82 87 1.053
82 88 2.288
82 89 1.778
82 90 1.953
82 91 1.858
82 92 0.116
82 93 3.668
82 94 0.366
82 95 1.582
82 96 2.837
82 97 1.333
82 98 2.600
82 99 3.504
83 84 1.193
83 85 1.551
83 86 1.499
83 87 2.353
83 88 0.990
83 89 0.479
83 90 0.654
83 91 0.560
83 92 1.411
83 93 2.370
83 94 0.934
83 95 0.283
83 96 1.539
83 97 0.036
83 98 1.301
83 99 2.206
84 85 0.359
84 86 0.306
84 87 3.544
84 88 0.203
84 89 0.714
84 90 0.539
84 91 0.634
84 92 2.603
84 93 1.178
84 94 2.125
84 95 0.910
84 96 0.347
84 97 1.159
84 98 0.111
84 99 1.013
85 86 0.061
85 87 3.902
85 88 0.561
85 89 1.072
85 90 0.897
85 91 0.992
85 92 2.961
85 93 0.819
85 94 2.483
85 95 1.268
85 96 0.012
85 97 1.517
85 98 0.250
85 99 0.655
86 87 3.849
86 88 0.508
86 89 1.020
86 90 0.844
86 91 0.939
86 92 2.908
86 93 0.873
86 94 2.430
86 95 1.216
86 96 0.050
86 97 1.464
86 98 0.199
86 99 0.708
87 88 3.341
87 89 2.831
87 90 3.006
87 91 2.911
87 92 0.942
87 93 4.721
87 94 1.419
87 95 2.635
87 96 3.890
87 97 2.386
87 98 3.653
87 99 4.557
88 89 0.511
88 90 0.336
88 91 0.431
88 92 2.400
88 93 1.380
88 94 1.922
88 95 0.707
88 96 0.549
88 97 0.956
88 98 0.312
88 99 1.216
89 90 0.176
89 91 0.082
89 92 1.889
89 93 1.892
89 94 1.411
89 95 0.196
89 96 1.060
89 97 0.445
89 98 0.823
89 99 1.727
90 91 0.097
90 92 2.065
90 93 1.716
90 94 1.587
90 95 0.372
90 96 0.885
90 97 0.620
90 98 0.647
90 99 1.551
91 92 1.969
91 93 1.811
91 94 1.491
91 95 0.277
91 96 0.980
91 97 0.525
91 98 0.742
91 99 1.646
92 93 3.781
92 94 0.478
92 95 1.693
92 96 2.949
92 97 1.445
92 98 2.712
92 99 3.616
93 94 3.303
93 95 2.087
93 96 0.831
93 97 2.336
93 98 1.069
93 99 0.165
94 95 1.216
94 96 2.471
94 97 0.967
94 98 2.234
94 99 3.138
95 96 1.256
95 97 0.249
95 98 1.019
95 99 1.923
96 97 1.505
96 98 0.238
96 99 0.667
97 98 1.267
97 99 2.172
98 99 0.904
