nodei nodej distance
0 1 2.275
0 2 1.499
0 3 1.293
0 4 1.616
0 5 3.181
0 6 1.684
0 7 2.335
0 8 2.420
0 9 2.295
0 10 0.892
0 11 2.742
0 12 0.244
0 13 1.766
0 14 2.447
0 15 0.300
0 16 2.033
0 17 0.343
0 18 2.152
0 19 1.033
0 20 1.842
0 21 2.488
0 22 1.756
0 23 3.382
0 24 1.394
0 25 0.234
0 26 1.388
0 27 2.228
0 28 2.912
0 29 2.517
0 30 1.176
0 31 0.637
0 32 3.009
0 33 1.073
0 34 3.202
0 35 0.732
0 36 0.826
0 37 2.350
0 38 1.181
0 39 0.958
0 40 3.194
0 41 1.847
0 42 0.407
0 43 1.970
0 44 1.169
0 45 0.962
0 46 1.275
0 47 1.714
0 48 2.481
0 49 2.826
0 50 1.214
0 51 0.769
0 52 0.505
0 53 2.344
0 54 1.718
0 55 2.246
0 56 1.418
0 57 1.566
0 58 2.351
0 59 1.013
0 60 2.141
0 61 1.555
0 62 1.676
0 63 1.997
0 64 1.945
0 65 1.819
0 66 2.138
0 67 1.870
0 68 0.327
0 69 2.294
0 70 2.445
0 71 2.845
0 72 1.516
0 73 2.087
0 74 1.875
0 75 0.876
0 76 1.441
0 77 2.329
0 78 1.035
0 79 0.995
0 80 2.433
0 81 0.995
0 82 2.230
0 83 2.238
0 84 0.811
0 85 1.764
0 86 0.906
0 87 1.669
0 88 0.438
0 89 1.457
0 90 1.685
0 91 2.707
0 92 2.432
0 93 0.932
0 94 1.219
0 95 0.959
0 96 2.054
0 97 0.073
0 98 1.988
0 99 2.001
1 2 1.461
1 3 1.025
1 4 1.315
1 5 1.661
1 6 2.593
1 7 2.835
1 8 0.924
1 9 2.129
1 10 1.904
1 11 1.034
1 12 2.450
1 13 0.852
1 14 1.530
1 15 2.228
1 16 0.277
1 17 2.617
1 18 0.500
1 19 1.761
1 20 1.033
1 21 0.350
1 22 1.432
1 23 2.053
1 24 3.014
1 25 2.043
1 26 3.084
1 27 0.479
1 28 1.623
1 29 1.100
1 30 3.295
1 31 2.799
1 32 1.839
1 33 3.336
1 34 1.729
1 35 1.674
1 36 1.638
1 37 0.857
1 38 2.020
1 39 2.103
1 40 1.791
1 41 2.474
1 42 2.213
1 43 3.084
1 44 1.603
1 45 2.739
1 46 2.281
1 47 1.895
1 48 0.800
1 49 1.240
1 50 1.925
1 51 1.506
1 52 1.776
1 53 3.278
1 54 0.974
1 55 1.465
1 56 2.952
1 57 2.556
1 58 2.788
1 59 2.879
1 60 0.982
1 61 3.274
1 62 1.421
1 63 1.306
1 64 3.442
1 65 0.646
1 66 1.202
1 67 1.918
1 68 1.953
1 69 2.379
1 70 1.157
1 71 2.073
1 72 1.908
1 73 2.914
1 74 2.094
1 75 1.600
1 76 1.249
1 77 2.317
1 78 3.248
1 79 1.658
1 80 0.493
1 81 1.791
1 82 2.577
1 83 0.317
1 84 1.909
1 85 0.722
1 86 1.477
1 87 0.626
1 88 1.846
1 89 1.845
1 90 0.719
1 91 1.212
1 92 0.659
1 93 1.623
1 94 1.097
1 95 3.229
1 96 1.485
1 97 2.222
1 98 3.073
1 99 0.464
2 3 1.173
2 4 1.870
2 5 1.718
2 6 1.132
2 7 1.445
2 8 1.075
2 9 0.956
2 10 0.683
2 11 1.394
2 12 1.538
2 13 0.613
2 14 0.950
2 15 1.654
2 16 1.192
2 17 1.789
2 18 1.053
2 19 1.779
2 20 0.502
2 21 1.464
2 22 0.257
2 23 1.887
2 24 1.639
2 25 1.305
2 26 1.725
2 27 1.122
2 28 1.427
2 29 1.113
2 30 2.674
2 31 1.745
2 32 1.511
2 33 2.492
2 34 1.730
2 35 1.405
2 36 0.685
2 37 1.032
2 38 2.086
2 39 1.997
2 40 1.711
2 41 1.028
2 42 1.713
2 43 1.624
2 44 1.748
2 45 1.471
2 46 0.858
2 47 0.480
2 48 2.109
2 49 1.416
2 50 2.040
2 51 1.046
2 52 1.094
2 53 1.828
2 54 1.679
2 55 0.749
2 56 1.559
2 57 1.100
2 58 1.413
2 59 2.459
2 60 2.020
2 61 1.904
2 62 1.996
2 63 2.141
2 64 2.007
2 65 0.815
2 66 0.683
2 67 0.572
2 68 1.224
2 69 1.099
2 70 1.016
2 71 1.370
2 72 0.448
2 73 1.465
2 74 0.706
2 75 0.640
2 76 0.248
2 77 1.079
2 78 2.512
2 79 0.505
2 80 1.308
2 81 1.775
2 82 1.211
2 83 1.642
2 84 1.738
2 85 1.496
2 86 0.684
2 87 1.193
2 88 1.261
2 89 0.385
2 90 0.767
2 91 1.289
2 92 1.989
2 93 1.557
2 94 1.164
2 95 2.277
2 96 0.555
2 97 1.426
2 98 1.612
2 99 1.004
3 4 0.697
3 5 2.340
3 6 2.126
3 7 2.584
3 8 1.496
3 9 2.114
3 10 1.215
3 11 1.767
3 12 1.497
3 13 0.903
3 14 1.839
3 15 1.209
3 16 0.832
3 17 1.628
3 18 1.077
3 19 0.800
3 20 1.108
3 21 1.302
3 22 1.330
3 23 2.656
3 24 2.302
3 25 1.071
3 26 2.348
3 27 1.138
3 28 2.167
3 29 1.651
3 30 2.270
3 31 1.875
3 32 2.338
3 33 2.330
3 34 2.387
3 35 0.649
3 36 0.879
3 37 1.411
3 38 1.099
3 39 1.123
3 40 2.415
3 41 2.118
3 42 1.189
3 43 2.584
3 44 0.686
3 45 1.946
3 46 1.717
3 47 1.641
3 48 1.220
3 49 1.920
3 50 1.021
3 51 0.543
3 52 0.829
3 53 2.871
3 54 0.551
3 55 1.675
3 56 2.268
3 57 2.048
3 58 2.561
3 59 1.861
3 60 0.961
3 61 2.541
3 62 0.823
3 63 0.989
3 64 2.808
3 65 0.802
3 66 1.445
3 67 1.745
3 68 0.991
3 69 2.272
3 70 1.633
3 71 2.377
3 72 1.543
3 73 2.523
3 74 1.869
3 75 0.865
3 76 0.937
3 77 2.250
3 78 2.228
3 79 1.018
3 80 1.315
3 81 0.820
3 82 2.368
3 83 0.947
3 84 0.903
3 85 0.489
3 86 0.713
3 87 0.399
3 88 0.855
3 89 1.462
3 90 0.685
3 91 1.832
3 92 1.153
3 93 0.621
3 94 0.074
3 95 2.250
3 96 1.564
3 97 1.250
3 98 2.584
3 99 0.901
4 5 2.882
4 6 2.781
4 7 3.270
4 8 2.049
4 9 2.808
4 10 1.835
4 11 2.269
4 12 1.856
4 13 1.545
4 14 2.484
4 15 1.410
4 16 1.255
4 17 1.897
4 18 1.584
4 19 0.658
4 20 1.766
4 21 1.659
4 22 2.021
4 23 3.234
4 24 2.852
4 25 1.450
4 26 2.880
4 27 1.623
4 28 2.757
4 29 2.221
4 30 2.287
4 31 2.251
4 32 2.946
4 33 2.495
4 34 2.939
4 35 0.890
4 36 1.499
4 37 1.965
4 38 0.795
4 39 0.965
4 40 2.981
4 41 2.795
4 42 1.339
4 43 3.219
4 44 0.479
4 45 2.455
4 46 2.356
4 47 2.336
4 48 1.025
4 49 2.451
4 50 0.693
4 51 1.056
4 52 1.294
4 53 3.527
4 54 0.340
4 55 2.335
4 56 2.835
4 57 2.694
4 58 3.250
4 59 1.790
4 60 0.601
4 61 3.069
4 62 0.130
4 63 0.381
4 64 3.384
4 65 1.394
4 66 2.089
4 67 2.441
4 68 1.402
4 69 2.968
4 70 2.226
4 71 3.035
4 72 2.230
4 73 3.187
4 74 2.563
4 75 1.499
4 76 1.633
4 77 2.947
4 78 2.331
4 79 1.672
4 80 1.749
4 81 0.701
4 82 3.060
4 83 1.071
4 84 0.890
4 85 0.601
4 86 1.352
4 87 0.847
4 88 1.228
4 89 2.148
4 90 1.307
4 91 2.384
4 92 1.043
4 93 0.685
4 94 0.711
4 95 2.501
4 96 2.242
4 97 1.602
4 98 3.223
4 99 1.418
5 6 2.473
5 7 2.287
5 8 0.845
5 9 1.487
5 10 2.400
5 11 0.628
5 12 3.248
5 13 1.478
5 14 0.822
5 15 3.282
5 16 1.633
5 17 3.492
5 18 1.298
5 19 3.135
5 20 1.348
5 21 1.330
5 22 1.473
5 23 0.414
5 24 3.198
5 25 2.966
5 26 3.299
5 27 1.261
5 28 0.334
5 29 0.694
5 30 4.352
5 31 3.462
5 32 0.445
5 33 4.206
5 34 0.079
5 35 2.876
5 36 2.356
5 37 0.930
5 38 3.439
5 39 3.439
5 40 0.175
5 41 2.221
5 42 3.318
5 43 2.880
5 44 3.025
5 45 3.138
5 46 2.432
5 47 1.772
5 48 2.421
5 49 0.431
5 50 3.361
5 51 2.559
5 52 2.717
5 53 2.873
5 54 2.558
5 55 1.003
5 56 3.098
5 57 2.515
5 58 2.216
5 59 4.068
5 60 2.642
5 61 3.449
5 62 3.004
5 63 2.950
5 64 3.400
5 65 1.538
5 66 1.045
5 67 1.659
5 68 2.876
5 69 1.763
5 70 0.742
5 71 0.908
5 72 1.941
5 73 2.573
5 74 1.809
5 75 2.306
5 76 1.741
5 77 1.664
5 78 4.212
5 79 2.213
5 80 1.169
5 81 3.150
5 82 2.047
5 83 1.977
5 84 3.194
5 85 2.291
5 86 2.287
5 87 2.043
5 88 2.863
5 89 1.943
5 90 1.661
5 91 0.509
5 92 2.283
5 93 2.937
5 94 2.385
5 95 3.995
5 96 1.208
5 97 3.110
5 98 2.852
5 99 1.467
6 7 0.669
6 8 2.088
6 9 1.043
6 10 0.961
6 11 2.368
6 12 1.551
6 13 1.745
6 14 1.664
6 15 1.964
6 16 2.323
6 17 1.795
6 18 2.174
6 19 2.462
6 20 1.602
6 21 2.581
6 22 1.215
6 23 2.467
6 24 0.789
6 25 1.630
6 26 0.895
6 27 2.238
6 28 2.140
6 29 2.059
6 30 2.660
6 31 1.481
6 32 2.109
6 33 2.284
6 34 2.452
6 35 2.048
6 36 1.286
6 37 2.071
6 38 2.719
6 39 2.546
6 40 2.394
6 41 0.279
6 42 2.064
6 43 0.491
6 44 2.508
6 45 0.954
6 46 0.439
6 47 0.758
6 48 3.210
6 49 2.316
6 50 2.712
6 51 1.751
6 52 1.599
6 53 0.747
6 54 2.675
6 55 1.518
6 56 0.680
6 57 0.120
6 58 0.701
6 59 2.668
6 60 3.063
6 61 1.006
6 62 2.893
6 63 3.112
6 64 0.936
6 65 1.947
6 66 1.635
6 67 0.828
6 68 1.604
6 69 0.856
6 70 1.942
6 71 1.734
6 72 0.688
6 73 0.418
6 74 0.665
6 75 1.283
6 76 1.353
6 77 0.940
6 78 2.416
6 79 1.110
6 80 2.410
6 81 2.441
6 82 0.653
6 83 2.762
6 84 2.321
6 85 2.543
6 86 1.429
6 87 2.266
6 88 1.747
6 89 0.748
6 90 1.890
6 91 2.191
6 92 3.098
6 93 2.263
6 94 2.089
6 95 1.987
6 96 1.343
6 97 1.626
6 98 0.480
6 99 2.136
7 8 2.140
7 9 0.819
7 10 1.538
7 11 2.357
7 12 2.215
7 13 1.998
7 14 1.571
7 15 2.606
7 16 2.588
7 17 2.462
7 18 2.360
7 19 3.036
7 20 1.802
7 21 2.741
7 22 1.405
7 23 2.172
7 24 1.373
7 25 2.259
7 26 1.474
7 27 2.410
7 28 1.962
7 29 2.056
7 30 3.329
7 31 2.148
7 32 1.865
7 33 2.944
7 34 2.246
7 35 2.623
7 36 1.827
7 37 2.149
7 38 3.311
7 39 3.156
7 40 2.168
7 41 0.500
7 42 2.702
7 43 0.733
7 44 3.057
7 45 1.613
7 46 1.061
7 47 0.967
7 48 3.541
7 49 2.248
7 50 3.293
7 51 2.296
7 52 2.191
7 53 0.592
7 54 3.113
7 55 1.496
7 56 1.268
7 57 0.789
7 58 0.074
7 59 3.330
7 60 3.465
7 61 1.529
7 62 3.391
7 63 3.569
7 64 1.279
7 65 2.214
7 66 1.702
7 67 0.917
7 68 2.222
7 69 0.531
7 70 1.939
7 71 1.419
7 72 1.041
7 73 0.391
7 74 0.748
7 75 1.810
7 76 1.693
7 77 0.627
7 78 3.083
7 79 1.622
7 80 2.545
7 81 3.019
7 82 0.265
7 83 3.058
7 84 2.919
7 85 2.940
7 86 1.940
7 87 2.639
7 88 2.350
7 89 1.122
7 90 2.195
7 91 2.138
7 92 3.415
7 93 2.825
7 94 2.561
7 95 2.644
7 96 1.388
7 97 2.274
7 98 0.696
7 99 2.372
8 9 1.348
8 10 1.732
8 11 0.327
8 12 2.519
8 13 0.661
8 14 0.643
8 15 2.488
8 16 0.822
8 17 2.747
8 18 0.474
8 19 2.292
8 20 0.597
8 21 0.675
8 22 0.891
8 23 1.185
8 24 2.699
8 25 2.194
8 26 2.790
8 27 0.458
8 28 0.718
8 29 0.179
8 30 3.572
8 31 2.782
8 32 0.924
8 33 3.476
8 34 0.895
8 35 2.047
8 36 1.612
8 37 0.085
8 38 2.595
8 39 2.601
8 40 0.932
8 41 1.893
8 42 2.513
8 43 2.560
8 44 2.180
8 45 2.545
8 46 1.910
8 47 1.330
8 48 1.723
8 49 0.427
8 50 2.516
8 51 1.747
8 52 1.933
8 53 2.664
8 54 1.734
8 55 0.648
8 56 2.612
8 57 2.091
8 58 2.081
8 59 3.256
8 60 1.869
8 61 2.962
8 62 2.174
8 63 2.149
8 64 3.015
8 65 0.694
8 66 0.455
8 67 1.284
8 68 2.102
8 69 1.629
8 70 0.242
8 71 1.158
8 72 1.435
8 73 2.315
8 74 1.466
8 75 1.563
8 76 1.008
8 77 1.548
8 78 3.455
8 79 1.510
8 80 0.466
8 81 2.308
8 82 1.875
8 83 1.235
8 84 2.359
8 85 1.468
8 86 1.514
8 87 1.205
8 88 2.067
8 89 1.405
8 90 0.820
8 91 0.338
8 92 1.582
8 93 2.097
8 94 1.542
8 95 3.293
8 96 0.764
8 97 2.351
8 98 2.539
8 99 0.632
9 10 1.404
9 11 1.544
9 12 2.259
9 13 1.349
9 14 0.754
9 15 2.509
9 16 1.909
9 17 2.522
9 18 1.634
9 19 2.730
9 20 1.126
9 21 1.984
9 22 0.790
9 23 1.431
9 24 1.822
9 25 2.146
9 26 1.927
9 27 1.672
9 28 1.156
9 29 1.249
9 30 3.429
9 31 2.334
9 32 1.087
9 33 3.144
9 34 1.453
9 35 2.344
9 36 1.570
9 37 1.369
9 38 3.033
9 39 2.930
9 40 1.384
9 41 0.769
9 42 2.584
9 43 1.401
9 44 2.704
9 45 1.883
9 46 1.159
9 47 0.582
9 48 2.887
9 49 1.429
9 50 2.992
9 51 1.987
9 52 1.985
9 53 1.392
9 54 2.588
9 55 0.701
9 56 1.714
9 57 1.113
9 58 0.752
9 59 3.302
9 60 2.884
9 61 2.048
9 62 2.936
9 63 3.052
9 64 1.936
9 65 1.560
9 66 0.938
9 67 0.428
9 68 2.079
9 69 0.289
9 70 1.134
9 71 0.692
9 72 0.780
9 73 1.087
9 74 0.446
9 75 1.534
9 76 1.178
9 77 0.201
9 78 3.223
9 79 1.355
9 80 1.780
9 81 2.724
9 82 0.565
9 83 2.387
9 84 2.673
9 85 2.374
9 86 1.616
9 87 2.061
9 88 2.156
9 89 0.840
9 90 1.578
9 91 1.320
9 92 2.752
9 93 2.508
9 94 2.112
9 95 2.876
9 96 0.644
9 97 2.224
9 98 1.371
9 99 1.682
10 11 2.058
10 12 0.879
10 13 1.156
10 14 1.616
10 15 1.115
10 16 1.628
10 17 1.139
10 18 1.607
10 19 1.507
10 20 1.137
10 21 2.004
10 22 0.929
10 23 2.552
10 24 1.120
10 25 0.752
10 26 1.183
10 27 1.683
10 28 2.104
10 29 1.788
10 30 2.043
10 31 1.062
10 32 2.173
10 33 1.820
10 34 2.410
10 35 1.092
10 36 0.338
10 37 1.679
10 38 1.774
10 39 1.620
10 40 2.388
10 41 1.038
10 42 1.198
10 43 1.384
10 44 1.547
10 45 0.844
10 46 0.525
10 47 0.822
10 48 2.385
10 49 2.095
10 50 1.760
10 51 0.792
10 52 0.653
10 53 1.701
10 54 1.764
10 55 1.417
10 56 1.071
10 57 0.864
10 58 1.539
10 59 1.899
10 60 2.174
10 61 1.376
10 62 1.942
10 63 2.180
10 64 1.600
10 65 1.298
10 66 1.365
10 67 0.979
10 68 0.698
10 69 1.417
10 70 1.696
10 71 1.968
10 72 0.625
10 73 1.377
10 74 0.990
10 75 0.350
10 76 0.735
10 77 1.444
10 78 1.858
10 79 0.247
10 80 1.885
10 81 1.487
10 82 1.389
10 83 1.994
10 84 1.381
10 85 1.673
10 86 0.502
10 87 1.437
10 88 0.813
10 89 0.565
10 90 1.193
10 91 1.968
10 92 2.291
10 93 1.303
10 94 1.167
10 95 1.596
10 96 1.215
10 97 0.820
10 98 1.388
10 99 1.503
11 12 2.845
11 13 0.978
11 14 0.793
11 15 2.802
11 16 1.014
11 17 3.071
11 18 0.695
11 19 2.567
11 20 0.924
11 21 0.709
11 22 1.196
11 23 1.022
11 24 3.006
11 25 2.515
11 26 3.098
11 27 0.647
11 28 0.636
11 29 0.310
11 30 3.890
11 31 3.108
11 32 0.858
11 33 3.801
11 34 0.695
11 35 2.345
11 36 1.938
11 37 0.393
11 38 2.864
11 39 2.885
11 40 0.760
11 41 2.157
11 42 2.824
11 43 2.828
11 44 2.444
11 45 2.865
11 46 2.217
11 47 1.612
11 48 1.803
11 49 0.214
11 50 2.781
11 51 2.056
11 52 2.252
11 53 2.905
11 54 1.940
11 55 0.870
11 56 2.916
11 57 2.380
11 58 2.293
11 59 3.562
11 60 2.014
11 61 3.268
11 62 2.389
11 63 2.324
11 64 3.301
11 65 0.979
11 66 0.741
11 67 1.548
11 68 2.422
11 69 1.832
11 70 0.428
11 71 1.206
11 72 1.734
11 73 2.566
11 74 1.726
11 75 1.888
11 76 1.335
11 77 1.743
11 78 3.777
11 79 1.837
11 80 0.541
11 81 2.586
11 82 2.095
11 83 1.350
11 84 2.649
11 85 1.673
11 86 1.837
11 87 1.440
11 88 2.382
11 89 1.710
11 90 1.112
11 91 0.246
11 92 1.664
11 93 2.380
11 94 1.819
11 95 3.620
11 96 1.026
11 97 2.674
11 98 2.806
11 99 0.871
12 13 1.880
12 14 2.485
12 15 0.525
12 16 2.199
12 17 0.264
12 18 2.289
12 19 1.277
12 20 1.929
12 21 2.642
12 22 1.793
12 23 3.423
12 24 1.179
12 25 0.427
12 26 1.164
12 27 2.365
12 28 2.965
12 29 2.603
12 30 1.171
12 31 0.395
12 32 3.045
12 33 0.959
12 34 3.264
12 35 0.968
12 36 0.907
12 37 2.454
12 38 1.417
12 39 1.189
12 40 3.249
12 41 1.741
12 42 0.631
12 43 1.793
12 44 1.413
12 45 0.748
12 46 1.172
12 47 1.686
12 48 2.701
12 49 2.913
12 50 1.455
12 51 0.959
12 52 0.677
12 53 2.173
12 54 1.946
12 55 2.285
12 56 1.212
12 57 1.431
12 58 2.238
12 59 1.117
12 60 2.371
12 61 1.324
12 62 1.918
12 63 2.237
12 64 1.726
12 65 1.956
12 66 2.204
12 67 1.843
12 68 0.506
12 69 2.227
12 70 2.523
12 71 2.846
12 72 1.483
12 73 1.939
12 74 1.824
12 75 0.957
12 76 1.519
12 77 2.271
12 78 0.979
12 79 1.036
12 80 2.572
12 81 1.239
12 82 2.135
12 83 2.435
12 84 1.054
12 85 1.977
12 86 1.021
12 87 1.860
12 88 0.652
12 89 1.434
12 90 1.825
12 91 2.790
12 92 2.645
12 93 1.174
12 94 1.424
12 95 0.787
12 96 2.086
12 97 0.256
12 98 1.814
12 99 2.147
13 14 0.941
13 15 1.827
13 16 0.592
13 17 2.098
13 18 0.455
13 19 1.674
13 20 0.229
13 21 0.862
13 22 0.593
13 23 1.765
13 24 2.220
13 25 1.538
13 26 2.299
13 27 0.529
13 28 1.274
13 29 0.785
13 30 2.912
13 31 2.168
13 32 1.436
13 33 2.830
13 34 1.516
13 35 1.398
13 36 0.978
13 37 0.586
13 38 1.984
13 39 1.966
13 40 1.533
13 41 1.623
13 42 1.852
13 43 2.236
13 44 1.583
13 45 1.998
13 46 1.458
13 47 1.046
13 48 1.550
13 49 1.082
13 50 1.913
13 51 1.087
13 52 1.274
13 53 2.427
13 54 1.277
13 55 0.792
13 56 2.148
13 57 1.713
13 58 1.955
13 59 2.597
13 60 1.538
13 61 2.484
13 62 1.675
13 63 1.734
13 64 2.615
13 65 0.217
13 66 0.546
13 67 1.081
13 68 1.445
13 69 1.571
13 70 0.745
13 71 1.490
13 72 1.058
13 73 2.063
13 74 1.251
13 75 0.930
13 76 0.431
13 77 1.522
13 78 2.800
13 79 0.915
13 80 0.730
13 81 1.686
13 82 1.745
13 83 1.061
13 84 1.718
13 85 1.041
13 86 0.863
13 87 0.730
13 88 1.406
13 89 0.998
13 90 0.241
13 91 0.976
13 92 1.421
13 93 1.468
13 94 0.934
13 95 2.662
13 96 0.724
13 97 1.699
13 98 2.224
13 99 0.391
14 15 2.587
14 16 1.368
14 17 2.739
14 18 1.037
14 19 2.584
14 20 0.732
14 21 1.315
14 22 0.693
14 23 0.938
14 24 2.376
14 25 2.247
14 26 2.477
14 27 1.052
14 28 0.499
14 29 0.511
14 30 3.623
14 31 2.668
14 32 0.562
14 33 3.435
14 34 0.815
14 35 2.261
14 36 1.626
14 37 0.688
14 38 2.896
14 39 2.851
14 40 0.779
14 41 1.424
14 42 2.638
14 43 2.093
14 44 2.509
14 45 2.321
14 46 1.610
14 47 0.950
14 48 2.326
14 49 0.678
14 50 2.832
14 51 1.915
14 52 2.020
14 53 2.133
14 54 2.203
14 55 0.201
14 56 2.277
14 57 1.699
14 58 1.506
14 59 3.389
14 60 2.414
14 61 2.628
14 62 2.614
14 63 2.651
14 64 2.597
14 65 1.099
14 66 0.395
14 67 0.841
14 68 2.163
14 69 1.043
14 70 0.406
14 71 0.558
14 72 1.121
14 73 1.807
14 74 1.000
14 75 1.578
14 76 1.039
14 77 0.952
14 78 3.462
14 79 1.455
14 80 1.106
14 81 2.590
14 82 1.312
14 83 1.826
14 84 2.594
14 85 1.954
14 86 1.591
14 87 1.653
14 88 2.180
14 89 1.127
14 90 1.177
14 91 0.567
14 92 2.186
14 93 2.368
14 94 1.863
14 95 3.208
14 96 0.402
14 97 2.374
14 98 2.067
14 99 1.143
15 16 2.007
15 17 0.490
15 18 2.172
15 19 0.785
15 20 1.935
15 21 2.474
15 22 1.907
15 23 3.513
15 24 1.693
15 25 0.363
15 26 1.684
15 27 2.245
15 28 3.032
15 29 2.602
15 30 1.091
15 31 0.892
15 32 3.147
15 33 1.127
15 34 3.310
15 35 0.576
15 36 0.969
15 37 2.412
15 38 0.894
15 39 0.665
15 40 3.310
15 41 2.112
15 42 0.107
15 43 2.266
15 44 0.941
15 45 1.261
15 46 1.545
15 47 1.927
15 48 2.338
15 49 2.906
15 50 0.937
15 51 0.752
15 52 0.568
15 53 2.638
15 54 1.560
15 55 2.389
15 56 1.718
15 57 1.848
15 58 2.618
15 59 0.805
15 60 1.969
15 61 1.848
15 62 1.454
15 63 1.787
15 64 2.244
15 65 1.844
15 66 2.252
15 67 2.081
15 68 0.433
15 69 2.531
15 70 2.541
15 71 3.021
15 72 1.736
15 73 2.373
15 74 2.104
15 75 1.014
15 76 1.555
15 77 2.558
15 78 1.020
15 79 1.167
15 80 2.444
15 81 0.744
15 82 2.487
15 83 2.150
15 84 0.549
15 85 1.648
15 86 1.000
15 87 1.605
15 88 0.421
15 89 1.670
15 90 1.708
15 91 2.793
15 92 2.304
15 93 0.731
15 94 1.135
15 95 1.094
15 96 2.206
15 97 0.343
15 98 2.284
15 99 2.009
16 17 2.376
16 18 0.348
16 19 1.611
16 20 0.791
16 21 0.471
16 22 1.182
16 23 2.000
16 24 2.737
16 25 1.799
16 26 2.807
16 27 0.372
16 28 1.540
16 29 1.000
16 30 3.088
16 31 2.539
16 32 1.744
16 33 3.101
16 34 1.693
16 35 1.472
16 36 1.368
16 37 0.742
16 38 1.891
16 39 1.946
16 40 1.742
16 41 2.213
16 42 2.001
16 43 2.814
16 44 1.469
16 45 2.465
16 46 2.006
16 47 1.637
16 48 0.978
16 49 1.202
16 50 1.801
16 51 1.270
16 52 1.530
16 53 3.016
16 54 0.926
16 55 1.275
16 56 2.675
16 57 2.283
16 58 2.544
16 59 2.693
16 60 1.053
16 61 2.998
16 62 1.374
16 63 1.327
16 64 3.167
16 65 0.378
16 66 1.008
16 67 1.671
16 68 1.709
16 69 2.148
16 70 1.032
16 71 1.924
16 72 1.641
16 73 2.652
16 74 1.842
16 75 1.329
16 76 0.975
16 77 2.092
16 78 3.025
16 79 1.382
16 80 0.501
16 81 1.637
16 82 2.333
16 83 0.478
16 84 1.734
16 85 0.658
16 86 1.210
16 87 0.451
16 88 1.613
16 89 1.576
16 90 0.443
16 91 1.146
16 92 0.843
16 93 1.450
16 94 0.899
16 95 2.982
16 96 1.267
16 97 1.977
16 98 2.803
16 99 0.230
17 18 2.492
17 19 1.274
17 20 2.162
17 21 2.830
17 22 2.045
17 23 3.676
17 24 1.351
17 25 0.577
17 26 1.319
17 27 2.568
17 28 3.214
17 29 2.838
17 30 0.907
17 31 0.449
17 32 3.299
17 33 0.733
17 34 3.510
17 35 1.036
17 36 1.139
17 37 2.679
17 38 1.356
17 39 1.117
17 40 3.497
17 41 1.994
17 42 0.576
17 43 2.005
17 44 1.430
17 45 0.935
17 46 1.428
17 47 1.949
17 48 2.801
17 49 3.147
17 50 1.410
17 51 1.111
17 52 0.848
17 53 2.389
17 54 2.029
17 55 2.538
17 56 1.400
17 57 1.675
17 58 2.487
17 59 0.888
17 60 2.446
17 61 1.459
17 62 1.943
17 63 2.275
17 64 1.884
17 65 2.158
17 66 2.447
17 67 2.106
17 68 0.669
17 69 2.488
17 70 2.761
17 71 3.107
17 72 1.746
17 73 2.173
17 74 2.087
17 75 1.189
17 76 1.755
17 77 2.534
17 78 0.723
17 79 1.285
17 80 2.773
17 81 1.232
17 82 2.391
17 83 2.575
17 84 1.037
17 85 2.093
17 86 1.236
17 87 2.009
17 88 0.774
17 89 1.697
17 90 2.025
17 91 3.027
17 92 2.758
17 93 1.214
17 94 1.554
17 95 0.624
17 96 2.340
17 97 0.402
17 98 2.028
17 99 2.342
18 19 1.877
18 20 0.574
18 21 0.411
18 22 0.974
18 23 1.657
18 24 2.674
18 25 1.919
18 26 2.754
18 27 0.077
18 28 1.192
18 29 0.652
18 30 3.263
18 31 2.597
18 32 1.396
18 33 3.225
18 34 1.355
18 35 1.679
18 36 1.404
18 37 0.394
18 38 2.170
18 39 2.200
18 40 1.400
18 41 2.029
18 42 2.182
18 43 2.663
18 44 1.750
18 45 2.450
18 46 1.907
18 47 1.444
18 48 1.289
18 49 0.868
18 50 2.086
18 51 1.420
18 52 1.649
18 53 2.829
18 54 1.263
18 55 0.966
18 56 2.601
18 57 2.150
18 58 2.310
18 59 2.904
18 60 1.400
18 61 2.939
18 62 1.707
18 63 1.675
18 64 3.060
18 65 0.334
18 66 0.703
18 67 1.449
18 68 1.826
18 69 1.890
18 70 0.685
18 71 1.587
18 72 1.487
18 73 2.467
18 74 1.629
18 75 1.357
18 76 0.885
18 77 1.825
18 78 3.174
18 79 1.363
18 80 0.284
18 81 1.897
18 82 2.099
18 83 0.789
18 84 1.970
18 85 0.996
18 86 1.269
18 87 0.746
18 88 1.759
18 89 1.434
18 90 0.468
18 91 0.803
18 92 1.149
18 93 1.695
18 94 1.133
18 95 3.076
18 96 0.992
18 97 2.090
18 98 2.648
18 99 0.176
19 20 1.857
19 21 2.072
19 22 1.992
19 23 3.439
19 24 2.376
19 25 0.921
19 26 2.387
19 27 1.935
19 28 2.948
19 29 2.443
19 30 1.637
19 31 1.664
19 32 3.107
19 33 1.839
19 34 3.180
19 35 0.415
19 36 1.211
19 37 2.208
19 38 0.312
19 39 0.343
19 40 3.203
19 41 2.539
19 42 0.700
19 43 2.848
19 44 0.183
19 45 1.954
19 46 2.024
19 47 2.186
19 48 1.660
19 49 2.717
19 50 0.262
19 51 0.750
19 52 0.865
19 53 3.192
19 54 0.892
19 55 2.405
19 56 2.379
19 57 2.359
19 58 3.030
19 59 1.157
19 60 1.252
19 61 2.565
19 62 0.679
19 63 1.019
19 64 2.925
19 65 1.598
19 66 2.199
19 67 2.319
19 68 0.904
19 69 2.831
19 70 2.417
19 71 3.097
19 72 2.035
19 73 2.881
19 74 2.401
19 75 1.233
19 76 1.586
19 77 2.832
19 78 1.672
19 79 1.423
19 80 2.106
19 81 0.043
19 82 2.863
19 83 1.593
19 84 0.239
19 85 1.067
19 86 1.122
19 87 1.161
19 88 0.735
19 89 1.955
19 90 1.475
19 91 2.627
19 92 1.656
19 93 0.222
19 94 0.751
19 95 1.860
19 96 2.264
19 97 1.037
19 98 2.858
19 99 1.700
20 21 0.979
20 22 0.402
20 23 1.599
20 24 2.140
20 25 1.622
20 26 2.226
20 27 0.636
20 28 1.109
20 29 0.676
20 30 3.007
20 31 2.185
20 32 1.253
20 33 2.887
20 34 1.376
20 35 1.552
20 36 1.023
20 37 0.542
20 38 2.168
20 39 2.134
20 40 1.381
20 41 1.455
20 42 1.971
20 43 2.091
20 44 1.777
20 45 1.959
20 46 1.359
20 47 0.871
20 48 1.764
20 49 0.985
20 50 2.103
20 51 1.219
20 52 1.370
20 53 2.256
20 54 1.504
20 55 0.570
20 56 2.060
20 57 1.584
20 58 1.756
20 59 2.723
20 60 1.766
20 61 2.406
20 62 1.896
20 63 1.962
20 64 2.500
20 65 0.433
20 66 0.342
20 67 0.885
20 68 1.531
20 69 1.357
20 70 0.607
20 71 1.271
20 72 0.918
20 73 1.894
20 74 1.062
20 75 0.973
20 76 0.412
20 77 1.303
20 78 2.876
20 79 0.913
20 80 0.811
20 81 1.865
20 82 1.545
20 83 1.268
20 84 1.881
20 85 1.269
20 86 0.941
20 87 0.958
20 88 1.516
20 89 0.870
20 90 0.469
20 91 0.866
20 92 1.631
20 93 1.644
20 94 1.132
20 95 2.699
20 96 0.496
20 97 1.772
20 98 2.075
20 99 0.571
21 22 1.374
21 23 1.731
21 24 3.082
21 25 2.253
21 26 3.160
21 27 0.343
21 28 1.327
21 29 0.835
21 30 3.557
21 31 2.968
21 32 1.548
21 33 3.559
21 34 1.401
21 35 1.943
21 36 1.780
21 37 0.628
21 38 2.342
21 39 2.410
21 40 1.469
21 41 2.429
21 42 2.470
21 43 3.070
21 44 1.922
21 45 2.848
21 46 2.317
21 47 1.845
21 48 1.094
21 49 0.922
21 50 2.250
21 51 1.731
21 52 1.983
21 53 3.226
21 54 1.319
21 55 1.291
21 56 3.010
21 57 2.560
21 58 2.687
21 59 3.163
21 60 1.325
21 61 3.346
21 62 1.768
21 63 1.655
21 64 3.471
21 65 0.707
21 66 1.048
21 67 1.839
21 68 2.161
21 69 2.253
21 70 0.916
21 71 1.829
21 72 1.895
21 73 2.866
21 74 2.022
21 75 1.736
21 76 1.292
21 77 2.181
21 78 3.490
21 79 1.758
21 80 0.209
21 81 2.099
21 82 2.477
21 83 0.654
21 84 2.202
21 85 1.061
21 86 1.633
21 87 0.913
21 88 2.074
21 89 1.843
21 90 0.825
21 91 0.914
21 92 0.954
21 93 1.918
21 94 1.369
21 95 3.429
21 96 1.356
21 97 2.429
21 98 3.054
21 99 0.504
22 23 1.631
22 24 1.810
22 25 1.561
22 26 1.902
22 27 1.033
22 28 1.175
22 29 0.900
22 30 2.931
22 31 1.989
22 32 1.255
22 33 2.745
22 34 1.481
22 35 1.632
22 36 0.940
22 37 0.863
22 38 2.302
22 39 2.226
22 40 1.459
22 41 1.055
22 42 1.964
22 43 1.699
22 44 1.946
22 45 1.684
22 46 1.021
22 47 0.471
22 48 2.142
22 49 1.194
22 50 2.250
22 51 1.276
22 52 1.345
22 53 1.855
22 54 1.798
22 55 0.492
22 56 1.722
22 57 1.207
22 58 1.362
22 59 2.712
22 60 2.105
22 61 2.072
22 62 2.150
22 63 2.263
22 64 2.130
22 65 0.810
22 66 0.460
22 67 0.488
22 68 1.478
22 69 0.986
22 70 0.794
22 71 1.124
22 72 0.544
22 73 1.494
22 74 0.662
22 75 0.893
22 76 0.406
22 77 0.945
22 78 2.769
22 79 0.762
22 80 1.196
22 81 1.991
22 82 1.152
22 83 1.654
22 84 1.968
22 85 1.589
22 86 0.926
22 87 1.277
22 88 1.510
22 89 0.514
22 90 0.804
22 91 1.065
22 92 2.014
22 93 1.770
22 94 1.333
22 95 2.525
22 96 0.299
22 97 1.683
22 98 1.683
22 99 0.968
23 24 3.230
23 25 3.179
23 26 3.334
23 27 1.629
23 28 0.491
23 29 1.014
23 30 4.559
23 31 3.598
23 32 0.380
23 33 4.372
23 34 0.337
23 35 3.150
23 36 2.559
23 37 1.269
23 38 3.748
23 39 3.729
23 40 0.262
23 41 2.198
23 42 3.558
23 43 2.826
23 44 3.341
23 45 3.225
23 46 2.499
23 47 1.835
23 48 2.824
23 49 0.812
23 50 3.675
23 51 2.817
23 52 2.945
23 53 2.764
23 54 2.918
23 55 1.138
23 56 3.125
23 57 2.526
23 58 2.098
23 59 4.311
23 60 3.029
23 61 3.467
23 62 3.359
23 63 3.326
23 64 3.366
23 65 1.859
23 66 1.265
23 67 1.700
23 68 3.093
23 69 1.676
23 70 1.024
23 71 0.755
23 72 2.024
23 73 2.499
23 74 1.820
23 75 2.510
23 76 1.958
23 77 1.577
23 78 4.399
23 79 2.392
23 80 1.559
23 81 3.450
23 82 1.957
23 83 2.370
23 84 3.477
23 85 2.653
23 86 2.513
23 87 2.388
23 88 3.100
23 89 2.043
23 90 1.971
23 91 0.854
23 92 2.685
23 93 3.232
23 94 2.694
23 95 4.140
23 96 1.338
23 97 3.310
23 98 2.795
23 99 1.817
24 25 1.455
24 26 0.106
24 27 2.747
24 28 2.869
24 29 2.705
24 30 2.089
24 31 0.928
24 32 2.862
24 33 1.639
24 34 3.185
24 35 1.994
24 36 1.434
24 37 2.664
24 38 2.566
24 39 2.351
24 40 3.135
24 41 1.068
24 42 1.800
24 43 0.723
24 44 2.475
24 45 0.432
24 46 0.789
24 47 1.428
24 48 3.499
24 49 2.988
24 50 2.589
24 51 1.805
24 52 1.559
24 53 1.099
24 54 2.839
24 55 2.207
24 56 0.109
24 57 0.708
24 58 1.426
24 59 2.229
24 60 3.262
24 61 0.265
24 62 2.941
24 63 3.220
24 64 0.552
24 65 2.389
24 66 2.266
24 67 1.541
24 68 1.476
24 69 1.645
24 70 2.595
24 71 2.512
24 72 1.276
24 73 0.998
24 74 1.409
24 75 1.458
24 76 1.790
24 77 1.729
24 78 1.820
24 79 1.361
24 80 2.940
24 81 2.344
24 82 1.427
24 83 3.114
24 84 2.179
24 85 2.778
24 86 1.605
24 87 2.555
24 88 1.650
24 89 1.296
24 90 2.296
24 91 2.860
24 92 3.408
24 93 2.220
24 94 2.245
24 95 1.329
24 96 2.012
24 97 1.365
24 98 0.755
24 99 2.593
25 26 1.466
25 27 1.994
25 28 2.704
25 29 2.296
25 30 1.386
25 31 0.816
25 32 2.809
25 33 1.307
25 34 2.990
25 35 0.562
25 36 0.621
25 37 2.123
25 38 1.122
25 39 0.926
25 40 2.985
25 41 1.762
25 42 0.447
25 43 1.965
25 44 1.031
25 45 1.033
25 46 1.201
25 47 1.564
25 48 2.274
25 49 2.604
25 50 1.137
25 51 0.539
25 52 0.271
25 53 2.327
25 54 1.522
25 55 2.048
25 56 1.462
25 57 1.517
25 58 2.268
25 59 1.161
25 60 1.949
25 61 1.645
25 62 1.523
25 63 1.831
25 64 2.005
25 65 1.586
25 66 1.926
25 67 1.718
25 68 0.094
25 69 2.169
25 70 2.228
25 71 2.666
25 72 1.373
25 73 2.044
25 74 1.741
25 75 0.669
25 76 1.227
25 77 2.195
25 78 1.262
25 79 0.810
25 80 2.199
25 81 0.888
25 82 2.132
25 83 2.014
25 84 0.727
25 85 1.550
25 86 0.682
25 87 1.441
25 88 0.227
25 89 1.307
25 90 1.452
25 91 2.487
25 92 2.218
25 93 0.781
25 94 0.998
25 95 1.187
25 96 1.860
25 97 0.180
25 98 1.980
25 99 1.767
26 27 2.827
26 28 2.970
26 29 2.799
26 30 2.026
26 31 0.884
26 32 2.966
26 33 1.564
26 34 3.287
26 35 2.014
26 36 1.487
26 37 2.753
26 38 2.566
26 39 2.346
26 40 3.238
26 41 1.174
26 42 1.792
26 43 0.808
26 44 2.492
26 45 0.432
26 46 0.882
26 47 1.527
26 48 3.552
26 49 3.084
26 50 2.593
26 51 1.841
26 52 1.587
26 53 1.178
26 54 2.880
26 55 2.306
26 56 0.215
26 57 0.814
26 58 1.527
26 59 2.187
26 60 3.305
26 61 0.194
26 62 2.967
26 63 3.252
26 64 0.566
26 65 2.464
26 66 2.360
26 67 1.644
26 68 1.493
26 69 1.752
26 70 2.690
26 71 2.617
26 72 1.372
26 73 1.096
26 74 1.514
26 75 1.514
26 76 1.868
26 77 1.836
26 78 1.754
26 79 1.427
26 80 3.022
26 81 2.353
26 82 1.532
26 83 3.175
26 84 2.184
26 85 2.827
26 86 1.659
26 87 2.612
26 88 1.668
26 89 1.389
26 90 2.368
26 91 2.956
26 92 3.464
26 93 2.239
26 94 2.289
26 95 1.253
26 96 2.109
26 97 1.364
26 98 0.842
26 99 2.668
27 28 1.173
27 29 0.636
27 30 3.335
27 31 2.674
27 32 1.382
27 33 3.300
27 34 1.320
27 35 1.747
27 36 1.481
27 37 0.384
27 38 2.226
27 39 2.261
27 40 1.370
27 41 2.088
27 42 2.253
27 43 2.727
27 44 1.805
27 45 2.525
27 46 1.978
27 47 1.504
27 48 1.277
27 49 0.830
27 50 2.141
27 51 1.493
27 52 1.724
27 53 2.887
27 54 1.297
27 55 0.994
27 56 2.673
27 57 2.217
27 58 2.359
27 59 2.972
27 60 1.412
27 61 3.012
27 62 1.744
27 63 1.698
27 64 3.129
27 65 0.410
27 66 0.736
27 67 1.503
27 68 1.901
27 69 1.933
27 70 0.683
27 71 1.595
27 72 1.552
27 73 2.526
27 74 1.684
27 75 1.434
27 76 0.959
27 77 1.865
27 78 3.248
27 79 1.439
27 80 0.207
27 81 1.957
27 82 2.148
27 83 0.782
27 84 2.034
27 85 1.030
27 86 1.346
27 87 0.794
27 88 1.832
27 89 1.501
27 90 0.543
27 91 0.775
27 92 1.136
27 93 1.758
27 94 1.195
27 95 3.152
27 96 1.034
27 97 2.165
27 98 2.711
27 99 0.239
28 29 0.540
28 30 4.087
28 31 3.161
28 32 0.222
28 33 3.919
28 34 0.317
28 35 2.660
28 36 2.086
28 37 0.799
28 38 3.257
28 39 3.237
28 40 0.284
28 41 1.887
28 42 3.074
28 43 2.546
28 44 2.852
28 45 2.820
28 46 2.108
28 47 1.445
28 48 2.414
28 49 0.429
28 50 3.185
28 51 2.328
28 52 2.464
28 53 2.545
28 54 2.447
28 55 0.690
28 56 2.768
28 57 2.183
28 58 1.892
28 59 3.827
28 60 2.584
28 61 3.118
28 62 2.883
28 63 2.866
28 64 3.066
28 65 1.373
28 66 0.780
28 67 1.328
28 68 2.616
28 69 1.435
28 70 0.535
28 71 0.625
28 72 1.619
28 73 2.241
28 74 1.476
28 75 2.037
28 76 1.478
28 77 1.337
28 78 3.936
28 79 1.929
28 80 1.136
28 81 2.959
28 82 1.718
28 83 1.939
28 84 2.986
28 85 2.183
28 86 2.032
28 87 1.910
28 88 2.617
28 89 1.626
28 90 1.482
28 91 0.413
28 92 2.273
28 93 2.741
28 94 2.204
28 95 3.699
28 96 0.895
28 97 2.840
28 98 2.518
28 99 1.344
29 30 3.680
29 31 2.847
29 32 0.746
29 33 3.562
29 34 0.737
29 35 2.182
29 36 1.699
29 37 0.258
29 38 2.748
29 39 2.745
29 40 0.765
29 41 1.847
29 42 2.632
29 43 2.518
29 44 2.337
29 45 2.579
29 46 1.917
29 47 1.304
29 48 1.898
29 49 0.310
29 50 2.672
29 51 1.870
29 52 2.040
29 53 2.598
29 54 1.908
29 55 0.563
29 56 2.615
29 57 2.072
29 58 1.994
29 59 3.380
29 60 2.048
29 61 2.967
29 62 2.346
29 63 2.326
29 64 2.992
29 65 0.850
29 66 0.440
29 67 1.238
29 68 2.204
29 69 1.535
29 70 0.119
29 71 0.995
29 72 1.431
29 73 2.257
29 74 1.416
29 75 1.649
29 76 1.084
29 77 1.449
29 78 3.552
29 79 1.578
29 80 0.630
29 81 2.457
29 82 1.793
29 83 1.412
29 84 2.500
29 85 1.644
29 86 1.614
29 87 1.374
29 88 2.181
29 89 1.411
29 90 0.969
29 91 0.192
29 92 1.756
29 93 2.243
29 94 1.694
29 95 3.368
29 96 0.717
29 97 2.447
29 98 2.496
29 99 0.805
30 31 1.188
30 32 4.185
30 33 0.521
30 34 4.375
30 35 1.621
30 36 2.001
30 37 3.498
30 38 1.532
30 39 1.326
30 40 4.369
30 41 2.879
30 42 1.086
30 43 2.798
30 44 1.820
30 45 1.733
30 46 2.322
30 47 2.856
30 48 3.297
30 49 3.986
30 50 1.626
30 51 1.843
30 52 1.640
30 53 3.182
30 54 2.523
30 55 3.423
30 56 2.165
30 57 2.541
30 58 3.361
30 59 0.527
30 60 2.887
30 61 2.110
30 62 2.282
30 63 2.622
30 64 2.557
30 65 2.935
30 66 3.311
30 67 3.013
30 68 1.476
30 69 3.389
30 70 3.613
30 71 4.010
30 72 2.653
30 73 3.012
30 74 2.993
30 75 2.050
30 76 2.612
30 77 3.437
30 78 0.279
30 79 2.170
30 80 3.533
30 81 1.596
30 82 3.278
30 83 3.186
30 84 1.427
30 85 2.665
30 86 2.066
30 87 2.669
30 88 1.508
30 89 2.603
30 90 2.799
30 91 3.871
30 92 3.288
30 93 1.701
30 94 2.198
30 95 0.803
30 96 3.229
30 97 1.249
30 98 2.826
30 99 3.099
31 32 3.218
31 33 0.814
31 34 3.470
31 35 1.364
31 36 1.194
31 37 2.723
31 38 1.783
31 39 1.548
31 40 3.444
31 41 1.714
31 42 0.992
31 43 1.617
31 44 1.805
31 45 0.545
31 46 1.183
31 47 1.792
31 48 3.086
31 49 3.155
31 50 1.828
31 51 1.332
31 52 1.047
31 53 2.002
31 54 2.338
31 55 2.471
31 56 0.990
31 57 1.363
31 58 2.182
31 59 1.303
31 60 2.764
31 61 1.013
31 62 2.312
31 63 2.632
31 64 1.445
31 65 2.268
31 66 2.427
31 67 1.944
31 68 0.886
31 69 2.253
31 70 2.757
31 71 2.969
31 72 1.591
31 73 1.824
31 74 1.888
31 75 1.240
31 76 1.774
31 77 2.312
31 78 0.936
31 79 1.272
31 80 2.881
31 81 1.625
31 82 2.114
31 83 2.804
31 84 1.436
31 85 2.359
31 86 1.335
31 87 2.225
31 88 1.043
31 89 1.560
31 90 2.143
31 91 3.029
31 92 3.027
31 93 1.568
31 94 1.803
31 95 0.545
31 96 2.267
31 97 0.651
31 98 1.644
31 99 2.466
32 33 3.992
32 34 0.389
32 35 2.803
32 36 2.188
32 37 1.002
32 38 3.418
32 39 3.387
32 40 0.304
32 41 1.845
32 42 3.195
32 43 2.488
32 44 3.019
32 45 2.847
32 46 2.123
32 47 1.458
32 48 2.632
32 49 0.649
32 50 3.349
32 51 2.463
32 52 2.579
32 53 2.455
32 54 2.642
32 55 0.763
32 56 2.759
32 57 2.163
32 58 1.792
32 59 3.947
32 60 2.793
32 61 3.104
32 62 3.073
32 63 3.068
32 64 3.020
32 65 1.554
32 66 0.913
32 67 1.326
32 68 2.723
32 69 1.349
32 70 0.721
32 71 0.464
32 72 1.646
32 73 2.170
32 74 1.454
32 75 2.139
32 76 1.594
32 77 1.250
32 78 4.022
32 79 2.017
32 80 1.354
32 81 3.116
32 82 1.633
32 83 2.154
32 84 3.133
32 85 2.381
32 86 2.149
32 87 2.100
32 88 2.737
32 89 1.664
32 90 1.656
32 91 0.634
32 92 2.491
32 93 2.896
32 94 2.370
32 95 3.760
32 96 0.960
32 97 2.936
32 98 2.458
32 99 1.542
33 34 4.221
33 35 1.703
33 36 1.864
33 37 3.409
33 38 1.817
33 39 1.584
33 40 4.203
33 41 2.525
33 42 1.171
33 43 2.360
33 44 2.016
33 45 1.331
33 46 1.996
33 47 2.592
33 48 3.459
33 49 3.872
33 50 1.898
33 51 1.832
33 52 1.578
33 53 2.739
33 54 2.679
33 55 3.236
33 56 1.725
33 57 2.168
33 58 2.983
33 59 0.930
33 60 3.077
33 61 1.627
33 62 2.516
33 63 2.857
33 64 2.072
33 65 2.891
33 66 3.162
33 67 2.747
33 68 1.400
33 69 3.067
33 70 3.482
33 71 3.767
33 72 2.389
33 73 2.603
33 74 2.698
33 75 1.914
33 76 2.478
33 77 3.126
33 78 0.255
33 79 1.994
33 80 3.505
33 81 1.796
33 82 2.924
33 83 3.275
33 84 1.605
33 85 2.775
33 86 1.968
33 87 2.720
33 88 1.490
33 89 2.352
33 90 2.757
33 91 3.750
33 92 3.429
33 93 1.841
33 94 2.255
33 95 0.311
33 96 3.034
33 97 1.135
33 98 2.391
33 99 3.074
34 35 2.913
34 36 2.377
34 37 0.980
34 38 3.485
34 39 3.481
34 40 0.099
34 41 2.196
34 42 3.348
34 43 2.851
34 44 3.073
34 45 3.136
34 46 2.424
34 47 1.762
34 48 2.493
34 49 0.492
34 50 3.408
34 51 2.592
34 52 2.743
34 53 2.834
34 54 2.617
34 55 1.003
34 56 3.084
34 57 2.497
34 58 2.174
34 59 4.099
34 60 2.709
34 61 3.433
34 62 3.062
34 63 3.014
34 64 3.375
34 65 1.585
34 66 1.064
34 67 1.644
34 68 2.900
34 69 1.725
34 70 0.774
34 71 0.854
34 72 1.935
34 73 2.540
34 74 1.789
34 75 2.327
34 76 1.763
34 77 1.626
34 78 4.231
34 79 2.228
34 80 1.236
34 81 3.194
34 82 2.009
34 83 2.045
34 84 3.234
34 85 2.350
34 86 2.312
34 87 2.097
34 88 2.892
34 89 1.941
34 90 1.705
34 91 0.557
34 92 2.354
34 93 2.979
34 94 2.430
34 95 4.005
34 96 1.208
34 97 3.131
34 98 2.822
34 99 1.522
35 36 0.802
35 37 1.967
35 38 0.695
35 39 0.594
35 40 2.927
35 41 2.125
35 42 0.543
35 43 2.439
35 44 0.481
35 45 1.583
35 46 1.609
35 47 1.789
35 48 1.767
35 49 2.474
35 50 0.671
35 51 0.359
35 52 0.454
35 53 2.779
35 54 0.993
35 55 2.073
35 56 1.989
35 57 1.946
35 58 2.618
35 59 1.226
35 60 1.412
35 61 2.198
35 62 0.961
35 63 1.271
35 64 2.539
35 65 1.367
35 66 1.890
35 67 1.927
35 68 0.521
35 69 2.432
35 70 2.140
35 71 2.752
35 72 1.630
35 73 2.466
35 74 1.999
35 75 0.827
35 76 1.234
35 77 2.436
35 78 1.586
35 79 1.016
35 80 1.937
35 81 0.397
35 82 2.453
35 83 1.578
35 84 0.335
35 85 1.072
35 86 0.728
35 87 1.048
35 88 0.346
35 89 1.551
35 90 1.233
35 91 2.372
35 92 1.729
35 93 0.226
35 94 0.578
35 95 1.657
35 96 1.917
35 97 0.713
35 98 2.449
35 99 1.508
36 37 1.547
36 38 1.497
36 39 1.368
36 40 2.368
36 41 1.332
36 42 1.031
36 43 1.721
36 44 1.233
36 45 1.110
36 46 0.857
36 47 0.999
36 48 2.065
36 49 2.008
36 50 1.471
36 51 0.471
36 52 0.417
36 53 2.031
36 54 1.427
36 55 1.426
36 56 1.393
36 57 1.196
36 58 1.819
36 59 1.774
36 60 1.840
36 61 1.681
36 62 1.608
36 63 1.842
36 64 1.930
36 65 1.076
36 66 1.312
36 67 1.144
36 68 0.538
36 69 1.636
36 70 1.623
36 71 2.052
36 72 0.831
36 73 1.698
36 74 1.202
36 75 0.050
36 76 0.617
36 77 1.646
36 78 1.856
36 79 0.217
36 80 1.688
36 81 1.197
36 82 1.652
36 83 1.696
36 84 1.117
36 85 1.345
36 86 0.172
36 87 1.126
36 88 0.588
36 89 0.753
36 90 0.954
36 91 1.888
36 92 1.977
36 93 0.998
36 94 0.829
36 95 1.685
36 96 1.239
36 97 0.754
36 98 1.724
36 99 1.276
37 38 2.511
37 39 2.518
37 40 1.016
37 41 1.884
37 42 2.436
37 43 2.547
37 44 2.096
37 45 2.499
37 46 1.876
37 47 1.314
37 48 1.657
37 49 0.510
37 50 2.432
37 51 1.669
37 52 1.860
37 53 2.663
37 54 1.650
37 55 0.669
37 56 2.579
37 57 2.069
37 58 2.092
37 59 3.177
37 60 1.792
37 61 2.928
37 62 2.090
37 63 2.068
37 64 2.992
37 65 0.610
37 66 0.450
37 67 1.277
37 68 2.030
37 69 1.645
37 70 0.301
37 71 1.218
37 72 1.408
37 73 2.311
37 74 1.460
37 75 1.498
37 76 0.949
37 77 1.568
37 78 3.384
37 79 1.452
37 80 0.419
37 81 2.225
37 82 1.884
37 83 1.165
37 84 2.277
37 85 1.386
37 86 1.444
37 87 1.120
37 88 1.992
37 89 1.373
37 90 0.737
37 91 0.422
37 92 1.515
37 93 2.014
37 94 1.458
37 95 3.231
37 96 0.764
37 97 2.282
37 98 2.527
37 99 0.548
38 39 0.242
38 40 3.510
38 41 2.812
38 42 0.791
38 43 3.083
38 44 0.422
38 45 2.137
38 46 2.281
38 47 2.483
38 48 1.820
38 49 3.019
38 50 0.102
38 51 1.047
38 52 1.123
38 53 3.437
38 54 1.094
38 55 2.717
38 56 2.580
38 57 2.612
38 58 3.309
38 59 1.016
38 60 1.391
38 61 2.736
38 62 0.764
38 63 1.096
38 64 3.118
38 65 1.901
38 66 2.510
38 67 2.619
38 68 1.126
38 69 3.127
38 70 2.725
38 71 3.409
38 72 2.326
38 73 3.137
38 74 2.695
38 75 1.522
38 76 1.897
38 77 3.130
38 78 1.619
38 79 1.711
38 80 2.390
38 81 0.311
38 82 3.147
38 83 1.824
38 84 0.399
38 85 1.306
38 86 1.420
38 87 1.440
38 88 0.973
38 89 2.247
38 90 1.780
38 91 2.930
38 92 1.837
38 93 0.532
38 94 1.055
38 95 1.890
38 96 2.575
38 97 1.203
38 98 3.095
38 99 1.994
39 40 3.499
39 41 2.656
39 42 0.559
39 43 2.891
39 44 0.517
39 45 1.919
39 46 2.111
39 47 2.366
39 48 1.985
39 49 3.028
39 50 0.314
39 51 0.951
39 52 0.970
39 53 3.252
39 54 1.228
39 55 2.665
39 56 2.369
39 57 2.436
39 58 3.158
39 59 0.826
39 60 1.566
39 61 2.512
39 62 0.957
39 63 1.297
39 64 2.902
39 65 1.909
39 66 2.475
39 67 2.508
39 68 0.943
39 69 3.003
39 70 2.711
39 71 3.346
39 72 2.198
39 73 2.963
39 74 2.570
39 75 1.400
39 76 1.828
39 77 3.014
39 78 1.393
39 79 1.585
39 80 2.437
39 81 0.312
39 82 3.005
39 83 1.936
39 84 0.259
39 85 1.410
39 86 1.316
39 87 1.497
39 88 0.807
39 89 2.121
39 90 1.781
39 91 2.932
39 92 1.988
39 93 0.505
39 94 1.067
39 95 1.649
39 96 2.510
39 97 0.987
39 98 2.905
39 99 2.024
40 41 2.134
40 42 3.351
40 43 2.784
40 44 3.101
40 45 3.098
40 46 2.382
40 47 1.717
40 48 2.563
40 49 0.550
40 50 3.435
40 51 2.600
40 52 2.742
40 53 2.758
40 54 2.662
40 55 0.973
40 56 3.033
40 57 2.442
40 58 2.096
40 59 4.103
40 60 2.768
40 61 3.381
40 62 3.105
40 63 3.067
40 64 3.312
40 65 1.615
40 66 1.059
40 67 1.594
40 68 2.896
40 69 1.651
40 70 0.788
40 71 0.766
40 72 1.896
40 73 2.469
40 74 1.733
40 75 2.319
40 76 1.758
40 77 1.551
40 78 4.219
40 79 2.213
40 80 1.297
40 81 3.216
40 82 1.935
40 83 2.108
40 84 3.251
40 85 2.396
40 86 2.311
40 87 2.136
40 88 2.894
40 89 1.905
40 90 1.731
40 91 0.597
40 92 2.423
40 93 3.000
40 94 2.456
40 95 3.982
40 96 1.178
40 97 3.122
40 98 2.755
40 99 1.563
41 42 2.206
41 43 0.672
41 44 2.565
41 45 1.205
41 46 0.572
41 47 0.584
41 48 3.136
41 49 2.089
41 50 2.795
41 51 1.803
41 52 1.691
41 53 0.804
41 54 2.657
41 55 1.293
41 56 0.959
41 57 0.371
41 58 0.506
41 59 2.850
41 60 3.026
41 61 1.284
41 62 2.913
41 63 3.107
41 64 1.179
41 65 1.834
41 66 1.439
41 67 0.611
41 68 1.723
41 69 0.578
41 70 1.729
41 71 1.460
41 72 0.588
41 73 0.440
41 74 0.431
41 75 1.318
41 76 1.268
41 77 0.661
41 78 2.644
41 79 1.132
41 80 2.247
41 81 2.521
41 82 0.400
41 83 2.669
41 84 2.419
41 85 2.501
41 86 1.453
41 87 2.209
41 88 1.850
41 89 0.665
41 90 1.795
41 91 1.966
41 92 3.017
41 93 2.329
41 94 2.089
41 95 2.235
41 96 1.133
41 97 1.783
41 98 0.649
41 99 2.011
42 43 2.371
42 44 0.864
42 45 1.368
42 46 1.641
42 47 2.003
42 48 2.288
42 49 2.934
42 50 0.838
42 51 0.768
42 52 0.619
42 53 2.742
42 54 1.508
42 55 2.441
42 56 1.825
42 57 1.948
42 58 2.712
42 59 0.753
42 60 1.909
42 61 1.955
42 62 1.376
42 63 1.712
42 64 2.351
42 65 1.858
42 66 2.294
42 67 2.156
42 68 0.505
42 69 2.615
42 70 2.576
42 71 3.082
42 72 1.816
42 73 2.473
42 74 2.186
42 75 1.074
42 76 1.601
42 77 2.640
42 78 1.043
42 79 1.235
42 80 2.449
42 81 0.658
42 82 2.578
42 83 2.121
42 84 0.462
42 85 1.610
42 86 1.046
42 87 1.588
42 88 0.458
42 89 1.748
42 90 1.721
42 91 2.824
42 92 2.260
42 93 0.671
42 94 1.116
42 95 1.163
42 96 2.262
42 97 0.448
42 98 2.388
42 99 2.016
43 44 2.912
43 45 1.077
43 46 0.868
43 47 1.234
43 48 3.694
43 49 2.761
43 50 3.087
43 51 2.172
43 52 1.985
43 53 0.385
43 54 3.135
43 55 1.965
43 56 0.636
43 57 0.541
43 58 0.799
43 59 2.893
43 60 3.532
43 61 0.821
43 62 3.326
43 63 3.562
43 64 0.551
43 65 2.439
43 66 2.105
43 67 1.281
43 68 1.957
43 69 1.153
43 70 2.400
43 71 2.074
43 72 1.178
43 73 0.345
43 74 1.103
43 75 1.725
43 76 1.842
43 77 1.251
43 78 2.534
43 79 1.566
43 80 2.895
43 81 2.823
43 82 0.880
43 83 3.250
43 84 2.684
43 85 3.016
43 86 1.876
43 87 2.746
43 88 2.116
43 89 1.239
43 90 2.380
43 91 2.638
43 92 3.584
43 93 2.661
43 94 2.542
43 95 2.050
43 96 1.803
43 97 1.924
43 98 0.037
43 99 2.627
44 45 2.061
44 46 2.071
44 47 2.177
44 48 1.478
44 49 2.602
44 50 0.337
44 51 0.762
44 52 0.931
44 53 3.246
44 54 0.712
44 55 2.336
44 56 2.470
44 57 2.409
44 58 3.047
44 59 1.337
44 60 1.070
44 61 2.675
44 62 0.513
44 63 0.848
44 64 3.020
44 65 1.487
44 66 2.118
44 67 2.303
44 68 1.000
44 69 2.823
44 70 2.318
44 71 3.034
44 72 2.038
44 73 2.924
44 74 2.397
44 75 1.247
44 76 1.540
44 77 2.817
44 78 1.853
44 79 1.436
44 80 1.967
44 81 0.224
44 82 2.872
44 83 1.422
44 84 0.411
44 85 0.898
44 86 1.122
44 87 1.018
44 88 0.825
44 89 1.957
44 90 1.370
44 91 2.517
44 92 1.475
44 93 0.255
44 94 0.649
44 95 2.027
44 96 2.207
44 97 1.164
44 98 2.921
44 99 1.574
45 46 0.731
45 47 1.390
45 48 3.160
45 49 2.878
45 50 2.162
45 51 1.426
45 52 1.163
45 53 1.462
45 54 2.468
45 55 2.135
45 56 0.467
45 57 0.840
45 58 1.652
45 59 1.821
45 60 2.895
45 61 0.615
45 62 2.539
45 63 2.829
45 64 0.983
45 65 2.142
45 66 2.143
45 67 1.530
45 68 1.062
45 69 1.766
45 70 2.477
45 71 2.550
45 72 1.203
45 73 1.281
45 74 1.441
45 75 1.144
45 76 1.571
45 77 1.835
45 78 1.477
45 79 1.090
45 80 2.727
45 81 1.921
45 82 1.601
45 83 2.806
45 84 1.752
45 85 2.430
45 86 1.279
45 87 2.233
45 88 1.237
45 89 1.195
45 90 2.034
45 91 2.749
45 92 3.079
45 93 1.808
45 94 1.883
45 95 1.034
45 96 1.930
45 97 0.934
45 98 1.102
45 99 2.347
46 47 0.665
46 48 2.844
46 49 2.203
46 50 2.273
46 51 1.317
46 52 1.161
46 53 1.177
46 54 2.267
46 55 1.432
46 56 0.703
46 57 0.339
46 58 1.076
46 59 2.278
46 60 2.667
46 61 1.052
46 62 2.465
46 63 2.695
46 64 1.161
46 65 1.642
46 66 1.478
46 67 0.801
46 68 1.170
46 69 1.073
46 70 1.808
46 71 1.819
46 72 0.493
46 73 0.857
46 74 0.713
46 75 0.858
46 76 1.035
46 77 1.130
46 78 2.096
46 79 0.699
46 80 2.166
46 81 2.002
46 82 0.963
46 83 2.418
46 84 1.884
46 85 2.153
46 86 1.008
46 87 1.892
46 88 1.310
46 89 0.507
46 90 1.564
46 91 2.075
46 92 2.739
46 93 1.825
46 94 1.674
46 95 1.721
46 96 1.232
46 97 1.213
46 98 0.869
46 99 1.841
47 48 2.578
47 49 1.571
47 50 2.448
47 51 1.437
47 52 1.410
47 53 1.386
47 54 2.157
47 55 0.781
47 56 1.330
47 57 0.768
47 58 0.933
47 59 2.720
47 60 2.500
47 61 1.682
47 62 2.461
47 63 2.618
47 64 1.688
47 65 1.260
47 66 0.877
47 67 0.157
47 68 1.498
47 69 0.646
47 70 1.189
47 71 1.177
47 72 0.203
47 73 1.023
47 74 0.227
47 75 0.966
47 76 0.728
47 77 0.648
47 78 2.658
47 79 0.782
47 80 1.665
47 81 2.177
47 82 0.731
47 83 2.100
47 84 2.112
47 85 1.976
47 86 1.064
47 87 1.673
47 88 1.581
47 89 0.257
47 90 1.231
47 91 1.444
47 92 2.455
47 93 1.966
47 94 1.626
47 95 2.337
47 96 0.592
47 97 1.642
47 98 1.216
47 99 1.431
48 49 2.016
48 50 1.718
48 51 1.761
48 52 2.045
48 53 3.933
48 54 0.781
48 55 2.249
48 56 3.455
48 57 3.153
48 58 3.502
48 59 2.811
48 60 0.435
48 61 3.746
48 62 1.068
48 63 0.790
48 64 3.982
48 65 1.334
48 66 1.982
48 67 2.629
48 68 2.200
48 69 3.120
48 70 1.958
48 71 2.872
48 72 2.550
48 73 3.570
48 74 2.793
48 75 2.041
48 76 1.869
48 77 3.067
48 78 3.317
48 79 2.158
48 80 1.278
48 81 1.700
48 82 3.293
48 83 0.503
48 84 1.875
48 85 0.732
48 86 1.894
48 87 0.952
48 88 2.049
48 89 2.477
48 90 1.347
48 91 2.001
48 92 0.142
48 93 1.619
48 94 1.288
48 95 3.423
48 96 2.245
48 97 2.448
48 98 3.688
48 99 1.208
49 50 2.939
49 51 2.169
49 52 2.346
49 53 2.811
49 54 2.126
49 55 0.798
49 56 2.895
49 57 2.338
49 58 2.181
49 59 3.679
49 60 2.218
49 61 3.247
49 62 2.573
49 63 2.522
49 64 3.251
49 65 1.120
49 66 0.736
49 67 1.488
49 68 2.512
49 69 1.718
49 70 0.401
49 71 1.023
49 72 1.712
49 73 2.482
49 74 1.659
49 75 1.958
49 76 1.394
49 77 1.625
49 78 3.861
49 79 1.887
49 80 0.747
49 81 2.734
49 82 1.990
49 83 1.558
49 84 2.786
49 85 1.859
49 86 1.922
49 87 1.613
49 88 2.485
49 89 1.699
49 90 1.247
49 91 0.129
49 92 1.876
49 93 2.523
49 94 1.967
49 95 3.677
49 96 0.980
49 97 2.756
49 98 2.736
49 99 1.038
50 51 1.012
50 52 1.113
50 53 3.436
50 54 0.993
50 55 2.656
50 56 2.598
50 57 2.607
50 58 3.289
50 59 1.113
50 60 1.290
50 61 2.766
50 62 0.664
50 63 0.998
50 64 3.140
50 65 1.823
50 66 2.444
50 67 2.582
50 68 1.132
50 69 3.094
50 70 2.651
50 71 3.351
50 72 2.296
50 73 3.130
50 74 2.663
50 75 1.494
50 76 1.844
50 77 3.094
50 78 1.705
50 79 1.684
50 80 2.301
50 81 0.274
50 82 3.123
50 83 1.725
50 84 0.410
50 85 1.209
50 86 1.384
50 87 1.352
50 88 0.971
50 89 2.217
50 90 1.705
50 91 2.853
50 92 1.735
50 93 0.484
50 94 0.980
50 95 1.959
50 96 2.519
50 97 1.231
50 98 3.099
50 99 1.910
51 52 0.286
51 53 2.493
51 54 1.043
51 55 1.724
51 56 1.783
51 57 1.656
51 58 2.287
51 59 1.510
51 60 1.471
51 61 2.032
51 62 1.156
51 63 1.417
51 64 2.331
51 65 1.092
51 66 1.552
51 67 1.572
51 68 0.453
51 69 2.081
51 70 1.819
51 71 2.398
51 72 1.285
51 73 2.166
51 74 1.651
51 75 0.486
51 76 0.881
51 77 2.083
51 78 1.760
51 79 0.676
51 80 1.693
51 81 0.740
51 82 2.116
51 83 1.477
51 84 0.693
51 85 1.030
51 86 0.373
51 87 0.903
51 88 0.343
51 89 1.205
51 90 0.956
51 91 2.061
51 92 1.696
51 93 0.532
51 94 0.473
51 95 1.726
51 96 1.562
51 97 0.719
51 98 2.177
51 99 1.258
52 53 2.327
52 54 1.316
52 55 1.822
52 56 1.547
52 57 1.495
52 58 2.191
52 59 1.370
52 60 1.745
52 61 1.775
52 62 1.382
52 63 1.666
52 64 2.097
52 65 1.315
52 66 1.684
52 67 1.559
52 68 0.179
52 69 2.040
52 70 1.976
52 71 2.464
52 72 1.234
52 73 2.018
52 74 1.607
52 75 0.458
52 76 0.986
52 77 2.055
52 78 1.528
52 79 0.630
52 80 1.928
52 81 0.842
52 82 2.036
52 83 1.760
52 84 0.728
52 85 1.315
52 86 0.432
52 87 1.183
52 88 0.171
52 89 1.160
52 90 1.181
52 91 2.231
52 92 1.982
52 93 0.677
52 94 0.758
52 95 1.453
52 96 1.642
52 97 0.447
52 98 1.995
52 99 1.496
53 54 3.419
53 55 2.036
53 56 1.018
53 57 0.837
53 58 0.666
53 59 3.277
53 60 3.803
53 61 1.162
53 62 3.639
53 63 3.858
53 64 0.799
53 65 2.638
53 66 2.214
53 67 1.389
53 68 2.312
53 69 1.110
53 70 2.480
53 71 2.011
53 72 1.383
53 73 0.364
53 74 1.206
53 75 2.029
53 76 2.064
53 77 1.209
53 78 2.916
53 79 1.857
53 80 3.039
53 81 3.168
53 82 0.827
53 83 3.470
53 84 3.038
53 85 3.280
53 86 2.175
53 87 2.996
53 88 2.466
53 89 1.455
53 90 2.595
53 91 2.696
53 92 3.815
53 93 2.998
53 94 2.835
53 95 2.428
53 96 1.901
53 97 2.295
53 98 0.360
53 99 2.815
54 55 2.067
54 56 2.810
54 57 2.598
54 58 3.086
54 59 2.049
54 60 0.429
54 61 3.072
54 62 0.451
54 63 0.465
54 64 3.353
54 65 1.104
54 66 1.812
54 67 2.247
54 68 1.456
54 69 2.771
54 70 1.921
54 71 2.759
54 72 2.075
54 73 3.068
54 74 2.384
54 75 1.415
54 76 1.433
54 77 2.739
54 78 2.537
54 79 1.569
54 80 1.414
54 81 0.931
54 82 2.888
54 83 0.737
54 84 1.097
54 85 0.267
54 86 1.263
54 87 0.551
54 88 1.295
54 89 1.995
54 90 1.035
54 91 2.065
54 92 0.765
54 93 0.838
54 94 0.598
54 95 2.649
54 96 1.993
54 97 1.690
54 98 3.135
54 99 1.103
55 56 2.110
55 57 1.543
55 58 1.435
55 59 3.192
55 60 2.304
55 61 2.463
55 62 2.465
55 63 2.522
55 64 2.454
55 65 0.971
55 66 0.267
55 67 0.691
55 68 1.963
55 69 0.981
55 70 0.444
55 71 0.702
55 72 0.940
55 73 1.697
55 74 0.862
55 75 1.378
55 76 0.845
55 77 0.900
55 78 3.261
55 79 1.254
55 80 1.084
55 81 2.409
55 82 1.232
55 83 1.746
55 84 2.408
55 85 1.825
55 86 1.395
55 87 1.518
55 88 1.984
55 89 0.940
55 90 1.033
55 91 0.674
55 92 2.110
55 93 2.187
55 94 1.695
55 95 3.010
55 96 0.205
55 97 2.174
55 98 1.942
55 99 1.046
56 57 0.601
56 58 1.319
56 59 2.284
56 60 3.229
56 61 0.353
56 62 2.928
56 63 3.200
56 64 0.550
56 65 2.322
56 66 2.176
56 67 1.440
56 68 1.475
56 69 1.536
56 70 2.503
56 71 2.405
56 72 1.184
56 73 0.897
56 74 1.305
56 75 1.415
56 76 1.719
56 77 1.620
56 78 1.899
56 79 1.306
56 80 2.864
56 81 2.348
56 82 1.318
56 83 3.061
56 84 2.188
56 85 2.739
56 86 1.564
56 87 2.508
56 88 1.647
56 89 1.208
56 90 2.232
56 91 2.767
56 92 3.362
56 93 2.216
56 94 2.213
56 95 1.416
56 96 1.917
56 97 1.383
56 98 0.666
56 99 2.524
57 58 0.820
57 59 2.548
57 60 2.993
57 61 0.941
57 62 2.804
57 63 3.030
57 64 0.924
57 65 1.910
57 66 1.642
57 67 0.858
57 68 1.493
57 69 0.948
57 70 1.957
57 71 1.803
57 72 0.667
57 73 0.527
57 74 0.709
57 75 1.195
57 76 1.309
57 77 1.027
57 78 2.298
57 79 1.030
57 80 2.394
57 81 2.337
57 82 0.761
57 83 2.713
57 84 2.213
57 85 2.475
57 86 1.344
57 87 2.205
57 88 1.639
57 89 0.717
57 90 1.846
57 91 2.211
57 92 3.044
57 93 2.163
57 94 2.008
57 95 1.874
57 96 1.360
57 97 1.509
57 98 0.538
57 99 2.103
58 59 3.351
58 60 3.433
58 61 1.589
58 62 3.372
58 63 3.545
58 64 1.347
58 65 2.172
58 66 1.646
58 67 0.874
58 68 2.228
58 69 0.463
58 70 1.877
58 71 1.346
58 72 1.020
58 73 0.456
58 74 0.710
58 75 1.801
58 76 1.661
58 77 0.558
58 78 3.117
58 79 1.612
58 80 2.490
58 81 3.015
58 82 0.211
58 83 3.016
58 84 2.919
58 85 2.909
58 86 1.927
58 87 2.606
58 88 2.352
58 89 1.103
58 90 2.157
58 91 2.072
58 92 3.375
58 93 2.818
58 94 2.540
58 95 2.684
58 96 1.333
58 97 2.288
58 98 0.763
58 99 2.326
59 60 2.392
59 61 2.309
59 62 1.775
59 63 2.111
59 64 2.747
59 65 2.587
59 66 3.047
59 67 2.875
59 68 1.237
59 69 3.307
59 70 3.326
59 71 3.826
59 72 2.524
59 73 3.056
59 74 2.887
59 75 1.820
59 76 2.354
59 77 3.341
59 78 0.686
59 79 1.971
59 80 3.162
59 81 1.119
59 82 3.239
59 83 2.740
59 84 0.972
59 85 2.213
59 86 1.799
59 87 2.257
59 88 1.211
59 89 2.462
59 90 2.452
59 91 3.571
59 92 2.812
59 93 1.257
59 94 1.794
59 95 1.121
59 96 3.011
59 97 1.082
59 98 2.916
59 99 2.733
60 61 3.497
60 62 0.634
60 63 0.367
60 64 3.770
60 65 1.337
60 66 2.039
60 67 2.575
60 68 1.884
60 69 3.089
60 70 2.085
60 71 2.972
60 72 2.439
60 73 3.447
60 74 2.724
60 75 1.825
60 76 1.773
60 77 3.049
60 78 2.922
60 79 1.968
60 80 1.473
60 81 1.294
60 82 3.230
60 83 0.672
60 84 1.477
60 85 0.525
60 86 1.673
60 87 0.829
60 88 1.722
60 89 2.360
60 90 1.305
60 91 2.180
60 92 0.488
60 93 1.239
60 94 1.017
60 95 3.062
60 96 2.261
60 97 2.116
60 98 3.530
60 99 1.272
61 62 3.153
61 63 3.441
61 64 0.447
61 65 2.652
61 66 2.528
61 67 1.790
61 68 1.676
61 69 1.854
61 70 2.856
61 71 2.740
61 72 1.536
61 73 1.141
61 74 1.650
61 75 1.708
61 76 2.054
61 77 1.942
61 78 1.834
61 79 1.619
61 80 3.205
61 81 2.531
61 82 1.618
61 83 3.369
61 84 2.358
61 85 3.021
61 86 1.853
61 87 2.806
61 88 1.851
61 89 1.559
61 90 2.557
61 91 3.119
61 92 3.658
61 93 2.422
61 94 2.482
61 95 1.318
61 96 2.269
61 97 1.535
61 98 0.857
61 99 2.856
62 63 0.342
62 64 3.478
62 65 1.522
62 66 2.219
62 67 2.567
62 68 1.480
62 69 3.095
62 70 2.353
62 71 3.164
62 72 2.351
62 73 3.301
62 74 2.687
62 75 1.610
62 76 1.760
62 77 3.074
62 78 2.341
62 79 1.787
62 80 1.865
62 81 0.722
62 82 3.183
62 83 1.165
62 84 0.918
62 85 0.717
62 86 1.466
62 87 0.974
62 88 1.305
62 89 2.269
62 90 1.437
62 91 2.508
62 92 1.102
62 93 0.745
62 94 0.834
62 95 2.538
62 96 2.372
62 97 1.667
62 98 3.330
62 99 1.542
63 64 3.748
63 65 1.553
63 66 2.263
63 67 2.710
63 68 1.780
63 69 3.234
63 70 2.350
63 71 3.209
63 72 2.530
63 73 3.511
63 74 2.845
63 75 1.837
63 76 1.896
63 77 3.204
63 78 2.683
63 79 2.001
63 80 1.785
63 81 1.062
63 82 3.348
63 83 1.010
63 84 1.257
63 85 0.698
63 86 1.687
63 87 1.005
63 88 1.608
63 89 2.449
63 90 1.494
63 91 2.472
63 92 0.855
63 93 1.066
63 94 1.023
63 95 2.875
63 96 2.454
63 97 1.983
63 98 3.564
63 99 1.528
64 65 2.802
64 66 2.564
64 67 1.763
64 68 2.023
64 69 1.698
64 70 2.876
64 71 2.617
64 72 1.587
64 73 0.895
64 74 1.598
64 75 1.948
64 76 2.195
64 77 1.795
64 78 2.280
64 79 1.824
64 80 3.311
64 81 2.893
64 82 1.430
64 83 3.572
64 84 2.730
64 85 3.273
64 86 2.099
64 87 3.031
64 88 2.195
64 89 1.631
64 90 2.724
64 91 3.126
64 92 3.884
64 93 2.765
64 94 2.756
64 95 1.764
64 96 2.277
64 97 1.916
64 98 0.586
64 99 3.001
65 66 0.710
65 67 1.298
65 68 1.493
65 69 1.786
65 70 0.838
65 71 1.656
65 72 1.263
65 73 2.274
65 74 1.467
65 75 1.031
65 76 0.607
65 77 1.735
65 78 2.842
65 79 1.051
65 80 0.616
65 81 1.614
65 82 1.962
65 83 0.844
65 84 1.671
65 85 0.855
65 86 0.937
65 87 0.554
65 88 1.429
65 89 1.199
65 90 0.136
65 91 1.030
65 92 1.204
65 93 1.404
65 94 0.847
65 95 2.743
65 96 0.927
65 97 1.756
65 98 2.427
65 99 0.205
66 67 0.829
66 68 1.838
66 69 1.206
66 70 0.335
66 71 0.947
66 72 0.993
66 73 1.863
66 74 1.012
66 75 1.262
66 76 0.699
66 77 1.134
66 78 3.167
66 79 1.169
66 80 0.846
66 81 2.207
66 82 1.437
66 83 1.480
66 84 2.220
66 85 1.566
66 86 1.252
66 87 1.262
66 88 1.837
66 89 0.971
66 90 0.782
66 91 0.607
66 92 1.844
66 93 1.986
66 94 1.472
66 95 2.956
66 96 0.315
66 97 2.066
66 98 2.085
66 99 0.778
67 68 1.651
67 69 0.527
67 70 1.120
67 71 1.026
67 72 0.360
67 73 1.034
67 74 0.183
67 75 1.110
67 76 0.814
67 77 0.513
67 78 2.814
67 79 0.929
67 80 1.650
67 81 2.312
67 82 0.664
67 83 2.142
67 84 2.254
67 85 2.054
67 86 1.199
67 87 1.745
67 88 1.729
67 89 0.413
67 90 1.285
67 91 1.364
67 92 2.501
67 93 2.098
67 94 1.735
67 95 2.489
67 96 0.523
67 97 1.799
67 98 1.259
67 99 1.455
68 69 2.112
68 70 2.137
68 71 2.588
68 72 1.311
68 73 2.020
68 74 1.682
68 75 0.585
68 76 1.138
68 77 2.135
68 78 1.355
68 79 0.734
68 80 2.106
68 81 0.874
68 82 2.085
68 83 1.930
68 84 0.727
68 85 1.474
68 86 0.590
68 87 1.356
68 88 0.175
68 89 1.243
68 90 1.358
68 91 2.395
68 92 2.142
68 93 0.746
68 94 0.919
68 95 1.276
68 96 1.777
68 97 0.269
68 98 1.970
68 99 1.674
69 70 1.419
69 71 0.922
69 72 0.806
69 73 0.823
69 74 0.434
69 75 1.606
69 76 1.340
69 77 0.100
69 78 3.168
69 79 1.419
69 80 2.052
69 81 2.822
69 82 0.284
69 83 2.625
69 84 2.752
69 85 2.571
69 86 1.709
69 87 2.261
69 88 2.209
69 89 0.882
69 90 1.790
69 91 1.609
69 92 2.988
69 93 2.612
69 94 2.262
69 95 2.786
69 96 0.899
69 97 2.225
69 98 1.120
69 99 1.923
70 71 0.918
70 72 1.319
70 73 2.139
70 74 1.298
70 75 1.573
70 76 1.006
70 77 1.334
70 78 3.479
70 79 1.492
70 80 0.708
70 81 2.429
70 82 1.675
70 83 1.464
70 84 2.463
70 85 1.660
70 86 1.547
70 87 1.379
70 88 2.122
70 89 1.302
70 90 0.948
70 91 0.273
70 92 1.816
70 93 2.212
70 94 1.671
70 95 3.282
70 96 0.600
70 97 2.375
70 98 2.378
70 99 0.823
71 72 1.379
71 73 1.745
71 74 1.113
71 75 2.008
71 76 1.518
71 77 0.824
71 78 3.824
71 79 1.856
71 80 1.623
71 81 3.100
71 82 1.202
71 83 2.375
71 84 3.088
71 85 2.511
71 86 2.050
71 87 2.209
71 88 2.631
71 89 1.417
71 90 1.729
71 91 0.961
71 92 2.731
71 93 2.878
71 94 2.396
71 95 3.514
71 96 0.836
71 97 2.772
71 98 2.042
71 99 1.700
72 73 1.020
72 74 0.373
72 75 0.804
72 76 0.681
72 77 0.824
72 78 2.454
72 79 0.614
72 80 1.728
72 81 2.023
72 82 0.835
72 83 2.088
72 84 1.947
72 85 1.913
72 86 0.917
72 87 1.620
72 88 1.403
72 89 0.082
72 90 1.213
72 91 1.584
72 92 2.433
72 93 1.817
72 94 1.520
72 95 2.136
72 96 0.739
72 97 1.445
72 98 1.166
72 99 1.449
73 74 0.851
73 75 1.692
73 76 1.701
73 77 0.923
73 78 2.757
73 79 1.515
73 80 2.681
73 81 2.859
73 82 0.544
73 83 3.106
73 84 2.739
73 85 2.923
73 86 1.835
73 87 2.636
73 88 2.165
73 89 1.093
73 90 2.232
73 91 2.364
73 92 3.452
73 93 2.680
73 94 2.489
73 95 2.298
73 96 1.552
73 97 2.032
73 98 0.309
73 99 2.451
74 75 1.173
74 76 0.953
74 77 0.455
74 78 2.782
74 79 0.985
74 80 1.833
74 81 2.390
74 82 0.506
74 83 2.311
74 84 2.319
74 85 2.201
74 86 1.280
74 87 1.896
74 88 1.776
74 89 0.449
74 90 1.447
74 91 1.536
74 92 2.668
74 93 2.182
74 94 1.853
74 95 2.430
74 96 0.703
74 97 1.805
74 98 1.080
74 99 1.630
75 76 0.566
75 77 1.614
75 78 1.906
75 79 0.190
75 80 1.641
75 81 1.220
75 82 1.630
75 83 1.664
75 84 1.146
75 85 1.325
75 86 0.152
75 87 1.098
75 88 0.628
75 89 0.725
75 90 0.911
75 91 1.837
75 92 1.951
75 93 1.017
75 94 0.819
75 95 1.734
75 96 1.192
75 97 0.804
75 98 1.727
75 99 1.232
76 77 1.314
76 78 2.473
76 79 0.504
76 80 1.158
76 81 1.587
76 82 1.459
76 83 1.410
76 84 1.570
76 85 1.248
76 86 0.555
76 87 0.946
76 88 1.143
76 89 0.609
76 90 0.538
76 91 1.272
76 92 1.752
76 93 1.365
76 94 0.934
76 95 2.287
76 96 0.682
76 97 1.369
76 98 1.833
76 99 0.807
77 78 3.221
77 79 1.429
77 80 1.978
77 81 2.823
77 82 0.384
77 83 2.569
77 84 2.760
77 85 2.534
77 86 1.710
77 87 2.222
77 88 2.226
77 89 0.896
77 90 1.745
77 91 1.518
77 92 2.934
77 93 2.611
77 94 2.243
77 95 2.849
77 96 0.833
77 97 2.259
77 98 1.219
77 99 1.865
78 79 2.008
78 80 3.450
78 81 1.630
78 82 3.044
78 83 3.164
78 84 1.445
78 85 2.653
78 86 1.941
78 87 2.625
78 88 1.417
78 89 2.409
78 90 2.706
78 91 3.742
78 92 3.296
78 93 1.700
78 94 2.155
78 95 0.524
78 96 3.063
78 97 1.105
78 98 2.562
78 99 3.016
79 80 1.643
79 81 1.410
79 82 1.440
79 83 1.755
79 84 1.333
79 85 1.457
79 86 0.321
79 87 1.207
79 88 0.801
79 89 0.537
79 90 0.946
79 91 1.762
79 92 2.060
79 93 1.207
79 94 0.979
79 95 1.790
79 96 1.059
79 97 0.922
79 98 1.566
79 99 1.256
80 81 2.129
80 82 2.280
80 83 0.811
80 84 2.216
80 85 1.149
80 86 1.553
80 87 0.949
80 88 2.034
80 89 1.681
80 90 0.748
80 91 0.723
80 92 1.137
80 93 1.936
80 94 1.376
80 95 3.359
80 96 1.157
80 97 2.371
80 98 2.879
80 99 0.435
81 82 2.849
81 83 1.627
81 84 0.197
81 85 1.101
81 86 1.113
81 87 1.187
81 88 0.708
81 89 1.944
81 90 1.489
81 91 2.642
81 92 1.695
81 93 0.222
81 94 0.767
81 95 1.818
81 96 2.266
81 97 1.001
81 98 2.833
81 99 1.721
82 83 2.806
82 84 2.761
82 85 2.706
82 86 1.751
82 87 2.401
82 88 2.200
82 89 0.918
82 90 1.948
82 91 1.878
82 92 3.165
82 93 2.648
82 94 2.349
82 95 2.633
82 96 1.124
82 97 2.165
82 98 0.847
82 99 2.115
83 84 1.769
83 85 0.527
83 86 1.526
83 87 0.580
83 88 1.801
83 89 2.019
83 90 0.875
83 91 1.529
83 92 0.365
83 93 1.487
83 94 1.022
83 95 3.197
83 96 1.745
83 97 2.193
83 98 3.242
83 99 0.706
84 85 1.243
84 86 1.059
84 87 1.291
84 88 0.574
84 89 1.870
84 90 1.540
84 91 2.688
84 92 1.861
84 93 0.286
84 94 0.840
84 95 1.621
84 96 2.252
84 97 0.823
84 98 2.697
84 99 1.796
85 86 1.174
85 87 0.313
85 88 1.328
85 89 1.835
85 90 0.801
85 91 1.799
85 92 0.668
85 93 0.964
85 94 0.557
85 95 2.716
85 96 1.764
85 97 1.727
85 98 3.013
85 99 0.839
86 87 0.955
86 88 0.589
86 89 0.836
86 90 0.810
86 91 1.805
86 92 1.805
86 93 0.903
86 94 0.667
86 95 1.807
86 96 1.220
86 97 0.838
86 98 1.877
86 99 1.132
87 88 1.235
87 89 1.544
87 90 0.489
87 91 1.541
87 92 0.854
87 93 1.006
87 94 0.471
87 95 2.628
87 96 1.451
87 97 1.621
87 98 2.741
87 99 0.575
88 89 1.330
88 90 1.292
88 91 2.373
88 92 1.996
88 93 0.571
88 94 0.781
88 95 1.395
88 96 1.807
88 97 0.399
88 98 2.127
88 99 1.599
89 90 1.145
89 91 1.570
89 92 2.361
89 93 1.737
89 94 1.438
89 95 2.105
89 96 0.736
89 97 1.385
89 98 1.228
89 99 1.389
90 91 1.152
90 92 1.224
90 93 1.277
90 94 0.725
90 95 2.612
90 96 0.962
90 97 1.623
90 98 2.370
90 99 0.323
91 92 1.860
91 93 2.429
91 94 1.876
91 95 3.553
91 96 0.852
91 97 2.637
91 98 2.614
91 99 0.967
92 93 1.596
92 94 1.224
92 95 3.381
92 96 2.110
92 97 2.395
92 98 3.577
92 99 1.072
93 94 0.562
93 95 1.825
93 96 2.044
93 97 0.922
93 98 2.670
93 99 1.520
94 95 2.176
94 96 1.577
94 97 1.177
94 98 2.543
94 99 0.957
95 96 2.807
95 97 1.008
95 98 2.081
95 99 2.934
96 97 1.981
96 98 1.781
96 99 1.038
97 98 1.941
97 99 1.940
98 99 2.615
