nodei nodej distance
0 1 1.293
0 2 0.871
0 3 0.553
0 4 1.687
0 5 0.961
0 6 1.438
0 7 1.951
0 8 1.951
0 9 1.127
0 10 0.863
0 11 1.762
0 12 1.673
0 13 1.234
0 14 1.475
0 15 1.166
0 16 0.989
0 17 1.150
0 18 2.230
0 19 0.132
0 20 1.724
0 21 2.096
0 22 1.760
0 23 1.540
0 24 0.084
0 25 1.375
0 26 1.801
0 27 1.206
0 28 1.810
0 29 2.054
0 30 2.186
0 31 1.257
0 32 0.887
0 33 1.297
0 34 0.629
0 35 1.522
0 36 1.496
0 37 1.245
0 38 1.481
0 39 2.355
0 40 1.755
0 41 1.958
0 42 1.776
0 43 0.706
0 44 0.967
0 45 1.896
0 46 1.562
0 47 1.927
0 48 1.270
0 49 0.941
0 50 1.678
0 51 1.333
0 52 0.799
0 53 1.886
0 54 1.729
0 55 0.509
0 56 1.848
0 57 1.389
0 58 1.250
0 59 1.444
0 60 1.255
0 61 1.172
0 62 1.494
0 63 1.096
0 64 0.763
0 65 1.335
0 66 1.170
0 67 1.469
0 68 1.842
0 69 1.328
0 70 1.237
0 71 1.979
0 72 2.202
0 73 1.807
0 74 1.585
0 75 0.433
0 76 1.637
0 77 1.607
0 78 1.166
0 79 1.976
0 80 0.145
0 81 1.262
0 82 1.300
0 83 1.665
0 84 1.408
0 85 1.377
0 86 1.612
0 87 1.056
0 88 0.592
0 89 1.834
0 90 0.712
0 91 1.502
0 92 1.642
0 93 1.708
0 94 1.809
0 95 0.559
0 96 1.916
0 97 1.778
0 98 2.126
0 99 1.406
1 2 0.630
1 3 1.305
1 4 1.183
1 5 0.523
1 6 1.213
1 7 3.153
1 8 2.901
1 9 2.048
1 10 1.837
1 11 2.940
1 12 2.404
1 13 1.322
1 14 1.955
1 15 1.255
1 16 1.843
1 17 2.082
1 18 2.958
1 19 1.421
1 20 0.670
1 21 0.968
1 22 0.553
1 23 1.429
1 24 1.291
1 25 1.216
1 26 3.052
1 27 1.181
1 28 3.083
1 29 3.346
1 30 3.478
1 31 1.833
1 32 0.592
1 33 0.905
1 34 0.714
1 35 1.796
1 36 1.876
1 37 2.241
1 38 1.702
1 39 3.647
1 40 2.450
1 41 2.280
1 42 2.040
1 43 1.933
1 44 1.431
1 45 3.157
1 46 0.443
1 47 0.806
1 48 1.130
1 49 1.600
1 50 1.745
1 51 0.040
1 52 0.642
1 53 3.174
1 54 2.983
1 55 1.801
1 56 3.001
1 57 2.405
1 58 2.316
1 59 1.169
1 60 0.715
1 61 2.376
1 62 2.202
1 63 0.440
1 64 1.106
1 65 2.497
1 66 2.367
1 67 2.571
1 68 3.015
1 69 2.568
1 70 0.962
1 71 3.272
1 72 2.868
1 73 3.019
1 74 2.190
1 75 1.623
1 76 1.282
1 77 1.250
1 78 1.700
1 79 2.749
1 80 1.316
1 81 2.049
1 82 2.417
1 83 1.987
1 84 2.651
1 85 2.657
1 86 1.890
1 87 1.156
1 88 1.721
1 89 2.996
1 90 0.974
1 91 0.578
1 92 2.189
1 93 2.065
1 94 0.991
1 95 1.851
1 96 3.204
1 97 1.547
1 98 3.419
1 99 2.253
2 3 0.701
2 4 1.610
2 5 0.116
2 6 1.516
2 7 2.822
2 8 2.746
2 9 1.424
2 10 1.226
2 11 2.629
2 12 2.355
2 13 1.491
2 14 1.347
2 15 0.684
2 16 1.218
2 17 1.914
2 18 2.927
2 19 1.001
2 20 1.271
2 21 1.594
2 22 1.183
2 23 1.705
2 24 0.833
2 25 1.489
2 26 2.668
2 27 0.639
2 28 2.549
2 29 2.853
2 30 2.980
2 31 1.829
2 32 0.724
2 33 1.238
2 34 0.266
2 35 1.931
2 36 1.968
2 37 2.044
2 38 1.136
2 39 3.150
2 40 2.421
2 41 2.422
2 42 2.196
2 43 1.391
2 44 1.435
2 45 2.759
2 46 1.051
2 47 1.428
2 48 0.631
2 49 1.532
2 50 1.969
2 51 0.664
2 52 0.691
2 53 2.664
2 54 2.431
2 55 1.336
2 56 2.711
2 57 2.200
2 58 2.079
2 59 1.489
2 60 0.405
2 61 2.041
2 62 2.156
2 63 0.250
2 64 1.096
2 65 1.908
2 66 1.795
2 67 1.963
2 68 2.708
2 69 2.199
2 70 0.504
2 71 2.786
2 72 2.866
2 73 2.677
2 74 2.194
2 75 1.285
2 76 1.652
2 77 1.618
2 78 1.077
2 79 2.688
2 80 0.955
2 81 1.419
2 82 2.148
2 83 2.113
2 84 2.278
2 85 2.232
2 86 1.321
2 87 1.289
2 88 1.425
2 89 2.698
2 90 0.955
2 91 1.120
2 92 2.221
2 93 2.180
2 94 1.530
2 95 1.407
2 96 2.694
2 97 1.887
2 98 2.947
2 99 1.623
3 4 2.043
3 5 0.816
3 6 1.850
3 7 2.339
3 8 2.465
3 9 0.758
3 10 0.533
3 11 2.178
3 12 2.223
3 13 1.704
3 14 0.937
3 15 0.661
3 16 0.564
3 17 1.688
3 18 2.776
3 19 0.621
3 20 1.888
3 21 2.239
3 22 1.847
3 23 1.989
3 24 0.470
3 25 1.799
3 26 2.133
3 27 0.727
3 28 1.874
3 29 2.205
3 30 2.328
3 31 1.805
3 32 1.139
3 33 1.643
3 34 0.613
3 35 2.044
3 36 2.031
3 37 1.768
3 38 0.930
3 39 2.497
3 40 2.306
3 41 2.497
3 42 2.305
3 43 0.733
3 44 1.489
3 45 2.207
3 46 1.685
3 47 2.069
3 48 0.814
3 49 1.487
3 50 2.172
3 51 1.342
3 52 1.063
3 53 2.007
3 54 1.744
3 55 0.793
3 56 2.279
3 57 1.901
3 58 1.751
3 59 1.843
3 60 0.960
3 61 1.597
3 62 2.046
3 63 0.948
3 64 1.229
3 65 1.208
3 66 1.101
3 67 1.267
3 68 2.258
3 69 1.702
3 70 0.840
3 71 2.147
3 72 2.752
3 73 2.189
3 74 2.137
3 75 0.947
3 76 2.031
3 77 1.999
3 78 0.624
3 79 2.519
3 80 0.698
3 81 0.814
3 82 1.776
3 83 2.198
3 84 1.772
3 85 1.668
3 86 1.060
3 87 1.507
3 88 1.114
3 89 2.259
3 90 1.134
3 91 1.698
3 92 2.193
3 93 2.246
3 94 2.073
3 95 0.886
3 96 2.036
3 97 2.214
3 98 2.318
3 99 0.998
4 5 1.554
4 6 0.330
4 7 2.942
4 8 2.375
4 9 2.772
4 10 2.515
4 11 2.711
4 12 1.762
4 13 0.652
4 14 2.911
4 15 2.293
4 16 2.598
4 17 1.732
4 18 2.210
4 19 1.759
4 20 0.727
4 21 0.923
4 22 0.984
4 23 0.457
4 24 1.743
4 25 0.405
4 26 2.966
4 27 2.247
4 28 3.367
4 29 3.497
4 30 3.628
4 31 1.250
4 32 0.918
4 33 0.400
4 34 1.490
4 35 0.962
4 36 1.099
4 37 1.907
4 38 2.742
4 39 3.784
4 40 1.764
4 41 1.335
4 42 1.111
4 43 2.380
4 44 1.017
4 45 3.090
4 46 0.854
4 47 0.854
4 48 2.226
4 49 1.230
4 50 0.762
4 51 1.184
4 52 0.985
4 53 3.380
4 54 3.331
4 55 2.103
4 56 2.722
4 57 2.051
4 58 2.043
4 59 0.290
4 60 1.861
4 61 2.283
4 62 1.593
4 63 1.547
4 64 0.965
4 65 3.015
4 66 2.841
4 67 3.156
4 68 2.769
4 69 2.515
4 70 2.075
4 71 3.407
4 72 2.079
4 73 2.846
4 74 1.494
4 75 1.737
4 76 0.177
4 77 0.171
4 78 2.612
4 79 2.073
4 80 1.601
4 81 2.857
4 82 2.184
4 83 1.119
4 84 2.592
4 85 2.714
4 86 2.923
4 87 0.706
4 88 1.723
4 89 2.733
4 90 0.977
4 91 0.637
4 92 1.442
4 93 1.200
4 94 0.394
4 95 2.096
4 96 3.409
4 97 0.419
4 98 3.505
4 99 3.034
5 6 1.482
5 7 2.908
5 8 2.803
5 9 1.537
5 10 1.341
5 11 2.712
5 12 2.393
5 13 1.482
5 14 1.438
5 15 0.756
5 16 1.331
5 17 1.970
5 18 2.964
5 19 1.092
5 20 1.176
5 21 1.491
5 22 1.076
5 23 1.679
5 24 0.930
5 25 1.460
5 26 2.761
5 27 0.698
5 28 2.661
5 29 2.960
5 30 3.089
5 31 1.855
5 32 0.697
5 33 1.195
5 34 0.336
5 35 1.932
5 36 1.977
5 37 2.105
5 38 1.209
5 39 3.259
5 40 2.455
5 41 2.426
5 42 2.196
5 43 1.503
5 44 1.455
5 45 2.855
5 46 0.953
5 47 1.327
5 48 0.673
5 49 1.567
5 50 1.955
5 51 0.556
5 52 0.678
5 53 2.774
5 54 2.544
5 55 1.438
5 56 2.790
5 57 2.264
5 58 2.147
5 59 1.452
5 60 0.369
5 61 2.125
5 62 2.192
5 63 0.139
5 64 1.112
5 65 2.023
5 66 1.909
5 67 2.079
5 68 2.790
5 69 2.289
5 70 0.526
5 71 2.893
5 72 2.897
5 73 2.765
5 74 2.222
5 75 1.365
5 76 1.608
5 77 1.574
5 78 1.177
5 79 2.730
5 80 1.035
5 81 1.528
5 82 2.222
5 83 2.118
5 84 2.369
5 85 2.330
5 86 1.396
5 87 1.283
5 88 1.499
5 89 2.779
5 90 0.969
5 91 1.037
5 92 2.243
5 93 2.187
5 94 1.451
5 95 1.506
5 96 2.804
5 97 1.850
5 98 3.053
5 99 1.733
6 7 2.612
6 8 2.061
6 9 2.551
6 10 2.289
6 11 2.381
6 12 1.457
6 13 0.321
6 14 2.754
6 15 2.183
6 16 2.389
6 17 1.402
6 18 1.934
6 19 1.495
6 20 0.929
6 21 1.196
6 22 1.162
6 23 0.218
6 24 1.502
6 25 0.076
6 26 2.637
6 27 2.152
6 28 3.061
6 29 3.177
6 30 3.308
6 31 0.927
6 32 0.792
6 33 0.308
6 34 1.350
6 35 0.681
6 36 0.806
6 37 1.577
6 38 2.621
6 39 3.463
6 40 1.467
6 41 1.114
6 42 0.876
6 43 2.112
6 44 0.689
6 45 2.761
6 46 0.988
6 47 1.096
6 48 2.146
6 49 0.901
6 50 0.546
6 51 1.225
6 52 0.836
6 53 3.067
6 54 3.033
6 55 1.819
6 56 2.393
6 57 1.722
6 58 1.712
6 59 0.056
6 60 1.823
6 61 1.956
6 62 1.280
6 63 1.505
6 64 0.684
6 65 2.746
6 66 2.567
6 67 2.898
6 68 2.439
6 69 2.188
6 70 2.008
6 71 3.087
6 72 1.812
6 73 2.515
6 74 1.194
6 75 1.438
6 76 0.207
6 77 0.184
6 78 2.447
6 79 1.779
6 80 1.337
6 81 2.656
6 82 1.854
6 83 0.857
6 84 2.265
6 85 2.392
6 86 2.796
6 87 0.401
6 88 1.411
6 89 2.404
6 90 0.730
6 91 0.766
6 92 1.153
6 93 0.940
6 94 0.679
6 95 1.804
6 96 3.095
6 97 0.373
6 98 3.181
6 99 2.821
7 8 0.896
7 9 2.295
7 10 2.168
7 11 0.231
7 12 1.395
7 13 2.291
7 14 2.952
7 15 2.996
7 16 2.349
7 17 1.210
7 18 1.477
7 19 1.823
7 20 3.362
7 21 3.714
7 22 3.497
7 23 2.534
7 24 1.996
7 25 2.538
7 26 0.325
7 27 3.067
7 28 1.324
7 29 1.057
7 30 1.128
7 31 1.717
7 32 2.601
7 33 2.706
7 34 2.572
7 35 2.101
7 36 1.961
7 37 1.035
7 38 3.149
7 39 1.200
7 40 1.462
7 41 2.116
7 42 2.153
7 43 1.700
7 44 1.942
7 45 0.385
7 46 3.282
7 47 3.570
7 48 3.152
7 49 1.724
7 50 2.378
7 51 3.190
7 52 2.530
7 53 1.139
7 54 1.472
7 55 1.546
7 56 0.257
7 57 0.901
7 58 0.901
7 59 2.656
7 60 3.204
7 61 0.784
7 62 1.461
7 63 3.039
7 64 2.139
7 65 1.824
7 66 1.701
7 67 2.025
7 68 0.183
7 69 0.637
7 70 3.157
7 71 0.979
7 72 1.595
7 73 0.151
7 74 1.624
7 75 1.546
7 76 2.792
7 77 2.782
7 78 2.736
7 79 1.320
7 80 1.874
7 81 2.524
7 82 0.767
7 83 2.054
7 84 0.569
7 85 0.745
7 86 3.201
7 87 2.285
7 88 1.433
7 89 0.228
7 90 2.234
7 91 3.133
7 92 1.719
7 93 2.011
7 94 3.258
7 95 1.455
7 96 1.146
7 97 2.732
7 98 0.917
7 99 2.499
8 9 2.685
8 10 2.488
8 11 0.747
8 12 0.628
8 13 1.762
8 14 3.270
8 15 3.112
8 16 2.671
8 17 0.833
8 18 0.584
8 19 1.852
8 20 2.933
8 21 3.246
8 22 3.119
8 23 1.926
8 24 2.023
8 25 1.997
8 26 1.148
8 27 3.157
8 28 2.094
8 29 1.913
8 30 2.002
8 31 1.141
8 32 2.310
8 33 2.240
8 34 2.480
8 35 1.433
8 36 1.289
8 37 0.707
8 38 3.377
8 39 2.089
8 40 0.658
8 41 1.305
8 42 1.401
8 43 2.024
8 44 1.497
8 45 1.251
8 46 2.910
8 47 3.126
8 48 3.221
8 49 1.305
8 50 1.692
8 51 2.933
8 52 2.261
8 53 1.949
8 54 2.202
8 55 1.745
8 56 0.650
8 57 0.565
8 58 0.718
8 59 2.114
8 60 3.150
8 61 0.992
8 62 0.782
8 63 2.915
8 64 1.796
8 65 2.380
8 66 2.213
8 67 2.592
8 68 0.736
8 69 1.070
8 70 3.178
8 71 1.827
8 72 0.699
8 73 0.916
8 74 0.897
8 75 1.524
8 76 2.206
8 77 2.205
8 78 2.998
8 79 0.436
8 80 1.826
8 81 2.903
8 82 0.730
8 83 1.328
8 84 1.071
8 85 1.337
8 86 3.474
8 87 1.831
8 88 1.360
8 89 0.687
8 90 1.927
8 91 2.721
8 92 0.972
8 93 1.265
8 94 2.740
8 95 1.647
8 96 1.963
8 97 2.079
8 98 1.797
8 99 2.939
9 10 0.263
9 11 2.198
9 12 2.612
9 13 2.360
9 14 0.673
9 15 1.047
9 16 0.208
9 17 2.043
9 18 3.111
9 19 1.109
9 20 2.645
9 21 2.994
9 22 2.596
9 23 2.665
9 24 1.054
9 25 2.492
9 26 2.016
9 27 1.154
9 28 1.416
9 29 1.821
9 30 1.923
9 31 2.316
9 32 1.886
9 33 2.372
9 34 1.370
9 35 2.629
9 36 2.585
9 37 2.061
9 38 0.954
9 39 2.078
9 40 2.704
9 41 3.032
9 42 2.872
9 43 0.663
9 44 2.082
9 45 2.050
9 46 2.441
9 47 2.824
9 48 1.260
9 49 2.017
9 50 2.800
9 51 2.083
9 52 1.806
9 53 1.604
9 54 1.243
9 55 0.978
9 56 2.319
9 57 2.151
9 58 1.988
9 59 2.551
9 60 1.579
9 61 1.704
9 62 2.469
9 63 1.657
9 64 1.887
9 65 0.633
9 66 0.644
9 67 0.590
9 68 2.271
9 69 1.707
9 70 1.373
9 71 1.790
9 72 3.123
9 73 2.148
9 74 2.596
9 75 1.343
9 76 2.742
9 77 2.711
9 78 0.558
9 79 2.853
9 80 1.253
9 81 0.229
9 82 1.955
9 83 2.755
9 84 1.752
9 85 1.551
9 86 0.947
9 87 2.178
9 88 1.490
9 89 2.288
9 90 1.821
9 91 2.455
9 92 2.670
9 93 2.788
9 94 2.825
9 95 1.065
9 96 1.629
9 97 2.900
9 98 1.979
9 99 0.284
10 11 2.050
10 12 2.378
10 13 2.097
10 14 0.793
10 15 0.964
10 16 0.185
10 17 1.811
10 18 2.891
10 19 0.848
10 20 2.414
10 21 2.769
10 22 2.379
10 23 2.402
10 24 0.791
10 25 2.230
10 26 1.910
10 27 1.064
10 28 1.440
10 29 1.817
10 30 1.930
10 31 2.062
10 32 1.638
10 33 2.116
10 34 1.142
10 35 2.369
10 36 2.327
10 37 1.842
10 38 0.991
10 39 2.092
10 40 2.469
10 41 2.777
10 42 2.614
10 43 0.476
10 44 1.820
10 45 1.958
10 46 2.215
10 47 2.599
10 48 1.169
10 49 1.760
10 50 2.538
10 51 1.875
10 52 1.556
10 53 1.605
10 54 1.287
10 55 0.752
10 56 2.166
10 57 1.942
10 58 1.780
10 59 2.290
10 60 1.432
10 61 1.523
10 62 2.228
10 63 1.469
10 64 1.624
10 65 0.705
10 66 0.641
10 67 0.738
10 68 2.126
10 69 1.555
10 70 1.254
10 71 1.773
10 72 2.895
10 73 2.018
10 74 2.350
10 75 1.095
10 76 2.482
10 77 2.451
10 78 0.574
10 79 2.631
10 80 0.990
10 81 0.431
10 82 1.760
10 83 2.498
10 84 1.609
10 85 1.435
10 86 1.033
10 87 1.916
10 88 1.248
10 89 2.138
10 90 1.559
10 91 2.218
10 92 2.422
10 93 2.532
10 94 2.580
10 95 0.846
10 96 1.632
10 97 2.637
10 98 1.957
10 99 0.544
11 12 1.188
11 13 2.060
11 14 2.840
11 15 2.838
11 16 2.233
11 17 0.979
11 18 1.329
11 19 1.637
11 20 3.136
11 21 3.486
11 22 3.274
11 23 2.303
11 24 1.812
11 25 2.308
11 26 0.402
11 27 2.904
11 28 1.371
11 29 1.167
11 30 1.257
11 31 1.487
11 32 2.383
11 33 2.476
11 34 2.376
11 35 1.875
11 36 1.736
11 37 0.805
11 38 3.016
11 39 1.351
11 40 1.260
11 41 1.908
11 42 1.935
11 43 1.575
11 44 1.711
11 45 0.510
11 46 3.059
11 47 3.343
11 48 2.986
11 49 1.494
11 50 2.152
11 51 2.977
11 52 2.313
11 53 1.211
11 54 1.496
11 55 1.387
11 56 0.128
11 57 0.672
11 58 0.671
11 59 2.425
11 60 3.017
11 61 0.591
11 62 1.241
11 63 2.841
11 64 1.914
11 65 1.776
11 66 1.634
11 67 1.983
11 68 0.080
11 69 0.494
11 70 2.982
11 71 1.081
11 72 1.435
11 73 0.175
11 74 1.407
11 75 1.346
11 76 2.562
11 77 2.552
11 78 2.609
11 79 1.148
11 80 1.677
11 81 2.426
11 82 0.539
11 83 1.833
11 84 0.447
11 85 0.681
11 86 3.080
11 87 2.055
11 88 1.224
11 89 0.092
11 90 2.012
11 91 2.907
11 92 1.503
11 93 1.793
11 94 3.027
11 95 1.292
11 96 1.223
11 97 2.504
11 98 1.055
11 99 2.418
12 13 1.175
12 14 3.112
12 15 2.825
12 16 2.549
12 17 0.569
12 18 0.572
12 19 1.607
12 20 2.356
12 21 2.651
12 22 2.558
12 23 1.308
12 24 1.754
12 25 1.398
12 26 1.561
12 27 2.851
12 28 2.365
12 29 2.286
12 30 2.396
12 31 0.574
12 32 1.816
12 33 1.663
12 34 2.094
12 35 0.809
12 36 0.666
12 37 0.592
12 38 3.153
12 39 2.512
12 40 0.095
12 41 0.721
12 42 0.781
12 43 1.962
12 44 0.974
12 45 1.682
12 46 2.356
12 47 2.541
12 48 2.898
12 49 0.826
12 50 1.064
12 51 2.432
12 52 1.782
12 53 2.268
12 54 2.429
12 55 1.634
12 56 1.140
12 57 0.595
12 58 0.726
12 59 1.511
12 60 2.756
12 61 1.107
12 62 0.203
12 63 2.488
12 64 1.307
12 65 2.452
12 66 2.267
12 67 2.659
12 68 1.214
12 69 1.289
12 70 2.827
12 71 2.194
12 72 0.529
12 73 1.359
12 74 0.270
12 75 1.298
12 76 1.589
12 77 1.591
12 78 2.815
12 79 0.344
12 80 1.531
12 81 2.808
12 82 0.846
12 83 0.701
12 84 1.330
12 85 1.571
12 86 3.277
12 87 1.276
12 88 1.136
12 89 1.167
12 90 1.449
12 91 2.155
12 92 0.345
12 93 0.641
12 94 2.136
12 95 1.550
12 96 2.288
12 97 1.452
12 98 2.210
12 99 2.887
13 14 2.632
13 15 2.120
13 16 2.214
13 17 1.081
13 18 1.685
13 19 1.269
13 20 1.182
13 21 1.483
13 22 1.390
13 23 0.316
13 24 1.307
13 25 0.248
13 26 2.317
13 27 2.105
13 28 2.769
13 29 2.870
13 30 3.000
13 31 0.621
13 32 0.793
13 33 0.490
13 34 1.283
13 35 0.473
13 36 0.563
13 37 1.257
13 38 2.540
13 39 3.153
13 40 1.197
13 41 0.962
13 42 0.724
13 43 1.871
13 44 0.376
13 45 2.441
13 46 1.194
13 47 1.368
13 48 2.116
13 49 0.582
13 50 0.482
13 51 1.343
13 52 0.804
13 53 2.765
13 54 2.750
13 55 1.561
13 56 2.073
13 57 1.403
13 58 1.391
13 59 0.366
13 60 1.844
13 61 1.640
13 62 0.987
13 63 1.533
13 64 0.477
13 65 2.499
13 66 2.316
13 67 2.662
13 68 2.118
13 69 1.872
13 70 1.995
13 71 2.779
13 72 1.576
13 73 2.194
13 74 0.923
13 75 1.165
13 76 0.513
13 77 0.498
13 78 2.320
13 79 1.508
13 80 1.115
13 81 2.486
13 82 1.533
13 83 0.665
13 84 1.948
13 85 2.082
13 86 2.705
13 87 0.205
13 88 1.118
13 89 2.084
13 90 0.576
13 91 0.985
13 92 0.898
13 93 0.743
13 94 0.984
13 95 1.535
13 96 2.793
13 97 0.560
13 98 2.868
13 99 2.638
14 15 0.715
14 16 0.608
14 17 2.556
14 18 3.646
14 19 1.514
14 20 2.614
14 21 2.921
14 22 2.501
14 23 2.908
14 24 1.391
14 25 2.709
14 26 2.682
14 27 0.811
14 28 2.068
14 29 2.484
14 30 2.579
14 31 2.732
14 32 1.994
14 33 2.518
14 34 1.422
14 35 2.982
14 36 2.966
14 37 2.605
14 38 0.367
14 39 2.729
14 40 3.200
14 41 3.431
14 42 3.242
14 43 1.268
14 44 2.426
14 45 2.720
14 46 2.391
14 47 2.760
14 48 0.899
14 49 2.415
14 50 3.105
14 51 1.983
14 52 1.931
14 53 2.266
14 54 1.887
14 55 1.525
14 56 2.958
14 57 2.716
14 58 2.556
14 59 2.741
14 60 1.318
14 61 2.314
14 62 2.947
14 63 1.517
14 64 2.161
14 65 1.283
14 66 1.316
14 67 1.182
14 68 2.916
14 69 2.346
14 70 1.060
14 71 2.457
14 72 3.638
14 73 2.803
14 74 3.052
14 75 1.815
14 76 2.923
14 77 2.889
14 78 0.313
14 79 3.386
14 80 1.619
14 81 0.455
14 82 2.545
14 83 3.134
14 84 2.397
14 85 2.212
14 86 0.284
14 87 2.432
14 88 1.978
14 89 2.930
14 90 2.058
14 91 2.466
14 92 3.113
14 93 3.180
14 94 2.873
14 95 1.623
14 96 2.289
14 97 3.124
14 98 2.646
14 99 0.591
15 16 0.855
15 17 2.315
15 18 3.390
15 19 1.260
15 20 1.922
15 21 2.215
15 22 1.794
15 23 2.361
15 24 1.090
15 25 2.149
15 26 2.779
15 27 0.108
15 28 2.405
15 29 2.775
15 30 2.891
15 31 2.356
15 32 1.393
15 33 1.916
15 34 0.839
15 35 2.528
15 36 2.542
15 37 2.409
15 38 0.453
15 39 3.055
15 40 2.903
15 41 3.008
15 42 2.795
15 43 1.339
15 44 1.994
15 45 2.846
15 46 1.696
15 47 2.058
15 48 0.214
15 49 2.041
15 50 2.603
15 51 1.280
15 52 1.347
15 53 2.566
15 54 2.249
15 55 1.452
15 56 2.940
15 57 2.548
15 58 2.402
15 59 2.160
15 60 0.603
15 61 2.258
15 62 2.638
15 63 0.815
15 64 1.680
15 65 1.654
15 66 1.605
15 67 1.637
15 68 2.918
15 69 2.359
15 70 0.352
15 71 2.727
15 72 3.352
15 73 2.845
15 74 2.709
15 75 1.588
15 76 2.329
15 77 2.295
15 78 0.529
15 79 3.137
15 80 1.301
15 81 0.942
15 82 2.434
15 83 2.700
15 84 2.427
15 85 2.308
15 86 0.640
15 87 1.915
15 88 1.753
15 89 2.919
15 90 1.553
15 91 1.792
15 92 2.752
15 93 2.759
15 94 2.206
15 95 1.546
15 96 2.593
15 97 2.556
15 98 2.907
15 99 1.148
16 17 1.985
16 18 3.068
16 19 0.991
16 20 2.447
16 21 2.793
16 22 2.393
16 23 2.513
16 24 0.911
16 25 2.333
16 26 2.087
16 27 0.960
16 28 1.568
16 29 1.960
16 30 2.067
16 31 2.216
16 32 1.702
16 33 2.198
16 34 1.173
16 35 2.508
16 36 2.473
16 37 2.020
16 38 0.823
16 39 2.227
16 40 2.640
16 41 2.928
16 42 2.758
16 43 0.661
16 44 1.955
16 45 2.131
16 46 2.240
16 47 2.624
16 48 1.067
16 49 1.908
16 50 2.666
16 51 1.878
16 52 1.624
16 53 1.745
16 54 1.404
16 55 0.932
16 56 2.351
16 57 2.123
16 58 1.961
16 59 2.386
16 60 1.373
16 61 1.708
16 62 2.395
16 63 1.450
16 64 1.738
16 65 0.802
16 66 0.774
16 67 0.787
16 68 2.309
16 69 1.739
16 70 1.172
16 71 1.921
16 72 3.069
16 73 2.200
16 74 2.513
16 75 1.259
16 76 2.577
16 77 2.545
16 78 0.407
16 79 2.808
16 80 1.124
16 81 0.274
16 82 1.944
16 83 2.644
16 84 1.791
16 85 1.613
16 86 0.853
16 87 2.027
16 88 1.415
16 89 2.322
16 90 1.662
16 91 2.261
16 92 2.582
16 93 2.681
16 94 2.637
16 95 1.027
16 96 1.771
16 97 2.745
16 98 2.107
16 99 0.436
17 18 1.092
17 19 1.067
17 20 2.186
17 21 2.525
17 22 2.346
17 23 1.329
17 24 1.227
17 25 1.328
17 26 1.260
17 27 2.351
17 28 1.899
17 29 1.896
17 30 2.018
17 31 0.530
17 32 1.496
17 33 1.510
17 34 1.648
17 35 0.940
17 36 0.814
17 37 0.177
17 38 2.616
17 39 2.156
17 40 0.662
17 41 1.126
17 42 1.067
17 43 1.394
17 44 0.741
17 45 1.386
17 46 2.133
17 47 2.389
17 48 2.408
17 49 0.525
17 50 1.212
17 51 2.116
17 52 1.441
17 53 1.837
17 54 1.936
17 55 1.066
17 56 0.995
17 57 0.334
17 58 0.315
17 59 1.446
17 60 2.319
17 61 0.642
17 62 0.450
17 63 2.082
17 64 0.991
17 65 1.900
17 66 1.713
17 67 2.103
17 68 1.038
17 69 0.864
17 70 2.356
17 71 1.802
17 72 1.084
17 73 1.118
17 74 0.610
17 75 0.746
17 76 1.583
17 77 1.573
17 78 2.264
17 79 0.833
17 80 1.015
17 81 2.241
17 82 0.463
17 83 0.949
17 84 0.928
17 85 1.124
17 86 2.732
17 87 1.087
17 88 0.579
17 89 1.004
17 90 1.112
17 91 1.962
17 92 0.705
17 93 0.935
17 94 2.053
17 95 0.981
17 96 1.861
17 97 1.539
17 98 1.859
17 99 2.319
18 19 2.156
18 20 2.857
18 21 3.125
18 22 3.074
18 23 1.755
18 24 2.310
18 25 1.884
18 26 1.731
18 27 3.418
18 28 2.661
18 29 2.496
18 30 2.586
18 31 1.126
18 32 2.374
18 33 2.174
18 34 2.666
18 35 1.254
18 36 1.130
18 37 1.050
18 38 3.706
18 39 2.673
18 40 0.511
18 41 0.940
18 42 1.117
18 43 2.451
18 44 1.533
18 45 1.835
18 46 2.879
18 47 3.030
18 48 3.468
18 49 1.397
18 50 1.458
18 51 2.985
18 52 2.345
18 53 2.525
18 54 2.758
18 55 2.139
18 56 1.234
18 57 0.973
18 58 1.135
18 59 1.990
18 60 3.328
18 61 1.484
18 62 0.772
18 63 3.058
18 64 1.872
18 65 2.880
18 66 2.703
18 67 3.091
18 68 1.320
18 69 1.607
18 70 3.398
18 71 2.409
18 72 0.157
18 73 1.500
18 74 0.770
18 75 1.837
18 76 2.033
18 77 2.041
18 78 3.356
18 79 0.260
18 80 2.091
18 81 3.318
18 82 1.206
18 83 1.091
18 84 1.622
18 85 1.885
18 86 3.823
18 87 1.813
18 88 1.671
18 89 1.271
18 90 2.014
18 91 2.669
18 92 0.787
18 93 1.011
18 94 2.599
18 95 2.047
18 96 2.540
18 97 1.847
18 98 2.381
18 99 3.380
19 20 1.835
19 21 2.207
19 22 1.880
19 23 1.581
19 24 0.177
19 25 1.429
19 26 1.669
19 27 1.307
19 28 1.694
19 29 1.928
19 30 2.060
19 31 1.227
19 32 0.995
19 33 1.377
19 34 0.761
19 35 1.521
19 36 1.482
19 37 1.150
19 38 1.550
19 39 2.229
19 40 1.692
19 41 1.937
19 42 1.767
19 43 0.621
19 44 0.973
19 45 1.764
19 46 1.680
19 47 2.040
19 48 1.376
19 49 0.917
19 50 1.694
19 51 1.461
19 52 0.907
19 53 1.763
19 54 1.620
19 55 0.386
19 56 1.725
19 57 1.288
19 58 1.144
19 59 1.506
19 60 1.381
19 61 1.046
19 62 1.436
19 63 1.228
19 64 0.812
19 65 1.255
19 66 1.083
19 67 1.403
19 68 1.716
19 69 1.198
19 70 1.353
19 71 1.852
19 72 2.135
19 73 1.678
19 74 1.538
19 75 0.329
19 76 1.697
19 77 1.669
19 78 1.211
19 79 1.899
19 80 0.159
19 81 1.264
19 82 1.186
19 83 1.652
19 84 1.277
19 85 1.245
19 86 1.670
19 87 1.103
19 88 0.495
19 89 1.710
19 90 0.782
19 91 1.609
19 92 1.601
19 93 1.690
19 94 1.903
19 95 0.429
19 96 1.793
19 97 1.822
19 98 1.997
19 99 1.392
20 21 0.373
20 22 0.261
20 23 1.130
20 24 1.749
20 25 0.973
20 26 3.323
20 27 1.850
20 28 3.527
20 29 3.735
20 30 3.869
20 31 1.795
20 32 0.840
20 33 0.694
20 34 1.275
20 35 1.608
20 36 1.727
20 37 2.361
20 38 2.371
20 39 4.034
20 40 2.377
20 41 2.035
20 42 1.800
20 43 2.420
20 44 1.450
20 45 3.439
20 46 0.227
20 47 0.210
20 48 1.799
20 49 1.662
20 50 1.459
20 51 0.649
20 52 0.927
20 53 3.585
20 54 3.453
20 55 2.219
20 56 3.172
20 57 2.520
20 58 2.471
20 59 0.873
20 60 1.379
20 61 2.626
20 62 2.167
20 63 1.108
20 64 1.225
20 65 3.027
20 66 2.877
20 67 3.128
20 68 3.203
20 69 2.844
20 70 1.631
20 71 3.653
20 72 2.739
20 73 3.245
20 74 2.103
20 75 1.941
20 76 0.886
20 77 0.865
20 78 2.348
20 79 2.689
20 80 1.695
20 81 2.673
20 82 2.597
20 83 1.786
20 84 2.926
20 85 2.989
20 86 2.559
20 87 1.106
20 88 1.988
20 89 3.175
20 90 1.147
20 91 0.233
20 92 2.071
20 93 1.869
20 94 0.388
20 95 2.244
20 96 3.615
20 97 1.146
20 98 3.779
20 99 2.872
21 22 0.422
21 23 1.372
21 24 2.119
21 25 1.253
21 26 3.685
21 27 2.134
21 28 3.900
21 29 4.107
21 30 4.240
21 31 2.105
21 32 1.213
21 33 1.016
21 34 1.627
21 35 1.872
21 36 2.001
21 37 2.701
21 38 2.655
21 39 4.406
21 40 2.663
21 41 2.258
21 42 2.034
21 43 2.790
21 44 1.784
21 45 3.802
21 46 0.554
21 47 0.171
21 48 2.072
21 49 2.000
21 50 1.686
21 51 0.938
21 52 1.300
21 53 3.958
21 54 3.825
21 55 2.592
21 56 3.516
21 57 2.857
21 58 2.817
21 59 1.141
21 60 1.641
21 61 2.987
21 62 2.469
21 63 1.404
21 64 1.584
21 65 3.393
21 66 3.246
21 67 3.489
21 68 3.551
21 69 3.207
21 70 1.901
21 71 4.024
21 72 2.999
21 73 3.600
21 74 2.390
21 75 2.311
21 76 1.099
21 77 1.087
21 78 2.668
21 79 2.975
21 80 2.068
21 81 3.010
21 82 2.947
21 83 2.038
21 84 3.289
21 85 3.358
21 86 2.843
21 87 1.438
21 88 2.355
21 89 3.522
21 90 1.513
21 91 0.603
21 92 2.348
21 93 2.119
21 94 0.530
21 95 2.617
21 96 3.988
21 97 1.328
21 98 4.149
21 99 3.212
22 23 1.371
22 24 1.773
22 25 1.199
22 26 3.436
22 27 1.712
22 28 3.569
22 29 3.803
22 30 3.936
22 31 1.989
22 32 0.911
22 33 0.900
22 34 1.241
22 35 1.834
22 36 1.946
22 37 2.518
22 38 2.233
22 39 4.104
22 40 2.585
22 41 2.275
22 42 2.038
22 43 2.436
22 44 1.623
22 45 3.548
22 46 0.215
22 47 0.276
22 48 1.650
22 49 1.827
22 50 1.702
22 51 0.521
22 52 0.992
22 53 3.643
22 54 3.482
22 55 2.266
22 56 3.318
22 57 2.680
22 58 2.618
22 59 1.107
22 60 1.219
22 61 2.742
22 62 2.364
22 63 0.984
22 64 1.362
22 65 3.023
22 66 2.884
22 67 3.107
22 68 3.344
22 69 2.953
22 70 1.479
22 71 3.724
22 72 2.962
22 73 3.374
22 74 2.313
22 75 2.026
22 76 1.138
22 77 1.115
22 78 2.252
22 79 2.896
22 80 1.753
22 81 2.602
22 82 2.737
22 83 2.017
22 84 3.036
22 85 3.077
22 86 2.421
22 87 1.289
22 88 2.093
22 89 3.319
22 90 1.263
22 91 0.405
22 92 2.287
22 93 2.099
22 94 0.646
22 95 2.303
22 96 3.673
22 97 1.401
22 98 3.859
22 99 2.805
23 24 1.611
23 25 0.219
23 26 2.585
23 27 2.336
23 28 3.077
23 29 3.164
23 30 3.293
23 31 0.820
23 32 0.983
23 33 0.524
23 34 1.523
23 35 0.505
23 36 0.643
23 37 1.500
23 38 2.793
23 39 3.443
23 40 1.308
23 41 0.905
23 42 0.671
23 43 2.187
23 44 0.680
23 45 2.710
23 46 1.202
23 47 1.286
23 48 2.336
23 49 0.868
23 50 0.331
23 51 1.441
23 52 1.017
23 53 3.067
23 54 3.062
23 55 1.877
23 56 2.304
23 57 1.634
23 58 1.645
23 59 0.268
23 60 2.026
23 61 1.921
23 62 1.145
23 63 1.709
23 64 0.777
23 65 2.815
23 66 2.632
23 67 2.978
23 68 2.356
23 69 2.154
23 70 2.203
23 71 3.072
23 72 1.627
23 73 2.447
23 74 1.039
23 75 1.480
23 76 0.282
23 77 0.287
23 78 2.598
23 79 1.616
23 80 1.426
23 81 2.783
23 82 1.791
23 83 0.666
23 84 2.228
23 85 2.376
23 86 2.964
23 87 0.487
23 88 1.428
23 89 2.318
23 90 0.855
23 91 0.979
23 92 0.986
23 93 0.748
23 94 0.844
23 95 1.851
23 96 3.094
23 97 0.243
23 98 3.154
23 99 2.940
24 25 1.441
24 26 1.835
24 27 1.134
24 28 1.798
24 29 2.057
24 30 2.188
24 31 1.341
24 32 0.919
24 33 1.350
24 34 0.605
24 35 1.603
24 36 1.579
24 37 1.318
24 38 1.399
24 39 2.358
24 40 1.837
24 41 2.041
24 42 1.858
24 43 0.672
24 44 1.048
24 45 1.926
24 46 1.580
24 47 1.950
24 48 1.201
24 49 1.024
24 50 1.755
24 51 1.331
24 52 0.831
24 53 1.883
24 54 1.709
24 55 0.515
24 56 1.902
24 57 1.460
24 58 1.318
24 59 1.506
24 60 1.207
24 61 1.222
24 62 1.576
24 63 1.067
24 64 0.833
24 65 1.291
24 66 1.132
24 67 1.417
24 68 1.892
24 69 1.368
24 70 1.176
24 71 1.984
24 72 2.283
24 73 1.850
24 74 1.668
24 75 0.500
24 76 1.698
24 77 1.668
24 78 1.082
24 79 2.055
24 80 0.229
24 81 1.184
24 82 1.362
24 83 1.748
24 84 1.446
24 85 1.401
24 86 1.529
24 87 1.125
24 88 0.663
24 89 1.886
24 90 0.773
24 91 1.531
24 92 1.726
24 93 1.791
24 94 1.851
24 95 0.577
24 96 1.913
24 97 1.846
24 98 2.137
24 99 1.331
25 26 2.562
25 27 2.121
25 28 2.987
25 29 3.102
25 30 3.233
25 31 0.860
25 32 0.765
25 33 0.318
25 34 1.313
25 35 0.636
25 36 0.754
25 37 1.504
25 38 2.584
25 39 3.387
25 40 1.411
25 41 1.086
25 42 0.846
25 43 2.045
25 44 0.614
25 45 2.685
25 46 1.018
25 47 1.148
25 48 2.119
25 49 0.825
25 50 0.529
25 51 1.230
25 52 0.802
25 53 2.991
25 54 2.960
25 55 1.749
25 56 2.321
25 57 1.650
25 58 1.639
25 59 0.119
25 60 1.807
25 61 1.881
25 62 1.218
25 63 1.490
25 64 0.617
25 65 2.678
25 66 2.498
25 67 2.832
25 68 2.366
25 69 2.112
25 70 1.985
25 71 3.012
25 72 1.766
25 73 2.441
25 74 1.138
25 75 1.366
25 76 0.280
25 77 0.259
25 78 2.400
25 79 1.723
25 80 1.271
25 81 2.601
25 82 1.780
25 83 0.817
25 84 2.189
25 85 2.316
25 86 2.757
25 87 0.330
25 88 1.336
25 89 2.331
25 90 0.671
25 91 0.798
25 92 1.100
25 93 0.900
25 94 0.743
25 95 1.732
25 96 3.019
25 97 0.416
25 98 3.105
25 99 2.764
26 27 2.856
26 28 1.002
26 29 0.766
26 30 0.855
26 31 1.788
26 32 2.528
26 33 2.694
26 34 2.430
26 35 2.192
26 36 2.059
26 37 1.099
26 38 2.899
26 39 0.955
26 40 1.639
26 41 2.274
26 42 2.280
26 43 1.454
26 44 1.951
26 45 0.126
26 46 3.223
26 47 3.533
26 48 2.947
26 49 1.736
26 50 2.468
26 51 3.091
26 52 2.451
26 53 0.823
26 54 1.147
26 55 1.350
26 56 0.507
26 57 1.000
26 58 0.946
26 59 2.677
26 60 3.035
26 61 0.698
26 62 1.589
26 63 2.897
26 64 2.101
26 65 1.516
26 66 1.403
26 67 1.712
26 68 0.421
26 69 0.485
26 70 2.966
26 71 0.681
26 72 1.836
26 73 0.235
26 74 1.760
26 75 1.429
26 76 2.828
26 77 2.815
26 78 2.482
26 79 1.547
26 80 1.744
26 81 2.245
26 82 0.798
26 83 2.172
26 84 0.402
26 85 0.475
26 86 2.939
26 87 2.282
26 88 1.344
26 89 0.467
26 90 2.178
26 91 3.091
26 92 1.859
26 93 2.139
26 94 3.256
26 95 1.267
26 96 0.833
26 97 2.799
26 98 0.656
26 99 2.206
27 28 2.504
27 29 2.871
27 30 2.987
27 31 2.368
27 32 1.360
27 33 1.877
27 34 0.823
27 35 2.524
27 36 2.544
27 37 2.451
27 38 0.522
27 39 3.152
27 40 2.927
27 41 3.008
27 42 2.791
27 43 1.425
27 44 1.997
27 45 2.926
27 46 1.623
27 47 1.979
27 48 0.107
27 49 2.056
27 50 2.587
27 51 1.204
27 52 1.320
27 53 2.662
27 54 2.350
27 55 1.521
27 56 3.004
27 57 2.594
27 58 2.451
27 59 2.127
27 60 0.507
27 61 2.321
27 62 2.661
27 63 0.742
27 64 1.676
27 65 1.758
27 66 1.705
27 67 1.743
27 68 2.984
27 69 2.429
27 70 0.250
27 71 2.821
27 72 3.376
27 73 2.916
27 74 2.725
27 75 1.634
27 76 2.292
27 77 2.258
27 78 0.636
27 79 3.168
27 80 1.336
27 81 1.050
27 82 2.488
27 83 2.699
27 84 2.499
27 85 2.387
27 86 0.710
27 87 1.900
27 88 1.797
27 89 2.984
27 90 1.544
27 91 1.729
27 92 2.765
27 93 2.760
27 94 2.145
27 95 1.614
27 96 2.690
27 97 2.524
27 98 3.000
27 99 1.256
28 29 0.431
28 30 0.512
28 31 2.395
28 32 2.687
28 33 3.018
28 34 2.376
28 35 2.803
28 36 2.695
28 37 1.794
28 38 2.370
28 39 0.662
28 40 2.456
28 41 3.021
28 42 2.962
28 43 1.159
28 44 2.398
28 45 0.951
28 46 3.372
28 47 3.734
28 48 2.608
28 49 2.220
28 50 3.058
28 51 3.123
28 52 2.600
28 53 0.224
28 54 0.192
28 55 1.309
28 56 1.491
28 57 1.771
28 58 1.646
28 59 3.087
28 60 2.833
28 61 1.267
28 62 2.325
28 63 2.799
28 64 2.407
28 65 0.786
28 66 0.800
28 67 0.910
28 68 1.410
28 69 1.078
28 70 2.683
28 71 0.435
28 72 2.743
28 73 1.227
28 74 2.497
28 75 1.632
28 76 3.267
28 77 3.245
28 78 1.968
28 79 2.444
28 80 1.833
28 81 1.615
28 82 1.520
28 83 2.842
28 84 1.046
28 85 0.794
28 86 2.351
28 87 2.664
28 88 1.652
28 89 1.451
28 90 2.428
28 91 3.301
28 92 2.595
28 93 2.834
28 94 3.569
28 95 1.289
28 96 0.238
28 97 3.316
28 98 0.616
28 99 1.499
29 30 0.133
29 31 2.419
29 32 2.901
29 33 3.175
29 34 2.656
29 35 2.832
29 36 2.710
29 37 1.761
29 38 2.773
29 39 0.301
29 40 2.371
29 41 2.982
29 42 2.957
29 43 1.473
29 44 2.493
29 45 0.673
29 46 3.598
29 47 3.945
29 48 2.972
29 49 2.296
29 50 3.100
29 51 3.386
29 52 2.816
29 53 0.218
29 54 0.623
29 55 1.545
29 56 1.271
29 57 1.699
29 58 1.605
29 59 3.209
29 60 3.164
29 61 1.258
29 62 2.284
29 63 3.100
29 64 2.560
29 65 1.202
29 66 1.186
29 67 1.338
29 68 1.184
29 69 1.032
29 70 3.034
29 71 0.094
29 72 2.597
29 73 0.999
29 74 2.458
29 75 1.798
29 76 3.380
29 77 3.361
29 78 2.364
29 79 2.305
29 80 2.050
29 81 2.029
29 82 1.462
29 83 2.842
29 84 0.972
29 85 0.788
29 86 2.764
29 87 2.792
29 88 1.779
29 89 1.232
29 90 2.603
29 91 3.504
29 92 2.557
29 93 2.821
29 94 3.736
29 95 1.501
29 96 0.196
29 97 3.394
29 98 0.193
29 99 1.922
30 31 2.543
30 32 3.034
30 33 3.308
30 34 2.786
30 35 2.956
30 36 2.833
30 37 1.880
30 38 2.876
30 39 0.170
30 40 2.478
30 41 3.096
30 42 3.077
30 43 1.598
30 44 2.623
30 45 0.752
30 46 3.731
30 47 4.078
30 48 3.089
30 49 2.425
30 50 3.225
30 51 3.518
30 52 2.949
30 53 0.325
30 54 0.699
30 55 1.677
30 56 1.354
30 57 1.812
30 58 1.723
30 59 3.341
30 60 3.288
30 61 1.382
30 62 2.399
30 63 3.228
30 64 2.693
30 65 1.297
30 66 1.294
30 67 1.420
30 68 1.268
30 69 1.154
30 70 3.154
30 71 0.221
30 72 2.691
30 73 1.085
30 74 2.573
30 75 1.932
30 76 3.510
30 77 3.492
30 78 2.470
30 79 2.401
30 80 2.183
30 81 2.126
30 82 1.579
30 83 2.962
30 84 1.092
30 85 0.917
30 86 2.861
30 87 2.924
30 88 1.912
30 89 1.316
30 90 2.737
30 91 3.637
30 92 2.673
30 93 2.940
30 94 3.869
30 95 1.634
30 96 0.297
30 97 3.522
30 98 0.214
30 99 2.010
31 32 1.248
31 33 1.101
31 34 1.576
31 35 0.413
31 36 0.302
31 37 0.691
31 38 2.722
31 39 2.684
31 40 0.617
31 41 0.716
31 42 0.583
31 43 1.716
31 44 0.407
31 45 1.914
31 46 1.785
31 47 1.986
31 48 2.405
31 49 0.318
31 50 0.683
31 51 1.861
31 52 1.220
31 53 2.349
31 54 2.414
31 55 1.377
31 56 1.485
31 57 0.816
31 58 0.842
31 59 0.978
31 60 2.223
31 61 1.162
31 62 0.375
31 63 1.941
31 64 0.749
31 65 2.293
31 66 2.103
31 67 2.484
31 68 1.538
31 69 1.389
31 70 2.317
31 71 2.326
31 72 1.046
31 73 1.636
31 74 0.367
31 75 0.978
31 76 1.089
31 77 1.083
31 78 2.423
31 79 0.918
31 80 1.112
31 81 2.487
31 82 0.990
31 83 0.461
31 84 1.456
31 85 1.639
31 86 2.863
31 87 0.703
31 88 0.851
31 89 1.499
31 90 0.893
31 91 1.588
31 92 0.396
31 93 0.477
31 94 1.603
31 95 1.316
31 96 2.374
31 97 1.016
31 98 2.388
31 99 2.600
32 33 0.526
32 34 0.573
32 35 1.256
32 36 1.318
32 37 1.658
32 38 1.836
32 39 3.201
32 40 1.865
32 41 1.750
32 42 1.515
32 43 1.590
32 44 0.843
32 45 2.639
32 46 0.700
32 47 1.047
32 48 1.355
32 49 1.008
32 50 1.259
32 51 0.623
32 52 0.088
32 53 2.747
32 54 2.614
32 55 1.379
32 56 2.435
32 57 1.823
32 58 1.742
32 59 0.767
32 60 1.053
32 61 1.837
32 62 1.613
32 63 0.741
32 64 0.514
32 65 2.208
32 66 2.051
32 67 2.323
32 68 2.455
32 69 2.044
32 70 1.220
32 71 2.820
32 72 2.289
32 73 2.474
32 74 1.610
32 75 1.116
32 76 0.937
32 77 0.903
32 78 1.695
32 79 2.160
32 80 0.856
32 81 1.953
32 82 1.851
32 83 1.446
32 84 2.127
32 85 2.167
32 86 2.014
32 87 0.602
32 88 1.184
32 89 2.433
32 90 0.384
32 91 0.615
32 92 1.615
32 93 1.519
32 94 0.943
32 95 1.406
32 96 2.777
32 97 1.164
32 98 2.951
32 99 2.137
33 34 1.098
33 35 0.940
33 36 1.047
33 37 1.686
33 38 2.361
33 39 3.468
33 40 1.687
33 41 1.402
33 42 1.161
33 43 1.997
33 44 0.769
33 45 2.815
33 46 0.709
33 47 0.887
33 48 1.865
33 49 0.986
33 50 0.846
33 51 0.917
33 52 0.588
33 53 3.046
33 54 2.971
33 55 1.733
33 56 2.503
33 57 1.842
33 58 1.806
33 59 0.266
33 60 1.526
33 61 1.999
33 62 1.473
33 63 1.208
33 64 0.615
33 65 2.630
33 66 2.459
33 67 2.766
33 68 2.540
33 69 2.226
33 70 1.721
33 71 3.088
33 72 2.063
33 73 2.596
33 74 1.414
33 75 1.388
33 76 0.414
33 77 0.380
33 78 2.216
33 79 1.998
33 80 1.220
33 81 2.457
33 82 1.939
33 83 1.127
33 84 2.307
33 85 2.402
33 86 2.540
33 87 0.423
33 88 1.396
33 89 2.509
33 90 0.597
33 91 0.495
33 92 1.387
33 93 1.208
33 94 0.564
33 95 1.735
33 96 3.075
33 97 0.659
33 98 3.197
33 99 2.634
34 35 1.703
34 36 1.730
34 37 1.778
34 38 1.271
34 39 2.956
34 40 2.162
34 41 2.191
34 42 1.970
34 43 1.221
34 44 1.189
34 45 2.525
34 46 1.073
34 47 1.457
34 48 0.841
34 49 1.275
34 50 1.765
34 51 0.753
34 52 0.515
34 53 2.476
34 54 2.271
34 55 1.119
34 56 2.454
34 57 1.935
34 58 1.815
34 59 1.331
34 60 0.671
34 61 1.789
34 62 1.896
34 63 0.468
34 64 0.858
34 65 1.785
34 66 1.653
34 67 1.866
34 68 2.454
34 69 1.955
34 70 0.741
34 71 2.586
34 72 2.608
34 73 2.429
34 74 1.940
34 75 1.029
34 76 1.507
34 77 1.473
34 78 1.125
34 79 2.426
34 80 0.699
34 81 1.408
34 82 1.887
34 83 1.881
34 84 2.035
34 85 2.005
34 86 1.446
34 87 1.078
34 88 1.164
34 89 2.443
34 90 0.723
34 91 1.088
34 92 1.971
34 93 1.945
34 94 1.474
34 95 1.182
34 96 2.506
34 97 1.723
34 98 2.740
34 99 1.602
35 36 0.145
35 37 1.093
35 38 2.927
35 39 3.095
35 40 0.803
35 41 0.494
35 42 0.267
35 43 2.065
35 44 0.556
35 45 2.318
35 46 1.648
35 47 1.777
35 48 2.544
35 49 0.627
35 50 0.277
35 51 1.816
35 52 1.257
35 53 2.761
35 54 2.817
35 55 1.731
35 56 1.861
35 57 1.204
35 58 1.248
35 59 0.737
35 60 2.298
35 61 1.574
35 62 0.662
35 63 1.993
35 64 0.849
35 65 2.664
35 66 2.475
35 67 2.847
35 68 1.920
35 69 1.802
35 70 2.434
35 71 2.738
35 72 1.132
35 73 2.030
35 74 0.538
35 75 1.322
35 76 0.787
35 77 0.792
35 78 2.669
35 79 1.111
35 80 1.384
35 81 2.782
35 82 1.396
35 83 0.191
35 84 1.867
35 85 2.052
35 86 3.083
35 87 0.654
35 88 1.219
35 89 1.879
35 90 0.980
35 91 1.431
35 92 0.480
35 93 0.270
35 94 1.347
35 95 1.680
35 96 2.786
35 97 0.647
35 98 2.798
35 99 2.912
36 37 0.961
36 38 2.930
36 39 2.970
36 40 0.665
36 41 0.467
36 42 0.289
36 43 2.002
36 44 0.549
36 45 2.185
36 46 1.755
36 47 1.901
36 48 2.570
36 49 0.568
36 50 0.418
36 51 1.898
36 52 1.310
36 53 2.646
36 54 2.716
36 55 1.664
36 56 1.719
36 57 1.067
36 58 1.117
36 59 0.862
36 60 2.346
36 61 1.454
36 62 0.517
36 63 2.047
36 64 0.873
36 65 2.588
36 66 2.398
36 67 2.776
36 68 1.780
36 69 1.678
36 70 2.468
36 71 2.616
36 72 1.015
36 73 1.893
36 74 0.396
36 75 1.258
36 76 0.925
36 77 0.928
36 78 2.655
36 79 0.975
36 80 1.354
36 81 2.746
36 82 1.265
36 83 0.171
36 84 1.742
36 85 1.934
36 86 3.080
36 87 0.721
36 88 1.142
36 89 1.738
36 90 1.012
36 91 1.542
36 92 0.346
36 93 0.216
36 94 1.479
36 95 1.607
36 96 2.670
36 97 0.792
36 98 2.672
36 99 2.868
37 38 2.688
37 39 2.012
37 40 0.688
37 41 1.229
37 42 1.197
37 43 1.401
37 44 0.917
37 45 1.225
37 46 2.304
37 47 2.565
37 48 2.514
37 49 0.701
37 50 1.369
37 51 2.275
37 52 1.600
37 53 1.716
37 54 1.846
37 55 1.089
37 56 0.818
37 57 0.164
37 58 0.157
37 59 1.622
37 60 2.448
37 61 0.527
37 62 0.531
37 63 2.221
37 64 1.159
37 65 1.863
37 66 1.680
37 67 2.071
37 68 0.862
37 69 0.733
37 70 2.470
37 71 1.667
37 72 1.069
37 73 0.947
37 74 0.704
37 75 0.822
37 76 1.757
37 77 1.747
37 78 2.322
37 79 0.792
37 80 1.119
37 81 2.268
37 82 0.304
37 83 1.083
37 84 0.789
37 85 1.006
37 86 2.795
37 87 1.264
37 88 0.656
37 89 0.827
37 90 1.276
37 91 2.136
37 92 0.803
37 93 1.060
37 94 2.230
37 95 0.997
37 96 1.739
37 97 1.706
37 98 1.713
37 99 2.330
38 39 3.032
38 40 3.236
38 41 3.397
38 42 3.193
38 43 1.449
38 44 2.381
38 45 2.949
38 46 2.145
38 47 2.501
38 48 0.587
38 49 2.403
38 50 3.021
38 51 1.726
38 52 1.785
38 53 2.557
38 54 2.195
38 55 1.649
38 56 3.128
38 57 2.814
38 58 2.659
38 59 2.601
38 60 1.020
38 61 2.461
38 62 2.975
38 63 1.263
38 64 2.084
38 65 1.586
38 66 1.589
38 67 1.511
38 68 3.094
38 69 2.524
38 70 0.758
38 71 2.739
38 72 3.682
38 73 2.998
38 74 3.062
38 75 1.872
38 76 2.774
38 77 2.740
38 78 0.418
38 79 3.448
38 80 1.625
38 81 0.768
38 82 2.669
38 83 3.092
38 84 2.583
38 85 2.424
38 86 0.188
38 87 2.335
38 88 2.039
38 89 3.103
38 90 1.965
38 91 2.245
38 92 3.114
38 93 3.146
38 94 2.660
38 95 1.748
38 96 2.582
38 97 2.994
38 98 2.926
38 99 0.937
39 40 2.592
39 41 3.219
39 42 3.208
39 43 1.767
39 44 2.776
39 45 0.841
39 46 3.898
39 47 4.244
39 48 3.255
39 49 2.575
39 50 3.366
39 51 3.687
39 52 3.116
39 53 0.491
39 54 0.843
39 55 1.846
39 56 1.439
39 57 1.936
39 58 1.855
39 59 3.496
39 60 3.457
39 61 1.526
39 62 2.525
39 63 3.398
39 64 2.854
39 65 1.448
39 66 1.454
39 67 1.561
39 68 1.353
39 69 1.295
39 70 3.321
39 71 0.382
39 72 2.784
39 73 1.177
39 74 2.698
39 75 2.096
39 76 3.664
39 77 3.646
39 78 2.629
39 79 2.499
39 80 2.351
39 81 2.277
39 82 1.709
39 83 3.095
39 84 1.228
39 85 1.071
39 86 3.012
39 87 3.081
39 88 2.072
39 89 1.402
39 90 2.900
39 91 3.803
39 92 2.798
39 93 3.070
39 94 4.030
39 95 1.802
39 96 0.463
39 97 3.670
39 98 0.302
39 99 2.155
40 41 0.659
40 42 0.744
40 43 2.056
40 44 1.022
40 45 1.759
40 46 2.386
40 47 2.558
40 48 2.972
40 49 0.889
40 50 1.047
40 51 2.477
40 52 1.834
40 53 2.356
40 54 2.522
40 55 1.727
40 56 1.205
40 57 0.686
40 58 0.819
40 59 1.523
40 60 2.821
40 61 1.201
40 62 0.267
40 63 2.548
40 64 1.361
40 65 2.548
40 66 2.363
40 67 2.754
40 68 1.282
40 69 1.379
40 70 2.897
40 71 2.278
40 72 0.449
40 73 1.433
40 74 0.274
40 75 1.386
40 76 1.590
40 77 1.593
40 78 2.902
40 79 0.312
40 80 1.612
40 81 2.900
40 82 0.937
40 83 0.677
40 84 1.418
40 85 1.662
40 86 3.362
40 87 1.311
40 88 1.225
40 89 1.234
40 90 1.504
40 91 2.181
40 92 0.325
40 93 0.610
40 94 2.143
40 95 1.643
40 96 2.376
40 97 1.438
40 98 2.291
40 99 2.981
41 42 0.241
41 43 2.430
41 44 1.016
41 45 2.397
41 46 2.102
41 47 2.185
41 48 3.031
41 49 1.021
41 50 0.576
41 51 2.299
41 52 1.751
41 53 2.945
41 54 3.063
41 55 2.090
41 56 1.861
41 57 1.284
41 58 1.383
41 59 1.168
41 60 2.792
41 61 1.755
41 62 0.699
41 63 2.488
41 64 1.333
41 65 2.994
41 66 2.804
41 67 3.189
41 68 1.935
41 69 1.961
41 70 2.925
41 71 2.888
41 72 0.791
41 73 2.078
41 74 0.526
41 75 1.694
41 76 1.161
41 77 1.177
41 78 3.120
41 79 0.893
41 80 1.815
41 81 3.200
41 82 1.521
41 83 0.309
41 84 2.012
41 85 2.235
41 86 3.547
41 87 1.148
41 88 1.562
41 89 1.888
41 90 1.469
41 91 1.880
41 92 0.427
41 93 0.251
41 94 1.729
41 95 2.025
41 96 2.967
41 97 0.938
41 98 2.917
41 99 3.316
42 43 2.291
42 44 0.816
42 45 2.405
42 46 1.863
42 47 1.955
42 48 2.811
42 49 0.856
42 50 0.348
42 51 2.059
42 52 1.519
42 53 2.903
42 54 2.989
42 55 1.953
42 56 1.903
42 57 1.280
42 58 1.354
42 59 0.931
42 60 2.561
42 61 1.708
42 62 0.694
42 63 2.254
42 64 1.116
42 65 2.876
42 66 2.686
42 67 3.065
42 68 1.971
42 69 1.927
42 70 2.700
42 71 2.863
42 72 0.978
42 73 2.099
42 74 0.530
42 75 1.548
42 76 0.935
42 77 0.948
42 78 2.929
42 79 1.024
42 80 1.636
42 81 3.031
42 82 1.499
42 83 0.122
42 84 1.985
42 85 2.191
42 86 3.347
42 87 0.915
42 88 1.431
42 89 1.926
42 90 1.247
42 91 1.641
42 92 0.438
42 93 0.142
42 94 1.504
42 95 1.896
42 96 2.927
42 97 0.730
42 98 2.908
42 99 3.156
43 44 1.545
43 45 1.513
43 46 2.248
43 47 2.620
43 48 1.522
43 49 1.439
43 50 2.268
43 51 1.972
43 52 1.502
43 53 1.278
43 54 1.050
43 55 0.339
43 56 1.691
43 57 1.488
43 58 1.325
43 59 2.124
43 60 1.691
43 61 1.049
43 62 1.830
43 63 1.641
43 64 1.428
43 65 0.635
43 66 0.463
43 67 0.792
43 68 1.652
43 69 1.081
43 70 1.568
43 71 1.414
43 72 2.467
43 73 1.549
43 74 1.967
43 75 0.744
43 76 2.316
43 77 2.288
43 78 1.036
43 79 2.193
43 80 0.779
43 81 0.879
43 82 1.294
43 83 2.171
43 84 1.136
43 85 0.979
43 86 1.505
43 87 1.716
43 88 0.868
43 89 1.663
43 90 1.403
43 91 2.202
43 92 2.047
43 93 2.194
43 94 2.516
43 95 0.414
43 96 1.307
43 97 2.429
43 98 1.586
43 99 0.929
44 45 2.074
44 46 1.413
44 47 1.651
44 48 2.026
44 49 0.218
44 50 0.725
44 51 1.459
44 52 0.813
44 53 2.390
44 54 2.384
44 55 1.221
44 56 1.735
44 57 1.073
44 58 1.040
44 59 0.727
44 60 1.823
44 61 1.267
44 62 0.771
44 63 1.537
44 64 0.344
44 65 2.162
44 66 1.976
44 67 2.335
44 68 1.774
44 69 1.499
44 70 1.929
44 71 2.402
44 72 1.452
44 73 1.838
44 74 0.772
44 75 0.815
44 76 0.888
44 77 0.871
44 78 2.114
44 79 1.318
44 80 0.831
44 81 2.229
44 82 1.177
44 83 0.712
44 84 1.576
44 85 1.706
44 86 2.533
44 87 0.346
44 88 0.750
44 89 1.742
44 90 0.488
44 91 1.230
44 92 0.789
44 93 0.766
44 94 1.316
44 95 1.185
44 96 2.417
44 97 0.919
44 98 2.493
44 99 2.364
45 46 3.335
45 47 3.649
45 48 3.019
45 49 1.860
45 50 2.594
45 51 3.196
45 52 2.561
45 53 0.757
45 54 1.110
45 55 1.432
45 56 0.603
45 57 1.125
45 58 1.072
45 59 2.800
45 60 3.121
45 61 0.816
45 62 1.713
45 63 2.991
45 64 2.218
45 65 1.524
45 66 1.424
45 67 1.713
45 68 0.516
45 69 0.596
45 70 3.044
45 71 0.594
45 72 1.944
45 73 0.336
45 74 1.884
45 75 1.534
45 76 2.953
45 77 2.939
45 78 2.531
45 79 1.658
45 80 1.845
45 81 2.277
45 82 0.924
45 83 2.297
45 84 0.513
45 85 0.539
45 86 2.982
45 87 2.404
45 88 1.456
45 89 0.564
45 90 2.293
45 91 3.207
45 92 1.983
45 93 2.264
45 94 3.377
45 95 1.354
45 96 0.763
45 97 2.925
45 98 0.546
45 99 2.227
46 47 0.384
46 48 1.572
46 49 1.615
46 50 1.534
46 51 0.422
46 52 0.783
46 53 3.440
46 54 3.289
46 55 2.066
46 56 3.103
46 57 2.466
46 58 2.403
46 59 0.935
46 60 1.153
46 61 2.528
46 62 2.160
46 63 0.882
46 64 1.148
46 65 2.844
46 66 2.700
46 67 2.936
46 68 3.129
46 69 2.740
46 70 1.404
46 71 3.518
46 72 2.770
46 73 3.159
46 74 2.114
46 75 1.816
46 76 0.992
46 77 0.965
46 78 2.128
46 79 2.696
46 80 1.548
46 81 2.460
46 82 2.522
46 83 1.834
46 84 2.822
46 85 2.867
46 86 2.333
46 87 1.083
46 88 1.879
46 89 3.104
46 90 1.049
46 91 0.224
46 92 2.093
46 93 1.916
46 94 0.578
46 95 2.099
46 96 3.470
46 97 1.261
46 98 3.651
46 99 2.661
47 48 1.920
47 49 1.864
47 50 1.609
47 51 0.778
47 52 1.134
47 53 3.794
47 54 3.656
47 55 2.425
47 56 3.377
47 57 2.723
47 58 2.677
47 59 1.040
47 60 1.491
47 61 2.836
47 62 2.355
47 63 1.244
47 64 1.434
47 65 3.223
47 66 3.076
47 67 3.318
47 68 3.410
47 69 3.054
47 70 1.750
47 71 3.862
47 72 2.908
47 73 3.454
47 74 2.284
47 75 2.151
47 76 1.025
47 77 1.008
47 78 2.504
47 79 2.870
47 80 1.902
47 81 2.842
47 82 2.804
47 83 1.950
47 84 3.137
47 85 3.199
47 86 2.689
47 87 1.305
47 88 2.199
47 89 3.381
47 90 1.357
47 91 0.444
47 92 2.247
47 93 2.032
47 94 0.469
47 95 2.452
47 96 3.823
47 97 1.270
47 98 3.989
47 99 3.044
48 49 2.095
48 50 2.596
48 51 1.151
48 52 1.321
48 53 2.765
48 54 2.455
48 55 1.606
48 56 3.084
48 57 2.659
48 58 2.519
48 59 2.119
48 60 0.433
48 61 2.400
48 62 2.706
48 63 0.697
48 64 1.698
48 65 1.864
48 66 1.809
48 67 1.850
48 68 3.066
48 69 2.514
48 70 0.171
48 71 2.922
48 72 3.421
48 73 3.002
48 74 2.764
48 75 1.701
48 76 2.279
48 77 2.245
48 78 0.739
48 79 3.219
48 80 1.395
48 81 1.155
48 82 2.561
48 83 2.722
48 84 2.585
48 85 2.479
48 86 0.773
48 87 1.911
48 88 1.862
48 89 3.065
48 90 1.563
48 91 1.689
48 92 2.801
48 93 2.785
48 94 2.106
48 95 1.697
48 96 2.793
48 97 2.517
48 98 3.100
48 99 1.359
49 50 0.851
49 51 1.631
49 52 0.965
49 53 2.201
49 54 2.217
49 55 1.104
49 56 1.518
49 57 0.859
49 58 0.822
49 59 0.941
49 60 1.932
49 61 1.058
49 62 0.625
49 63 1.662
49 64 0.493
49 65 2.038
49 66 1.849
49 67 2.220
49 68 1.556
49 69 1.291
49 70 2.013
49 71 2.204
49 72 1.334
49 73 1.620
49 74 0.670
49 75 0.695
49 76 1.095
49 77 1.080
49 78 2.106
49 79 1.166
49 80 0.796
49 81 2.181
49 82 0.959
49 83 0.739
49 84 1.366
49 85 1.508
49 86 2.545
49 87 0.563
49 88 0.596
49 89 1.524
49 90 0.630
49 91 1.439
49 92 0.712
49 93 0.773
49 94 1.534
49 95 1.054
49 96 2.227
49 97 1.101
49 98 2.288
49 99 2.300
50 51 1.759
50 52 1.279
50 53 3.023
50 54 3.064
50 55 1.941
50 56 2.136
50 57 1.481
50 58 1.522
50 59 0.599
50 60 2.312
50 61 1.842
50 62 0.932
50 63 1.998
50 64 0.945
50 65 2.881
50 66 2.693
50 67 3.057
50 68 2.197
50 69 2.071
50 70 2.472
50 71 3.006
50 72 1.323
50 73 2.307
50 74 0.796
50 75 1.532
50 76 0.587
50 77 0.601
50 78 2.792
50 79 1.345
50 80 1.548
50 81 2.939
50 82 1.671
50 83 0.373
50 84 2.138
50 85 2.316
50 86 3.185
50 87 0.687
50 88 1.445
50 89 2.155
50 90 1.056
50 91 1.310
50 92 0.723
50 93 0.449
50 94 1.156
50 95 1.898
50 96 3.049
50 97 0.392
50 98 3.070
50 99 3.082
51 52 0.676
51 53 3.214
51 54 3.022
51 55 1.841
51 56 3.037
51 57 2.439
51 58 2.352
51 59 1.179
51 60 0.731
51 61 2.413
51 62 2.230
51 63 0.467
51 64 1.137
51 65 2.536
51 66 2.406
51 67 2.608
51 68 3.051
51 69 2.607
51 70 0.982
51 71 3.312
51 72 2.893
51 73 3.057
51 74 2.217
51 75 1.662
51 76 1.288
51 77 1.256
51 78 1.731
51 79 2.777
51 80 1.356
51 81 2.082
51 82 2.453
51 83 2.007
51 84 2.689
51 85 2.697
51 86 1.914
51 87 1.180
51 88 1.759
51 89 3.032
51 90 1.006
51 91 0.570
51 92 2.214
51 93 2.085
51 94 0.979
51 95 1.890
51 96 3.244
51 97 1.554
51 98 3.459
51 99 2.287
52 53 2.661
52 54 2.526
52 55 1.292
52 56 2.368
52 57 1.764
52 58 1.678
52 59 0.816
52 60 1.042
52 61 1.762
52 62 1.578
52 63 0.738
52 64 0.475
52 65 2.121
52 66 1.963
52 67 2.238
52 68 2.386
52 69 1.967
52 70 1.193
52 71 2.735
52 72 2.264
52 73 2.401
52 74 1.584
52 75 1.034
52 76 0.993
52 77 0.959
52 78 1.629
52 79 2.125
52 80 0.769
52 81 1.877
52 82 1.784
52 83 1.444
52 84 2.049
52 85 2.085
52 86 1.961
52 87 0.605
52 88 1.108
52 89 2.365
52 90 0.335
52 91 0.703
52 92 1.595
52 93 1.515
52 94 1.027
52 95 1.319
52 96 2.691
52 97 1.210
52 98 2.868
52 99 2.059
53 54 0.414
53 55 1.377
53 56 1.326
53 57 1.673
53 58 1.562
53 59 3.096
53 60 2.967
53 61 1.195
53 62 2.246
53 63 2.913
53 64 2.431
53 65 0.984
53 66 0.971
53 67 1.123
53 68 1.241
53 69 0.984
53 70 2.830
53 71 0.212
53 72 2.615
53 73 1.056
53 74 2.419
53 75 1.660
53 76 3.271
53 77 3.250
53 78 2.149
53 79 2.319
53 80 1.893
53 81 1.811
53 82 1.427
53 83 2.786
53 84 0.938
53 85 0.713
53 86 2.546
53 87 2.675
53 88 1.658
53 89 1.286
53 90 2.465
53 91 3.356
53 92 2.518
53 93 2.771
53 94 3.604
53 95 1.342
53 96 0.030
53 97 3.301
53 98 0.394
53 99 1.705
54 55 1.242
54 56 1.621
54 57 1.839
54 58 1.704
54 59 3.055
54 60 2.698
54 61 1.322
54 62 2.374
54 63 2.681
54 64 2.366
54 65 0.610
54 66 0.650
54 67 0.720
54 68 1.542
54 69 1.155
54 70 2.538
54 71 0.625
54 72 2.831
54 73 1.364
54 74 2.542
54 75 1.595
54 76 3.239
54 77 3.216
54 78 1.798
54 79 2.532
54 80 1.767
54 81 1.436
54 82 1.587
54 83 2.868
54 84 1.136
54 85 0.873
54 86 2.170
54 87 2.633
54 88 1.634
54 89 1.581
54 90 2.376
54 91 3.229
54 92 2.639
54 93 2.865
54 94 3.515
54 95 1.236
54 96 0.429
54 97 3.303
54 98 0.807
54 99 1.312
55 56 1.491
55 57 1.192
55 58 1.031
55 59 1.836
55 60 1.689
55 61 0.814
55 62 1.495
55 63 1.576
55 64 1.139
55 65 0.942
55 66 0.756
55 67 1.117
55 68 1.466
55 69 0.909
55 70 1.617
55 71 1.471
55 72 2.146
55 73 1.396
55 74 1.630
55 75 0.410
55 76 2.025
55 77 1.999
55 78 1.257
55 79 1.879
55 80 0.526
55 81 1.179
55 82 1.024
55 83 1.833
55 84 0.980
55 85 0.898
55 86 1.734
55 87 1.419
55 88 0.528
55 89 1.469
55 90 1.137
55 91 1.992
55 92 1.709
55 93 1.855
55 94 2.273
55 95 0.099
55 96 1.407
55 97 2.121
55 98 1.622
55 99 1.254
56 57 0.671
56 58 0.701
56 59 2.439
56 60 3.102
56 61 0.684
56 62 1.213
56 63 2.918
56 64 1.956
56 65 1.903
56 66 1.761
56 67 2.110
56 68 0.087
56 69 0.613
56 70 3.075
56 71 1.187
56 72 1.346
56 73 0.272
56 74 1.373
56 75 1.426
56 76 2.568
56 77 2.560
56 78 2.722
56 79 1.067
56 80 1.756
56 81 2.547
56 82 0.585
56 83 1.806
56 84 0.570
56 85 0.808
56 86 3.195
56 87 2.081
56 88 1.295
56 89 0.040
56 90 2.060
56 91 2.944
56 92 1.467
56 93 1.761
56 94 3.048
56 95 1.395
56 96 1.337
56 97 2.497
56 98 1.148
56 99 2.542
57 58 0.164
57 59 1.769
57 60 2.604
57 61 0.524
57 62 0.590
57 63 2.381
57 64 1.322
57 65 1.909
57 66 1.731
57 67 2.119
57 68 0.722
57 69 0.694
57 70 2.620
57 71 1.605
57 72 1.014
57 73 0.826
57 74 0.763
57 75 0.960
57 76 1.897
57 77 1.889
57 78 2.440
57 79 0.722
57 80 1.268
57 81 2.364
57 82 0.252
57 83 1.173
57 84 0.735
57 85 0.976
57 86 2.915
57 87 1.420
57 88 0.797
57 89 0.684
57 90 1.440
57 91 2.296
57 92 0.863
57 93 1.140
57 94 2.381
57 95 1.096
57 96 1.694
57 97 1.832
57 98 1.634
57 99 2.414
58 59 1.756
58 60 2.480
58 61 0.382
58 62 0.684
58 63 2.268
58 64 1.256
58 65 1.751
58 66 1.571
58 67 1.961
58 68 0.734
58 69 0.578
58 70 2.486
58 71 1.511
58 72 1.171
58 73 0.804
58 74 0.857
58 75 0.818
58 76 1.897
58 77 1.885
58 78 2.282
58 79 0.882
58 80 1.135
58 81 2.201
58 82 0.148
58 83 1.240
58 84 0.632
58 85 0.854
58 86 2.757
58 87 1.384
58 88 0.660
58 89 0.704
58 90 1.363
58 91 2.243
58 92 0.956
58 93 1.217
58 94 2.356
58 95 0.935
58 96 1.584
58 97 1.855
58 98 1.556
58 99 2.251
59 60 1.789
59 61 1.994
59 62 1.333
59 63 1.471
59 64 0.698
59 65 2.759
59 66 2.581
59 67 2.908
59 68 2.484
59 69 2.225
59 70 1.979
59 71 3.120
59 72 1.868
59 73 2.558
59 74 1.249
59 75 1.460
59 76 0.192
59 77 0.164
59 78 2.435
59 79 1.834
59 80 1.347
59 81 2.651
59 82 1.897
59 83 0.913
59 84 2.303
59 85 2.425
59 86 2.777
59 87 0.423
59 88 1.439
59 89 2.449
59 90 0.733
59 91 0.712
59 92 1.208
59 93 0.996
59 94 0.626
59 95 1.824
59 96 3.124
59 97 0.398
59 98 3.216
59 99 2.820
60 61 2.427
60 62 2.556
60 63 0.318
60 64 1.481
60 65 2.136
60 66 2.050
60 67 2.156
60 68 3.096
60 69 2.574
60 70 0.262
60 71 3.104
60 72 3.264
60 73 3.057
60 74 2.589
60 75 1.679
60 76 1.933
60 77 1.900
60 78 1.116
60 79 3.091
60 80 1.350
60 81 1.515
60 82 2.545
60 83 2.485
60 84 2.651
60 85 2.587
60 86 1.206
60 87 1.647
60 88 1.823
60 89 3.088
60 90 1.338
60 91 1.288
60 92 2.612
60 93 2.554
60 94 1.704
60 95 1.768
60 96 2.996
60 97 2.185
60 98 3.272
60 99 1.724
61 62 1.058
61 63 2.256
61 64 1.403
61 65 1.398
61 66 1.226
61 67 1.610
61 68 0.670
61 69 0.233
61 70 2.393
61 71 1.164
61 72 1.535
61 73 0.645
61 74 1.230
61 75 0.762
61 76 2.152
61 77 2.137
61 78 2.062
61 79 1.240
61 80 1.091
61 81 1.926
61 82 0.278
61 83 1.591
61 84 0.309
61 85 0.483
61 86 2.538
61 87 1.591
61 88 0.656
61 89 0.665
61 90 1.482
61 91 2.394
61 92 1.328
61 93 1.575
61 94 2.562
61 95 0.716
61 96 1.219
61 97 2.146
61 98 1.234
61 99 1.951
62 63 2.286
62 64 1.104
62 65 2.350
62 66 2.162
62 67 2.552
62 68 1.278
62 69 1.262
62 70 2.631
62 71 2.190
62 72 0.715
62 73 1.405
62 74 0.174
62 75 1.137
62 76 1.424
62 77 1.423
62 78 2.647
62 79 0.547
62 80 1.350
62 81 2.659
62 82 0.822
62 83 0.593
62 84 1.313
62 85 1.537
62 86 3.104
62 87 1.078
62 88 0.981
62 89 1.234
62 90 1.246
62 91 1.962
62 92 0.274
62 93 0.553
62 94 1.959
62 95 1.416
62 96 2.268
62 97 1.309
62 98 2.224
62 99 2.748
63 64 1.193
63 65 2.156
63 66 2.045
63 67 2.206
63 68 2.919
63 69 2.423
63 70 0.535
63 71 3.032
63 72 2.986
63 73 2.897
63 74 2.308
63 75 1.495
63 76 1.615
63 77 1.582
63 78 1.271
63 79 2.827
63 80 1.165
63 81 1.636
63 82 2.347
63 83 2.181
63 84 2.503
63 85 2.468
63 86 1.451
63 87 1.340
63 88 1.625
63 89 2.907
63 90 1.049
63 91 0.992
63 92 2.325
63 93 2.253
63 94 1.409
63 95 1.643
63 96 2.943
63 97 1.867
63 98 3.192
63 99 1.843
64 65 2.062
64 66 1.884
64 67 2.214
64 68 1.983
64 69 1.625
64 70 1.595
64 71 2.473
64 72 1.794
64 73 2.020
64 74 1.115
64 75 0.776
64 76 0.888
64 77 0.861
64 78 1.848
64 79 1.651
64 80 0.654
64 81 2.010
64 82 1.376
64 83 1.024
64 84 1.707
64 85 1.790
64 86 2.244
64 87 0.292
64 88 0.783
64 89 1.957
64 90 0.144
64 91 0.994
64 92 1.132
64 93 1.087
64 94 1.176
64 95 1.131
64 96 2.460
64 97 1.015
64 98 2.585
64 99 2.164
65 66 0.190
65 67 0.212
65 68 1.840
65 69 1.321
65 70 1.957
65 71 1.180
65 72 2.922
65 73 1.688
65 74 2.502
65 75 1.349
65 76 2.950
65 77 2.922
65 78 1.190
65 79 2.631
65 80 1.414
65 81 0.829
65 82 1.674
65 83 2.754
65 84 1.341
65 85 1.095
65 86 1.565
65 87 2.349
65 88 1.447
65 89 1.867
65 90 2.038
65 91 2.815
65 92 2.591
65 93 2.768
65 94 3.142
65 95 0.984
65 96 1.007
65 97 3.059
65 98 1.369
65 99 0.725
66 67 0.391
66 68 1.702
66 69 1.166
66 70 1.888
66 71 1.150
66 72 2.742
66 73 1.560
66 74 2.314
66 75 1.162
66 76 2.772
66 77 2.745
66 78 1.179
66 79 2.453
66 80 1.240
66 81 0.864
66 82 1.500
66 83 2.564
66 84 1.193
66 85 0.960
66 86 1.591
66 87 2.169
66 88 1.257
66 89 1.726
66 90 1.865
66 91 2.662
66 92 2.402
66 93 2.578
66 94 2.979
66 95 0.795
66 96 0.997
66 97 2.875
66 98 1.337
66 99 0.803
67 68 2.046
67 69 1.532
67 70 1.959
67 71 1.328
67 72 3.132
67 73 1.891
67 74 2.703
67 75 1.527
67 76 3.100
67 77 3.071
67 78 1.139
67 79 2.842
67 80 1.561
67 81 0.743
67 82 1.886
67 83 2.943
67 84 1.551
67 85 1.302
67 86 1.466
67 87 2.504
67 88 1.634
67 89 2.074
67 90 2.180
67 91 2.922
67 92 2.790
67 93 2.960
67 94 3.264
67 95 1.169
67 96 1.142
67 97 3.220
67 98 1.516
67 99 0.596
68 69 0.571
68 70 3.062
68 71 1.101
68 72 1.432
68 73 0.186
68 74 1.441
68 75 1.425
68 76 2.617
68 77 2.608
68 78 2.686
68 79 1.151
68 80 1.755
68 81 2.500
68 82 0.607
68 83 1.872
68 84 0.520
68 85 0.745
68 86 3.157
68 87 2.118
68 88 1.300
68 89 0.049
68 90 2.083
68 91 2.975
68 92 1.536
68 93 1.829
68 94 3.089
68 95 1.371
68 96 1.252
68 97 2.553
68 98 1.061
68 99 2.489
69 70 2.521
69 71 0.938
69 72 1.676
69 73 0.487
69 74 1.435
69 75 0.945
69 76 2.385
69 77 2.369
69 78 2.115
69 79 1.377
69 80 1.264
69 81 1.935
69 82 0.444
69 83 1.811
69 84 0.083
69 85 0.284
69 86 2.586
69 87 1.820
69 88 0.860
69 89 0.583
69 90 1.698
69 91 2.611
69 92 1.535
69 93 1.792
69 94 2.789
69 95 0.818
69 96 1.006
69 97 2.378
69 98 1.002
69 99 1.934
70 71 2.979
70 72 3.345
70 73 3.008
70 74 2.680
70 75 1.671
70 76 2.133
70 77 2.100
70 78 0.877
70 79 3.154
70 80 1.353
70 81 1.287
70 82 2.537
70 83 2.615
70 84 2.594
70 85 2.505
70 86 0.944
70 87 1.792
70 88 1.826
70 89 3.058
70 90 1.456
70 91 1.526
70 92 2.712
70 93 2.681
70 94 1.943
70 95 1.704
70 96 2.859
70 97 2.377
70 98 3.154
70 99 1.494
71 72 2.508
71 73 0.915
71 74 2.364
71 75 1.714
71 76 3.289
71 77 3.270
71 78 2.327
71 79 2.215
71 80 1.971
71 81 2.002
71 82 1.368
71 83 2.748
71 84 0.878
71 85 0.697
71 86 2.736
71 87 2.703
71 88 1.691
71 89 1.148
71 90 2.518
71 91 3.421
71 92 2.464
71 93 2.727
71 94 3.649
71 95 1.424
71 96 0.201
71 97 3.302
71 98 0.189
71 99 1.904
72 73 1.608
72 74 0.680
72 75 1.823
72 76 1.903
72 77 1.912
72 78 3.342
72 79 0.299
72 80 2.060
72 81 3.324
72 82 1.258
72 83 0.961
72 84 1.698
72 85 1.958
72 86 3.806
72 87 1.715
72 88 1.660
72 89 1.383
72 90 1.938
72 91 2.557
72 92 0.681
72 93 0.880
72 94 2.470
72 95 2.058
72 96 2.632
72 97 1.708
72 98 2.490
72 99 3.395
73 74 1.573
73 75 1.406
73 76 2.700
73 77 2.689
73 78 2.585
73 79 1.323
73 80 1.733
73 81 2.377
73 82 0.661
73 83 1.996
73 84 0.418
73 85 0.601
73 86 3.051
73 87 2.178
73 88 1.298
73 89 0.232
73 90 2.110
73 91 3.014
73 92 1.670
73 93 1.958
73 94 3.152
73 95 1.305
73 96 1.066
73 97 2.652
73 98 0.882
73 99 2.355
74 75 1.255
74 76 1.321
74 77 1.323
74 78 2.747
74 79 0.586
74 80 1.440
74 81 2.780
74 82 0.996
74 83 0.438
74 84 1.487
74 85 1.710
74 86 3.197
74 87 1.043
74 88 1.106
74 89 1.396
74 90 1.259
74 91 1.908
74 92 0.100
74 93 0.388
74 94 1.871
74 95 1.555
74 96 2.441
74 97 1.182
74 98 2.397
74 99 2.877
75 76 1.645
75 77 1.621
75 78 1.520
75 79 1.579
75 80 0.331
75 81 1.524
75 82 0.868
75 83 1.428
75 84 1.027
75 85 1.052
75 86 1.986
75 87 1.038
75 88 0.167
75 89 1.414
75 90 0.806
75 91 1.708
75 92 1.328
75 93 1.454
75 94 1.944
75 95 0.371
75 96 1.689
75 97 1.723
75 98 1.839
75 99 1.626
76 77 0.034
76 78 2.618
76 79 1.898
76 80 1.539
76 81 2.841
76 82 2.040
76 83 0.942
76 84 2.461
76 85 2.593
76 86 2.951
76 87 0.607
76 88 1.616
76 89 2.581
76 90 0.925
76 91 0.769
76 92 1.267
76 93 1.023
76 94 0.570
76 95 2.011
76 96 3.299
76 97 0.270
76 98 3.380
76 99 3.010
77 78 2.585
77 79 1.902
77 80 1.511
77 81 2.809
77 82 2.028
77 83 0.951
77 84 2.445
77 85 2.575
77 86 2.917
77 87 0.583
77 88 1.595
77 89 2.572
77 90 0.895
77 91 0.742
77 92 1.272
77 93 1.033
77 94 0.558
77 95 1.986
77 96 3.278
77 97 0.299
77 98 3.363
77 99 2.979
78 79 3.097
78 80 1.311
78 81 0.417
78 82 2.281
78 83 2.822
78 84 2.172
78 85 2.007
78 86 0.477
78 87 2.120
78 88 1.685
78 89 2.696
78 90 1.746
78 91 2.188
78 92 2.807
78 93 2.869
78 94 2.589
78 95 1.356
78 96 2.174
78 97 2.815
78 98 2.514
78 99 0.620
79 80 1.837
79 81 3.059
79 82 0.962
79 83 0.972
79 84 1.399
79 85 1.659
79 86 3.565
79 87 1.617
79 88 1.412
79 89 1.102
79 90 1.792
79 91 2.492
79 92 0.630
79 93 0.899
79 94 2.454
79 95 1.788
79 96 2.335
79 97 1.737
79 98 2.202
79 99 3.122
80 81 1.398
80 82 1.195
80 83 1.524
80 84 1.345
80 85 1.341
80 86 1.757
80 87 0.945
80 88 0.475
80 89 1.744
80 90 0.625
80 91 1.468
80 92 1.497
80 93 1.565
80 94 1.751
80 95 0.551
80 96 1.922
80 97 1.666
80 98 2.110
80 99 1.534
81 82 2.173
81 83 2.917
81 84 1.980
81 85 1.780
81 86 0.736
81 87 2.297
81 88 1.678
81 89 2.517
81 90 1.930
81 91 2.495
81 92 2.851
81 93 2.953
81 94 2.881
81 95 1.271
81 96 1.835
81 97 3.013
81 98 2.191
81 99 0.209
82 83 1.387
82 84 0.491
82 85 0.725
82 86 2.758
82 87 1.518
82 88 0.723
82 89 0.583
82 90 1.476
82 91 2.368
82 92 1.096
82 93 1.361
82 94 2.492
82 95 0.925
82 96 1.448
82 97 2.002
82 98 1.409
82 99 2.210
83 84 1.871
83 85 2.073
83 86 3.244
83 87 0.844
83 88 1.309
83 89 1.828
83 90 1.160
83 91 1.615
83 92 0.356
83 93 0.083
83 94 1.509
83 95 1.774
83 96 2.810
83 97 0.765
83 98 2.796
83 99 3.039
84 85 0.265
84 86 2.641
84 87 1.899
84 88 0.943
84 89 0.538
84 90 1.780
84 91 2.694
84 92 1.587
84 93 1.849
84 94 2.869
84 95 0.891
84 96 0.959
84 97 2.450
84 98 0.932
84 99 1.972
85 86 2.466
85 87 2.010
85 88 1.007
85 89 0.772
85 90 1.845
85 91 2.756
85 92 1.809
85 93 2.058
85 94 2.965
85 95 0.824
85 96 0.737
85 97 2.606
85 98 0.795
85 99 1.754
86 87 2.501
86 88 2.153
86 89 3.168
86 90 2.129
86 91 2.432
86 92 3.252
86 93 3.296
86 94 2.846
86 95 1.833
86 96 2.570
86 97 3.169
86 98 2.924
86 99 0.874
87 88 1.017
87 89 2.087
87 90 0.374
87 91 0.891
87 92 1.034
87 93 0.918
87 94 0.975
87 95 1.403
87 96 2.703
87 97 0.722
87 98 2.803
87 99 2.454
88 89 1.285
88 90 0.841
88 91 1.755
88 92 1.183
88 93 1.328
88 94 1.959
88 95 0.465
88 96 1.686
88 97 1.669
88 98 1.802
88 99 1.771
89 90 2.059
89 91 2.947
89 92 1.491
89 93 1.784
89 94 3.057
89 95 1.373
89 96 1.297
89 97 2.513
89 98 1.110
89 99 2.510
90 91 0.914
90 92 1.276
90 93 1.225
90 94 1.141
90 95 1.141
90 96 2.494
90 97 1.083
90 98 2.638
90 99 2.093
91 92 1.882
91 93 1.697
91 94 0.417
91 95 2.016
91 96 3.385
91 97 1.038
91 98 3.547
91 99 2.690
92 93 0.297
92 94 1.825
92 95 1.636
92 96 2.541
92 97 1.114
92 98 2.497
92 99 2.952
93 94 1.591
93 95 1.793
93 96 2.794
93 97 0.840
93 98 2.770
93 99 3.072
94 95 2.282
94 96 3.633
94 97 0.804
94 98 3.760
94 99 3.070
95 96 1.372
95 97 2.094
95 98 1.568
95 99 1.338
96 97 3.328
96 98 0.378
96 99 1.726
97 98 3.380
97 99 3.174
98 99 2.093
