nodei nodej distance
0 1 0.713
0 2 1.811
0 3 1.148
0 4 0.523
0 5 3.430
0 6 1.282
0 7 1.146
0 8 0.806
0 9 1.708
0 10 0.953
0 11 0.322
0 12 0.530
0 13 0.486
0 14 0.490
0 15 0.680
0 16 1.443
0 17 0.873
0 18 2.221
0 19 1.015
0 20 0.756
0 21 2.664
0 22 0.605
0 23 1.409
0 24 1.497
0 25 1.308
0 26 0.428
0 27 0.578
0 28 2.579
0 29 0.454
0 30 0.494
0 31 0.698
0 32 4.191
0 33 1.292
0 34 1.809
0 35 1.729
0 36 2.561
0 37 0.912
0 38 1.720
0 39 0.603
0 40 1.397
0 41 0.559
0 42 0.555
0 43 0.615
0 44 1.425
0 45 0.537
0 46 0.938
0 47 0.432
0 48 0.431
0 49 2.497
0 50 1.392
0 51 0.217
0 52 0.444
0 53 0.248
0 54 0.691
0 55 3.416
0 56 2.168
0 57 0.911
0 58 1.833
0 59 2.241
0 60 2.040
0 61 0.502
0 62 0.788
0 63 1.613
0 64 1.383
0 65 0.522
0 66 1.990
0 67 1.437
0 68 0.971
0 69 1.949
0 70 0.561
0 71 1.523
0 72 3.512
0 73 2.684
0 74 0.459
0 75 3.360
0 76 1.959
0 77 3.563
0 78 0.570
0 79 0.507
0 80 1.289
0 81 1.316
0 82 2.782
0 83 2.553
0 84 0.101
0 85 1.179
0 86 0.430
0 87 1.088
0 88 1.305
0 89 1.181
0 90 0.725
0 91 2.052
0 92 0.808
0 93 0.216
0 94 2.765
0 95 3.862
0 96 0.251
0 97 2.587
0 98 1.607
0 99 1.866
1 2 2.520
1 3 1.858
1 4 1.223
1 5 4.142
1 6 0.587
1 7 0.480
1 8 1.519
1 9 2.419
1 10 0.263
1 11 0.424
1 12 1.161
1 13 1.182
1 14 0.256
1 15 0.488
1 16 2.147
1 17 0.299
1 18 2.934
1 19 0.412
1 20 0.082
1 21 3.367
1 22 1.281
1 23 0.811
1 24 2.204
1 25 0.637
1 26 0.866
1 27 1.161
1 28 3.291
1 29 1.137
1 30 0.439
1 31 1.403
1 32 4.904
1 33 2.000
1 34 2.502
1 35 1.066
1 36 3.274
1 37 0.483
1 38 2.424
1 39 0.110
1 40 2.109
1 41 0.300
1 42 0.352
1 43 0.180
1 44 2.128
1 45 1.202
1 46 1.636
1 47 1.138
1 48 0.796
1 49 3.209
1 50 2.099
1 51 0.738
1 52 1.123
1 53 0.614
1 54 0.098
1 55 4.128
1 56 2.869
1 57 1.623
1 58 2.532
1 59 2.954
1 60 2.753
1 61 0.346
1 62 1.500
1 63 2.322
1 64 2.096
1 65 1.206
1 66 2.701
1 67 2.149
1 68 0.264
1 69 2.662
1 70 1.271
1 71 2.198
1 72 4.225
1 73 3.388
1 74 0.375
1 75 4.072
1 76 2.668
1 77 4.276
1 78 0.224
1 79 0.209
1 80 1.994
1 81 0.604
1 82 3.495
1 83 3.265
1 84 0.704
1 85 1.865
1 86 1.138
1 87 0.388
1 88 2.015
1 89 0.471
1 90 1.408
1 91 2.762
1 92 1.513
1 93 0.910
1 94 3.475
1 95 4.575
1 96 0.465
1 97 3.300
1 98 2.320
1 99 2.579
2 3 0.666
2 4 1.298
2 5 1.642
2 6 3.093
2 7 2.912
2 8 1.023
2 9 0.402
2 10 2.744
2 11 2.127
2 12 1.524
2 13 1.340
2 14 2.278
2 15 2.408
2 16 0.636
2 17 2.625
2 18 0.498
2 19 2.757
2 20 2.554
2 21 1.101
2 22 1.357
2 23 3.187
2 24 0.576
2 25 3.115
2 26 1.766
2 27 1.459
2 28 0.787
2 29 1.458
2 30 2.253
2 31 1.117
2 32 2.394
2 33 0.666
2 34 0.741
2 35 3.529
2 36 0.774
2 37 2.670
2 38 0.563
2 39 2.411
2 40 0.423
2 41 2.353
2 42 2.337
2 43 2.424
2 44 0.667
2 45 1.342
2 46 1.016
2 47 1.382
2 48 1.955
2 49 0.788
2 50 0.422
2 51 1.804
2 52 1.406
2 53 1.981
2 54 2.502
2 55 1.673
2 56 0.392
2 57 0.940
2 58 0.660
2 59 0.478
2 60 0.315
2 61 2.245
2 62 1.049
2 63 0.460
2 64 0.494
2 65 1.323
2 66 0.407
2 67 0.470
2 68 2.770
2 69 0.251
2 70 1.251
2 71 0.530
2 72 1.741
2 73 0.878
2 74 2.248
2 75 1.610
2 76 0.152
2 77 1.790
2 78 2.377
2 79 2.311
2 80 0.530
2 81 3.123
2 82 1.033
2 83 0.753
2 84 1.843
2 85 0.932
2 86 1.409
2 87 2.899
2 88 0.618
2 89 2.991
2 90 1.131
2 91 0.513
2 92 1.084
2 93 1.639
2 94 0.956
2 95 2.065
2 96 2.063
2 97 0.824
2 98 0.273
2 99 0.169
3 4 0.643
3 5 2.287
3 6 2.429
3 7 2.264
3 8 0.360
3 9 0.618
3 10 2.088
3 11 1.462
3 12 0.883
3 13 0.687
3 14 1.621
3 15 1.746
3 16 0.471
3 17 1.978
3 18 1.086
3 19 2.114
3 20 1.896
3 21 1.594
3 22 0.715
3 23 2.523
3 24 0.486
3 25 2.450
3 26 1.147
3 27 0.862
3 28 1.434
3 29 0.800
3 30 1.588
3 31 0.460
3 32 3.046
3 33 0.322
3 34 0.853
3 35 2.863
3 36 1.417
3 37 2.007
3 38 0.693
3 39 1.749
3 40 0.251
3 41 1.687
3 42 1.671
3 43 1.759
3 44 0.476
3 45 0.710
3 46 0.430
3 47 0.722
3 48 1.301
3 49 1.372
3 50 0.260
3 51 1.155
3 52 0.759
3 53 1.316
3 54 1.838
3 55 2.289
3 56 1.037
3 57 0.296
3 58 0.833
3 59 1.099
3 60 0.900
3 61 1.596
3 62 0.390
3 63 0.543
3 64 0.280
3 65 0.679
3 66 0.875
3 67 0.340
3 68 2.112
3 69 0.810
3 70 0.587
3 71 0.550
3 72 2.375
3 73 1.543
3 74 1.582
3 75 2.230
3 76 0.811
3 77 2.425
3 78 1.711
3 79 1.651
3 80 0.185
3 81 2.462
3 82 1.649
3 83 1.406
3 84 1.177
3 85 0.505
3 86 0.744
3 87 2.235
3 88 0.285
3 89 2.328
3 90 0.509
3 91 0.955
3 92 0.447
3 93 0.973
3 94 1.618
3 95 2.717
3 96 1.399
3 97 1.448
3 98 0.469
3 99 0.722
4 5 2.930
4 6 1.801
4 7 1.621
4 8 0.348
4 9 1.239
4 10 1.446
4 11 0.844
4 12 0.518
4 13 0.045
4 14 0.980
4 15 1.176
4 16 1.010
4 17 1.335
4 18 1.729
4 19 1.471
4 20 1.256
4 21 2.213
4 22 0.427
4 23 1.928
4 24 1.053
4 25 1.830
4 26 0.536
4 27 0.340
4 28 2.075
4 29 0.367
4 30 1.000
4 31 0.183
4 32 3.688
4 33 0.847
4 34 1.399
4 35 2.251
4 36 2.059
4 37 1.423
4 38 1.278
4 39 1.115
4 40 0.894
4 41 1.079
4 42 1.071
4 43 1.137
4 44 0.999
4 45 0.143
4 46 0.568
4 47 0.094
4 48 0.794
4 49 2.013
4 50 0.877
4 51 0.513
4 52 0.126
4 53 0.729
4 54 1.210
4 55 2.931
4 56 1.648
4 57 0.465
4 58 1.405
4 59 1.742
4 60 1.543
4 61 0.953
4 62 0.348
4 63 1.150
4 64 0.901
4 65 0.077
4 66 1.510
4 67 0.959
4 68 1.472
4 69 1.453
4 70 0.101
4 71 1.005
4 72 3.018
4 73 2.166
4 74 0.977
4 75 2.872
4 76 1.448
4 77 3.069
4 78 1.092
4 79 1.014
4 80 0.771
4 81 1.826
4 82 2.292
4 83 2.047
4 84 0.574
4 85 0.818
4 86 0.243
4 87 1.605
4 88 0.845
4 89 1.694
4 90 0.215
4 91 1.583
4 92 0.430
4 93 0.397
4 94 2.254
4 95 3.359
4 96 0.772
4 97 2.092
4 98 1.112
4 99 1.366
5 6 4.704
5 7 4.549
5 8 2.625
5 9 1.742
5 10 4.375
5 11 3.736
5 12 3.066
5 13 2.973
5 14 3.908
5 15 3.976
5 16 2.041
5 17 4.263
5 18 1.211
5 19 4.396
5 20 4.182
5 21 0.989
5 22 2.910
5 23 4.758
5 24 1.976
5 25 4.716
5 26 3.407
5 27 3.100
5 28 0.855
5 29 3.035
5 30 3.839
5 31 2.746
5 32 0.764
5 33 2.164
5 34 1.784
5 35 5.115
5 36 0.871
5 37 4.241
5 38 1.780
5 39 4.032
5 40 2.036
5 41 3.952
5 42 3.929
5 43 4.033
5 44 2.067
5 45 2.982
5 46 2.545
5 47 3.009
5 48 3.507
5 49 0.955
5 50 2.061
5 51 3.440
5 52 3.042
5 53 3.574
5 54 4.116
5 55 0.268
5 56 1.367
5 57 2.525
5 58 1.717
5 59 1.189
5 60 1.390
5 61 3.881
5 62 2.645
5 63 1.843
5 64 2.049
5 65 2.960
5 66 1.456
5 67 1.998
5 68 4.398
5 69 1.480
5 70 2.872
5 71 2.093
5 72 0.150
5 73 0.883
5 74 3.845
5 75 0.239
5 76 1.490
5 77 0.178
5 78 3.984
5 79 3.936
5 80 2.171
5 81 4.746
5 82 0.663
5 83 0.889
5 84 3.449
5 85 2.364
5 86 3.010
5 87 4.514
5 88 2.140
5 89 4.610
5 90 2.772
5 91 1.416
5 92 2.649
5 93 3.242
5 94 0.714
5 95 0.438
5 96 3.679
5 97 0.844
5 98 1.823
5 99 1.565
6 7 0.477
6 8 2.080
6 9 2.969
6 10 0.450
6 11 0.968
6 12 1.667
6 13 1.761
6 14 0.843
6 15 0.795
6 16 2.686
6 17 0.642
6 18 3.493
6 19 0.607
6 20 0.578
6 21 3.896
6 22 1.808
6 23 0.382
6 24 2.745
6 25 0.112
6 26 1.447
6 27 1.747
6 28 3.857
6 29 1.673
6 30 0.882
6 31 1.979
6 32 5.467
6 33 2.547
6 34 3.021
6 35 0.494
6 36 3.839
6 37 0.568
6 38 2.960
6 39 0.690
6 40 2.678
6 41 0.756
6 42 0.785
6 43 0.671
6 44 2.664
6 45 1.787
6 46 2.172
6 47 1.713
6 48 1.247
6 49 3.762
6 50 2.675
6 51 1.325
6 52 1.706
6 53 1.133
6 54 0.591
6 55 4.678
6 56 3.449
6 57 2.179
6 58 3.059
6 59 3.517
6 60 3.315
6 61 0.919
6 62 2.059
6 63 2.870
6 64 2.655
6 65 1.789
6 66 3.254
6 67 2.706
6 68 0.395
6 69 3.225
6 70 1.843
6 71 2.784
6 72 4.781
6 73 3.966
6 74 0.862
6 75 4.623
6 76 3.240
6 77 4.832
6 78 0.720
6 79 0.794
6 80 2.571
6 81 0.164
6 82 4.050
6 83 3.832
6 84 1.255
6 85 2.386
6 86 1.694
6 87 0.199
6 88 2.566
6 89 0.155
6 90 1.992
6 91 3.309
6 92 2.058
6 93 1.462
6 94 4.046
6 95 5.138
6 96 1.031
6 97 3.860
6 98 2.883
6 99 3.144
7 8 1.942
7 9 2.848
7 10 0.219
7 11 0.893
7 12 1.629
7 13 1.577
7 14 0.657
7 15 0.927
7 16 2.589
7 17 0.288
7 18 3.349
7 19 0.172
7 20 0.409
7 21 3.809
7 22 1.739
7 23 0.851
7 24 2.642
7 25 0.586
7 26 1.169
7 27 1.484
7 28 3.695
7 29 1.591
7 30 0.915
7 31 1.804
7 32 5.306
7 33 2.436
7 34 2.954
7 35 0.930
7 36 3.679
7 37 0.812
7 38 2.865
7 39 0.579
7 40 2.514
7 41 0.773
7 42 0.822
7 43 0.653
7 44 2.571
7 45 1.571
7 46 2.084
7 47 1.545
7 48 1.276
7 49 3.631
7 50 2.490
7 51 1.109
7 52 1.507
7 53 1.087
7 54 0.558
7 55 4.550
7 56 3.242
7 57 2.052
7 58 2.979
7 59 3.363
7 60 3.164
7 61 0.668
7 62 1.927
7 63 2.754
7 64 2.516
7 65 1.590
7 66 3.126
7 67 2.572
7 68 0.243
7 69 3.073
7 70 1.684
7 71 2.542
7 72 4.639
7 73 3.765
7 74 0.854
7 75 4.492
7 76 3.063
7 77 4.689
7 78 0.701
7 79 0.651
7 80 2.382
7 81 0.356
7 82 3.912
7 83 3.664
7 84 1.157
7 85 2.321
7 86 1.576
7 87 0.385
7 88 2.446
7 89 0.331
7 90 1.782
7 91 3.193
7 92 1.954
7 93 1.356
7 94 3.867
7 95 4.977
7 96 0.916
7 97 3.712
7 98 2.732
7 99 2.986
8 9 0.906
8 10 1.757
8 11 1.112
8 12 0.534
8 13 0.393
8 14 1.290
8 15 1.387
8 16 0.663
8 17 1.661
8 18 1.415
8 19 1.799
8 20 1.561
8 21 1.874
8 22 0.370
8 23 2.164
8 24 0.709
8 25 2.097
8 26 0.885
8 27 0.656
8 28 1.777
8 29 0.441
8 30 1.230
8 31 0.199
8 32 3.387
8 33 0.502
8 34 1.051
8 35 2.507
8 36 1.758
8 37 1.648
8 38 0.934
8 39 1.408
8 40 0.601
8 41 1.334
8 42 1.315
8 43 1.410
8 44 0.651
8 45 0.464
8 46 0.252
8 47 0.404
8 48 0.942
8 49 1.692
8 50 0.619
8 51 0.847
8 52 0.474
8 53 0.959
8 54 1.492
8 55 2.611
8 56 1.397
8 57 0.116
8 58 1.058
8 59 1.437
8 60 1.235
8 61 1.278
8 62 0.037
8 63 0.813
8 64 0.577
8 65 0.410
8 66 1.185
8 67 0.631
8 68 1.776
8 69 1.145
8 70 0.263
8 71 0.855
8 72 2.706
8 73 1.900
8 74 1.227
8 75 2.554
8 76 1.165
8 77 2.757
8 78 1.361
8 79 1.313
8 80 0.531
8 81 2.121
8 82 1.976
8 83 1.752
8 84 0.826
8 85 0.485
8 86 0.388
8 87 1.889
8 88 0.505
8 89 1.986
8 90 0.336
8 91 1.251
8 92 0.150
8 93 0.619
8 94 1.968
8 95 3.058
8 96 1.054
8 97 1.782
8 98 0.803
8 99 1.063
9 10 2.661
9 11 2.005
9 12 1.325
9 13 1.284
9 14 2.195
9 15 2.234
9 16 0.308
9 17 2.567
9 18 0.536
9 19 2.705
9 20 2.465
9 21 0.978
9 22 1.169
9 23 3.017
9 24 0.241
9 25 2.977
9 26 1.759
9 27 1.480
9 28 0.920
9 29 1.297
9 30 2.099
9 31 1.059
9 32 2.506
9 33 0.423
9 34 0.350
9 35 3.374
9 36 0.898
9 37 2.499
9 38 0.162
9 39 2.309
9 40 0.404
9 41 2.215
9 42 2.190
9 43 2.300
9 44 0.338
9 45 1.322
9 46 0.803
9 47 1.307
9 48 1.765
9 49 0.793
9 50 0.503
9 51 1.749
9 52 1.361
9 53 1.837
9 54 2.386
9 55 1.710
9 56 0.741
9 57 0.797
9 58 0.281
9 59 0.580
9 60 0.389
9 61 2.184
9 62 0.921
9 63 0.102
9 64 0.341
9 65 1.285
9 66 0.286
9 67 0.281
9 68 2.679
9 69 0.313
9 70 1.166
9 71 0.804
9 72 1.813
9 73 1.129
9 74 2.108
9 75 1.654
9 76 0.444
9 77 1.864
9 78 2.250
9 79 2.216
9 80 0.592
9 81 3.019
9 82 1.083
9 83 0.908
9 84 1.718
9 85 0.638
9 86 1.281
9 87 2.782
9 88 0.404
9 89 2.882
9 90 1.126
9 91 0.345
9 92 0.911
9 93 1.511
9 94 1.138
9 95 2.179
9 96 1.954
9 97 0.900
9 98 0.216
9 99 0.287
10 11 0.683
10 12 1.421
10 13 1.404
10 14 0.467
10 15 0.713
10 16 2.396
10 17 0.193
10 18 3.170
10 19 0.209
10 20 0.199
10 21 3.616
10 22 1.536
10 23 0.775
10 24 2.450
10 25 0.537
10 26 1.032
10 27 1.342
10 28 3.522
10 29 1.390
10 30 0.696
10 31 1.629
10 32 5.134
10 33 2.246
10 34 2.755
10 35 0.943
10 36 3.505
10 37 0.624
10 38 2.672
10 39 0.366
10 40 2.339
10 41 0.554
10 42 0.603
10 43 0.434
10 44 2.377
10 45 1.410
10 46 1.887
10 47 1.366
10 48 1.058
10 49 3.449
10 50 2.322
10 51 0.943
10 52 1.339
10 53 0.875
10 54 0.339
10 55 4.368
10 56 3.083
10 57 1.864
10 58 2.783
10 59 3.187
10 60 2.986
10 61 0.507
10 62 1.740
10 63 2.566
10 64 2.334
10 65 1.422
10 66 2.942
10 67 2.388
10 68 0.060
10 69 2.896
10 70 1.503
10 71 2.396
10 72 4.461
10 73 3.605
10 74 0.636
10 75 4.311
10 76 2.894
10 77 4.511
10 78 0.482
10 79 0.448
10 80 2.215
10 81 0.402
10 82 3.732
10 83 3.493
10 84 0.955
10 85 2.120
10 86 1.383
10 87 0.280
10 88 2.258
10 89 0.300
10 90 1.620
10 91 3.006
10 92 1.760
10 93 1.158
10 94 3.699
10 95 4.805
10 96 0.714
10 97 3.535
10 98 2.553
10 99 2.810
11 12 0.737
11 13 0.808
11 14 0.276
11 15 0.397
11 16 1.728
11 17 0.652
11 18 2.525
11 19 0.790
11 20 0.485
11 21 2.945
11 22 0.858
11 23 1.087
11 24 1.785
11 25 0.989
11 26 0.636
11 27 0.868
11 28 2.889
11 29 0.715
11 30 0.210
11 31 1.017
11 32 4.499
11 33 1.584
11 34 2.078
11 35 1.407
11 36 2.870
11 37 0.600
11 38 2.004
11 39 0.317
11 40 1.710
11 41 0.238
11 42 0.242
11 43 0.298
11 44 1.707
11 45 0.855
11 46 1.215
11 47 0.753
11 48 0.412
11 49 2.797
11 50 1.710
11 51 0.441
11 52 0.764
11 53 0.194
11 54 0.382
11 55 3.714
11 56 2.488
11 57 1.212
11 58 2.109
11 59 2.549
11 60 2.347
11 61 0.365
11 62 1.091
11 63 1.907
11 64 1.687
11 65 0.844
11 66 2.289
11 67 1.739
11 68 0.689
11 69 2.256
11 70 0.877
11 71 1.845
11 72 3.815
11 73 3.002
11 74 0.147
11 75 3.659
11 76 2.273
11 77 3.866
11 78 0.250
11 79 0.249
11 80 1.609
11 81 1.016
11 82 3.084
11 83 2.864
11 84 0.287
11 85 1.442
11 86 0.726
11 87 0.778
11 88 1.601
11 89 0.878
11 90 1.047
11 91 2.346
11 92 1.095
11 93 0.494
11 94 3.079
11 95 4.170
11 96 0.092
11 97 2.892
11 98 1.915
11 99 2.176
12 13 0.524
12 14 0.985
12 15 0.910
12 16 1.028
12 17 1.375
12 18 1.859
12 19 1.516
12 20 1.222
12 21 2.229
12 22 0.168
12 23 1.692
12 24 1.091
12 25 1.665
12 26 0.858
12 27 0.815
12 28 2.238
12 29 0.153
12 30 0.786
12 31 0.575
12 32 3.830
12 33 0.904
12 34 1.354
12 35 2.052
12 36 2.217
12 37 1.175
12 38 1.299
12 39 1.054
12 40 1.103
12 41 0.914
12 42 0.882
12 43 1.015
12 44 1.004
12 45 0.645
12 46 0.523
12 47 0.460
12 48 0.440
12 49 2.114
12 50 1.143
12 51 0.699
12 52 0.568
12 53 0.547
12 54 1.108
12 55 3.022
12 56 1.909
12 57 0.589
12 58 1.393
12 59 1.895
12 60 1.694
12 61 1.022
12 62 0.500
12 63 1.223
12 64 1.042
12 65 0.584
12 66 1.611
12 67 1.083
12 68 1.425
12 69 1.606
12 70 0.453
12 71 1.387
12 72 3.134
12 73 2.397
12 74 0.810
12 75 2.970
12 76 1.657
12 77 3.185
12 78 0.963
12 79 0.979
12 80 1.062
12 81 1.737
12 82 2.406
12 83 2.220
12 84 0.482
12 85 0.719
12 86 0.279
12 87 1.491
12 88 0.934
12 89 1.598
12 90 0.700
12 91 1.655
12 92 0.441
12 93 0.326
12 94 2.445
12 95 3.504
12 96 0.717
12 97 2.225
12 98 1.278
12 99 1.536
13 14 0.938
13 15 1.147
13 16 1.054
13 17 1.291
13 18 1.773
13 19 1.427
13 20 1.214
13 21 2.258
13 22 0.446
13 23 1.893
13 24 1.098
13 25 1.792
13 26 0.493
13 27 0.311
13 28 2.119
13 29 0.371
13 30 0.968
13 31 0.227
13 32 3.731
13 33 0.892
13 34 1.443
13 35 2.214
13 36 2.102
13 37 1.391
13 38 1.323
13 39 1.074
13 40 0.937
13 41 1.044
13 42 1.037
13 43 1.099
13 44 1.043
13 45 0.122
13 46 0.609
13 47 0.072
13 48 0.775
13 49 2.057
13 50 0.918
13 51 0.469
13 52 0.082
13 53 0.699
13 54 1.171
13 55 2.975
13 56 1.687
13 57 0.509
13 58 1.450
13 59 1.786
13 60 1.587
13 61 0.909
13 62 0.391
13 63 1.195
13 64 0.946
13 65 0.060
13 66 1.555
13 67 1.004
13 68 1.430
13 69 1.497
13 70 0.139
13 71 1.039
13 72 3.062
13 73 2.206
13 74 0.943
13 75 2.916
13 76 1.490
13 77 3.112
13 78 1.055
13 79 0.973
13 80 0.812
13 81 1.784
13 82 2.336
13 83 2.089
13 84 0.542
13 85 0.859
13 86 0.246
13 87 1.565
13 88 0.890
13 89 1.653
13 90 0.242
13 91 1.628
13 92 0.469
13 93 0.374
13 94 2.296
13 95 3.402
13 96 0.734
13 97 2.135
13 98 1.156
13 99 1.409
14 15 0.550
14 16 1.933
14 17 0.390
14 18 2.703
14 19 0.532
14 20 0.276
14 21 3.153
14 22 1.085
14 23 1.054
14 24 1.987
14 25 0.892
14 26 0.611
14 27 0.905
14 28 3.055
14 29 0.936
14 30 0.412
14 31 1.163
14 32 4.667
14 33 1.781
14 34 2.298
14 35 1.322
14 36 3.038
14 37 0.654
14 38 2.209
14 39 0.166
14 40 1.872
14 41 0.328
14 42 0.372
14 43 0.271
14 44 1.915
14 45 0.951
14 46 1.427
14 47 0.899
14 48 0.688
14 49 2.982
14 50 1.857
14 51 0.484
14 52 0.876
14 53 0.464
14 54 0.285
14 55 3.901
14 56 2.622
14 57 1.398
14 58 2.322
14 59 2.719
14 60 2.519
14 61 0.125
14 62 1.274
14 63 2.100
14 64 1.866
14 65 0.959
14 66 2.475
14 67 1.921
14 68 0.492
14 69 2.428
14 70 1.036
14 71 1.945
14 72 3.993
14 73 3.143
14 74 0.327
14 75 3.843
14 76 2.428
14 77 4.044
14 78 0.265
14 79 0.076
14 80 1.750
14 81 0.849
14 82 3.265
14 83 3.026
14 84 0.505
14 85 1.665
14 86 0.920
14 87 0.643
14 88 1.792
14 89 0.721
14 90 1.159
14 91 2.540
14 92 1.298
14 93 0.700
14 94 3.234
14 95 4.338
14 96 0.268
14 97 3.067
14 98 2.086
14 99 2.343
15 16 1.938
15 17 0.787
15 18 2.767
15 19 0.895
15 20 0.570
15 21 3.131
15 22 1.066
15 23 0.783
15 24 2.001
15 25 0.771
15 26 1.033
15 27 1.252
15 28 3.143
15 29 0.951
15 30 0.190
15 31 1.333
15 32 4.740
15 33 1.812
15 34 2.252
15 35 1.143
15 36 3.123
15 37 0.265
15 38 2.208
15 39 0.448
15 40 1.986
15 41 0.223
15 42 0.180
15 43 0.318
15 44 1.914
15 45 1.214
15 46 1.431
15 47 1.083
15 48 0.472
15 49 3.024
15 50 2.004
15 51 0.834
15 52 1.117
15 53 0.448
15 54 0.391
15 55 3.932
15 56 2.784
15 57 1.470
15 58 2.297
15 59 2.800
15 60 2.599
15 61 0.673
15 62 1.359
15 63 2.133
15 64 1.941
15 65 1.191
15 66 2.520
15 67 1.986
15 68 0.685
15 69 2.510
15 70 1.187
15 71 2.180
15 72 4.044
15 73 3.286
15 74 0.255
15 75 3.880
15 76 2.548
15 77 4.095
15 78 0.295
15 79 0.479
15 80 1.910
15 81 0.901
15 82 3.316
15 83 3.123
15 84 0.606
15 85 1.625
15 86 1.005
15 87 0.652
15 88 1.839
15 89 0.766
15 90 1.389
15 91 2.565
15 92 1.333
15 93 0.786
15 94 3.345
15 95 4.414
15 96 0.489
15 97 3.133
15 98 2.175
15 99 2.436
16 17 2.312
16 18 0.842
16 19 2.452
16 20 2.197
16 21 1.221
16 22 0.878
16 23 2.720
16 24 0.068
16 25 2.689
16 26 1.544
16 27 1.290
16 28 1.227
16 29 1.014
16 30 1.809
16 31 0.842
16 32 2.804
16 33 0.165
16 34 0.394
16 35 3.080
16 36 1.205
16 37 2.203
16 38 0.277
16 39 2.037
16 40 0.382
16 41 1.930
16 42 1.903
16 43 2.021
16 44 0.031
16 45 1.113
16 46 0.513
16 47 1.066
16 48 1.468
16 49 1.087
16 50 0.503
16 51 1.507
16 52 1.136
16 53 1.553
16 54 2.109
16 55 1.995
16 56 1.014
16 57 0.547
16 58 0.396
16 59 0.889
16 60 0.696
16 61 1.932
16 62 0.670
16 63 0.208
16 64 0.242
16 65 1.067
16 66 0.588
16 67 0.210
16 68 2.410
16 69 0.616
16 70 0.925
16 71 0.866
16 72 2.105
16 73 1.433
16 74 1.824
16 75 1.942
16 76 0.721
16 77 2.157
16 78 1.970
16 79 1.948
16 80 0.542
16 81 2.743
16 82 1.379
16 83 1.216
16 84 1.444
16 85 0.330
16 86 1.013
16 87 2.502
16 88 0.187
16 89 2.605
16 90 0.938
16 91 0.627
16 92 0.636
16 93 1.238
16 94 1.447
16 95 2.479
16 96 1.683
16 97 1.203
16 98 0.366
16 99 0.571
17 18 3.064
17 19 0.142
17 20 0.218
17 21 3.532
17 22 1.474
17 23 0.965
17 24 2.364
17 25 0.731
17 26 0.882
17 27 1.197
17 28 3.408
17 29 1.324
17 30 0.723
17 31 1.519
17 32 5.019
17 33 2.157
17 34 2.682
17 35 1.133
17 36 3.392
17 37 0.756
17 38 2.588
17 39 0.362
17 40 2.229
17 41 0.591
17 42 0.643
17 43 0.474
17 44 2.296
17 45 1.283
17 46 1.811
17 47 1.261
17 48 1.056
17 49 3.347
17 50 2.203
17 51 0.823
17 52 1.221
17 53 0.846
17 54 0.397
17 55 4.266
17 56 2.954
17 57 1.772
17 58 2.704
17 59 3.077
17 60 2.878
17 61 0.383
17 62 1.647
17 63 2.474
17 64 2.233
17 65 1.303
17 66 2.843
17 67 2.290
17 68 0.252
17 69 2.788
17 70 1.401
17 71 2.255
17 72 4.353
17 73 3.477
17 74 0.648
17 75 4.207
17 76 2.776
17 77 4.404
17 78 0.512
17 79 0.404
17 80 2.095
17 81 0.578
17 82 3.627
17 83 3.377
17 84 0.895
17 85 2.052
17 86 1.301
17 87 0.472
17 88 2.165
17 89 0.490
17 90 1.495
17 91 2.912
17 92 1.679
17 93 1.087
17 94 3.579
17 95 4.690
17 96 0.658
17 97 3.427
17 98 2.447
17 99 2.700
18 19 3.200
18 20 2.976
18 21 0.618
18 22 1.701
18 23 3.550
18 24 0.776
18 25 3.504
18 26 2.226
18 27 1.928
18 28 0.387
18 29 1.824
18 30 2.628
18 31 1.546
18 32 1.975
18 33 0.955
18 34 0.681
18 35 3.905
18 36 0.363
18 37 3.032
18 38 0.606
18 39 2.824
18 40 0.838
18 41 2.740
18 42 2.718
18 43 2.822
18 44 0.871
18 45 1.793
18 46 1.336
18 47 1.805
18 48 2.300
18 49 0.293
18 50 0.883
18 51 2.242
18 52 1.846
18 53 2.363
18 54 2.906
18 55 1.203
18 56 0.491
18 57 1.314
18 58 0.593
18 59 0.086
18 60 0.191
18 61 2.682
18 62 1.435
18 63 0.638
18 64 0.838
18 65 1.765
18 66 0.256
18 67 0.787
18 68 3.191
18 69 0.279
18 70 1.667
18 71 1.023
18 72 1.291
18 73 0.647
18 74 2.634
18 75 1.143
18 76 0.363
18 77 1.342
18 78 2.773
18 79 2.728
18 80 0.993
18 81 3.537
18 82 0.563
18 83 0.382
18 84 2.238
18 85 1.172
18 86 1.799
18 87 3.303
18 88 0.929
18 89 3.401
18 90 1.586
18 91 0.263
18 92 1.438
18 93 2.031
18 94 0.614
18 95 1.648
18 96 2.470
18 97 0.367
18 98 0.618
18 99 0.372
19 20 0.331
19 21 3.671
19 22 1.616
19 23 0.962
19 24 2.504
19 25 0.708
19 26 1.005
19 27 1.320
19 28 3.541
19 29 1.466
19 30 0.848
19 31 1.654
19 32 5.151
19 33 2.297
19 34 2.823
19 35 1.082
19 36 3.526
19 37 0.829
19 38 2.728
19 39 0.491
19 40 2.363
19 41 0.711
19 42 0.763
19 43 0.592
19 44 2.436
19 45 1.415
19 46 1.952
19 47 1.398
19 48 1.191
19 49 3.484
19 50 2.336
19 51 0.958
19 52 1.355
19 53 0.984
19 54 0.505
19 55 4.402
19 56 3.081
19 57 1.911
19 58 2.844
19 59 3.211
19 60 3.013
19 61 0.521
19 62 1.786
19 63 2.612
19 64 2.370
19 65 1.436
19 66 2.980
19 67 2.427
19 68 0.264
19 69 2.923
19 70 1.539
19 71 2.378
19 72 4.488
19 73 3.605
19 74 0.777
19 75 4.343
19 76 2.909
19 77 4.538
19 78 0.634
19 79 0.542
19 80 2.227
19 81 0.511
19 82 3.763
19 83 3.510
19 84 1.037
19 85 2.193
19 86 1.442
19 87 0.470
19 88 2.304
19 89 0.453
19 90 1.626
19 91 3.050
19 92 1.819
19 93 1.229
19 94 3.710
19 95 4.822
19 96 0.799
19 97 3.562
19 98 2.583
19 99 2.835
20 21 3.418
20 22 1.337
20 23 0.837
20 24 2.253
20 25 0.641
20 26 0.869
20 27 1.172
20 28 3.329
20 29 1.191
20 30 0.518
20 31 1.438
20 32 4.942
20 33 2.048
20 34 2.556
20 35 1.067
20 36 3.312
20 37 0.551
20 38 2.474
20 39 0.170
20 40 2.147
20 41 0.380
20 42 0.432
20 43 0.261
20 44 2.179
20 45 1.226
20 46 1.688
20 47 1.174
20 48 0.869
20 49 3.253
20 50 2.133
20 51 0.759
20 52 1.152
20 53 0.678
20 54 0.179
20 55 4.172
20 56 2.898
20 57 1.667
20 58 2.584
20 59 2.993
20 60 2.793
20 61 0.340
20 62 1.544
20 63 2.369
20 64 2.138
20 65 1.235
20 66 2.746
20 67 2.192
20 68 0.216
20 69 2.702
20 70 1.310
20 71 2.219
20 72 4.266
20 73 3.419
20 74 0.450
20 75 4.115
20 76 2.704
20 77 4.317
20 78 0.303
20 79 0.250
20 80 2.026
20 81 0.573
20 82 3.537
20 83 3.302
20 84 0.756
20 85 1.921
20 86 1.185
20 87 0.381
20 88 2.061
20 89 0.448
20 90 1.435
20 91 2.809
20 92 1.562
20 93 0.960
20 94 3.510
20 95 4.613
20 96 0.515
20 97 3.341
20 98 2.360
20 99 2.617
21 22 2.090
21 23 3.904
21 24 1.168
21 25 3.894
21 26 2.737
21 27 2.456
21 28 0.630
21 29 2.231
21 30 3.016
21 31 2.036
21 32 1.700
21 33 1.374
21 34 0.879
21 35 4.272
21 36 0.611
21 37 3.393
21 38 0.944
21 39 3.257
21 40 1.365
21 41 3.141
21 42 3.111
21 43 3.236
21 44 1.239
21 45 2.300
21 46 1.731
21 47 2.277
21 48 2.660
21 49 0.389
21 50 1.439
21 51 2.720
21 52 2.337
21 53 2.767
21 54 3.326
21 55 0.847
21 56 1.077
21 57 1.761
21 58 0.837
21 59 0.674
21 60 0.787
21 61 3.150
21 62 1.885
21 63 1.063
21 64 1.318
21 65 2.262
21 66 0.734
21 67 1.259
21 68 3.630
21 69 0.856
21 70 2.136
21 71 1.631
21 72 0.997
21 73 0.966
21 74 3.036
21 75 0.812
21 76 0.979
21 77 1.046
21 78 3.185
21 79 3.168
21 80 1.543
21 81 3.960
21 82 0.455
21 83 0.678
21 84 2.663
21 85 1.510
21 86 2.234
21 87 3.716
21 88 1.369
21 89 3.821
21 90 2.103
21 91 0.642
21 92 1.856
21 93 2.458
21 94 0.797
21 95 1.401
21 96 2.903
21 97 0.504
21 98 1.144
21 99 0.950
22 23 1.849
22 24 0.939
22 25 1.811
22 26 0.860
22 27 0.755
22 28 2.077
22 29 0.151
22 30 0.931
22 31 0.439
22 32 3.674
22 33 0.746
22 34 1.221
22 35 2.205
22 36 2.057
22 37 1.331
22 38 1.152
22 39 1.173
22 40 0.936
22 41 1.052
22 42 1.024
22 43 1.146
22 44 0.856
22 45 0.567
22 46 0.366
22 47 0.395
22 48 0.601
22 49 1.961
22 50 0.974
22 51 0.735
22 52 0.508
22 53 0.677
22 54 1.236
22 55 2.873
22 56 1.742
22 57 0.421
22 58 1.253
22 59 1.734
22 60 1.533
22 61 1.107
22 62 0.335
22 63 1.068
22 64 0.877
22 65 0.501
22 66 1.455
22 67 0.921
22 68 1.546
22 69 1.444
22 70 0.341
22 71 1.225
22 72 2.980
22 73 2.231
22 74 0.947
22 75 2.819
22 76 1.491
22 77 3.032
22 78 1.094
22 79 1.089
22 80 0.895
22 81 1.870
22 82 2.251
22 83 2.058
22 84 0.582
22 85 0.584
22 86 0.227
22 87 1.626
22 88 0.773
22 89 1.731
22 90 0.576
22 91 1.504
22 92 0.273
22 93 0.389
22 94 2.282
22 95 3.348
22 96 0.823
22 97 2.067
22 98 1.113
22 99 1.373
23 24 2.783
23 25 0.270
23 26 1.661
23 27 1.937
23 28 3.926
23 29 1.732
23 30 0.935
23 31 2.095
23 32 5.522
23 33 2.595
23 34 3.025
23 35 0.377
23 36 3.905
23 37 0.518
23 38 2.987
23 39 0.888
23 40 2.764
23 41 0.850
23 42 0.857
23 43 0.813
23 44 2.695
23 45 1.942
23 46 2.214
23 47 1.835
23 48 1.252
23 49 3.806
23 50 2.778
23 51 1.503
23 52 1.851
23 53 1.208
23 54 0.770
23 55 4.711
23 56 3.558
23 57 2.251
23 58 3.073
23 59 3.583
23 60 3.381
23 61 1.157
23 62 2.138
23 63 2.915
23 64 2.723
23 65 1.931
23 66 3.303
23 67 2.768
23 68 0.715
23 69 3.292
23 70 1.951
23 71 2.932
23 72 4.825
23 73 4.065
23 74 0.951
23 75 4.660
23 76 3.328
23 77 4.877
23 78 0.849
23 79 0.988
23 80 2.681
23 81 0.539
23 82 4.098
23 83 3.906
23 84 1.356
23 85 2.403
23 86 1.779
23 87 0.495
23 88 2.622
23 89 0.520
23 90 2.134
23 91 3.347
23 92 2.116
23 93 1.552
23 94 4.127
23 95 5.196
23 96 1.169
23 97 3.916
23 98 2.957
23 99 3.218
24 25 2.750
24 26 1.585
24 27 1.324
24 28 1.161
24 29 1.072
24 30 1.870
24 31 0.881
24 32 2.740
24 33 0.207
24 34 0.367
24 35 3.143
24 36 1.138
24 37 2.266
24 38 0.225
24 39 2.094
24 40 0.360
24 41 1.990
24 42 1.963
24 43 2.079
24 44 0.098
24 45 1.152
24 46 0.573
24 47 1.112
24 48 1.531
24 49 1.023
24 50 0.482
24 51 1.555
24 52 1.178
24 53 1.613
24 54 2.167
24 55 1.934
24 56 0.950
24 57 0.594
24 58 0.355
24 59 0.821
24 60 0.629
24 61 1.983
24 62 0.718
24 63 0.140
24 64 0.229
24 65 1.107
24 66 0.522
24 67 0.184
24 68 2.466
24 69 0.549
24 70 0.971
24 71 0.839
24 72 2.042
24 73 1.365
24 74 1.883
24 75 1.880
24 76 0.657
24 77 2.094
24 78 2.028
24 79 2.003
24 80 0.534
24 81 2.801
24 82 1.315
24 83 1.149
24 84 1.500
24 85 0.397
24 86 1.067
24 87 2.561
24 88 0.212
24 89 2.663
24 90 0.970
24 91 0.565
24 92 0.691
24 93 1.294
24 94 1.379
24 95 2.414
24 96 1.739
24 97 1.137
24 98 0.311
24 99 0.506
25 26 1.503
25 27 1.796
25 28 3.873
25 29 1.681
25 30 0.880
25 31 2.006
25 32 5.480
25 33 2.554
25 34 3.016
25 35 0.429
25 36 3.854
25 37 0.525
25 38 2.963
25 39 0.733
25 40 2.697
25 41 0.764
25 42 0.787
25 43 0.693
25 44 2.666
25 45 1.825
25 46 2.177
25 47 1.741
25 48 1.236
25 49 3.770
25 50 2.699
25 51 1.368
25 52 1.741
25 53 1.141
25 54 0.625
25 55 4.684
25 56 3.476
25 57 2.193
25 58 3.058
25 59 3.531
25 60 3.329
25 61 0.979
25 62 2.074
25 63 2.877
25 64 2.668
25 65 1.823
25 66 3.263
25 67 2.718
25 68 0.479
25 69 3.239
25 70 1.866
25 71 2.822
25 72 4.790
25 73 3.990
25 74 0.871
25 75 4.630
25 76 3.261
25 77 4.841
25 78 0.739
25 79 0.837
25 80 2.597
25 81 0.273
25 82 4.060
25 83 3.849
25 84 1.273
25 85 2.384
25 86 1.710
25 87 0.264
25 88 2.576
25 89 0.257
25 90 2.026
25 91 3.315
25 92 2.067
25 93 1.478
25 94 4.066
25 95 5.152
25 96 1.058
25 97 3.872
25 98 2.899
25 99 3.160
26 27 0.315
26 28 2.552
26 29 0.728
26 30 0.845
26 31 0.704
26 32 4.157
26 33 1.380
26 34 1.935
26 35 1.932
26 36 2.538
26 37 1.219
26 38 1.809
26 39 0.776
26 40 1.390
26 41 0.852
26 42 0.871
26 43 0.854
26 44 1.534
26 45 0.437
26 46 1.097
26 47 0.499
26 48 0.859
26 49 2.515
26 50 1.348
26 51 0.214
26 52 0.410
26 53 0.657
26 54 0.892
26 55 3.428
26 56 2.079
26 57 1.001
26 58 1.939
26 59 2.230
26 60 2.036
26 61 0.530
26 62 0.884
26 63 1.676
26 64 1.419
26 65 0.478
26 66 2.021
26 67 1.478
26 68 1.072
26 69 1.948
26 70 0.629
26 71 1.373
26 72 3.504
26 73 2.602
26 74 0.781
26 75 3.367
26 76 1.918
26 77 3.554
26 78 0.826
26 79 0.674
26 80 1.238
26 81 1.433
26 82 2.786
26 83 2.519
26 84 0.528
26 85 1.349
26 86 0.634
26 87 1.249
26 88 1.375
26 89 1.316
26 90 0.640
26 91 2.101
26 92 0.956
26 93 0.546
26 94 2.713
26 95 3.829
26 96 0.544
26 97 2.581
26 98 1.613
26 99 1.856
27 28 2.246
27 29 0.663
27 30 1.063
27 31 0.458
27 32 3.847
27 33 1.125
27 34 1.684
27 35 2.225
27 36 2.232
27 37 1.468
27 38 1.544
27 39 1.063
27 40 1.097
27 41 1.101
27 42 1.110
27 43 1.124
27 44 1.284
27 45 0.199
27 46 0.896
27 47 0.361
27 48 0.971
27 49 2.219
27 50 1.045
27 51 0.434
27 52 0.249
27 53 0.825
27 54 1.176
27 55 3.127
27 56 1.765
27 57 0.767
27 58 1.679
27 59 1.928
27 60 1.737
27 61 0.836
27 62 0.666
27 63 1.402
27 64 1.140
27 65 0.264
27 66 1.732
27 67 1.201
27 68 1.379
27 69 1.649
27 70 0.441
27 71 1.058
27 72 3.199
27 73 2.289
27 74 1.015
27 75 3.065
27 76 1.611
27 77 3.249
27 78 1.089
27 79 0.959
27 80 0.936
27 81 1.741
27 82 2.485
27 83 2.211
27 84 0.668
27 85 1.140
27 86 0.541
27 87 1.548
27 88 1.112
27 89 1.620
27 90 0.355
27 91 1.816
27 92 0.762
27 93 0.580
27 94 2.402
27 95 3.519
27 96 0.778
27 97 2.278
27 98 1.320
27 99 1.556
28 29 2.196
28 30 2.999
28 31 1.892
28 32 1.613
28 33 1.334
28 34 1.050
28 35 4.278
28 36 0.027
28 37 3.407
28 38 0.992
28 39 3.182
28 40 1.183
28 41 3.108
28 42 3.087
28 43 3.186
28 44 1.256
28 45 2.127
28 46 1.715
28 47 2.156
28 48 2.678
28 49 0.272
28 50 1.206
28 51 2.585
28 52 2.187
28 53 2.732
28 54 3.268
28 55 0.898
28 56 0.561
28 57 1.680
28 58 0.967
28 59 0.343
28 60 0.544
28 61 3.027
28 62 1.799
28 63 1.022
28 64 1.205
28 65 2.105
28 66 0.643
28 67 1.157
28 68 3.545
28 69 0.634
28 70 2.020
28 71 1.260
28 72 0.954
28 73 0.344
28 74 3.002
28 75 0.833
28 76 0.635
28 77 1.003
28 78 3.138
28 79 3.084
28 80 1.315
28 81 3.895
28 82 0.290
28 83 0.054
28 84 2.602
28 85 1.557
28 86 2.164
28 87 3.665
28 88 1.304
28 89 3.761
28 90 1.917
28 91 0.636
28 92 1.810
28 93 2.395
28 94 0.235
28 95 1.284
28 96 2.829
28 97 0.126
28 98 0.974
28 99 0.713
29 30 0.804
29 31 0.442
29 32 3.799
29 33 0.874
29 34 1.365
29 35 2.082
29 36 2.176
29 37 1.214
29 38 1.290
29 39 1.028
29 40 1.035
29 41 0.918
29 42 0.894
29 43 1.007
29 44 0.993
29 45 0.492
29 46 0.501
29 47 0.306
29 48 0.502
29 49 2.090
29 50 1.060
29 51 0.590
29 52 0.415
29 53 0.541
29 54 1.096
29 55 3.005
29 56 1.837
29 57 0.519
29 58 1.395
29 59 1.854
29 60 1.652
29 61 0.956
29 62 0.411
29 63 1.197
29 64 0.992
29 65 0.431
29 66 1.582
29 67 1.039
29 68 1.401
29 69 1.562
29 70 0.309
29 71 1.277
29 72 3.109
29 73 2.336
29 74 0.812
29 75 2.950
29 76 1.597
29 77 3.161
29 78 0.956
29 79 0.942
29 80 0.971
29 81 1.730
29 82 2.379
29 83 2.175
29 84 0.435
29 85 0.730
29 86 0.125
29 87 1.489
29 88 0.895
29 89 1.591
29 90 0.556
29 91 1.636
29 92 0.386
29 93 0.238
29 94 2.395
29 95 3.472
29 96 0.676
29 97 2.191
29 98 1.225
29 99 1.486
30 31 1.162
30 32 4.603
30 33 1.675
30 34 2.140
30 35 1.279
30 36 2.980
30 37 0.424
30 38 2.083
30 39 0.361
30 40 1.831
30 41 0.143
30 42 0.099
30 43 0.262
30 44 1.787
30 45 1.030
30 46 1.297
30 47 0.906
30 48 0.373
30 49 2.891
30 50 1.843
30 51 0.644
30 52 0.934
30 53 0.273
30 54 0.357
30 55 3.804
30 56 2.623
30 57 1.320
30 58 2.179
30 59 2.657
30 60 2.455
30 61 0.527
30 62 1.205
30 63 1.998
30 64 1.795
30 65 1.010
30 66 2.384
30 67 1.842
30 68 0.683
30 69 2.365
30 70 1.017
30 71 2.005
30 72 3.911
30 73 3.130
30 74 0.086
30 75 3.750
30 76 2.395
30 77 3.962
30 78 0.215
30 79 0.351
30 80 1.746
30 81 0.960
30 82 3.181
30 83 2.977
30 84 0.426
30 85 1.505
30 86 0.844
30 87 0.711
30 88 1.699
30 89 0.821
30 90 1.210
30 91 2.435
30 92 1.190
30 93 0.617
30 94 3.197
30 95 4.275
30 96 0.301
30 97 2.995
30 98 2.027
30 99 2.289
31 32 3.505
31 33 0.677
31 34 1.234
31 35 2.424
31 36 1.876
31 37 1.585
31 38 1.105
31 39 1.295
31 40 0.710
31 41 1.249
31 42 1.238
31 43 1.313
31 44 0.833
31 45 0.272
31 46 0.448
31 47 0.266
31 48 0.922
31 49 1.830
31 50 0.696
31 51 0.696
31 52 0.302
31 53 0.889
31 54 1.388
31 55 2.748
31 56 1.470
31 57 0.309
31 58 1.235
31 59 1.559
31 60 1.360
31 61 1.136
31 62 0.215
31 63 0.973
31 64 0.720
31 65 0.226
31 66 1.328
31 67 0.779
31 68 1.654
31 69 1.269
31 70 0.147
31 71 0.851
31 72 2.835
31 73 1.986
31 74 1.146
31 75 2.689
31 76 1.265
31 77 2.885
31 78 1.267
31 79 1.195
31 80 0.592
31 81 2.007
31 82 2.108
31 83 1.864
31 84 0.739
31 85 0.684
31 86 0.341
31 87 1.784
31 88 0.671
31 89 1.874
31 90 0.149
31 91 1.403
31 92 0.325
31 93 0.547
31 94 2.072
31 95 3.176
31 96 0.948
31 97 1.908
31 98 0.928
31 99 1.182
32 33 2.928
32 34 2.536
32 35 5.880
32 36 1.630
32 37 5.005
32 38 2.541
32 39 4.794
32 40 2.796
32 41 4.716
32 42 4.693
32 43 4.796
32 44 2.830
32 45 3.736
32 46 3.309
32 47 3.769
32 48 4.271
32 49 1.717
32 50 2.816
32 51 4.197
32 52 3.799
32 53 4.338
32 54 4.879
32 55 0.854
32 56 2.092
32 57 3.288
32 58 2.473
32 59 1.950
32 60 2.152
32 61 4.638
32 62 3.408
32 63 2.607
32 64 2.812
32 65 3.716
32 66 2.220
32 67 2.762
32 68 5.158
32 69 2.242
32 70 3.633
32 71 2.820
32 72 0.709
32 73 1.578
32 74 4.609
32 75 0.889
32 76 2.243
32 77 0.658
32 78 4.747
32 79 4.696
32 80 2.924
32 81 5.507
32 82 1.425
32 83 1.642
32 84 4.212
32 85 3.126
32 86 3.773
32 87 5.276
32 88 2.904
32 89 5.372
32 90 3.525
32 91 2.178
32 92 3.413
32 93 4.005
32 94 1.445
32 95 0.329
32 96 4.441
32 97 1.608
32 98 2.584
32 99 2.325
33 34 0.559
33 35 2.951
33 36 1.313
33 37 2.077
33 38 0.432
33 39 1.890
33 40 0.312
33 41 1.792
33 42 1.767
33 43 1.879
33 44 0.161
33 45 0.949
33 46 0.381
33 47 0.905
33 48 1.344
33 49 1.216
33 50 0.422
33 51 1.348
33 52 0.972
33 53 1.414
33 54 1.966
33 55 2.131
33 56 1.057
33 57 0.387
33 58 0.558
33 59 0.992
33 60 0.792
33 61 1.776
33 62 0.511
33 63 0.323
33 64 0.181
33 65 0.903
33 66 0.709
33 67 0.196
33 68 2.262
33 69 0.705
33 70 0.764
33 71 0.786
33 72 2.236
33 73 1.511
33 74 1.685
33 75 2.077
33 76 0.778
33 77 2.287
33 78 1.828
33 79 1.799
33 80 0.430
33 81 2.599
33 82 1.506
33 83 1.318
33 84 1.298
33 85 0.271
33 86 0.863
33 87 2.361
33 88 0.057
33 89 2.461
33 90 0.773
33 91 0.763
33 92 0.489
33 93 1.091
33 94 1.545
33 95 2.602
33 96 1.535
33 97 1.321
33 98 0.396
33 99 0.642
34 35 3.393
34 36 1.024
34 37 2.514
34 38 0.192
34 39 2.393
34 40 0.700
34 41 2.267
34 42 2.236
34 43 2.365
34 44 0.401
34 45 1.506
34 46 0.871
34 47 1.450
34 48 1.782
34 49 0.843
34 50 0.816
34 51 1.888
34 52 1.525
34 53 1.896
34 54 2.456
34 55 1.699
34 56 1.033
34 57 0.934
34 58 0.091
34 59 0.755
34 60 0.619
34 61 2.305
34 62 1.054
34 63 0.349
34 64 0.587
34 65 1.458
34 66 0.452
34 67 0.532
34 68 2.766
34 69 0.579
34 70 1.311
34 71 1.145
34 72 1.828
34 73 1.327
34 74 2.163
34 75 1.653
34 76 0.748
34 77 1.880
34 78 2.313
34 79 2.307
34 80 0.886
34 81 3.089
34 82 1.128
34 83 1.056
34 84 1.800
34 85 0.637
34 86 1.382
34 87 2.844
34 88 0.576
34 89 2.950
34 90 1.332
34 91 0.418
34 92 1.005
34 93 1.598
34 94 1.284
34 95 2.219
34 96 2.041
34 97 0.989
34 98 0.558
34 99 0.598
35 36 4.258
35 37 0.879
35 38 3.350
35 39 1.162
35 40 3.108
35 41 1.176
35 42 1.192
35 43 1.116
35 44 3.056
35 45 2.251
35 46 2.571
35 47 2.161
35 48 1.614
35 49 4.166
35 50 3.115
35 51 1.796
35 52 2.165
35 53 1.548
35 54 1.052
35 55 5.074
35 56 3.894
35 57 2.599
35 58 3.439
35 59 3.935
35 60 3.733
35 61 1.406
35 62 2.482
35 63 3.273
35 64 3.073
35 65 2.247
35 66 3.660
35 67 3.121
35 68 0.889
35 69 3.644
35 70 2.283
35 71 3.248
35 72 5.185
35 73 4.405
35 74 1.281
35 75 5.022
35 76 3.672
35 77 5.237
35 78 1.159
35 79 1.266
35 80 3.015
35 81 0.574
35 82 4.457
35 83 4.256
35 84 1.687
35 85 2.767
35 86 2.120
35 87 0.686
35 88 2.976
35 89 0.643
35 90 2.451
35 91 3.707
35 92 2.468
35 93 1.889
35 94 4.475
35 95 5.553
35 96 1.481
35 97 4.272
35 98 3.306
35 99 3.567
36 37 3.387
36 38 0.968
36 39 3.164
36 40 1.166
36 41 3.089
36 42 3.068
36 43 3.168
36 44 1.233
36 45 2.112
36 46 1.694
36 47 2.139
36 48 2.657
36 49 0.247
36 50 1.191
36 51 2.569
36 52 2.171
36 53 2.713
36 54 3.250
36 55 0.906
36 56 0.560
36 57 1.661
36 58 0.941
36 59 0.323
36 60 0.525
36 61 3.011
36 62 1.780
36 63 1.000
36 64 1.185
36 65 2.089
36 66 0.619
36 67 1.137
36 68 3.528
36 69 0.615
36 70 2.003
36 71 1.252
36 72 0.967
36 73 0.368
36 74 2.983
36 75 0.841
36 76 0.621
36 77 1.016
36 78 3.119
36 79 3.067
36 80 1.301
36 81 3.878
36 82 0.288
36 83 0.067
36 84 2.584
36 85 1.535
36 86 2.145
36 87 3.647
36 88 1.284
36 89 3.743
36 90 1.902
36 91 0.611
36 92 1.790
36 93 2.377
36 94 0.261
36 95 1.301
36 96 2.812
36 97 0.108
36 98 0.955
36 99 0.695
37 38 2.472
37 39 0.503
37 40 2.247
37 41 0.368
37 42 0.359
37 43 0.383
37 44 2.178
37 45 1.449
37 46 1.696
37 47 1.330
37 48 0.736
37 49 3.289
37 50 2.263
37 51 1.037
37 52 1.355
37 53 0.696
37 54 0.396
37 55 4.196
37 56 3.043
37 57 1.733
37 58 2.560
37 59 3.065
37 60 2.863
37 61 0.776
37 62 1.620
37 63 2.397
37 64 2.204
37 65 1.432
37 66 2.785
37 67 2.250
37 68 0.578
37 69 2.774
37 70 1.440
37 71 2.429
37 72 4.308
37 73 3.548
37 74 0.455
37 75 4.144
37 76 2.810
37 77 4.360
37 78 0.398
37 79 0.578
37 80 2.167
37 81 0.698
37 82 3.581
37 83 3.387
37 84 0.850
37 85 1.888
37 86 1.264
37 87 0.467
37 88 2.104
37 89 0.577
37 90 1.633
37 91 2.830
37 92 1.597
37 93 1.040
37 94 3.609
37 95 4.678
37 96 0.689
37 97 3.398
37 98 2.439
37 99 2.700
38 39 2.314
38 40 0.517
38 41 2.205
38 42 2.177
38 43 2.296
38 44 0.297
38 45 1.375
38 46 0.789
38 47 1.338
38 48 1.737
38 49 0.825
38 50 0.630
38 51 1.780
38 52 1.403
38 53 1.829
38 54 2.385
38 55 1.724
38 56 0.885
38 57 0.819
38 58 0.141
38 59 0.667
38 60 0.497
38 61 2.207
38 62 0.943
38 63 0.162
38 64 0.417
38 65 1.332
38 66 0.353
38 67 0.359
38 68 2.687
38 69 0.438
38 70 1.196
38 71 0.953
38 72 1.839
38 73 1.234
38 74 2.099
38 75 1.673
38 76 0.591
38 77 1.891
38 78 2.245
38 79 2.224
38 80 0.706
38 81 3.019
38 82 1.117
38 83 0.988
38 84 1.720
38 85 0.586
38 86 1.290
38 87 2.778
38 88 0.435
38 89 2.881
38 90 1.190
38 91 0.365
38 92 0.912
38 93 1.515
38 94 1.220
38 95 2.218
38 96 1.959
38 97 0.953
38 98 0.366
38 99 0.435
39 40 1.999
39 41 0.234
39 42 0.286
39 43 0.132
39 44 2.018
39 45 1.097
39 46 1.526
39 47 1.029
39 48 0.702
39 49 3.099
39 50 1.991
39 51 0.636
39 52 1.017
39 53 0.509
39 54 0.119
39 55 4.018
39 56 2.761
39 57 1.512
39 58 2.422
39 59 2.844
39 60 2.643
39 61 0.278
39 62 1.390
39 63 2.212
39 64 1.986
39 65 1.100
39 66 2.591
39 67 2.039
39 68 0.373
39 69 2.552
39 70 1.162
39 71 2.094
39 72 4.115
39 73 3.280
39 74 0.286
39 75 3.962
39 76 2.559
39 77 4.166
39 78 0.155
39 79 0.104
39 80 1.886
39 81 0.713
39 82 3.385
39 83 3.155
39 84 0.594
39 85 1.756
39 86 1.028
39 87 0.492
39 88 1.905
39 89 0.580
39 90 1.302
39 91 2.652
39 92 1.402
39 93 0.800
39 94 3.366
39 95 4.465
39 96 0.355
39 97 3.190
39 98 2.210
39 99 2.469
40 41 1.934
40 42 1.916
40 43 2.007
40 44 0.403
40 45 0.956
40 46 0.606
40 47 0.973
40 48 1.533
40 49 1.126
40 50 0.122
40 51 1.405
40 52 1.008
40 53 1.560
40 54 2.087
40 55 2.041
40 56 0.806
40 57 0.517
40 58 0.658
40 59 0.848
40 60 0.650
40 61 1.846
40 62 0.627
40 63 0.356
40 64 0.142
40 65 0.928
40 66 0.636
40 67 0.177
40 68 2.363
40 69 0.560
40 70 0.837
40 71 0.486
40 72 2.125
40 73 1.301
40 74 1.828
40 75 1.981
40 76 0.564
40 77 2.175
40 78 1.959
40 79 1.901
40 80 0.189
40 81 2.713
40 82 1.400
40 83 1.156
40 84 1.424
40 85 0.577
40 86 0.989
40 87 2.485
40 88 0.255
40 89 2.579
40 90 0.750
40 91 0.723
40 92 0.662
40 93 1.219
40 94 1.369
40 95 2.467
40 96 1.648
40 97 1.198
40 98 0.224
40 99 0.472
41 42 0.053
41 43 0.121
41 44 1.908
41 45 1.092
41 46 1.417
41 47 0.987
41 48 0.513
41 49 3.008
41 50 1.939
41 51 0.669
41 52 1.001
41 53 0.378
41 54 0.215
41 55 3.923
41 56 2.718
41 57 1.428
41 58 2.304
41 59 2.767
41 60 2.565
41 61 0.452
41 62 1.310
41 63 2.115
41 64 1.904
41 65 1.081
41 66 2.500
41 67 1.954
41 68 0.540
41 69 2.475
41 70 1.107
41 71 2.082
41 72 4.027
41 73 3.230
41 74 0.107
41 75 3.868
41 76 2.498
41 77 4.078
41 78 0.079
41 79 0.255
41 80 1.839
41 81 0.825
41 82 3.297
41 83 3.085
41 84 0.511
41 85 1.632
41 86 0.946
41 87 0.577
41 88 1.813
41 89 0.685
41 90 1.284
41 91 2.553
41 92 1.304
41 93 0.715
41 94 3.302
41 95 4.387
41 96 0.323
41 97 3.108
41 98 2.135
41 99 2.396
42 43 0.172
42 44 1.880
42 45 1.091
42 46 1.390
42 47 0.979
42 48 0.471
42 49 2.983
42 50 1.924
42 51 0.681
42 52 0.998
42 53 0.356
42 54 0.264
42 55 3.897
42 56 2.704
42 57 1.407
42 58 2.274
42 59 2.746
42 60 2.544
42 61 0.494
42 62 1.290
42 63 2.090
42 64 1.883
42 65 1.076
42 66 2.476
42 67 1.932
42 68 0.588
42 69 2.454
42 70 1.095
42 71 2.076
42 72 4.002
42 73 3.214
42 74 0.096
42 75 3.843
42 76 2.480
42 77 4.054
42 78 0.132
42 79 0.302
42 80 1.825
42 81 0.862
42 82 3.273
42 83 3.065
42 84 0.499
42 85 1.601
42 86 0.927
42 87 0.612
42 88 1.789
42 89 0.723
42 90 1.278
42 91 2.527
42 92 1.280
42 93 0.698
42 94 3.283
42 95 4.365
42 96 0.332
42 97 3.085
42 98 2.115
42 99 2.376
43 44 2.000
43 45 1.136
43 46 1.507
43 47 1.047
43 48 0.628
43 49 3.093
43 50 2.007
43 51 0.690
43 52 1.050
43 53 0.469
43 54 0.097
43 55 4.010
43 56 2.783
43 57 1.509
43 58 2.399
43 59 2.846
43 60 2.645
43 61 0.393
43 62 1.388
43 63 2.202
43 64 1.985
43 65 1.131
43 66 2.585
43 67 2.036
43 68 0.423
43 69 2.554
43 70 1.174
43 71 2.132
43 72 4.111
43 73 3.298
43 74 0.208
43 75 3.955
43 76 2.570
43 77 4.163
43 78 0.052
43 79 0.195
43 80 1.904
43 81 0.724
43 82 3.381
43 83 3.162
43 84 0.584
43 85 1.728
43 86 1.023
43 87 0.482
43 88 1.897
43 89 0.585
43 90 1.335
43 91 2.641
43 92 1.390
43 93 0.792
43 94 3.376
43 95 4.468
43 96 0.366
43 97 3.189
43 98 2.213
43 99 2.473
44 45 1.105
44 46 0.492
44 47 1.052
44 48 1.443
44 49 1.112
44 50 0.524
44 51 1.493
44 52 1.125
44 53 1.532
44 54 2.089
44 55 2.018
44 56 1.045
44 57 0.535
44 58 0.409
44 59 0.918
44 60 0.726
44 61 1.916
44 62 0.656
44 63 0.238
44 64 0.261
44 65 1.057
44 66 0.616
44 67 0.235
44 68 2.391
44 69 0.647
44 70 0.912
44 71 0.888
44 72 2.130
44 73 1.463
44 74 1.802
44 75 1.966
44 76 0.753
44 77 2.182
44 78 1.949
44 79 1.929
44 80 0.558
44 81 2.722
44 82 1.405
44 83 1.245
44 84 1.424
44 85 0.301
44 86 0.996
44 87 2.481
44 88 0.192
44 89 2.584
44 90 0.933
44 91 0.652
44 92 0.617
44 93 1.219
44 94 1.476
44 95 2.505
44 96 1.664
44 97 1.230
44 98 0.397
44 99 0.603
45 46 0.700
45 47 0.187
45 48 0.871
45 49 2.081
45 50 0.921
45 51 0.467
45 52 0.099
45 53 0.769
45 54 1.201
45 55 2.996
45 56 1.673
45 57 0.578
45 58 1.506
45 59 1.800
45 60 1.604
45 61 0.906
45 62 0.471
45 63 1.239
45 64 0.982
45 65 0.066
45 66 1.585
45 67 1.041
45 68 1.440
45 69 1.515
45 70 0.243
45 71 0.997
45 72 3.076
45 73 2.196
45 74 0.996
45 75 2.935
45 76 1.494
45 77 3.126
45 78 1.095
45 79 0.994
45 80 0.812
45 81 1.799
45 82 2.354
45 83 2.095
45 84 0.608
45 85 0.945
45 86 0.367
45 87 1.589
45 88 0.940
45 89 1.672
45 90 0.211
45 91 1.664
45 92 0.564
45 93 0.466
45 94 2.296
45 95 3.408
45 96 0.773
45 97 2.151
45 98 1.178
45 99 1.424
46 47 0.599
46 48 0.963
46 49 1.595
46 50 0.670
46 51 1.025
46 52 0.690
46 53 1.040
46 54 1.596
46 55 2.507
46 56 1.406
46 57 0.178
46 58 0.896
46 59 1.372
46 60 1.171
46 61 1.434
46 62 0.233
46 63 0.702
46 64 0.525
46 65 0.639
46 66 1.089
46 67 0.563
46 68 1.899
46 69 1.084
46 70 0.470
46 71 0.980
46 72 2.614
46 73 1.881
46 74 1.310
46 75 2.453
46 76 1.142
46 77 2.666
46 78 1.456
46 79 1.439
46 80 0.615
46 81 2.230
46 82 1.885
46 83 1.697
46 84 0.932
46 85 0.252
46 86 0.511
46 87 1.989
46 88 0.412
46 89 2.092
46 90 0.588
46 91 1.138
46 92 0.141
46 93 0.728
46 94 1.923
46 95 2.982
46 96 1.173
46 97 1.702
46 98 0.760
46 99 1.016
47 48 0.704
47 49 2.087
47 50 0.962
47 51 0.443
47 52 0.113
47 53 0.636
47 54 1.122
47 55 3.006
47 56 1.736
47 57 0.518
47 58 1.461
47 59 1.821
47 60 1.621
47 61 0.878
47 62 0.396
47 63 1.216
47 64 0.972
47 65 0.131
47 66 1.582
47 67 1.029
47 68 1.389
47 69 1.530
47 70 0.141
47 71 1.099
47 72 3.095
47 73 2.252
47 74 0.885
47 75 2.947
47 76 1.531
47 77 3.146
47 78 1.002
47 79 0.929
47 80 0.858
47 81 1.741
47 82 2.368
47 83 2.128
47 84 0.480
47 85 0.851
47 86 0.182
47 87 1.518
47 88 0.908
47 89 1.608
47 90 0.308
47 91 1.652
47 92 0.458
47 93 0.305
47 94 2.337
47 95 3.440
47 96 0.683
47 97 2.169
47 98 1.188
47 99 1.444
48 49 2.554
48 50 1.561
48 51 0.647
48 52 0.773
48 53 0.240
48 54 0.724
48 55 3.460
48 56 2.336
48 57 1.015
48 58 1.826
48 59 2.335
48 60 2.134
48 61 0.770
48 62 0.911
48 63 1.664
48 64 1.479
48 65 0.830
48 66 2.051
48 67 1.522
48 68 1.051
48 69 2.045
48 70 0.777
48 71 1.770
48 72 3.573
48 73 2.831
48 74 0.422
48 75 3.409
48 76 2.091
48 77 3.625
48 78 0.577
48 79 0.655
48 80 1.472
48 81 1.333
48 82 2.846
48 83 2.659
48 84 0.331
48 85 1.153
48 86 0.582
48 87 1.082
48 88 1.373
48 89 1.194
48 90 1.008
48 91 2.095
48 92 0.873
48 93 0.405
48 94 2.883
48 95 3.945
48 96 0.445
48 97 2.665
48 98 1.714
48 99 1.974
49 50 1.175
49 51 2.526
49 52 2.131
49 53 2.630
49 54 3.179
49 55 0.919
49 56 0.695
49 57 1.587
49 58 0.769
49 59 0.316
49 60 0.484
49 61 2.964
49 62 1.710
49 63 0.893
49 64 1.115
49 65 2.051
49 66 0.508
49 67 1.061
49 68 3.468
49 69 0.570
49 70 1.947
49 71 1.307
49 72 1.020
49 73 0.615
49 74 2.901
49 75 0.862
49 76 0.646
49 77 1.071
49 78 3.043
49 79 3.005
49 80 1.284
49 81 3.811
49 82 0.292
49 83 0.310
49 84 2.510
49 85 1.409
49 86 2.072
49 87 3.575
49 88 1.196
49 89 3.674
49 90 1.875
49 91 0.461
49 92 1.704
49 93 2.303
49 94 0.489
49 95 1.393
49 96 2.744
49 97 0.163
49 98 0.903
49 99 0.664
50 51 1.382
50 52 0.984
50 53 1.570
50 54 2.083
50 55 2.081
50 56 0.780
50 57 0.554
50 58 0.769
50 59 0.882
50 60 0.692
50 61 1.823
50 62 0.650
50 63 0.468
50 64 0.262
50 65 0.901
50 66 0.706
50 67 0.299
50 68 2.348
50 69 0.606
50 70 0.833
50 71 0.366
50 72 2.157
50 73 1.291
50 74 1.834
50 75 2.020
50 76 0.573
50 77 2.206
50 78 1.960
50 79 1.890
50 80 0.110
50 81 2.702
50 82 1.439
50 83 1.174
50 84 1.428
50 85 0.677
50 86 1.000
50 87 2.480
50 88 0.366
50 89 2.570
50 90 0.711
50 91 0.800
50 92 0.705
50 93 1.227
50 94 1.378
50 95 2.487
50 96 1.644
50 97 1.233
50 98 0.299
50 99 0.512
51 52 0.398
51 53 0.444
51 54 0.745
51 55 3.444
51 56 2.141
51 57 0.961
51 58 1.902
51 59 2.254
51 60 2.055
51 61 0.441
51 62 0.838
51 63 1.659
51 64 1.413
51 65 0.481
51 66 2.023
51 67 1.470
51 68 0.973
51 69 1.965
51 70 0.585
51 71 1.460
51 72 3.530
51 73 2.662
51 74 0.588
51 75 3.385
51 76 1.955
51 77 3.580
51 78 0.655
51 79 0.532
51 80 1.274
51 81 1.332
51 82 2.804
51 83 2.555
51 84 0.317
51 85 1.275
51 86 0.523
51 87 1.126
51 88 1.351
51 89 1.205
51 90 0.677
51 91 2.094
51 92 0.886
51 93 0.374
51 94 2.759
51 95 3.868
51 96 0.349
51 97 2.604
51 98 1.624
51 99 1.877
52 53 0.672
52 54 1.117
52 55 3.048
52 56 1.746
52 57 0.591
52 58 1.531
52 59 1.856
52 60 1.658
52 61 0.840
52 62 0.474
52 63 1.274
52 64 1.022
52 65 0.083
52 66 1.630
52 67 1.081
52 68 1.367
52 69 1.568
52 70 0.221
52 71 1.083
52 72 3.133
52 73 2.267
52 74 0.903
52 75 2.989
52 76 1.556
52 77 3.183
52 78 1.007
52 79 0.914
52 80 0.876
52 81 1.724
52 82 2.408
52 83 2.157
52 84 0.511
52 85 0.941
52 86 0.293
52 87 1.509
52 88 0.970
52 89 1.594
52 90 0.286
52 91 1.705
52 92 0.551
52 93 0.368
52 94 2.361
52 95 3.470
52 96 0.685
52 97 2.206
52 98 1.228
52 99 1.480
53 54 0.561
53 55 3.545
53 56 2.350
53 57 1.052
53 58 1.930
53 59 2.390
53 60 2.188
53 61 0.534
53 62 0.934
53 63 1.737
53 64 1.527
53 65 0.744
53 66 2.122
53 67 1.577
53 68 0.878
53 69 2.098
53 70 0.744
53 71 1.734
53 72 3.649
53 73 2.859
53 74 0.271
53 75 3.491
53 76 2.124
53 77 3.701
53 78 0.418
53 79 0.443
53 80 1.472
53 81 1.193
53 82 2.919
53 83 2.709
53 84 0.161
53 85 1.259
53 86 0.572
53 87 0.950
53 88 1.435
53 89 1.054
53 90 0.941
53 91 2.176
53 92 0.926
53 93 0.344
53 94 2.927
53 95 4.010
53 96 0.207
53 97 2.730
53 98 1.759
53 99 2.020
54 55 4.096
54 56 2.857
54 57 1.593
54 58 2.490
54 59 2.929
54 60 2.727
54 61 0.396
54 62 1.471
54 63 2.288
54 64 2.068
54 65 1.199
54 66 2.670
54 67 2.120
54 68 0.327
54 69 2.637
54 70 1.251
54 71 2.198
54 72 4.196
54 73 3.374
54 74 0.304
54 75 4.041
54 76 2.649
54 77 4.247
54 78 0.148
54 79 0.218
54 80 1.980
54 81 0.634
54 82 3.466
54 83 3.243
54 84 0.668
54 85 1.820
54 86 1.107
54 87 0.397
54 88 1.983
54 89 0.496
54 90 1.403
54 91 2.728
54 92 1.477
54 93 0.876
54 94 3.456
54 95 4.550
54 96 0.440
54 97 3.273
54 98 2.295
54 99 2.555
55 56 1.449
55 57 2.505
55 58 1.642
55 59 1.199
55 60 1.391
55 61 3.883
55 62 2.629
55 63 1.808
55 64 2.035
55 65 2.968
55 66 1.427
55 67 1.980
55 68 4.387
55 69 1.481
55 70 2.866
55 71 2.158
55 72 0.175
55 73 1.019
55 74 3.816
55 75 0.068
55 76 1.522
55 77 0.214
55 78 3.960
55 79 3.924
55 80 2.191
55 81 4.729
55 82 0.642
55 83 0.943
55 84 3.428
55 85 2.308
55 86 2.990
55 87 4.492
55 88 2.114
55 89 4.592
55 90 2.788
55 91 1.369
55 92 2.620
55 93 3.220
55 94 0.822
55 95 0.570
55 96 3.663
55 97 0.849
55 98 1.820
55 99 1.572
56 57 1.322
56 58 0.942
56 59 0.415
56 60 0.427
56 61 2.579
56 62 1.426
56 63 0.821
56 64 0.886
56 65 1.663
56 66 0.596
56 67 0.860
56 68 3.113
56 69 0.454
56 70 1.611
56 71 0.728
56 72 1.485
56 73 0.523
56 74 2.613
56 75 1.383
56 76 0.297
56 77 1.530
56 78 2.737
56 79 2.660
56 80 0.879
56 81 3.470
56 82 0.849
56 83 0.512
56 84 2.207
56 85 1.321
56 86 1.780
56 87 3.252
56 88 1.010
56 89 3.340
56 90 1.463
56 91 0.676
56 92 1.468
56 93 2.006
56 94 0.653
56 95 1.767
56 96 2.419
56 97 0.650
56 98 0.661
56 99 0.454
57 58 0.943
57 59 1.339
57 60 1.137
57 61 1.390
57 62 0.124
57 63 0.703
57 64 0.476
57 65 0.526
57 66 1.079
57 67 0.527
57 68 1.882
57 69 1.046
57 70 0.378
57 71 0.829
57 72 2.603
57 73 1.817
57 74 1.322
57 75 2.449
57 76 1.078
57 77 2.654
57 78 1.459
57 79 1.419
57 80 0.479
57 81 2.224
57 82 1.873
57 83 1.657
57 84 0.925
57 85 0.381
57 86 0.486
57 87 1.990
57 88 0.394
57 89 2.088
57 90 0.434
57 91 1.142
57 92 0.151
57 93 0.717
57 94 1.877
57 95 2.960
57 96 1.158
57 97 1.681
57 98 0.707
57 99 0.969
58 59 0.665
58 60 0.527
58 61 2.325
58 62 1.065
58 63 0.303
58 64 0.558
58 65 1.461
58 66 0.361
58 67 0.500
58 68 2.795
58 69 0.489
58 70 1.320
58 71 1.084
58 72 1.766
58 73 1.238
58 74 2.199
58 75 1.594
58 76 0.659
58 77 1.818
58 78 2.348
58 79 2.335
58 80 0.847
58 81 3.123
58 82 1.057
58 83 0.971
58 84 1.828
58 85 0.674
58 86 1.403
58 87 2.880
58 88 0.567
58 89 2.984
58 90 1.325
58 91 0.332
58 92 1.025
58 93 1.624
58 94 1.200
58 95 2.154
58 96 2.069
58 97 0.911
58 98 0.495
58 99 0.511
59 60 0.202
59 61 2.695
59 62 1.458
59 63 0.682
59 64 0.863
59 65 1.775
59 66 0.314
59 67 0.815
59 68 3.209
59 69 0.292
59 70 1.684
59 71 0.992
59 72 1.277
59 73 0.573
59 74 2.661
59 75 1.137
59 76 0.332
59 77 1.327
59 78 2.797
59 79 2.747
59 80 0.992
59 81 3.557
59 82 0.557
59 83 0.328
59 84 2.262
59 85 1.219
59 86 1.823
59 87 3.326
59 88 0.961
59 89 3.422
59 90 1.591
59 91 0.339
59 92 1.468
59 93 2.055
59 94 0.558
59 95 1.622
59 96 2.491
59 97 0.351
59 98 0.634
59 99 0.377
60 61 2.496
60 62 1.256
60 63 0.489
60 64 0.661
60 65 1.578
60 66 0.170
60 67 0.613
60 68 3.009
60 69 0.091
60 70 1.483
60 71 0.844
60 72 1.475
60 73 0.741
60 74 2.459
60 75 1.331
60 76 0.201
60 77 1.526
60 78 2.595
60 79 2.546
60 80 0.802
60 81 3.356
60 82 0.750
60 83 0.526
60 84 2.060
60 85 1.025
60 86 1.621
60 87 3.124
60 88 0.760
60 89 3.221
60 90 1.396
60 91 0.252
60 92 1.266
60 93 1.853
60 94 0.753
60 95 1.823
60 96 2.289
60 97 0.548
60 98 0.433
60 99 0.181
61 62 1.265
61 63 2.091
61 64 1.850
61 65 0.922
61 66 2.460
61 67 1.907
61 68 0.543
61 69 2.405
61 70 1.018
61 71 1.889
61 72 3.971
61 73 3.101
61 74 0.442
61 75 3.824
61 76 2.396
61 77 4.021
61 78 0.390
61 79 0.200
61 80 1.715
61 81 0.905
61 82 3.244
61 83 2.997
61 84 0.541
61 85 1.678
61 86 0.923
61 87 0.721
61 88 1.783
61 89 0.786
61 90 1.117
61 91 2.529
61 92 1.300
61 93 0.718
61 94 3.200
61 95 4.309
61 96 0.328
61 97 3.044
61 98 2.064
61 99 2.318
62 63 0.827
62 64 0.597
62 65 0.414
62 66 1.202
62 67 0.649
62 68 1.759
62 69 1.166
62 70 0.257
62 71 0.890
62 72 2.725
62 73 1.927
62 74 1.204
62 75 2.572
62 76 1.190
62 77 2.776
62 78 1.339
62 79 1.295
62 80 0.564
62 81 2.102
62 82 1.995
62 83 1.775
62 84 0.804
62 85 0.474
62 86 0.365
62 87 1.868
62 88 0.518
62 89 1.966
62 90 0.358
62 91 1.266
62 92 0.118
62 93 0.597
62 94 1.993
62 95 3.080
62 96 1.035
62 97 1.802
62 98 0.825
62 99 1.086
63 64 0.264
63 65 1.199
63 66 0.388
63 67 0.204
63 68 2.583
63 69 0.409
63 70 1.074
63 71 0.798
63 72 1.913
63 73 1.226
63 74 2.009
63 75 1.753
63 76 0.525
63 77 1.964
63 78 2.151
63 79 2.120
63 80 0.544
63 81 2.922
63 82 1.184
63 83 1.010
63 84 1.621
63 85 0.537
63 86 1.184
63 87 2.684
63 88 0.309
63 89 2.784
63 90 1.047
63 91 0.440
63 92 0.812
63 93 1.413
63 94 1.240
63 95 2.281
63 96 1.857
63 97 1.002
63 98 0.220
63 99 0.371
64 65 0.945
64 66 0.610
64 67 0.061
64 68 2.354
64 69 0.571
64 70 0.832
64 71 0.627
64 72 2.129
64 73 1.357
64 74 1.798
64 75 1.977
64 76 0.617
64 77 2.180
64 78 1.935
64 79 1.890
64 80 0.305
64 81 2.698
64 82 1.399
64 83 1.183
64 84 1.400
64 85 0.452
64 86 0.961
64 87 2.465
64 88 0.128
64 89 2.562
64 90 0.786
64 91 0.683
64 92 0.607
64 93 1.193
64 94 1.405
64 95 2.484
64 96 1.631
64 97 1.205
64 98 0.236
64 99 0.496
65 66 1.552
65 67 1.004
65 68 1.450
65 69 1.488
65 70 0.177
65 71 1.002
65 72 3.052
65 73 2.184
65 74 0.981
65 75 2.908
65 76 1.474
65 77 3.102
65 78 1.088
65 79 0.997
65 80 0.793
65 81 1.807
65 82 2.327
65 83 2.075
65 84 0.585
65 85 0.887
65 86 0.306
65 87 1.591
65 88 0.897
65 89 1.677
65 90 0.204
65 91 1.628
65 92 0.503
65 93 0.427
65 94 2.278
65 95 3.388
65 96 0.766
65 97 2.125
65 98 1.148
65 99 1.399
66 67 0.554
66 68 2.961
66 69 0.165
66 70 1.441
66 71 0.923
66 72 1.527
66 73 0.884
66 74 2.393
66 75 1.370
66 76 0.342
66 77 1.578
66 78 2.535
66 79 2.497
66 80 0.810
66 81 3.303
66 82 0.797
66 83 0.636
66 84 2.002
66 85 0.917
66 86 1.564
66 87 3.066
66 88 0.688
66 89 3.166
66 90 1.383
66 91 0.106
66 92 1.196
66 93 1.794
66 94 0.868
66 95 1.894
66 96 2.236
66 97 0.615
66 98 0.413
66 99 0.239
67 68 2.408
67 69 0.524
67 70 0.888
67 71 0.658
67 72 2.076
67 73 1.320
67 74 1.847
67 75 1.923
67 76 0.583
67 77 2.127
67 78 1.986
67 79 1.944
67 80 0.355
67 81 2.751
67 82 1.346
67 83 1.137
67 84 1.452
67 85 0.464
67 86 1.013
67 87 2.517
67 88 0.152
67 89 2.615
67 90 0.846
67 91 0.624
67 92 0.653
67 93 1.244
67 94 1.361
67 95 2.434
67 96 1.684
67 97 1.154
67 98 0.200
67 99 0.453
68 69 2.918
68 70 1.526
68 71 2.430
68 72 4.482
68 73 3.634
68 74 0.629
68 75 4.331
68 76 2.919
68 77 4.533
68 78 0.474
68 79 0.464
68 80 2.242
68 81 0.361
68 82 3.753
68 83 3.518
68 84 0.967
68 85 2.130
68 86 1.399
68 87 0.220
68 88 2.275
68 89 0.249
68 90 1.650
68 91 3.023
68 92 1.775
68 93 1.172
68 94 3.726
68 95 4.829
68 96 0.727
68 97 3.556
68 98 2.576
68 99 2.833
69 70 1.392
69 71 0.778
69 72 1.565
69 73 0.817
69 74 2.368
69 75 1.421
69 76 0.178
69 77 1.616
69 78 2.505
69 79 2.455
69 80 0.715
69 81 3.265
69 82 0.840
69 83 0.614
69 84 1.970
69 85 0.944
69 86 1.531
69 87 3.034
69 88 0.672
69 89 3.130
69 90 1.307
69 91 0.268
69 92 1.176
69 93 1.763
69 94 0.840
69 95 1.914
69 96 2.199
69 97 0.639
69 98 0.342
69 99 0.096
70 71 0.997
70 72 2.957
70 73 2.124
70 74 1.003
70 75 2.808
70 76 1.398
70 77 3.008
70 78 1.127
70 79 1.064
70 80 0.732
70 81 1.875
70 82 2.229
70 83 1.993
70 84 0.596
70 85 0.720
70 86 0.198
70 87 1.648
70 88 0.767
70 89 1.741
70 90 0.247
70 91 1.511
70 92 0.330
70 93 0.401
70 94 2.205
70 95 3.304
70 96 0.812
70 97 2.031
70 98 1.050
70 99 1.308
71 72 2.206
71 73 1.245
71 74 1.981
71 75 2.093
71 76 0.661
71 77 2.253
71 78 2.090
71 79 1.990
71 80 0.372
71 81 2.791
71 82 1.530
71 83 1.217
71 84 1.579
71 85 1.030
71 86 1.189
71 87 2.585
71 88 0.730
71 89 2.666
71 90 0.798
71 91 1.028
71 92 0.977
71 93 1.395
71 94 1.381
71 95 2.496
71 96 1.767
71 97 1.321
71 98 0.589
71 99 0.688
72 73 1.016
72 74 3.920
72 75 0.186
72 76 1.588
72 77 0.052
72 78 4.061
72 79 4.019
72 80 2.266
72 81 4.827
72 82 0.730
72 83 0.993
72 84 3.528
72 85 2.425
72 86 3.089
72 87 4.593
72 88 2.215
72 89 4.691
72 90 2.867
72 91 1.478
72 92 2.723
72 93 3.320
72 94 0.836
72 95 0.405
72 96 3.760
72 97 0.927
72 98 1.907
72 99 1.653
73 74 3.124
73 75 0.951
73 76 0.740
73 77 1.057
73 78 3.251
73 79 3.179
73 80 1.395
73 81 3.990
73 82 0.559
73 83 0.307
73 84 2.719
73 85 1.759
73 86 2.287
73 87 3.770
73 88 1.472
73 89 3.859
73 90 1.985
73 91 0.910
73 92 1.958
73 93 2.516
73 94 0.210
73 95 1.258
73 96 2.935
73 97 0.466
73 98 1.121
73 99 0.869
74 75 3.762
74 76 2.392
74 77 3.972
74 78 0.156
74 79 0.267
74 80 1.734
74 81 0.927
74 82 3.190
74 83 2.979
74 84 0.407
74 85 1.527
74 86 0.839
74 87 0.681
74 88 1.706
74 89 0.788
74 90 1.184
74 91 2.447
74 92 1.197
74 93 0.609
74 94 3.196
74 95 4.281
74 96 0.239
74 97 3.001
74 98 2.029
74 99 2.290
75 76 1.458
75 77 0.234
75 78 3.905
75 79 3.867
75 80 2.129
75 81 4.673
75 82 0.581
75 83 0.876
75 84 3.372
75 85 2.258
75 86 2.934
75 87 4.437
75 88 2.058
75 89 4.536
75 90 2.727
75 91 1.316
75 92 2.565
75 93 3.165
75 94 0.754
75 95 0.592
75 96 3.607
75 97 0.786
75 98 1.761
75 99 1.511
76 77 1.638
76 78 2.523
76 79 2.460
76 80 0.682
76 81 3.272
76 82 0.883
76 83 0.601
76 84 1.988
76 85 1.036
76 86 1.553
76 87 3.046
76 88 0.735
76 89 3.139
76 90 1.283
76 91 0.440
76 92 1.218
76 93 1.783
76 94 0.807
76 95 1.914
76 96 2.210
76 97 0.674
76 98 0.383
76 99 0.157
77 78 4.113
77 79 4.070
77 80 2.316
77 81 4.878
77 82 0.782
77 83 1.041
77 84 3.579
77 85 2.476
77 86 3.140
77 87 4.644
77 88 2.266
77 89 4.742
77 90 2.917
77 91 1.530
77 92 2.775
77 93 3.371
77 94 0.881
77 95 0.358
77 96 3.811
77 97 0.977
77 98 1.958
77 99 1.703
78 79 0.190
78 80 1.858
78 81 0.776
78 82 3.331
78 83 3.113
78 84 0.535
78 85 1.677
78 86 0.974
78 87 0.533
78 88 1.847
78 89 0.637
78 90 1.292
78 91 2.591
78 92 1.339
78 93 0.742
78 94 3.328
78 95 4.419
78 96 0.322
78 97 3.140
78 98 2.164
78 99 2.425
79 80 1.785
79 81 0.812
79 82 3.289
79 83 3.057
79 84 0.508
79 85 1.672
79 86 0.936
79 87 0.595
79 88 1.812
79 89 0.680
79 90 1.200
79 91 2.560
79 92 1.312
79 93 0.710
79 94 3.267
79 95 4.367
79 96 0.267
79 97 3.094
79 98 2.113
79 99 2.371
80 81 2.597
80 82 1.549
80 83 1.283
80 84 1.328
80 85 0.661
80 86 0.904
80 87 2.375
80 88 0.378
80 89 2.465
80 90 0.601
80 91 0.902
80 92 0.631
80 93 1.128
80 94 1.485
80 95 2.596
80 96 1.540
80 97 1.343
80 98 0.399
80 99 0.621
81 82 4.097
81 83 3.868
81 84 1.301
81 85 2.452
81 86 1.739
81 87 0.251
81 88 2.615
81 89 0.139
81 90 2.008
81 91 3.362
81 92 2.110
81 93 1.509
81 94 4.079
81 95 5.178
81 96 1.067
81 97 3.903
81 98 2.923
81 99 3.182
82 83 0.343
82 84 2.797
82 85 1.702
82 86 2.359
82 87 3.862
82 88 1.484
82 89 3.961
82 90 2.146
82 91 0.753
82 92 1.993
82 93 2.590
82 94 0.363
82 95 1.101
82 96 3.030
82 97 0.210
82 98 1.180
82 99 0.930
83 84 2.578
83 85 1.546
83 86 2.140
83 87 3.640
83 88 1.286
83 89 3.734
83 90 1.884
83 91 0.639
83 92 1.790
83 93 2.371
83 94 0.232
83 95 1.313
83 96 2.804
83 97 0.176
83 98 0.950
83 99 0.689
84 85 1.165
84 86 0.439
84 87 1.065
84 88 1.314
84 89 1.164
84 90 0.784
84 91 2.061
84 92 0.809
84 93 0.208
84 94 2.793
84 95 3.884
84 96 0.241
84 97 2.605
84 98 1.629
84 99 1.889
85 86 0.757
85 87 2.208
85 88 0.325
85 89 2.313
85 90 0.815
85 91 0.949
85 92 0.393
85 93 0.965
85 94 1.777
85 95 2.803
85 96 1.406
85 97 1.530
85 98 0.660
85 99 0.892
86 87 1.504
86 88 0.877
86 89 1.602
86 90 0.441
86 91 1.624
86 92 0.378
86 93 0.232
86 94 2.356
86 95 3.445
86 96 0.673
86 97 2.166
86 98 1.190
86 99 1.451
87 88 2.379
87 89 0.114
87 90 1.794
87 91 3.123
87 92 1.872
87 93 1.272
87 94 3.853
87 95 4.948
87 96 0.837
87 97 3.670
87 98 2.692
87 99 2.952
88 89 2.478
88 90 0.758
88 91 0.748
88 92 0.509
88 93 1.107
88 94 1.511
88 95 2.577
88 96 1.550
88 97 1.296
88 98 0.352
88 99 0.605
89 90 1.879
89 91 3.224
89 92 1.972
89 93 1.371
89 94 3.946
89 95 5.044
89 96 0.931
89 97 3.767
89 98 2.788
89 99 3.047
90 91 1.464
90 92 0.472
90 93 0.612
90 94 2.084
90 95 3.197
90 96 0.970
90 97 1.942
90 98 0.973
90 99 1.216
91 92 1.252
91 93 1.853
91 94 0.869
91 95 1.854
91 96 2.297
91 97 0.588
91 98 0.503
91 99 0.345
92 93 0.603
92 94 2.012
92 95 3.085
92 96 1.047
92 97 1.805
92 98 0.842
92 99 1.103
93 94 2.588
93 95 3.676
93 96 0.445
93 97 2.398
93 98 1.422
93 99 1.683
94 95 1.118
94 96 3.016
94 97 0.326
94 98 1.170
94 99 0.909
95 96 4.112
95 97 1.280
95 98 2.256
95 99 1.996
96 97 2.836
96 98 1.857
96 99 2.116
97 98 0.981
97 99 0.727
98 99 0.261
