nodei nodej distance
0 1 4.009
0 2 3.937
0 3 3.663
0 4 2.715
0 5 2.192
0 6 0.246
0 7 4.330
0 8 0.735
0 9 2.244
0 10 2.714
0 11 2.459
0 12 1.420
0 13 4.786
0 14 3.349
0 15 3.745
0 16 2.390
0 17 3.229
0 18 1.938
0 19 0.129
0 20 3.048
0 21 3.222
0 22 3.706
0 23 0.454
0 24 3.072
0 25 3.757
0 26 4.528
0 27 3.979
0 28 2.739
0 29 4.847
1 2 0.270
1 3 0.377
1 4 1.299
1 5 1.821
1 6 3.763
1 7 0.333
1 8 3.275
1 9 1.777
1 10 1.320
1 11 1.561
1 12 2.591
1 13 0.783
1 14 0.660
1 15 0.270
1 16 1.622
1 17 0.820
1 18 2.074
1 19 4.074
1 20 0.983
1 21 0.793
1 22 0.303
1 23 3.563
1 24 0.975
1 25 0.257
1 26 0.533
1 27 0.119
1 28 1.271
1 29 0.845
2 3 0.292
2 4 1.263
2 5 1.747
2 6 3.691
2 7 0.433
2 8 3.205
2 9 1.693
2 10 1.223
2 11 1.478
2 12 2.516
2 13 0.869
2 14 0.639
2 15 0.277
2 16 1.550
2 17 0.708
2 18 2.017
2 19 4.009
2 20 0.889
2 21 0.729
2 22 0.344
2 23 3.486
2 24 0.866
2 25 0.270
2 26 0.611
2 27 0.150
2 28 1.209
2 29 0.993
3 4 0.974
3 5 1.471
3 6 3.417
3 7 0.671
3 8 2.930
3 9 1.421
3 10 0.956
3 11 1.205
3 12 2.242
3 13 1.125
3 14 0.347
3 15 0.125
3 16 1.273
3 17 0.447
3 18 1.736
3 19 3.732
3 20 0.618
3 21 0.443
3 22 0.153
3 23 3.214
3 24 0.605
3 25 0.134
3 26 0.866
3 27 0.318
3 28 0.926
3 29 1.214
4 5 0.551
4 6 2.468
4 7 1.626
4 8 1.980
4 9 0.530
4 10 0.298
4 11 0.345
4 12 1.304
4 13 2.081
4 14 0.641
4 15 1.040
4 16 0.363
4 17 0.597
4 18 0.777
4 19 2.777
4 20 0.424
4 21 0.535
4 22 0.996
4 23 2.273
4 24 0.477
4 25 1.053
4 26 1.826
4 27 1.280
4 28 0.134
4 29 2.132
5 6 1.946
5 7 2.139
5 8 1.459
5 9 0.080
5 10 0.531
5 11 0.271
5 12 0.771
5 13 2.595
5 14 1.163
5 15 1.555
5 16 0.199
5 17 1.040
5 18 0.294
5 19 2.262
5 20 0.858
5 21 1.031
5 22 1.519
5 23 1.743
5 24 0.886
5 25 1.567
5 26 2.336
5 27 1.787
5 28 0.550
5 29 2.663
6 7 4.084
6 8 0.489
6 9 1.998
6 10 2.469
6 11 2.213
6 12 1.175
6 13 4.540
6 14 3.103
6 15 3.498
6 16 2.144
6 17 2.983
6 18 1.692
6 19 0.329
6 20 2.802
6 21 2.976
6 22 3.460
6 23 0.216
6 24 2.826
6 25 3.511
6 26 4.282
6 27 3.733
6 28 2.493
6 29 4.601
7 8 3.596
7 9 2.091
7 10 1.627
7 11 1.875
7 12 2.910
7 13 0.456
7 14 0.986
7 15 0.586
7 16 1.941
7 17 1.116
7 18 2.398
7 19 4.397
7 20 1.289
7 21 1.109
7 22 0.631
7 23 3.882
7 24 1.274
7 25 0.574
7 26 0.200
7 27 0.353
7 28 1.591
7 29 0.560
8 9 1.513
8 10 1.985
8 11 1.727
8 12 0.689
8 13 4.052
8 14 2.615
8 15 3.010
8 16 1.657
8 17 2.498
8 18 1.203
8 19 0.804
8 20 2.316
8 21 2.488
8 22 2.971
8 23 0.303
8 24 2.342
8 25 3.023
8 26 3.794
8 27 3.245
8 28 2.005
8 29 4.112
9 10 0.472
9 11 0.216
9 12 0.824
9 13 2.546
9 14 1.122
9 15 1.509
9 16 0.167
9 17 0.985
9 18 0.370
9 19 2.317
9 20 0.805
9 21 0.984
9 22 1.475
9 23 1.793
9 24 0.828
9 25 1.521
9 26 2.287
9 27 1.739
9 28 0.511
9 29 2.621
10 11 0.261
10 12 1.295
10 13 2.081
10 14 0.680
10 15 1.050
10 16 0.345
10 17 0.515
10 18 0.817
10 19 2.789
10 20 0.338
10 21 0.530
10 22 1.022
10 23 2.263
10 24 0.357
10 25 1.063
10 26 1.821
10 27 1.274
10 28 0.169
10 29 2.165
11 12 1.039
11 13 2.330
11 14 0.907
11 15 1.292
11 16 0.093
11 17 0.770
11 18 0.557
11 19 2.531
11 20 0.589
11 21 0.768
11 22 1.259
11 23 2.009
11 24 0.615
11 25 1.305
11 26 2.071
11 27 1.522
11 28 0.300
11 29 2.405
12 13 3.366
12 14 1.932
12 15 2.326
12 16 0.970
12 17 1.809
12 18 0.535
12 19 1.493
12 20 1.628
12 21 1.802
12 22 2.288
12 23 0.972
12 24 1.652
12 25 2.338
12 26 3.108
12 27 2.559
12 28 1.320
12 29 3.432
13 14 1.441
13 15 1.042
13 16 2.396
13 17 1.568
13 18 2.853
13 19 4.853
13 20 1.743
13 21 1.564
13 22 1.085
13 23 4.338
13 24 1.726
13 25 1.030
13 26 0.259
13 27 0.808
13 28 2.047
13 29 0.242
14 15 0.400
14 16 0.964
14 17 0.270
14 18 1.413
14 19 3.414
14 20 0.361
14 21 0.160
14 22 0.357
14 23 2.904
14 24 0.379
14 25 0.412
14 26 1.185
14 27 0.641
14 28 0.613
14 29 1.500
15 16 1.356
15 17 0.552
15 18 1.811
15 19 3.811
15 20 0.713
15 21 0.525
15 22 0.067
15 23 3.298
15 24 0.706
15 25 0.013
15 26 0.786
15 27 0.242
15 28 1.006
15 29 1.114
16 17 0.846
16 18 0.473
16 19 2.459
16 20 0.662
16 21 0.832
16 22 1.320
16 23 1.942
16 24 0.693
16 25 1.368
16 26 2.138
16 27 1.589
16 28 0.351
16 29 2.464
17 18 1.316
17 19 3.302
17 20 0.184
17 21 0.143
17 22 0.537
17 23 2.778
17 24 0.158
17 25 0.564
17 26 1.309
17 27 0.764
17 28 0.515
17 29 1.661
18 19 2.001
18 20 1.133
18 21 1.292
18 22 1.770
18 23 1.497
18 24 1.165
18 25 1.824
18 26 2.597
18 27 2.048
18 28 0.809
18 29 2.909
19 20 3.120
19 21 3.290
19 22 3.771
19 23 0.545
19 24 3.146
19 25 3.824
19 26 4.596
19 27 4.047
19 28 2.807
19 29 4.909
20 21 0.203
20 22 0.688
20 23 2.598
20 24 0.060
20 25 0.726
20 26 1.484
20 27 0.937
20 28 0.333
20 29 1.828
21 22 0.493
21 23 2.774
21 24 0.220
21 25 0.537
21 26 1.306
21 27 0.757
21 28 0.484
21 29 1.637
22 23 3.260
22 24 0.687
22 25 0.074
22 26 0.831
22 27 0.296
22 28 0.968
22 29 1.145
23 24 2.621
23 25 3.310
23 26 4.079
23 27 3.530
23 28 2.292
23 29 4.403
24 25 0.719
24 26 1.467
24 27 0.922
24 28 0.377
24 29 1.818
25 26 0.773
25 27 0.230
25 28 1.018
25 29 1.102
26 27 0.549
26 28 1.789
26 29 0.408
27 28 1.240
27 29 0.900
28 29 2.113
