nodei nodej distance
0 1 0.583
0 2 2.048
0 3 1.351
0 4 2.953
0 5 2.136
0 6 4.101
0 7 0.932
0 8 2.052
0 9 2.825
0 10 0.785
0 11 3.112
0 12 1.789
0 13 1.183
0 14 3.141
0 15 2.026
0 16 2.070
0 17 2.514
0 18 3.260
0 19 1.408
0 20 2.404
0 21 1.819
0 22 3.454
0 23 1.904
0 24 1.128
0 25 2.333
0 26 0.722
0 27 3.080
0 28 0.663
0 29 3.159
0 30 2.093
0 31 0.575
0 32 1.684
0 33 2.582
0 34 0.880
0 35 0.748
0 36 1.989
0 37 3.315
0 38 2.363
0 39 1.829
0 40 1.636
0 41 2.878
0 42 4.201
0 43 1.849
0 44 1.599
0 45 3.307
0 46 3.615
0 47 4.209
0 48 1.979
0 49 1.267
0 50 0.587
0 51 2.570
0 52 1.749
0 53 1.374
0 54 0.673
0 55 2.503
0 56 1.835
0 57 3.296
0 58 0.581
0 59 1.882
0 60 3.465
0 61 3.765
0 62 2.235
0 63 2.178
0 64 1.504
0 65 1.076
0 66 1.317
0 67 3.372
0 68 2.294
0 69 1.331
0 70 0.958
0 71 2.681
0 72 3.048
0 73 3.198
0 74 1.898
0 75 1.428
0 76 1.465
0 77 2.703
0 78 1.220
0 79 1.818
0 80 3.249
0 81 1.839
0 82 1.934
0 83 2.797
0 84 0.962
0 85 2.522
0 86 2.798
0 87 3.255
0 88 1.475
0 89 2.575
0 90 3.750
0 91 1.603
0 92 2.332
0 93 2.210
0 94 3.312
0 95 3.687
0 96 3.409
0 97 2.979
0 98 0.302
0 99 3.818
1 2 1.516
1 3 1.255
1 4 2.372
1 5 1.836
1 6 3.573
1 7 0.927
1 8 1.572
1 9 2.315
1 10 0.527
1 11 2.992
1 12 1.508
1 13 0.790
1 14 2.584
1 15 1.906
1 16 1.509
1 17 2.131
1 18 2.681
1 19 1.287
1 20 1.861
1 21 1.645
1 22 2.909
1 23 1.326
1 24 0.601
1 25 1.838
1 26 0.247
1 27 2.526
1 28 0.390
1 29 2.772
1 30 1.937
1 31 0.097
1 32 1.598
1 33 2.251
1 34 0.788
1 35 0.178
1 36 1.865
1 37 2.737
1 38 1.979
1 39 1.309
1 40 1.060
1 41 2.296
1 42 3.738
1 43 1.268
1 44 1.445
1 45 2.941
1 46 3.072
1 47 3.699
1 48 1.416
1 49 1.125
1 50 0.177
1 51 1.995
1 52 1.346
1 53 0.887
1 54 0.420
1 55 1.949
1 56 1.363
1 57 2.841
1 58 0.951
1 59 1.317
1 60 3.092
1 61 3.215
1 62 1.851
1 63 1.661
1 64 0.946
1 65 0.759
1 66 1.218
1 67 3.058
1 68 2.171
1 69 0.749
1 70 1.123
1 71 2.105
1 72 2.991
1 73 2.727
1 74 1.321
1 75 1.353
1 76 1.012
1 77 2.611
1 78 1.139
1 79 1.741
1 80 2.707
1 81 1.259
1 82 1.969
1 83 2.308
1 84 0.615
1 85 1.971
1 86 2.425
1 87 2.851
1 88 0.977
1 89 2.010
1 90 3.303
1 91 1.161
1 92 1.931
1 93 1.832
1 94 2.910
1 95 3.168
1 96 2.998
1 97 2.410
1 98 0.641
1 99 3.355
2 3 1.511
2 4 1.371
2 5 1.142
2 6 2.058
2 7 1.627
2 8 0.329
2 9 0.809
2 10 1.350
2 11 2.469
2 12 1.090
2 13 1.709
2 14 1.117
2 15 1.704
2 16 0.254
2 17 1.025
2 18 1.706
2 19 1.463
2 20 1.527
2 21 1.437
2 22 1.409
2 23 0.917
2 24 1.359
2 25 0.399
2 26 1.327
2 27 1.046
2 28 1.767
2 29 1.531
2 30 1.624
2 31 1.487
2 32 1.642
2 33 1.285
2 34 1.497
2 35 1.415
2 36 1.669
2 37 1.416
2 38 0.923
2 39 0.227
2 40 0.969
2 41 1.105
2 42 2.275
2 43 0.583
2 44 1.421
2 45 1.736
2 46 1.568
2 47 2.187
2 48 0.281
2 49 1.396
2 50 1.462
2 51 1.248
2 52 0.676
2 53 1.482
2 54 1.794
2 55 1.485
2 56 0.389
2 57 1.418
2 58 2.121
2 59 0.333
2 60 1.854
2 61 1.723
2 62 0.854
2 63 1.597
2 64 1.153
2 65 1.129
2 66 1.497
2 67 1.985
2 68 1.851
2 69 0.968
2 70 1.936
2 71 1.295
2 72 2.635
2 73 1.277
2 74 0.947
2 75 1.579
2 76 0.666
2 77 2.244
2 78 1.520
2 79 1.729
2 80 1.202
2 81 0.871
2 82 2.122
2 83 0.840
2 84 1.164
2 85 0.495
2 86 1.279
2 87 1.554
2 88 1.453
2 89 0.618
2 90 1.879
2 91 0.602
2 92 0.834
2 93 0.869
2 94 1.612
2 95 1.653
2 96 1.670
2 97 1.639
2 98 2.157
2 99 1.899
3 4 2.836
3 5 0.915
3 6 3.279
3 7 0.424
3 8 1.298
3 9 2.035
3 10 0.731
3 11 1.769
3 12 0.604
3 13 2.001
3 14 2.560
3 15 0.676
3 16 1.693
3 17 1.399
3 18 3.176
3 19 0.074
3 20 2.688
3 21 0.483
3 22 2.768
3 23 2.009
3 24 1.698
3 25 1.567
3 26 1.044
3 27 2.476
3 28 1.641
3 29 1.996
3 30 0.742
3 31 1.159
3 32 0.345
3 33 1.364
3 34 0.489
3 35 1.348
3 36 0.639
3 37 2.922
3 38 1.269
3 39 1.312
3 40 1.837
3 41 2.608
3 42 3.157
3 43 1.741
3 44 0.266
3 45 2.101
3 46 2.901
3 47 3.310
3 48 1.642
3 49 0.150
3 50 1.079
3 51 2.601
3 52 0.869
3 53 1.992
3 54 1.670
3 55 2.715
3 56 1.132
3 57 2.277
3 58 0.996
3 59 1.588
3 60 2.264
3 61 3.085
3 62 1.162
3 63 2.599
3 64 1.862
3 65 0.595
3 66 0.037
3 67 2.095
3 68 0.946
3 69 1.544
3 70 0.588
3 71 2.682
3 72 1.740
3 73 2.231
3 74 2.025
3 75 0.101
3 76 0.896
3 77 1.370
3 78 0.131
3 79 0.488
3 80 2.564
3 81 1.932
3 82 0.750
3 83 1.932
3 84 0.712
3 85 1.978
3 86 1.634
3 87 2.119
3 88 2.047
3 89 2.127
3 90 2.683
3 91 0.913
3 92 1.281
3 93 1.127
3 94 2.170
3 95 2.853
3 96 2.279
3 97 3.032
3 98 1.630
3 99 2.790
4 5 2.487
4 6 1.992
4 7 2.856
4 8 1.677
4 9 1.480
4 10 2.471
4 11 3.758
4 12 2.461
4 13 2.054
4 14 1.021
4 15 3.074
4 16 1.150
4 17 2.233
4 18 0.340
4 19 2.797
4 20 0.885
4 21 2.807
4 22 1.343
4 23 1.053
4 24 1.881
4 25 1.553
4 26 2.299
4 27 1.064
4 28 2.416
4 29 2.496
4 30 2.990
4 31 2.397
4 32 3.003
4 33 2.518
4 34 2.701
4 35 2.205
4 36 3.040
4 37 0.665
4 38 2.185
4 39 1.534
4 40 1.324
4 41 0.357
4 42 2.639
4 43 1.151
4 44 2.780
4 45 2.701
4 46 1.474
4 47 2.250
4 48 1.194
4 49 2.705
4 50 2.414
4 51 0.438
4 52 2.043
4 53 1.759
4 54 2.430
4 55 0.733
4 56 1.755
4 57 2.114
4 58 3.228
4 59 1.251
4 60 2.757
4 61 1.477
4 62 2.156
4 63 1.177
4 64 1.490
4 65 2.345
4 66 2.816
4 67 3.033
4 68 3.210
4 69 1.623
4 70 3.165
4 71 0.327
4 72 3.960
4 73 1.948
4 74 1.064
4 75 2.915
4 76 1.941
4 77 3.582
4 78 2.820
4 79 3.097
4 80 1.276
4 81 1.115
4 82 3.487
4 83 1.651
4 84 2.320
4 85 1.064
4 86 2.397
4 87 2.443
4 88 1.662
4 89 0.861
4 90 2.448
4 91 1.931
4 92 2.096
4 93 2.180
4 94 2.485
4 95 1.790
4 96 2.484
4 97 0.389
4 98 2.932
4 99 2.367
5 6 2.452
5 7 1.292
5 8 0.817
5 9 1.309
5 10 1.369
5 11 1.347
5 12 0.347
5 13 2.408
5 14 1.919
5 15 0.654
5 16 1.393
5 17 0.509
5 18 2.812
5 19 0.841
5 20 2.636
5 21 0.506
5 22 2.039
5 23 1.973
5 24 2.046
5 25 0.960
5 26 1.589
5 27 1.830
5 28 2.212
5 29 1.081
5 30 0.538
5 31 1.755
5 32 0.784
5 33 0.455
5 34 1.275
5 35 1.848
5 36 0.634
5 37 2.373
5 38 0.414
5 39 1.062
5 40 1.916
5 41 2.182
5 42 2.251
5 43 1.635
5 44 0.664
5 45 1.194
5 46 2.147
5 47 2.448
5 48 1.394
5 49 0.919
5 50 1.687
5 51 2.390
5 52 0.589
5 53 2.286
5 54 2.244
5 55 2.611
5 56 0.813
5 57 1.393
5 58 1.890
5 59 1.396
5 60 1.356
5 61 2.340
5 62 0.362
5 63 2.652
5 64 2.034
5 65 1.088
5 66 0.932
5 67 1.237
5 68 0.728
5 69 1.737
5 70 1.502
5 71 2.436
5 72 1.494
5 73 1.372
5 74 1.999
5 75 0.906
5 76 0.928
5 77 1.102
5 78 1.020
5 79 0.790
5 80 1.853
5 81 1.908
5 82 1.163
5 83 1.162
5 84 1.227
5 85 1.457
5 86 0.719
5 87 1.205
5 88 2.301
5 89 1.650
5 90 1.776
5 91 0.804
5 92 0.468
5 93 0.329
5 94 1.256
5 95 2.035
5 96 1.365
5 97 2.778
5 98 2.372
5 99 1.892
6 7 3.543
6 8 2.074
6 9 1.284
6 10 3.367
6 11 3.148
6 12 2.686
6 13 3.644
6 14 1.085
6 15 3.081
6 16 2.093
6 17 1.949
6 18 2.058
6 19 3.211
6 20 2.819
6 21 2.955
6 22 0.713
6 23 2.615
6 24 3.338
6 25 1.784
6 26 3.383
6 27 1.106
6 28 3.803
6 29 1.615
6 30 2.950
6 31 3.545
6 32 3.231
6 33 2.130
6 34 3.449
6 35 3.466
6 36 3.070
6 37 1.335
6 38 2.043
6 39 2.272
6 40 2.819
6 41 1.716
6 42 0.837
6 43 2.430
6 44 3.074
6 45 1.707
6 46 0.549
6 47 0.285
6 48 2.187
6 49 3.220
6 50 3.517
6 51 2.334
6 52 2.461
6 53 3.369
6 54 3.828
6 55 2.682
6 56 2.288
6 57 1.113
6 58 4.105
6 59 2.286
6 60 1.634
6 61 0.517
6 62 2.131
6 63 3.069
6 64 3.028
6 65 3.107
6 66 3.283
6 67 2.046
6 68 3.047
6 69 2.957
6 70 3.825
6 71 2.261
6 72 3.457
6 73 1.087
6 74 2.643
6 75 3.305
6 76 2.657
6 77 3.207
6 78 3.345
6 79 3.241
6 80 0.888
6 81 2.625
6 82 3.601
6 83 1.353
6 84 3.177
6 85 1.621
6 86 1.839
6 87 1.471
6 88 3.303
6 89 1.646
6 90 0.995
6 91 2.537
6 92 2.010
6 93 2.167
6 94 1.462
6 95 0.427
6 96 1.370
6 97 2.361
6 98 4.214
6 99 0.826
7 8 1.488
7 9 2.268
7 10 0.454
7 11 2.180
7 12 0.953
7 13 1.710
7 14 2.730
7 15 1.094
7 16 1.759
7 17 1.742
7 18 3.192
7 19 0.486
7 20 2.576
7 21 0.904
7 22 2.979
7 23 1.927
7 24 1.452
7 25 1.776
7 26 0.763
7 27 2.653
7 28 1.292
7 29 2.364
7 30 1.166
7 31 0.831
7 32 0.752
7 33 1.746
7 34 0.165
7 35 1.055
7 36 1.058
7 37 3.036
7 38 1.600
7 39 1.405
7 40 1.713
7 41 2.673
7 42 3.494
7 43 1.713
7 44 0.683
7 45 2.485
7 46 3.123
7 47 3.600
7 48 1.690
7 49 0.373
7 50 0.754
7 51 2.567
7 52 1.082
7 53 1.753
7 54 1.319
7 55 2.626
7 56 1.288
7 57 2.598
7 58 0.599
7 59 1.616
7 60 2.648
7 61 3.298
7 62 1.481
7 63 2.442
7 64 1.690
7 65 0.512
7 66 0.392
7 67 2.502
7 68 1.362
7 69 1.391
7 70 0.312
7 71 2.659
7 72 2.128
7 73 2.532
7 74 1.935
7 75 0.496
7 76 0.961
7 77 1.773
7 78 0.294
7 79 0.887
7 80 2.771
7 81 1.848
7 82 1.051
7 83 2.190
7 84 0.547
7 85 2.119
7 86 1.999
7 87 2.480
7 88 1.825
7 89 2.239
7 90 3.025
7 91 1.039
7 92 1.595
7 93 1.449
7 94 2.533
7 95 3.116
7 96 2.639
7 97 3.002
7 98 1.218
7 99 3.119
8 9 0.789
8 10 1.296
8 11 2.139
8 12 0.805
8 13 1.902
8 14 1.262
8 15 1.402
8 16 0.583
8 17 0.721
8 18 2.007
8 19 1.241
8 20 1.852
8 21 1.150
8 22 1.491
8 23 1.222
8 24 1.537
8 25 0.290
8 26 1.353
8 27 1.179
8 28 1.876
8 29 1.284
8 30 1.314
8 31 1.524
8 32 1.378
8 33 0.967
8 34 1.381
8 35 1.505
8 36 1.370
8 37 1.641
8 38 0.605
8 39 0.336
8 40 1.233
8 41 1.387
8 42 2.165
8 43 0.880
8 44 1.167
8 45 1.481
8 46 1.636
8 47 2.162
8 48 0.599
8 49 1.204
8 50 1.483
8 51 1.576
8 52 0.429
8 53 1.706
8 54 1.905
8 55 1.814
8 56 0.217
8 57 1.270
8 58 2.033
8 59 0.627
8 60 1.612
8 61 1.810
8 62 0.527
8 63 1.907
8 64 1.396
8 65 1.033
8 66 1.291
8 67 1.699
8 68 1.533
8 69 1.160
8 70 1.785
8 71 1.620
8 72 2.308
8 73 1.155
8 74 1.251
8 75 1.352
8 76 0.588
8 77 1.919
8 78 1.331
8 79 1.451
8 80 1.283
8 81 1.168
8 82 1.847
8 83 0.746
8 84 1.107
8 85 0.693
8 86 0.995
8 87 1.331
8 88 1.692
8 89 0.866
8 90 1.735
8 91 0.463
8 92 0.519
8 93 0.540
8 94 1.390
8 95 1.651
8 96 1.463
8 97 1.961
8 98 2.203
8 99 1.782
9 10 2.083
9 11 2.379
9 12 1.467
9 13 2.497
9 14 0.635
9 15 1.963
9 16 0.919
9 17 0.881
9 18 1.743
9 19 1.971
9 20 2.019
9 21 1.777
9 22 0.739
9 23 1.573
9 24 2.157
9 25 0.499
9 26 2.112
9 27 0.546
9 28 2.577
9 29 1.016
9 30 1.845
9 31 2.278
9 32 2.041
9 33 1.150
9 34 2.168
9 35 2.222
9 36 1.942
9 37 1.139
9 38 0.906
9 39 1.006
9 40 1.708
9 41 1.124
9 42 1.478
9 43 1.299
9 44 1.857
9 45 1.221
9 46 0.865
9 47 1.386
9 48 1.005
9 49 1.961
9 50 2.246
9 51 1.597
9 52 1.188
9 53 2.250
9 54 2.604
9 55 1.924
9 56 1.004
9 57 0.690
9 58 2.822
9 59 1.095
9 60 1.285
9 61 1.051
9 62 0.950
9 63 2.182
9 64 1.909
9 65 1.823
9 66 2.035
9 67 1.555
9 68 2.006
9 69 1.766
9 70 2.558
9 71 1.584
9 72 2.628
9 73 0.526
9 74 1.605
9 75 2.073
9 76 1.373
9 77 2.289
9 78 2.088
9 79 2.079
9 80 0.544
9 81 1.555
9 82 2.465
9 83 0.181
9 84 1.893
9 85 0.519
9 86 0.957
9 87 0.968
9 88 2.206
9 89 0.679
9 90 1.120
9 91 1.253
9 92 0.841
9 93 0.986
9 94 1.014
9 95 0.864
9 96 1.029
9 97 1.852
9 98 2.954
9 99 1.112
10 11 2.470
10 12 1.027
10 13 1.279
10 14 2.466
10 15 1.381
10 16 1.432
10 17 1.730
10 18 2.802
10 19 0.760
10 20 2.133
10 21 1.126
10 22 2.751
10 23 1.499
10 24 1.002
10 25 1.584
10 26 0.319
10 27 2.396
10 28 0.915
10 29 2.374
10 30 1.417
10 31 0.431
10 32 1.072
10 33 1.807
10 34 0.293
10 35 0.622
10 36 1.340
10 37 2.715
10 38 1.578
10 39 1.123
10 40 1.272
10 41 2.320
10 42 3.424
10 43 1.320
10 44 0.921
10 45 2.525
10 46 2.906
10 47 3.457
10 48 1.351
10 49 0.598
10 50 0.352
10 51 2.154
10 52 0.966
10 53 1.303
10 54 0.945
10 55 2.191
10 56 1.080
10 57 2.518
10 58 0.779
10 59 1.265
10 60 2.683
10 61 3.068
10 62 1.450
10 63 1.991
10 64 1.239
10 65 0.291
10 66 0.694
10 67 2.606
10 68 1.647
10 69 0.946
10 70 0.727
10 71 2.252
10 72 2.465
10 73 2.426
10 74 1.506
10 75 0.829
10 76 0.710
10 77 2.085
10 78 0.618
10 79 1.215
10 80 2.543
10 81 1.422
10 82 1.457
10 83 2.038
10 84 0.190
10 85 1.843
10 86 2.015
10 87 2.470
10 88 1.372
10 89 1.933
10 90 2.969
10 91 0.836
10 92 1.547
10 93 1.425
10 94 2.527
10 95 2.946
10 96 2.624
10 97 2.588
10 98 1.003
10 99 3.041
11 12 1.561
11 13 3.670
11 14 3.010
11 15 1.094
11 16 2.722
11 17 1.530
11 18 4.065
11 19 1.722
11 20 3.981
11 21 1.348
11 22 2.999
11 23 3.320
11 24 3.324
11 25 2.206
11 26 2.759
11 27 2.923
11 28 3.382
11 29 1.542
11 30 1.056
11 31 2.899
11 32 1.429
11 33 1.245
11 34 2.257
11 35 3.052
11 36 1.133
11 37 3.518
11 38 1.575
11 39 2.408
11 40 3.257
11 41 3.426
11 42 2.592
11 43 2.982
11 44 1.549
11 45 1.445
11 46 3.049
11 47 3.024
11 48 2.732
11 49 1.878
11 50 2.821
11 51 3.712
11 52 1.927
11 53 3.587
11 54 3.413
11 55 3.951
11 56 2.159
11 57 2.065
11 58 2.670
11 59 2.741
11 60 1.542
11 61 3.239
11 62 1.619
11 63 3.999
11 64 3.361
11 65 2.247
11 66 1.805
11 67 1.137
11 68 0.825
11 69 3.054
11 70 2.216
11 71 3.748
11 72 0.331
11 73 2.153
11 74 3.346
11 75 1.686
11 76 2.240
11 77 0.420
11 78 1.899
11 79 1.294
11 80 2.861
11 81 3.255
11 82 1.284
11 83 2.199
11 84 2.390
11 85 2.695
11 86 1.431
11 87 1.680
11 88 3.614
11 89 2.898
11 90 2.196
11 91 2.134
11 92 1.665
11 93 1.601
11 94 1.686
11 95 2.809
11 96 1.780
11 97 4.078
11 98 3.397
11 99 2.364
12 13 2.121
12 14 2.032
12 15 0.620
12 16 1.320
12 17 0.797
12 18 2.796
12 19 0.532
12 20 2.492
12 21 0.347
12 22 2.205
12 23 1.811
12 24 1.768
12 25 1.033
12 26 1.262
12 27 1.945
12 28 1.890
12 29 1.412
12 30 0.563
12 31 1.423
12 32 0.581
12 33 0.800
12 34 0.929
12 35 1.534
12 36 0.583
12 37 2.441
12 38 0.665
12 39 0.947
12 40 1.713
12 41 2.187
12 42 2.556
12 43 1.489
12 44 0.391
12 45 1.536
12 46 2.330
12 47 2.708
12 48 1.297
12 49 0.584
12 50 1.352
12 51 2.304
12 52 0.424
12 53 2.026
12 54 1.921
12 55 2.487
12 56 0.708
12 57 1.673
12 58 1.552
12 59 1.275
12 60 1.698
12 61 2.518
12 62 0.559
12 63 2.472
12 64 1.804
12 65 0.752
12 66 0.615
12 67 1.583
12 68 0.809
12 69 1.493
12 70 1.183
12 71 2.365
12 72 1.647
12 73 1.628
12 74 1.834
12 75 0.620
12 76 0.683
12 77 1.245
12 78 0.694
12 79 0.646
12 80 2.007
12 81 1.740
12 82 1.042
12 83 1.348
12 84 0.894
12 85 1.496
12 86 1.047
12 87 1.528
12 88 2.053
12 89 1.671
12 90 2.083
12 91 0.596
12 92 0.679
12 93 0.523
12 94 1.581
12 95 2.261
12 96 1.688
12 97 2.715
12 98 2.028
12 99 2.187
13 14 2.574
13 15 2.612
13 16 1.582
13 17 2.581
13 18 2.307
13 19 2.020
13 20 1.323
13 21 2.330
13 22 2.937
13 23 1.061
13 24 0.368
13 25 2.100
13 26 0.960
13 27 2.540
13 28 0.520
13 29 3.184
13 30 2.621
13 31 0.883
13 32 2.332
13 33 2.764
13 34 1.562
13 35 0.657
13 36 2.570
13 37 2.572
13 38 2.438
13 39 1.572
13 40 0.827
13 41 2.100
13 42 3.975
13 43 1.218
13 44 2.152
13 45 3.376
13 46 3.105
13 47 3.822
13 48 1.493
13 49 1.859
13 50 0.957
13 51 1.622
13 52 1.839
13 53 0.296
13 54 0.512
13 55 1.451
13 56 1.736
13 57 3.127
13 58 1.695
13 59 1.403
13 60 3.512
13 61 3.210
13 62 2.320
13 63 1.052
13 64 0.619
13 65 1.436
13 66 1.964
13 67 3.558
13 68 2.866
13 69 0.745
13 70 1.912
13 71 1.738
13 72 3.706
13 73 2.986
13 74 1.038
13 75 2.101
13 76 1.485
13 77 3.313
13 78 1.895
13 79 2.474
13 80 2.757
13 81 1.033
13 82 2.736
13 83 2.548
13 84 1.300
13 85 2.039
13 86 2.873
13 87 3.232
13 88 0.392
13 89 1.999
13 90 3.589
13 91 1.623
13 92 2.370
13 93 2.312
13 94 3.291
13 95 3.281
13 96 3.360
13 97 1.970
13 98 1.019
13 99 3.604
14 15 2.570
14 16 1.074
14 17 1.514
14 18 1.210
14 19 2.501
14 20 1.765
14 21 2.361
14 22 0.373
14 23 1.532
14 24 2.283
14 25 1.000
14 26 2.421
14 27 0.090
14 28 2.772
14 29 1.583
14 30 2.458
14 31 2.569
14 32 2.613
14 33 1.785
14 34 2.608
14 35 2.457
14 36 2.546
14 37 0.521
14 38 1.529
14 39 1.344
14 40 1.746
14 41 0.686
14 42 1.628
14 43 1.372
14 44 2.414
14 45 1.772
14 46 0.537
14 47 1.301
14 48 1.168
14 49 2.465
14 50 2.554
14 51 1.287
14 52 1.691
14 53 2.292
14 54 2.795
14 55 1.637
14 56 1.445
14 57 1.133
14 58 3.238
14 59 1.267
14 60 1.800
14 61 0.640
14 62 1.557
14 63 1.997
14 64 1.955
14 65 2.243
14 66 2.553
14 67 2.125
14 68 2.630
14 69 1.914
14 70 3.035
14 71 1.231
14 72 3.263
14 73 0.976
14 74 1.560
14 75 2.611
14 76 1.778
14 77 2.924
14 78 2.592
14 79 2.666
14 80 0.255
14 81 1.546
14 82 3.059
14 83 0.812
14 84 2.281
14 85 0.624
14 86 1.582
14 87 1.500
14 88 2.223
14 89 0.583
14 90 1.430
14 91 1.691
14 92 1.457
14 93 1.591
14 94 1.534
14 95 0.792
14 96 1.513
14 97 1.411
14 98 3.218
14 99 1.346
15 16 1.938
15 17 1.135
15 18 3.407
15 19 0.628
15 20 3.104
15 21 0.296
15 22 2.693
15 23 2.420
15 24 2.281
15 25 1.593
15 26 1.678
15 27 2.480
15 28 2.295
15 29 1.592
15 30 0.135
15 31 1.811
15 32 0.346
15 33 0.970
15 34 1.163
15 35 1.977
15 36 0.042
15 37 3.012
15 38 1.064
15 39 1.567
15 40 2.303
15 41 2.789
15 42 2.796
15 43 2.105
15 44 0.462
15 45 1.641
15 46 2.798
15 47 3.055
15 48 1.917
15 49 0.785
15 50 1.732
15 51 2.924
15 52 1.044
15 53 2.560
15 54 2.325
15 55 3.103
15 56 1.327
15 57 1.992
15 58 1.623
15 59 1.895
15 60 1.799
15 61 2.992
15 62 1.015
15 63 3.069
15 64 2.373
15 65 1.176
15 66 0.712
15 67 1.547
15 68 0.270
15 69 2.055
15 70 1.174
15 71 2.985
15 72 1.094
15 73 1.994
15 74 2.441
15 75 0.598
15 76 1.273
15 77 0.706
15 78 0.807
15 79 0.236
15 80 2.507
15 81 2.347
15 82 0.521
15 83 1.815
15 84 1.315
15 85 2.079
15 86 1.270
15 87 1.735
15 88 2.600
15 89 2.264
15 90 2.326
15 91 1.207
15 92 1.122
15 93 0.980
15 94 1.775
15 95 2.670
15 96 1.889
15 97 3.334
15 98 2.306
15 99 2.461
16 17 1.271
16 18 1.489
16 19 1.651
16 20 1.277
16 21 1.664
16 22 1.407
16 23 0.691
16 24 1.253
16 25 0.609
16 26 1.352
16 27 1.019
16 28 1.711
16 29 1.745
16 30 1.865
16 31 1.496
16 32 1.854
16 33 1.535
16 34 1.617
16 35 1.385
16 36 1.903
16 37 1.285
16 38 1.175
16 39 0.384
16 40 0.790
16 41 0.918
16 42 2.397
16 43 0.382
16 44 1.630
16 45 1.954
16 46 1.573
16 47 2.250
16 48 0.095
16 49 1.568
16 50 1.484
16 51 0.997
16 52 0.898
16 53 1.331
16 54 1.736
16 55 1.232
16 56 0.612
16 57 1.578
16 58 2.210
16 59 0.194
16 60 2.063
16 61 1.708
16 62 1.108
16 63 1.360
16 64 0.990
16 65 1.249
16 66 1.676
16 67 2.218
16 68 2.095
16 69 0.866
16 70 2.071
16 71 1.049
16 72 2.887
16 73 1.426
16 74 0.723
16 75 1.769
16 76 0.809
16 77 2.494
16 78 1.688
16 79 1.950
16 80 1.210
16 81 0.657
16 82 2.338
16 83 0.992
16 84 1.256
16 85 0.472
16 86 1.515
16 87 1.756
16 88 1.287
16 89 0.507
16 90 2.030
16 91 0.784
16 92 1.085
16 93 1.122
16 94 1.812
16 95 1.710
16 96 1.860
16 97 1.396
16 98 2.144
16 99 2.031
17 18 2.535
17 19 1.326
17 20 2.546
17 21 1.015
17 22 1.580
17 23 1.938
17 24 2.213
17 25 0.694
17 26 1.889
17 27 1.425
17 28 2.480
17 29 0.645
17 30 1.007
17 31 2.063
17 32 1.293
17 33 0.286
17 34 1.697
17 35 2.105
17 36 1.122
17 37 2.005
17 38 0.153
17 39 1.051
17 40 1.952
17 41 1.897
17 42 1.759
17 43 1.598
17 44 1.162
17 45 0.810
17 46 1.673
17 47 1.939
17 48 1.306
17 49 1.378
17 50 2.005
17 51 2.222
17 52 0.786
17 53 2.408
17 54 2.511
17 55 2.493
17 56 0.848
17 57 0.885
17 58 2.340
17 59 1.344
17 60 0.961
17 61 1.868
17 62 0.281
17 63 2.621
17 64 2.109
17 65 1.439
17 66 1.411
17 67 0.984
17 68 1.137
17 69 1.854
17 70 1.980
17 71 2.245
17 72 1.758
17 73 0.864
17 74 1.968
17 75 1.402
17 76 1.130
17 77 1.410
17 78 1.491
17 79 1.294
17 80 1.407
17 81 1.887
17 82 1.654
17 83 0.711
17 84 1.560
17 85 1.169
17 86 0.295
17 87 0.744
17 88 2.401
17 89 1.372
17 90 1.286
17 91 0.980
17 92 0.212
17 93 0.305
17 94 0.799
17 95 1.535
17 96 0.901
17 97 2.565
17 98 2.720
17 99 1.392
18 19 3.137
18 20 1.043
18 21 3.143
18 22 1.477
18 23 1.355
18 24 2.166
18 25 1.867
18 26 2.620
18 27 1.271
18 28 2.701
18 29 2.753
18 30 3.321
18 31 2.711
18 32 3.342
18 33 2.821
18 34 3.037
18 35 2.511
18 36 3.373
18 37 0.743
18 38 2.497
18 39 1.873
18 40 1.624
18 41 0.639
18 42 2.773
18 43 1.483
18 44 3.118
18 45 2.953
18 46 1.583
18 47 2.332
18 48 1.534
18 49 3.045
18 50 2.732
18 51 0.695
18 52 2.380
18 53 2.017
18 54 2.712
18 55 0.893
18 56 2.092
18 57 2.338
18 58 3.554
18 59 1.590
18 60 2.996
18 61 1.544
18 62 2.475
18 63 1.349
18 64 1.775
18 65 2.683
18 66 3.156
18 67 3.295
18 68 3.537
18 69 1.934
18 70 3.501
18 71 0.581
18 72 4.276
18 73 2.176
18 74 1.362
18 75 3.255
18 76 2.281
18 77 3.902
18 78 3.160
18 79 3.434
18 80 1.455
18 81 1.422
18 82 3.825
18 83 1.920
18 84 2.655
18 85 1.371
18 86 2.682
18 87 2.688
18 88 1.916
18 89 1.170
18 90 2.633
18 91 2.271
18 92 2.409
18 93 2.501
18 94 2.726
18 95 1.921
18 96 2.715
18 97 0.383
18 98 3.223
18 99 2.535
19 20 2.671
19 21 0.417
19 22 2.704
19 23 1.990
19 24 1.709
19 25 1.506
19 26 1.068
19 27 2.417
19 28 1.674
19 29 1.922
19 30 0.685
19 31 1.190
19 32 0.313
19 33 1.290
19 34 0.536
19 35 1.371
19 36 0.589
19 37 2.870
19 38 1.197
19 39 1.269
19 40 1.826
19 41 2.563
19 42 3.084
19 43 1.713
19 44 0.197
19 45 2.028
19 46 2.836
19 47 3.239
19 48 1.603
19 49 0.162
19 50 1.111
19 51 2.572
19 52 0.811
19 53 2.000
19 54 1.704
19 55 2.694
19 56 1.080
19 57 2.205
19 58 1.066
19 59 1.552
19 60 2.191
19 61 3.021
19 62 1.090
19 63 2.590
19 64 1.858
19 65 0.597
19 66 0.096
19 67 2.024
19 68 0.898
19 69 1.539
19 70 0.661
19 71 2.650
19 72 1.705
19 73 2.160
19 74 2.006
19 75 0.118
19 76 0.863
19 77 1.329
19 78 0.193
19 79 0.456
19 80 2.501
19 81 1.912
19 82 0.752
19 83 1.864
19 84 0.723
19 85 1.924
19 86 1.560
19 87 2.046
19 88 2.052
19 89 2.077
19 90 2.610
19 91 0.868
19 92 1.210
19 93 1.055
19 94 2.097
19 95 2.785
19 96 2.206
19 97 3.001
19 98 1.682
19 99 2.717
20 21 2.811
20 22 2.127
20 23 0.686
20 24 1.276
20 25 1.868
20 26 1.876
20 27 1.776
20 28 1.780
20 29 2.977
20 30 3.055
20 31 1.916
20 32 2.939
20 33 2.812
20 34 2.411
20 35 1.683
20 36 3.064
20 37 1.532
20 38 2.451
20 39 1.574
20 40 0.863
20 41 1.103
20 42 3.378
20 43 1.005
20 44 2.717
20 45 3.189
20 46 2.278
20 47 3.058
20 48 1.253
20 49 2.541
20 50 1.959
20 51 0.485
20 52 2.079
20 53 1.055
20 54 1.785
20 55 0.153
20 56 1.824
20 57 2.708
20 58 2.801
20 59 1.240
20 60 3.280
20 61 2.315
20 62 2.379
20 63 0.306
20 64 0.918
20 65 2.112
20 66 2.659
20 67 3.476
20 68 3.299
20 69 1.187
20 70 2.860
20 71 0.569
20 72 4.122
20 73 2.541
20 74 0.667
20 75 2.782
20 76 1.838
20 77 3.722
20 78 2.632
20 79 3.060
20 80 2.010
20 81 0.761
20 82 3.417
20 83 2.153
20 84 2.035
20 85 1.505
20 86 2.781
20 87 2.963
20 88 0.949
20 89 1.344
20 90 3.110
20 91 1.897
20 92 2.361
20 93 2.391
20 94 3.015
20 95 2.556
20 96 3.043
20 97 0.672
20 98 2.308
20 99 3.062
21 22 2.514
21 23 2.127
21 24 1.994
21 25 1.366
21 26 1.411
21 27 2.272
21 28 2.035
21 29 1.560
21 30 0.293
21 31 1.552
21 32 0.278
21 33 0.921
21 34 0.941
21 35 1.705
21 36 0.255
21 37 2.782
21 38 0.912
21 39 1.287
21 40 2.008
21 41 2.534
21 42 2.748
21 43 1.815
21 44 0.221
21 45 1.646
21 46 2.631
21 47 2.954
21 48 1.638
21 49 0.553
21 50 1.475
21 51 2.642
21 52 0.766
21 53 2.270
21 54 2.066
21 55 2.813
21 56 1.053
21 57 1.898
21 58 1.478
21 59 1.610
21 60 1.809
21 61 2.822
21 62 0.834
21 63 2.773
21 64 2.078
21 65 0.899
21 66 0.512
21 67 1.617
21 68 0.536
21 69 1.761
21 70 1.053
21 71 2.706
21 72 1.380
21 73 1.877
21 74 2.148
21 75 0.440
21 76 0.978
21 77 0.983
21 78 0.611
21 79 0.306
21 80 2.320
21 81 2.053
21 82 0.700
21 83 1.643
21 84 1.042
21 85 1.839
21 86 1.209
21 87 1.693
21 88 2.308
21 89 2.016
21 90 2.273
21 91 0.917
21 92 0.951
21 93 0.797
21 94 1.740
21 95 2.535
21 96 1.852
21 97 3.056
21 98 2.087
21 99 2.394
22 23 1.903
22 24 2.638
22 25 1.206
22 26 2.733
22 27 0.397
22 28 3.117
22 29 1.492
22 30 2.571
22 31 2.888
22 32 2.779
22 33 1.824
22 34 2.868
22 35 2.791
22 36 2.673
22 37 0.736
22 38 1.629
22 39 1.632
22 40 2.111
22 41 1.033
22 42 1.300
22 43 1.728
22 44 2.595
22 45 1.656
22 46 0.167
22 47 0.931
22 48 1.502
22 49 2.687
22 50 2.867
22 51 1.645
22 52 1.909
22 53 2.659
22 54 3.140
22 55 1.996
22 56 1.694
22 57 0.986
22 58 3.512
22 59 1.601
22 60 1.651
22 61 0.320
22 62 1.684
22 63 2.367
22 64 2.320
22 65 2.510
22 66 2.765
22 67 2.018
22 68 2.717
22 69 2.263
22 70 3.276
22 71 1.582
22 72 3.274
22 73 0.859
22 74 1.931
22 75 2.809
22 76 2.048
22 77 2.964
22 78 2.814
22 79 2.816
22 80 0.209
22 81 1.914
22 82 3.200
22 83 0.878
22 84 2.563
22 85 0.938
22 86 1.578
22 87 1.382
22 88 2.591
22 89 0.939
22 90 1.177
22 91 1.945
22 92 1.572
22 93 1.720
22 94 1.403
22 95 0.448
22 96 1.356
22 97 1.727
22 98 3.547
22 99 1.064
23 24 0.834
23 25 1.299
23 26 1.280
23 27 1.509
23 28 1.368
23 29 2.437
23 30 2.374
23 31 1.359
23 32 2.254
23 33 2.188
23 34 1.763
23 35 1.156
23 36 2.380
23 37 1.515
23 38 1.827
23 39 0.916
23 40 0.271
23 41 1.044
23 42 3.030
23 43 0.342
23 44 2.031
23 45 2.645
23 46 2.068
23 47 2.812
23 48 0.637
23 49 1.864
23 50 1.385
23 51 0.671
23 52 1.403
23 53 0.769
23 54 1.383
23 55 0.707
23 56 1.162
23 57 2.253
23 58 2.219
23 59 0.595
23 60 2.755
23 61 2.161
23 62 1.742
23 63 0.686
23 64 0.452
23 65 1.444
23 66 1.982
23 67 2.902
23 68 2.619
23 69 0.583
23 70 2.222
23 71 0.779
23 72 3.448
23 73 2.095
23 74 0.032
23 75 2.103
23 76 1.153
23 77 3.047
23 78 1.960
23 79 2.375
23 80 1.735
23 81 0.078
23 82 2.734
23 83 1.669
23 84 1.380
23 85 1.066
23 86 2.196
23 87 2.447
23 88 0.692
23 89 0.978
23 90 2.693
23 91 1.215
23 92 1.740
23 93 1.749
23 94 2.502
23 95 2.276
23 96 2.548
23 97 1.096
23 98 1.879
23 99 2.678
24 25 1.744
24 26 0.690
24 27 2.242
24 28 0.536
24 29 2.817
24 30 2.281
24 31 0.672
24 32 2.018
24 33 2.396
24 34 1.294
24 35 0.427
24 36 2.238
24 37 2.336
24 38 2.070
24 39 1.211
24 40 0.568
24 41 1.870
24 42 3.632
24 43 0.911
24 44 1.827
24 45 3.008
24 46 2.805
24 47 3.503
24 48 1.161
24 49 1.551
24 50 0.731
24 51 1.471
24 52 1.474
24 53 0.301
24 54 0.550
24 55 1.376
24 56 1.368
24 57 2.773
24 58 1.552
24 59 1.066
24 60 3.145
24 61 2.922
24 62 1.952
24 63 1.062
24 64 0.392
24 65 1.114
24 66 1.662
24 67 3.190
24 68 2.529
24 69 0.391
24 70 1.691
24 71 1.586
24 72 3.373
24 73 2.636
24 74 0.819
24 75 1.799
24 76 1.120
24 77 2.977
24 78 1.602
24 79 2.158
24 80 2.450
24 81 0.785
24 82 2.444
24 83 2.198
24 84 0.986
24 85 1.720
24 86 2.505
24 87 2.868
24 88 0.380
24 89 1.701
24 90 3.237
24 91 1.257
24 92 2.002
24 93 1.944
24 94 2.927
24 95 2.962
24 96 2.998
24 97 1.864
24 98 1.057
24 99 3.258
25 26 1.626
25 27 0.914
25 28 2.122
25 29 1.138
25 30 1.490
25 31 1.796
25 32 1.613
25 33 0.974
25 34 1.671
25 35 1.758
25 36 1.565
25 37 1.420
25 38 0.632
25 39 0.542
25 40 1.367
25 41 1.231
25 42 1.907
25 43 0.975
25 44 1.413
25 45 1.346
25 46 1.348
25 47 1.877
25 48 0.666
25 49 1.481
25 50 1.759
25 51 1.529
25 52 0.703
25 53 1.879
25 54 2.150
25 55 1.807
25 56 0.505
25 57 1.030
25 58 2.324
25 59 0.730
25 60 1.459
25 61 1.525
25 62 0.610
25 63 1.968
25 64 1.551
25 65 1.324
25 66 1.562
25 67 1.612
25 68 1.687
25 69 1.356
25 70 2.070
25 71 1.552
25 72 2.409
25 73 0.899
25 74 1.330
25 75 1.614
25 76 0.875
25 77 2.035
25 78 1.609
25 79 1.672
25 80 1.000
25 81 1.260
25 82 2.066
25 83 0.471
25 84 1.395
25 85 0.500
25 86 0.913
25 87 1.156
25 88 1.851
25 89 0.698
25 90 1.495
25 91 0.753
25 92 0.543
25 93 0.637
25 94 1.214
25 95 1.362
25 96 1.271
25 97 1.875
25 98 2.474
25 99 1.527
26 27 2.358
26 28 0.629
26 29 2.532
26 30 1.703
26 31 0.175
26 32 1.381
26 33 2.005
26 34 0.607
26 35 0.304
26 36 1.637
26 37 2.612
26 38 1.737
26 39 1.111
26 40 1.031
26 41 2.189
26 42 3.516
26 43 1.161
26 44 1.216
26 45 2.698
26 46 2.894
26 47 3.498
26 48 1.262
26 49 0.906
26 50 0.134
26 51 1.949
26 52 1.104
26 53 0.991
26 54 0.660
26 55 1.947
26 56 1.139
26 57 2.615
26 58 0.939
26 59 1.167
26 60 2.850
26 61 3.044
26 62 1.609
26 63 1.710
26 64 0.964
26 65 0.517
26 66 1.008
26 67 2.812
26 68 1.941
26 69 0.701
26 70 1.006
26 71 2.054
26 72 2.769
26 73 2.507
26 74 1.281
26 75 1.144
26 76 0.779
26 77 2.384
26 78 0.936
26 79 1.524
26 80 2.528
26 81 1.207
26 82 1.776
26 83 2.095
26 84 0.372
26 85 1.800
26 86 2.182
26 87 2.614
26 88 1.066
26 89 1.859
26 90 3.076
26 91 0.927
26 92 1.692
26 93 1.589
26 94 2.672
26 95 2.972
26 96 2.762
26 97 2.377
26 98 0.851
26 99 3.133
27 28 2.724
27 29 1.505
27 30 2.368
27 31 2.509
27 32 2.525
27 33 1.696
27 34 2.532
27 35 2.403
27 36 2.456
27 37 0.602
27 38 1.439
27 39 1.273
27 40 1.714
27 41 0.719
27 42 1.605
27 43 1.331
27 44 2.327
27 45 1.697
27 46 0.564
27 47 1.308
27 48 1.113
27 49 2.383
27 50 2.492
27 51 1.304
27 52 1.608
27 53 2.263
27 54 2.748
27 55 1.653
27 56 1.366
27 57 1.067
27 58 3.166
27 59 1.212
27 60 1.730
27 61 0.689
27 62 1.467
27 63 1.999
27 64 1.923
27 65 2.168
27 66 2.470
27 67 2.048
27 68 2.540
27 69 1.869
27 70 2.956
27 71 1.255
27 72 3.174
27 73 0.907
27 74 1.537
27 75 2.526
27 76 1.703
27 77 2.834
27 78 2.510
27 79 2.578
27 80 0.235
27 81 1.518
27 82 2.970
27 83 0.724
27 84 2.210
27 85 0.558
27 86 1.496
27 87 1.427
27 88 2.196
27 89 0.542
27 90 1.384
27 91 1.613
27 92 1.367
27 93 1.501
27 94 1.462
27 95 0.785
27 96 1.445
27 97 1.453
27 98 3.163
27 99 1.309
28 29 3.114
28 30 2.327
28 31 0.484
28 32 1.985
28 33 2.617
28 34 1.165
28 35 0.375
28 36 2.254
28 37 2.859
28 38 2.328
28 39 1.581
28 40 1.099
28 41 2.398
28 42 4.029
28 43 1.407
28 44 1.834
28 45 3.290
28 46 3.283
28 47 3.949
28 48 1.617
28 49 1.513
28 50 0.563
28 51 2.006
28 52 1.698
28 53 0.730
28 54 0.031
28 55 1.892
28 56 1.676
28 57 3.144
28 58 1.188
28 59 1.517
28 60 3.438
28 61 3.411
28 62 2.203
28 63 1.534
28 64 0.927
28 65 1.146
28 66 1.604
28 67 3.424
28 68 2.561
28 69 0.860
28 70 1.450
28 71 2.121
28 72 3.379
28 73 3.021
28 74 1.354
28 75 1.737
28 76 1.350
28 77 3.000
28 78 1.521
28 79 2.128
28 80 2.921
28 81 1.316
28 82 2.342
28 83 2.591
28 84 1.001
28 85 2.183
28 86 2.775
28 87 3.185
28 88 0.834
28 89 2.189
28 90 3.609
28 91 1.500
28 92 2.275
28 93 2.186
28 94 3.244
28 95 3.412
28 96 3.326
28 97 2.392
28 98 0.528
28 99 3.649
29 30 1.457
29 31 2.706
29 32 1.830
29 33 0.639
29 34 2.331
29 35 2.739
29 36 1.593
29 37 2.104
29 38 0.798
29 39 1.618
29 40 2.497
29 41 2.140
29 42 1.205
29 43 2.112
29 44 1.741
29 45 0.211
29 46 1.522
29 47 1.522
29 48 1.804
29 49 1.995
29 50 2.649
29 51 2.588
29 52 1.428
29 53 2.989
29 54 3.145
29 55 2.899
29 56 1.453
29 57 0.524
29 58 2.964
29 59 1.864
29 60 0.328
29 61 1.707
29 62 0.926
29 63 3.099
29 64 2.672
29 65 2.084
29 66 2.013
29 67 0.544
29 68 1.494
29 69 2.444
29 70 2.583
29 71 2.586
29 72 1.844
29 73 0.633
29 74 2.468
29 75 1.983
29 76 1.764
29 77 1.598
29 78 2.099
29 79 1.795
29 80 1.387
29 81 2.398
29 82 2.102
29 83 0.848
29 84 2.206
29 85 1.487
29 86 0.365
29 87 0.149
29 88 2.971
29 89 1.674
29 90 0.738
29 91 1.615
29 92 0.841
29 93 0.950
29 94 0.183
29 95 1.267
29 96 0.297
29 97 2.866
29 98 3.365
29 99 0.885
30 31 1.844
30 32 0.439
30 33 0.835
30 34 1.219
30 35 1.997
30 36 0.140
30 37 2.908
30 38 0.942
30 39 1.502
30 40 2.271
30 41 2.698
30 42 2.661
30 43 2.051
30 44 0.500
30 45 1.509
30 46 2.674
30 47 2.921
30 48 1.849
30 49 0.834
30 50 1.767
30 51 2.857
30 52 0.980
30 53 2.554
30 54 2.358
30 55 3.048
30 56 1.256
30 57 1.858
30 58 1.715
30 59 1.833
30 60 1.667
30 61 2.868
30 62 0.900
30 63 3.032
30 64 2.352
30 65 1.192
30 66 0.775
30 67 1.424
30 68 0.250
30 69 2.036
30 70 1.272
30 71 2.913
30 72 1.097
30 73 1.863
30 74 2.396
30 75 0.676
30 76 1.238
30 77 0.697
30 78 0.874
30 79 0.354
30 80 2.388
30 81 2.302
30 82 0.654
30 83 1.694
30 84 1.334
30 85 1.982
30 86 1.135
30 87 1.600
30 88 2.589
30 89 2.170
30 90 2.191
30 91 1.159
30 92 1.004
30 93 0.867
30 94 1.640
30 95 2.541
30 96 1.754
30 97 3.261
30 98 2.367
30 99 2.326
31 32 1.502
31 33 2.175
31 34 0.691
31 35 0.246
31 36 1.770
31 37 2.741
31 38 1.910
31 39 1.274
31 40 1.098
31 41 2.307
31 42 3.689
31 43 1.277
31 44 1.350
31 45 2.871
31 46 3.050
31 47 3.664
31 48 1.405
31 49 1.029
31 50 0.079
31 51 2.030
31 52 1.278
31 53 0.965
31 54 0.514
31 55 1.999
31 56 1.312
31 57 2.789
31 58 0.886
31 59 1.307
31 60 3.024
31 61 3.197
31 62 1.782
31 63 1.727
31 64 0.999
31 65 0.672
31 66 1.122
31 67 2.982
31 68 2.077
31 69 0.777
31 70 1.033
31 71 2.138
31 72 2.895
31 73 2.679
31 74 1.356
31 75 1.256
31 76 0.954
31 77 2.516
31 78 1.042
31 79 1.645
31 80 2.684
31 81 1.290
31 82 1.871
31 83 2.265
31 84 0.530
31 85 1.952
31 86 2.356
31 87 2.789
31 88 1.051
31 89 2.001
31 90 3.250
31 91 1.101
31 92 1.866
31 93 1.762
31 94 2.847
31 95 3.136
31 96 2.936
31 97 2.450
31 98 0.679
31 99 3.306
32 33 1.191
32 34 0.833
32 35 1.685
32 36 0.314
32 37 3.018
32 38 1.188
32 39 1.471
32 40 2.107
32 41 2.746
32 42 3.023
32 43 1.961
32 44 0.226
32 45 1.907
32 46 2.899
32 47 3.232
32 48 1.817
32 49 0.475
32 50 1.422
32 51 2.809
32 52 0.967
32 53 2.307
32 54 2.014
32 55 2.954
32 56 1.253
32 57 2.176
32 58 1.279
32 59 1.778
32 60 2.068
32 61 3.089
32 62 1.106
32 63 2.874
32 64 2.152
32 65 0.904
32 66 0.382
32 67 1.852
32 68 0.611
32 69 1.832
32 70 0.834
32 71 2.880
32 72 1.395
32 73 2.155
32 74 2.273
32 75 0.257
32 76 1.106
32 77 1.026
32 78 0.472
32 79 0.143
32 80 2.583
32 81 2.178
32 82 0.486
32 83 1.913
32 84 1.034
32 85 2.070
32 86 1.483
32 87 1.965
32 88 2.356
32 89 2.239
32 90 2.548
32 91 1.079
32 92 1.224
32 93 1.069
32 94 2.011
32 95 2.811
32 96 2.123
32 97 3.232
32 98 1.968
32 99 2.670
33 34 1.728
33 35 2.246
33 36 0.966
33 37 2.283
33 38 0.362
33 39 1.283
33 40 2.182
33 41 2.183
33 42 1.835
33 43 1.846
33 44 1.105
33 45 0.739
33 46 1.905
33 47 2.089
33 48 1.563
33 49 1.374
33 50 2.111
33 51 2.500
33 52 0.928
33 53 2.610
33 54 2.648
33 55 2.764
33 56 1.058
33 57 1.027
33 58 2.344
33 59 1.593
33 60 0.902
33 61 2.100
33 62 0.454
33 63 2.873
33 64 2.327
33 65 1.521
33 66 1.383
33 67 0.808
33 68 0.917
33 69 2.055
33 70 1.951
33 71 2.526
33 72 1.478
33 73 1.047
33 74 2.217
33 75 1.346
33 76 1.284
33 77 1.143
33 78 1.472
33 79 1.162
33 80 1.663
33 81 2.133
33 82 1.488
33 83 0.975
33 84 1.654
33 85 1.454
33 86 0.300
33 87 0.775
33 88 2.612
33 89 1.657
33 90 1.361
33 91 1.141
33 92 0.451
33 93 0.456
33 94 0.820
33 95 1.733
33 96 0.932
33 97 2.848
33 98 2.809
33 99 1.492
34 35 0.905
34 36 1.125
34 37 2.898
34 38 1.550
34 39 1.272
34 40 1.548
34 41 2.526
34 42 3.435
34 43 1.556
34 44 0.722
34 45 2.463
34 46 3.016
34 47 3.517
34 48 1.545
34 49 0.388
34 50 0.612
34 51 2.406
34 52 0.993
34 53 1.595
34 54 1.193
34 55 2.462
34 56 1.174
34 57 2.534
34 58 0.658
34 59 1.467
34 60 2.625
34 61 3.187
34 62 1.427
34 63 2.278
34 64 1.526
34 65 0.369
34 66 0.452
34 67 2.504
34 68 1.433
34 69 1.226
34 70 0.464
34 71 2.500
34 72 2.226
34 73 2.459
34 74 1.772
34 75 0.578
34 76 0.831
34 77 1.859
34 78 0.361
34 79 0.974
34 80 2.659
34 81 1.685
34 82 1.180
34 83 2.101
34 84 0.385
34 85 1.991
34 86 1.966
34 87 2.440
34 88 1.664
34 89 2.103
34 90 2.970
34 91 0.923
34 92 1.536
34 93 1.397
34 94 2.494
34 95 3.024
34 96 2.597
34 97 2.841
34 98 1.148
34 99 3.057
35 36 1.935
35 37 2.589
35 38 1.954
35 39 1.219
35 40 0.888
35 41 2.141
35 42 3.665
35 43 1.119
35 44 1.515
35 45 2.915
35 46 2.955
35 47 3.602
35 48 1.290
35 49 1.210
35 50 0.310
35 51 1.823
35 52 1.324
35 53 0.720
35 54 0.406
35 55 1.771
35 56 1.304
35 57 2.775
35 58 1.127
35 59 1.191
35 60 3.063
35 61 3.092
35 62 1.828
35 63 1.485
35 64 0.768
35 65 0.806
35 66 1.312
35 67 3.053
35 68 2.237
35 69 0.586
35 70 1.274
35 71 1.933
35 72 3.069
35 73 2.655
35 74 1.150
35 75 1.448
35 76 0.976
35 77 2.682
35 78 1.240
35 79 1.828
35 80 2.591
35 81 1.091
35 82 2.079
35 83 2.228
35 84 0.663
35 85 1.853
35 86 2.400
35 87 2.810
35 88 0.806
35 89 1.878
35 90 3.240
35 91 1.125
35 92 1.900
35 93 1.813
35 94 2.869
35 95 3.067
35 96 2.952
35 97 2.236
35 98 0.762
35 99 3.283
36 37 2.985
36 38 1.046
36 39 1.531
36 40 2.262
36 41 2.757
36 42 2.796
36 43 2.066
36 44 0.421
36 45 1.648
36 46 2.780
36 47 3.047
36 48 1.881
36 49 0.745
36 50 1.692
36 51 2.887
36 52 1.007
36 53 2.518
36 54 2.284
36 55 3.064
36 56 1.291
36 57 1.984
36 58 1.592
36 59 1.857
36 60 1.807
36 61 2.974
36 62 0.992
36 63 3.028
36 64 2.332
36 65 1.134
36 66 0.674
36 67 1.562
36 68 0.309
36 69 2.013
36 70 1.146
36 71 2.948
36 72 1.136
36 73 1.983
36 74 2.401
36 75 0.563
36 76 1.232
36 77 0.747
36 78 0.770
36 79 0.215
36 80 2.486
36 81 2.307
36 82 0.532
36 83 1.796
36 84 1.273
36 85 2.050
36 86 1.266
36 87 1.735
36 88 2.558
36 89 2.233
36 90 2.325
36 91 1.168
36 92 1.102
36 93 0.957
36 94 1.776
36 95 2.658
36 96 1.890
36 97 3.298
36 98 2.269
36 99 2.458
37 38 2.003
37 39 1.632
37 40 1.770
37 41 0.473
37 42 2.029
37 43 1.470
37 44 2.807
37 45 2.292
37 46 0.840
37 47 1.600
37 48 1.365
37 49 2.811
37 50 2.740
37 51 1.054
37 52 2.063
37 53 2.278
37 54 2.878
37 55 1.385
37 56 1.790
37 57 1.646
37 58 3.494
37 59 1.453
37 60 2.316
37 61 0.817
37 62 2.014
37 63 1.809
37 64 1.966
37 65 2.529
37 66 2.910
37 67 2.647
37 68 3.096
37 69 2.010
37 70 3.346
37 71 0.963
37 72 3.762
37 73 1.493
37 74 1.535
37 75 2.984
37 76 2.075
37 77 3.413
37 78 2.936
37 79 3.086
37 80 0.740
37 81 1.553
37 82 3.481
37 83 1.320
37 84 2.541
37 85 0.948
37 86 2.095
37 87 2.020
37 88 2.192
37 89 0.799
37 90 1.903
37 91 2.018
37 92 1.924
37 93 2.046
37 94 2.052
37 95 1.178
37 96 2.026
37 97 1.026
37 98 3.346
37 99 1.798
38 39 0.926
38 40 1.827
38 41 1.859
38 42 1.895
38 43 1.485
38 44 1.041
38 45 0.962
38 46 1.734
38 47 2.050
38 48 1.201
38 49 1.240
38 50 1.852
38 51 2.146
38 52 0.633
38 53 2.271
38 54 2.359
38 55 2.404
38 56 0.711
38 57 1.008
38 58 2.196
38 59 1.232
38 60 1.114
38 61 1.928
38 62 0.128
38 63 2.512
38 64 1.978
38 65 1.287
38 66 1.279
38 67 1.121
38 68 1.101
38 69 1.716
38 70 1.846
38 71 2.177
38 72 1.780
38 73 0.969
38 74 1.856
38 75 1.279
38 76 0.979
38 77 1.414
38 78 1.356
38 79 1.203
38 80 1.446
38 81 1.773
38 82 1.576
38 83 0.752
38 84 1.408
38 85 1.126
38 86 0.447
38 87 0.893
38 88 2.267
38 89 1.327
38 90 1.424
38 91 0.830
38 92 0.091
38 93 0.154
38 94 0.950
38 95 1.623
38 96 1.049
38 97 2.504
38 98 2.567
38 99 1.524
39 40 0.902
39 41 1.295
39 42 2.449
39 43 0.575
39 44 1.246
39 45 1.816
39 46 1.790
39 47 2.391
39 48 0.350
39 49 1.191
39 50 1.245
39 51 1.357
39 52 0.524
39 53 1.371
39 54 1.609
39 55 1.553
39 56 0.250
39 57 1.570
39 58 1.894
39 59 0.335
39 60 1.946
39 61 1.948
39 62 0.831
39 63 1.600
39 64 1.061
39 65 0.904
39 66 1.296
39 67 2.033
39 68 1.739
39 69 0.829
39 70 1.716
39 71 1.419
39 72 2.550
39 73 1.441
39 74 0.943
39 75 1.386
39 76 0.444
39 77 2.152
39 78 1.312
39 79 1.569
39 80 1.425
39 81 0.855
39 82 1.955
39 83 1.010
39 84 0.937
39 85 0.722
39 86 1.329
39 87 1.660
39 88 1.356
39 89 0.834
39 90 2.035
39 91 0.400
39 92 0.844
39 93 0.836
39 94 1.719
39 95 1.862
39 96 1.788
39 97 1.769
39 98 1.949
39 99 2.069
40 41 1.303
40 42 3.182
40 43 0.409
40 44 1.889
40 45 2.701
40 46 2.278
40 47 3.002
40 48 0.712
40 49 1.689
40 50 1.128
40 51 0.935
40 52 1.330
40 53 0.552
40 54 1.115
40 55 0.919
40 56 1.127
40 57 2.367
40 58 1.968
40 59 0.637
40 60 2.822
40 61 2.383
40 62 1.728
40 63 0.768
40 64 0.209
40 65 1.253
40 66 1.808
40 67 2.932
40 68 2.520
40 69 0.330
40 70 1.999
40 71 1.046
40 72 3.361
40 73 2.216
40 74 0.262
40 75 1.934
40 76 1.033
40 77 2.958
40 78 1.775
40 79 2.235
40 80 1.932
40 81 0.218
40 82 2.577
40 83 1.781
40 84 1.172
40 85 1.226
40 86 2.227
40 87 2.523
40 88 0.498
40 89 1.173
40 90 2.820
40 91 1.123
40 92 1.746
40 93 1.731
40 94 2.581
40 95 2.462
40 96 2.637
40 97 1.352
40 98 1.608
40 99 2.820
41 42 2.314
41 43 1.030
41 44 2.526
41 45 2.344
41 46 1.178
41 47 1.959
41 48 0.983
41 49 2.485
41 50 2.313
41 51 0.618
41 52 1.780
41 53 1.805
41 54 2.416
41 55 0.966
41 56 1.494
41 57 1.758
41 58 3.094
41 59 1.059
41 60 2.399
41 61 1.214
41 62 1.840
41 63 1.362
41 64 1.496
41 65 2.160
41 66 2.591
41 67 2.678
41 68 2.909
41 69 1.558
41 70 2.984
41 71 0.549
41 72 3.639
41 73 1.592
41 74 1.064
41 75 2.680
41 76 1.727
41 77 3.267
41 78 2.605
41 79 2.831
41 80 0.941
41 81 1.086
41 82 3.225
41 83 1.296
41 84 2.155
41 85 0.733
41 86 2.049
41 87 2.086
41 88 1.718
41 89 0.533
41 90 2.101
41 91 1.695
41 92 1.772
41 93 1.867
41 94 2.128
41 95 1.472
41 96 2.127
41 97 0.740
41 98 2.893
41 99 2.027
42 43 2.773
42 44 2.914
42 45 1.194
42 46 1.192
42 47 0.576
42 48 2.483
42 49 3.135
42 50 3.645
42 51 2.908
42 52 2.460
42 53 3.727
42 54 4.058
42 55 3.258
42 56 2.377
42 57 0.906
42 58 4.088
42 59 2.572
42 60 1.063
42 61 1.269
42 62 2.013
42 63 3.588
42 64 3.385
42 65 3.139
42 66 3.170
42 67 1.456
42 68 2.693
42 69 3.241
42 70 3.739
42 71 2.858
42 72 2.919
42 73 1.010
42 74 3.061
42 75 3.156
42 76 2.741
42 77 2.744
42 78 3.249
42 79 2.996
42 80 1.375
42 81 3.020
42 82 3.306
42 83 1.439
42 84 3.240
42 85 1.965
42 86 1.540
42 87 1.062
42 88 3.680
42 89 2.069
42 90 0.475
42 91 2.599
42 92 1.900
42 93 2.045
42 94 1.022
42 95 0.853
42 96 0.908
42 97 3.026
42 98 4.367
42 99 0.383
43 44 1.736
43 45 2.318
43 46 1.895
43 47 2.604
43 48 0.310
43 49 1.600
43 50 1.283
43 51 0.862
43 52 1.074
43 53 0.956
43 54 1.428
43 55 0.999
43 56 0.823
43 57 1.961
43 58 2.080
43 59 0.254
43 60 2.433
43 61 2.012
43 62 1.399
43 63 1.028
43 64 0.613
43 65 1.209
43 66 1.717
43 67 2.567
43 68 2.294
43 69 0.548
43 70 2.019
43 71 0.948
43 72 3.117
43 73 1.808
43 74 0.371
43 75 1.829
43 76 0.856
43 77 2.717
43 78 1.706
43 79 2.075
43 80 1.542
43 81 0.289
43 82 2.445
43 83 1.374
43 84 1.172
43 85 0.822
43 86 1.860
43 87 2.130
43 88 0.907
43 89 0.790
43 90 2.412
43 91 0.897
43 92 1.399
43 93 1.407
43 94 2.186
43 95 2.063
43 96 2.238
43 97 1.296
43 98 1.879
43 99 2.410
44 45 1.840
44 46 2.721
44 47 3.091
44 48 1.592
44 49 0.334
44 50 1.272
44 51 2.583
44 52 0.748
44 53 2.110
44 54 1.865
44 55 2.729
44 56 1.033
44 57 2.046
44 58 1.262
44 59 1.552
44 60 2.003
44 61 2.909
44 62 0.944
44 63 2.657
44 64 1.942
44 65 0.716
44 66 0.293
44 67 1.828
44 68 0.726
44 69 1.622
44 70 0.848
44 71 2.654
44 72 1.555
44 73 2.010
44 74 2.050
44 75 0.242
44 76 0.881
44 77 1.168
44 78 0.391
44 79 0.345
44 80 2.396
44 81 1.956
44 82 0.712
44 83 1.739
44 84 0.854
44 85 1.859
44 86 1.382
44 87 1.869
44 88 2.155
44 89 2.023
44 90 2.440
44 91 0.853
44 92 1.064
44 93 0.908
44 94 1.918
44 95 2.650
44 96 2.028
44 97 3.006
44 98 1.869
44 99 2.553
45 46 1.672
45 47 1.581
45 48 2.011
45 49 2.113
45 50 2.811
45 51 2.799
45 52 1.595
45 53 3.187
45 54 3.321
45 55 3.110
45 56 1.641
45 57 0.672
45 58 3.083
45 59 2.069
45 60 0.163
45 61 1.850
45 62 1.089
45 63 3.309
45 64 2.874
45 65 2.235
45 66 2.121
45 67 0.362
45 68 1.510
45 69 2.639
45 70 2.688
45 71 2.796
45 72 1.760
45 73 0.805
45 74 2.676
45 75 2.079
45 76 1.939
45 77 1.554
45 78 2.211
45 79 1.857
45 80 1.566
45 81 2.605
45 82 2.136
45 83 1.057
45 84 2.362
45 85 1.697
45 86 0.516
45 87 0.275
45 88 3.171
45 89 1.884
45 90 0.759
45 91 1.790
45 92 1.016
45 93 1.109
45 94 0.256
45 95 1.392
45 96 0.336
45 97 3.073
45 98 3.522
45 99 0.923
46 47 0.781
46 48 1.667
46 49 2.824
46 50 3.028
46 51 1.794
46 52 2.049
46 53 2.826
46 54 3.307
46 55 2.144
46 56 1.842
46 57 1.002
46 58 3.663
46 59 1.767
46 60 1.650
46 61 0.195
46 62 1.797
46 63 2.523
46 64 2.487
46 65 2.660
46 66 2.900
46 67 2.033
46 68 2.809
46 69 2.430
46 70 3.418
46 71 1.726
46 72 3.334
46 73 0.897
46 74 2.096
46 75 2.938
46 76 2.200
46 77 3.037
46 78 2.952
46 79 2.930
46 80 0.366
46 81 2.080
46 82 3.310
46 83 0.987
46 84 2.717
46 85 1.103
46 86 1.644
46 87 1.402
46 88 2.758
46 89 1.107
46 90 1.126
46 91 2.093
46 92 1.682
46 93 1.834
46 94 1.416
46 95 0.351
46 96 1.357
46 97 1.853
46 98 3.711
46 99 0.995
47 48 2.343
47 49 3.263
47 50 3.631
47 51 2.575
47 52 2.524
47 53 3.553
47 54 3.976
47 55 2.924
47 56 2.379
47 57 1.063
47 58 4.175
47 59 2.440
47 60 1.486
47 61 0.788
47 62 2.149
47 63 3.298
47 64 3.210
47 65 3.187
47 66 3.317
47 67 1.899
47 68 2.996
47 69 3.116
47 70 3.871
47 71 2.507
47 72 3.341
47 73 1.081
47 74 2.841
47 75 3.327
47 76 2.750
47 77 3.118
47 78 3.385
47 79 3.230
47 80 1.077
47 81 2.816
47 82 3.575
47 83 1.420
47 84 3.268
47 85 1.784
47 86 1.790
47 87 1.373
47 88 3.492
47 89 1.835
47 90 0.831
47 91 2.622
47 92 2.030
47 93 2.185
47 94 1.354
47 95 0.541
47 96 1.251
47 97 2.624
47 98 4.340
47 99 0.661
48 49 1.513
48 50 1.394
48 51 1.008
48 52 0.874
48 53 1.246
48 54 1.641
48 55 1.219
48 56 0.594
48 57 1.656
48 58 2.129
48 59 0.100
48 60 2.124
48 61 1.802
48 62 1.126
48 63 1.316
48 64 0.907
48 65 1.178
48 66 1.623
48 67 2.265
48 68 2.084
48 69 0.773
48 70 2.002
48 71 1.068
48 72 2.887
48 73 1.506
48 74 0.668
48 75 1.721
48 76 0.750
48 77 2.491
48 78 1.630
48 79 1.918
48 80 1.305
48 81 0.594
48 82 2.302
48 83 1.070
48 84 1.179
48 85 0.566
48 86 1.560
48 87 1.820
48 88 1.206
48 89 0.597
48 90 2.110
48 91 0.740
48 92 1.113
48 93 1.138
48 94 1.877
48 95 1.803
48 96 1.929
48 97 1.419
48 98 2.050
48 99 2.115
49 50 0.950
49 51 2.462
49 52 0.778
49 53 1.844
49 54 1.543
49 55 2.570
49 56 1.025
49 57 2.245
49 58 0.970
49 59 1.455
49 60 2.276
49 61 3.005
49 62 1.125
49 63 2.450
49 64 1.712
49 65 0.445
49 66 0.119
49 67 2.132
49 68 1.054
49 69 1.394
49 70 0.609
49 71 2.544
49 72 1.866
49 73 2.188
49 74 1.878
49 75 0.250
49 76 0.764
49 77 1.488
49 78 0.128
49 79 0.618
49 80 2.481
49 81 1.786
49 82 0.899
49 83 1.868
49 84 0.565
49 85 1.872
49 86 1.630
49 87 2.112
49 88 1.899
49 89 2.014
49 90 2.664
49 91 0.795
49 92 1.242
49 93 1.092
49 94 2.165
49 95 2.793
49 96 2.272
49 97 2.894
49 98 1.535
49 99 2.763
50 51 2.055
50 52 1.222
50 53 1.028
50 54 0.593
50 55 2.037
50 56 1.269
50 57 2.743
50 58 0.843
50 59 1.298
50 60 2.966
50 61 3.178
50 62 1.724
50 63 1.778
50 64 1.042
50 65 0.601
50 66 1.042
50 67 2.916
50 68 1.999
50 69 0.802
50 70 0.964
50 71 2.162
50 72 2.816
50 73 2.637
50 74 1.384
50 75 1.176
50 76 0.906
50 77 2.437
50 78 0.962
50 79 1.565
50 80 2.662
50 81 1.313
50 82 1.793
50 83 2.227
50 84 0.460
50 85 1.934
50 86 2.297
50 87 2.734
50 88 1.111
50 89 1.991
50 90 3.203
50 91 1.051
50 92 1.810
50 93 1.703
50 94 2.792
50 95 3.106
50 96 2.883
50 97 2.479
50 98 0.723
50 99 3.262
51 52 1.881
51 53 1.329
51 54 2.017
51 55 0.351
51 56 1.601
51 57 2.276
51 58 2.887
51 59 1.033
51 60 2.877
51 61 1.831
51 62 2.093
51 63 0.755
51 64 1.080
51 65 2.068
51 66 2.578
51 67 3.106
51 68 3.091
51 69 1.253
51 70 2.869
51 71 0.116
51 72 3.883
51 73 2.108
51 74 0.674
51 75 2.688
51 76 1.710
51 77 3.492
51 78 2.568
51 79 2.916
51 80 1.535
51 81 0.742
51 82 3.294
51 83 1.746
51 84 2.021
51 85 1.102
51 86 2.429
51 87 2.559
51 88 1.230
51 89 0.919
51 90 2.659
51 91 1.732
51 92 2.055
51 93 2.111
51 94 2.608
51 95 2.078
51 96 2.626
51 97 0.435
51 98 2.528
51 99 2.602
52 53 1.702
52 54 1.729
52 55 2.068
52 56 0.288
52 57 1.554
52 58 1.652
52 59 0.853
52 60 1.747
52 61 2.228
52 62 0.506
52 63 2.075
52 64 1.445
52 65 0.679
52 66 0.862
52 67 1.732
52 68 1.221
52 69 1.151
52 70 1.370
52 71 1.942
52 72 2.045
52 73 1.470
52 74 1.428
52 75 0.924
52 76 0.356
52 77 1.644
52 78 0.906
52 79 1.054
52 80 1.703
52 81 1.335
52 82 1.446
52 83 1.109
52 84 0.787
52 85 1.115
52 86 1.079
52 87 1.513
52 88 1.715
52 89 1.276
52 90 2.003
52 91 0.218
52 92 0.589
52 93 0.488
52 94 1.571
52 95 2.034
52 96 1.664
52 97 2.291
52 98 1.940
52 99 2.078
53 54 0.732
53 55 1.174
53 56 1.560
53 57 2.897
53 58 1.835
53 59 1.162
53 60 3.316
53 61 2.926
53 62 2.159
53 63 0.806
53 64 0.343
53 65 1.403
53 66 1.957
53 67 3.391
53 68 2.803
53 69 0.555
53 70 1.990
53 71 1.445
53 72 3.649
53 73 2.751
53 74 0.745
53 75 2.093
53 76 1.358
53 77 3.251
53 78 1.899
53 79 2.446
53 80 2.483
53 81 0.747
53 82 2.740
53 83 2.313
53 84 1.280
53 85 1.776
53 86 2.694
53 87 3.027
53 88 0.105
53 89 1.723
53 90 3.355
53 91 1.484
53 92 2.197
53 93 2.155
53 94 3.086
53 95 3.014
53 96 3.149
53 97 1.686
53 98 1.255
53 99 3.361
54 55 1.898
54 56 1.706
54 57 3.173
54 58 1.205
54 59 1.542
54 60 3.469
54 61 3.434
54 62 2.234
54 63 1.536
54 64 0.940
54 65 1.177
54 66 1.633
54 67 3.455
54 68 2.591
54 69 0.881
54 70 1.473
54 71 2.132
54 72 3.409
54 73 3.049
54 74 1.369
54 75 1.766
54 76 1.381
54 77 3.030
54 78 1.550
54 79 2.157
54 80 2.946
54 81 1.332
54 82 2.369
54 83 2.619
54 84 1.032
54 85 2.207
54 86 2.806
54 87 3.215
54 88 0.837
54 89 2.212
54 90 3.638
54 91 1.531
54 92 2.306
54 93 2.217
54 94 3.274
54 95 3.438
54 96 3.356
54 97 2.400
54 98 0.523
54 99 3.677
55 56 1.803
55 57 2.609
55 58 2.880
55 59 1.218
55 60 3.196
55 61 2.175
55 62 2.339
55 63 0.457
55 64 1.003
55 65 2.150
55 66 2.689
55 67 3.407
55 68 3.289
55 69 1.249
55 70 2.917
55 71 0.424
55 72 4.103
55 73 2.442
55 74 0.694
55 75 2.808
55 76 1.848
55 77 3.705
55 78 2.667
55 79 3.071
55 80 1.885
55 81 0.785
55 82 3.436
55 83 2.066
55 84 2.082
55 85 1.417
55 86 2.718
55 87 2.878
55 88 1.069
55 89 1.245
55 90 3.002
55 91 1.896
55 92 2.314
55 93 2.353
55 94 2.929
55 95 2.429
55 96 2.952
55 97 0.527
55 98 2.420
55 99 2.949
56 57 1.478
56 58 1.822
56 59 0.585
56 60 1.780
56 61 2.013
56 62 0.604
56 63 1.844
56 64 1.269
56 65 0.820
56 66 1.120
56 67 1.831
56 68 1.491
56 69 1.006
56 70 1.590
56 71 1.658
56 72 2.300
56 73 1.368
56 74 1.188
56 75 1.196
56 76 0.371
56 77 1.902
56 78 1.151
56 79 1.342
56 80 1.485
56 81 1.099
56 82 1.734
56 83 0.963
56 84 0.890
56 85 0.847
56 86 1.138
56 87 1.513
56 88 1.556
56 89 0.997
56 90 1.941
56 91 0.251
56 92 0.637
56 93 0.604
56 94 1.572
56 95 1.867
56 96 1.651
56 97 2.007
56 98 1.990
56 99 1.994
57 58 3.188
57 59 1.736
57 60 0.671
57 61 1.184
57 62 1.120
57 63 2.872
57 64 2.562
57 65 2.233
57 66 2.287
57 67 1.033
57 68 1.940
57 69 2.384
57 70 2.852
57 71 2.254
57 72 2.362
57 73 0.168
57 74 2.284
57 75 2.286
57 76 1.838
57 77 2.097
57 78 2.362
57 79 2.169
57 80 0.909
57 81 2.229
57 82 2.512
57 83 0.586
57 84 2.334
57 85 1.209
57 86 0.730
57 87 0.400
57 88 2.861
57 89 1.364
57 90 0.465
57 91 1.694
57 92 1.004
57 93 1.153
57 94 0.417
57 95 0.745
57 96 0.380
57 97 2.498
57 98 3.466
57 99 0.524
58 59 2.042
58 60 3.246
58 61 3.831
58 62 2.076
58 63 2.612
58 64 1.884
58 65 1.003
58 66 0.971
58 67 3.090
58 68 1.880
58 69 1.640
58 70 0.455
58 71 2.991
58 72 2.567
58 73 3.116
58 74 2.220
58 75 1.043
58 76 1.465
58 77 2.252
58 78 0.876
58 79 1.394
58 80 3.303
58 81 2.145
58 82 1.428
58 83 2.758
58 84 0.958
58 85 2.616
58 86 2.599
58 87 3.079
58 88 1.927
58 89 2.711
58 90 3.620
58 91 1.571
58 92 2.187
58 93 2.044
58 94 3.132
58 95 3.680
58 96 3.238
58 97 3.315
58 98 0.875
58 99 3.711
59 60 2.187
59 61 1.901
59 62 1.148
59 63 1.280
59 64 0.826
59 65 1.104
59 66 1.567
59 67 2.313
59 68 2.072
59 69 0.677
59 70 1.927
59 71 1.102
59 72 2.885
59 73 1.589
59 74 0.624
59 75 1.670
59 76 0.691
59 77 2.487
59 78 1.569
59 79 1.883
59 80 1.404
59 81 0.543
59 82 2.264
59 83 1.151
59 84 1.097
59 85 0.665
59 86 1.607
59 87 1.887
59 88 1.126
59 89 0.694
59 90 2.193
59 91 0.700
59 92 1.145
59 93 1.157
59 94 1.944
59 95 1.900
59 96 2.000
59 97 1.454
59 98 1.951
59 99 2.202
60 61 1.820
60 62 1.242
60 63 3.412
60 64 2.999
60 65 2.393
60 66 2.284
60 67 0.413
60 68 1.661
60 69 2.772
60 70 2.851
60 71 2.868
60 72 1.865
60 73 0.824
60 74 2.786
60 75 2.242
60 76 2.087
60 77 1.682
60 78 2.374
60 79 2.017
60 80 1.580
60 81 2.718
60 82 2.290
60 83 1.131
60 84 2.518
60 85 1.779
60 86 0.669
60 87 0.318
60 88 3.297
60 89 1.959
60 90 0.655
60 91 1.938
60 92 1.163
60 93 1.263
60 94 0.272
60 95 1.349
60 96 0.295
60 97 3.134
60 98 3.679
60 99 0.826
61 62 1.989
61 63 2.574
61 64 2.591
61 65 2.829
61 66 3.083
61 67 2.210
61 68 3.004
61 69 2.554
61 70 3.595
61 71 1.753
61 72 3.526
61 73 1.086
61 74 2.187
61 75 3.124
61 76 2.366
61 77 3.231
61 78 3.133
61 79 3.122
61 80 0.528
61 81 2.179
61 82 3.503
61 83 1.179
61 84 2.880
61 85 1.244
61 86 1.838
61 87 1.583
61 88 2.853
61 89 1.223
61 90 1.266
61 91 2.264
61 92 1.875
61 93 2.026
61 94 1.594
61 95 0.482
61 96 1.529
61 97 1.843
61 98 3.852
61 99 1.122
62 63 2.427
62 64 1.873
62 65 1.159
62 66 1.170
62 67 1.238
62 68 1.082
62 69 1.604
62 70 1.733
62 71 2.130
62 72 1.805
62 73 1.069
62 74 1.770
62 75 1.178
62 76 0.854
62 77 1.427
62 78 1.243
62 79 1.133
62 80 1.494
62 81 1.684
62 82 1.516
62 83 0.810
62 84 1.279
62 85 1.109
62 86 0.574
62 87 1.021
62 88 2.159
62 89 1.307
62 90 1.544
62 91 0.707
62 92 0.120
62 93 0.037
62 94 1.077
62 95 1.707
62 96 1.176
62 97 2.463
62 98 2.439
62 99 1.639
63 64 0.752
63 65 2.009
63 66 2.568
63 67 3.578
63 68 3.280
63 69 1.059
63 70 2.711
63 71 0.854
63 72 4.117
63 73 2.708
63 74 0.657
63 75 2.697
63 76 1.796
63 77 3.715
63 78 2.530
63 79 3.002
63 80 2.234
63 81 0.745
63 82 3.342
63 83 2.301
63 84 1.915
63 85 1.664
63 86 2.874
63 87 3.099
63 88 0.703
63 89 1.526
63 90 3.293
63 91 1.877
63 92 2.425
63 93 2.435
63 94 3.153
63 95 2.784
63 96 3.190
63 97 0.978
63 98 2.058
63 99 3.258
64 65 1.268
64 66 1.830
64 67 3.092
64 68 2.602
64 69 0.320
64 70 1.961
64 71 1.194
64 72 3.447
64 73 2.413
64 74 0.434
64 75 1.961
64 76 1.121
64 77 3.046
64 78 1.787
64 79 2.285
64 80 2.142
64 81 0.416
64 82 2.610
64 83 1.976
64 84 1.167
64 85 1.433
64 86 2.390
64 87 2.704
64 88 0.300
64 89 1.382
64 90 3.017
64 91 1.230
64 92 1.900
64 93 1.872
64 94 2.762
64 95 2.671
64 96 2.822
64 97 1.477
64 98 1.448
64 99 3.021
65 66 0.562
65 67 2.322
65 68 1.433
65 69 0.951
65 70 0.824
65 71 2.157
65 72 2.270
65 73 2.146
65 74 1.456
65 75 0.695
65 76 0.465
65 77 1.879
65 78 0.522
65 79 1.044
65 80 2.301
65 81 1.366
65 82 1.344
65 83 1.768
65 84 0.144
65 85 1.624
65 86 1.724
65 87 2.179
65 88 1.455
65 89 1.734
65 90 2.682
65 91 0.570
65 92 1.257
65 93 1.134
65 94 2.237
65 95 2.684
65 96 2.333
65 97 2.503
65 98 1.289
65 99 2.757
66 67 2.120
66 68 0.982
66 69 1.512
66 70 0.571
66 71 2.659
66 72 1.777
66 73 2.238
66 74 1.997
66 75 0.137
66 76 0.876
66 77 1.407
66 78 0.099
66 79 0.524
66 80 2.561
66 81 1.904
66 82 0.783
66 83 1.934
66 84 0.677
66 85 1.967
66 86 1.650
66 87 2.135
66 88 2.013
66 89 2.114
66 90 2.697
66 91 0.898
66 92 1.289
66 93 1.135
66 94 2.187
66 95 2.857
66 96 2.295
66 97 3.009
66 98 1.595
66 99 2.802
67 68 1.367
67 69 2.837
67 70 2.669
67 71 3.111
67 72 1.463
67 73 1.165
67 74 2.932
67 75 2.056
67 76 2.087
67 77 1.314
67 78 2.215
67 79 1.778
67 80 1.924
67 81 2.856
67 82 2.002
67 83 1.382
67 84 2.458
67 85 2.007
67 86 0.707
67 87 0.636
67 88 3.384
67 89 2.200
67 90 1.068
67 91 1.942
67 92 1.194
67 93 1.248
67 94 0.617
67 95 1.748
67 96 0.685
67 97 3.399
67 98 3.609
67 99 1.239
68 69 2.287
68 70 1.428
68 71 3.144
68 72 0.847
68 73 1.965
68 74 2.642
68 75 0.866
68 76 1.488
68 77 0.448
68 78 1.077
68 79 0.486
68 80 2.541
68 81 2.549
68 82 0.635
68 83 1.844
68 84 1.575
68 85 2.184
68 86 1.209
68 87 1.642
68 88 2.839
68 89 2.377
68 90 2.232
68 91 1.405
68 92 1.174
68 93 1.052
68 94 1.675
68 95 2.650
68 96 1.788
68 97 3.489
68 98 2.576
68 99 2.377
69 70 1.672
69 71 1.361
69 72 3.133
69 73 2.246
69 74 0.582
69 75 1.643
69 76 0.814
69 77 2.731
69 78 1.472
69 79 1.965
69 80 2.071
69 81 0.512
69 82 2.291
69 83 1.808
69 84 0.857
69 85 1.337
69 86 2.142
69 87 2.489
69 88 0.564
69 89 1.331
69 90 2.847
69 91 0.933
69 92 1.643
69 93 1.599
69 94 2.548
69 95 2.576
69 96 2.616
69 97 1.677
69 98 1.337
69 99 2.867
70 71 2.963
70 72 2.117
70 73 2.797
70 74 2.229
70 75 0.613
70 76 1.272
70 77 1.797
70 78 0.490
70 79 0.943
70 80 3.069
70 81 2.144
70 82 0.984
70 83 2.472
70 84 0.848
70 85 2.426
70 86 2.221
70 87 2.706
70 88 2.069
70 89 2.549
70 90 3.266
70 91 1.344
70 92 1.850
70 93 1.699
70 94 2.757
70 95 3.398
70 96 2.866
70 97 3.304
70 98 1.260
70 99 3.369
71 72 3.927
71 73 2.086
71 74 0.784
71 75 2.767
71 76 1.787
71 77 3.538
71 78 2.652
71 79 2.984
71 80 1.483
71 81 0.849
71 82 3.366
71 83 1.740
71 84 2.115
71 85 1.104
71 86 2.442
71 87 2.551
71 88 1.346
71 89 0.912
71 90 2.625
71 91 1.802
71 92 2.086
71 93 2.149
71 94 2.598
71 95 2.020
71 96 2.610
71 97 0.352
71 98 2.642
71 99 2.561
72 73 2.440
72 74 3.472
72 75 1.647
72 76 2.330
72 77 0.402
72 78 1.864
72 79 1.253
72 80 3.127
72 81 3.380
72 82 1.143
72 83 2.451
72 84 2.409
72 85 2.906
72 86 1.697
72 87 1.986
72 88 3.685
72 89 3.106
72 90 2.516
72 91 2.240
72 92 1.867
72 93 1.782
72 94 1.995
72 95 3.107
72 96 2.093
72 97 4.266
72 98 3.342
72 99 2.683
73 74 2.126
73 75 2.246
73 76 1.734
73 77 2.155
73 78 2.309
73 79 2.158
73 80 0.761
73 81 2.073
73 82 2.515
73 83 0.438
73 84 2.240
73 85 1.045
73 86 0.765
73 87 0.530
73 88 2.712
73 89 1.197
73 90 0.604
73 91 1.595
73 92 0.950
73 93 1.105
73 94 0.559
73 95 0.686
73 96 0.539
73 97 2.331
73 98 3.358
73 99 0.628
74 75 2.118
74 76 1.173
74 77 3.071
74 78 1.973
74 79 2.394
74 80 1.764
74 81 0.095
74 82 2.751
74 83 1.701
74 84 1.390
74 85 1.097
74 86 2.227
74 87 2.478
74 88 0.666
74 89 1.007
74 90 2.725
74 91 1.237
74 92 1.769
74 93 1.778
74 94 2.534
74 95 2.306
74 96 2.580
74 97 1.096
74 98 1.868
74 99 2.710
75 76 0.980
75 77 1.282
75 78 0.217
75 79 0.396
75 80 2.606
75 81 2.025
75 82 0.649
75 83 1.963
75 84 0.813
75 85 2.038
75 86 1.625
75 87 2.111
75 88 2.148
75 89 2.192
75 90 2.682
75 91 0.986
75 92 1.298
75 93 1.142
75 94 2.160
75 95 2.879
75 96 2.271
75 97 3.118
75 98 1.711
75 99 2.794
76 77 1.928
76 78 0.881
76 79 1.223
76 80 1.839
76 81 1.078
76 82 1.589
76 83 1.334
76 84 0.521
76 85 1.160
76 86 1.425
76 87 1.840
76 88 1.377
76 89 1.278
76 90 2.297
76 91 0.150
76 92 0.924
76 93 0.840
76 94 1.899
76 95 2.237
76 96 1.985
76 97 2.139
76 98 1.629
76 99 2.357
77 78 1.498
77 79 0.887
77 80 2.805
77 81 2.978
77 82 0.867
77 83 2.116
77 84 2.020
77 85 2.535
77 86 1.393
77 87 1.746
77 88 3.285
77 89 2.733
77 90 2.310
77 91 1.838
77 92 1.498
77 93 1.402
77 94 1.765
77 95 2.835
77 96 1.871
77 97 3.879
77 98 2.991
77 99 2.470
78 79 0.613
78 80 2.609
78 81 1.882
78 82 0.842
78 83 1.993
78 84 0.623
78 85 1.998
78 86 1.736
78 87 2.220
78 88 1.959
78 89 2.138
78 90 2.777
78 91 0.918
78 92 1.361
78 93 1.209
78 94 2.272
78 95 2.918
78 96 2.380
78 97 3.002
78 98 1.499
78 99 2.879
79 80 2.623
79 81 2.299
79 82 0.396
79 83 1.943
79 84 1.176
79 85 2.142
79 86 1.459
79 87 1.935
79 88 2.494
79 89 2.317
79 90 2.523
79 91 1.184
79 92 1.248
79 93 1.096
79 94 1.978
79 95 2.825
79 96 2.091
79 97 3.336
79 98 2.104
79 99 2.652
80 81 1.741
80 82 3.010
80 83 0.697
80 84 2.355
80 85 0.739
80 86 1.432
80 87 1.291
80 88 2.419
80 89 0.761
80 90 1.179
80 91 1.736
80 92 1.385
80 93 1.530
80 94 1.320
80 95 0.550
80 96 1.288
80 97 1.666
80 98 3.346
80 99 1.091
81 82 2.657
81 83 1.644
81 84 1.302
81 85 1.055
81 86 2.149
81 87 2.412
81 88 0.678
81 89 0.981
81 90 2.674
81 91 1.144
81 92 1.687
81 93 1.691
81 94 2.468
81 95 2.278
81 96 2.517
81 97 1.171
81 98 1.822
81 99 2.664
82 83 2.324
82 84 1.460
82 85 2.537
82 86 1.788
82 87 2.247
82 88 2.797
82 89 2.712
82 90 2.838
82 91 1.564
82 92 1.628
82 93 1.480
82 94 2.284
82 95 3.190
82 96 2.398
82 97 3.718
82 98 2.233
82 99 2.976
83 84 1.850
83 85 0.649
83 86 0.776
83 87 0.813
83 88 2.276
83 89 0.829
83 90 1.042
83 91 1.202
83 92 0.695
83 93 0.847
83 94 0.863
83 95 0.926
83 96 0.890
83 97 2.018
83 98 2.944
83 99 1.061
84 85 1.658
84 86 1.849
84 87 2.297
84 88 1.337
84 89 1.754
84 90 2.788
84 91 0.648
84 92 1.372
84 93 1.256
84 94 2.355
84 95 2.757
84 96 2.449
84 97 2.456
84 98 1.161
84 99 2.857
85 86 1.342
85 87 1.462
85 88 1.722
85 89 0.203
85 90 1.634
85 91 1.084
85 92 1.039
85 93 1.137
85 94 1.512
85 95 1.243
85 96 1.538
85 97 1.405
85 98 2.609
85 99 1.613
86 87 0.486
86 88 2.684
86 89 1.543
86 90 1.065
86 91 1.276
86 92 0.504
86 93 0.594
86 94 0.536
86 95 1.450
86 96 0.646
86 97 2.747
86 98 3.009
86 99 1.193
87 88 3.004
87 89 1.641
87 90 0.592
87 91 1.690
87 92 0.925
87 93 1.047
87 94 0.059
87 95 1.133
87 96 0.160
87 97 2.819
87 98 3.454
87 99 0.736
88 89 1.659
88 90 3.316
88 91 1.497
88 92 2.191
88 93 2.156
88 94 3.062
88 95 2.954
88 96 3.122
88 97 1.583
88 98 1.360
88 99 3.317
89 90 1.769
89 91 1.220
89 92 1.239
89 93 1.333
89 94 1.690
89 95 1.299
89 96 1.708
89 97 1.204
89 98 2.640
89 99 1.732
90 91 2.153
90 92 1.434
90 93 1.576
90 94 0.557
90 95 0.784
90 96 0.444
90 97 2.837
90 98 3.926
90 99 0.172
91 92 0.775
91 93 0.694
91 94 1.749
91 95 2.114
91 96 1.836
91 97 2.153
91 98 1.774
91 99 2.215
92 93 0.157
92 94 0.983
92 95 1.588
92 96 1.077
92 97 2.414
92 98 2.529
92 99 1.524
93 94 1.104
93 95 1.744
93 96 1.203
93 97 2.485
93 98 2.416
93 99 1.672
94 95 1.137
94 96 0.114
94 97 2.862
94 98 3.512
94 99 0.708
95 96 1.063
95 97 2.175
95 98 3.809
95 99 0.647
96 97 2.865
96 98 3.604
96 99 0.599
97 98 2.919
97 99 2.757
98 99 3.984
