nodei nodej distance
0 1 3.286
0 2 1.943
0 3 2.887
0 4 4.807
0 5 2.821
0 6 2.198
0 7 3.418
0 8 2.603
0 9 4.934
0 10 4.877
0 11 3.129
0 12 5.001
0 13 3.370
0 14 1.484
0 15 3.067
0 16 1.281
0 17 2.165
0 18 2.903
0 19 1.855
0 20 4.743
0 21 3.525
0 22 5.978
0 23 2.378
0 24 1.341
0 25 4.454
0 26 3.378
0 27 2.903
0 28 3.777
0 29 4.838
0 30 4.553
0 31 4.125
0 32 2.539
0 33 2.292
0 34 2.656
0 35 1.755
0 36 3.814
0 37 3.784
0 38 2.526
0 39 3.931
0 40 0.618
0 41 2.767
0 42 4.774
0 43 5.874
0 44 5.410
0 45 2.985
0 46 4.878
0 47 3.305
0 48 4.808
0 49 4.088
0 50 3.063
0 51 6.252
0 52 4.082
0 53 1.959
0 54 1.083
0 55 1.701
0 56 3.553
0 57 3.713
0 58 1.574
0 59 3.754
0 60 3.574
0 61 4.208
0 62 2.062
0 63 4.230
0 64 5.240
0 65 3.866
0 66 2.833
0 67 6.091
0 68 1.477
0 69 3.077
0 70 1.911
0 71 4.390
0 72 3.407
0 73 6.555
0 74 1.717
0 75 3.092
0 76 1.633
0 77 3.423
0 78 2.786
0 79 4.545
0 80 5.139
0 81 2.848
0 82 2.994
0 83 4.952
0 84 2.470
0 85 5.299
0 86 5.728
0 87 1.325
0 88 3.032
0 89 3.535
0 90 2.905
0 91 4.776
0 92 3.563
0 93 4.568
0 94 1.320
0 95 6.318
0 96 4.383
0 97 6.083
0 98 2.720
0 99 2.668
1 2 1.424
1 3 0.554
1 4 1.572
1 5 0.534
1 6 1.160
1 7 0.607
1 8 0.715
1 9 1.699
1 10 1.644
1 11 0.348
1 12 1.776
1 13 0.391
1 14 1.839
1 15 0.312
1 16 2.029
1 17 1.172
1 18 0.450
1 19 1.495
1 20 1.509
1 21 0.450
1 22 2.753
1 23 1.008
1 24 1.981
1 25 1.226
1 26 0.449
1 27 0.537
1 28 0.637
1 29 1.611
1 30 1.367
1 31 0.912
1 32 0.769
1 33 1.024
1 34 0.742
1 35 1.608
1 36 0.561
1 37 0.556
1 38 0.763
1 39 0.779
1 40 2.674
1 41 0.807
1 42 1.528
1 43 2.599
1 44 2.177
1 45 0.432
1 46 1.631
1 47 0.333
1 48 1.545
1 49 0.864
1 50 0.287
1 51 2.975
1 52 0.863
1 53 1.366
1 54 2.249
1 55 1.618
1 56 0.625
1 57 0.540
1 58 1.821
1 59 0.653
1 60 0.618
1 61 0.981
1 62 1.319
1 63 0.986
1 64 1.998
1 65 0.689
1 66 0.628
1 67 2.821
1 68 1.883
1 69 0.518
1 70 1.411
1 71 1.205
1 72 0.562
1 73 3.298
1 74 1.573
1 75 0.344
1 76 1.739
1 77 0.519
1 78 0.590
1 79 1.302
1 80 1.926
1 81 0.685
1 82 0.352
1 83 1.725
1 84 0.846
1 85 2.069
1 86 2.457
1 87 1.972
1 88 0.348
1 89 0.574
1 90 0.470
1 91 1.532
1 92 0.409
1 93 1.327
1 94 2.065
1 95 3.067
1 96 1.156
1 97 2.821
1 98 0.638
1 99 0.744
2 3 0.956
2 4 2.876
2 5 0.909
2 6 0.266
2 7 1.475
2 8 0.709
2 9 3.003
2 10 2.945
2 11 1.207
2 12 3.067
2 13 1.439
2 14 0.460
2 15 1.160
2 16 0.664
2 17 0.252
2 18 0.996
2 19 0.090
2 20 2.813
2 21 1.595
2 22 4.040
2 23 0.440
2 24 0.601
2 25 2.525
2 26 1.443
2 27 0.973
2 28 1.845
2 29 2.905
2 30 2.616
2 31 2.197
2 32 0.657
2 33 0.406
2 34 0.724
2 35 0.191
2 36 1.907
2 37 1.868
2 38 0.688
2 39 1.996
2 40 1.326
2 41 0.826
2 42 2.847
2 43 3.957
2 44 3.476
2 45 1.063
2 46 2.951
2 47 1.379
2 48 2.889
2 49 2.163
2 50 1.164
2 51 4.335
2 52 2.156
2 53 0.117
2 54 0.863
2 55 0.258
2 56 1.611
2 57 1.788
2 58 0.398
2 59 1.818
2 60 1.633
2 61 2.282
2 62 0.120
2 63 2.310
2 64 3.308
2 65 1.936
2 66 0.896
2 67 4.168
2 68 0.474
2 69 1.138
2 70 0.119
2 71 2.453
2 72 1.465
2 73 4.625
2 74 0.346
2 75 1.174
2 76 0.321
2 77 1.484
2 78 0.865
2 79 2.619
2 80 3.202
2 81 0.906
2 82 1.093
2 83 3.018
2 84 0.578
2 85 3.365
2 86 3.807
2 87 0.634
2 88 1.122
2 89 1.595
2 90 0.990
2 91 2.849
2 92 1.641
2 93 2.642
2 94 0.650
2 95 4.385
2 96 2.454
2 97 4.155
2 98 0.804
2 99 0.733
3 4 1.922
3 5 0.128
3 6 0.692
3 7 0.556
3 8 0.318
3 9 2.049
3 10 1.991
3 11 0.256
3 12 2.114
3 13 0.484
3 14 1.406
3 15 0.242
3 16 1.607
3 17 0.722
3 18 0.140
3 19 1.039
3 20 1.859
3 21 0.639
3 22 3.091
3 23 0.516
3 24 1.550
3 25 1.570
3 26 0.492
3 27 0.018
3 28 0.891
3 29 1.952
3 30 1.666
3 31 1.241
3 32 0.388
3 33 0.603
3 34 0.232
3 35 1.146
3 36 0.957
3 37 0.914
3 38 0.456
3 39 1.044
3 40 2.269
3 41 0.257
3 42 1.891
3 43 3.002
3 44 2.524
3 45 0.124
3 46 1.996
3 47 0.424
3 48 1.933
3 49 1.207
3 50 0.267
3 51 3.380
3 52 1.200
3 53 0.928
3 54 1.816
3 55 1.186
3 56 0.679
3 57 0.832
3 58 1.351
3 59 0.867
3 60 0.696
3 61 1.326
3 62 0.840
3 63 1.354
3 64 2.354
3 65 0.981
3 66 0.075
3 67 3.212
3 68 1.430
3 69 0.204
3 70 0.976
3 71 1.502
3 72 0.534
3 73 3.671
3 74 1.184
3 75 0.231
3 76 1.276
3 77 0.542
3 78 0.117
3 79 1.663
3 80 2.252
3 81 0.142
3 82 0.211
3 83 2.065
3 84 0.435
3 85 2.413
3 86 2.852
3 87 1.563
3 88 0.205
3 89 0.654
3 90 0.105
3 91 1.893
3 92 0.686
3 93 1.686
3 94 1.606
3 95 3.432
3 96 1.499
3 97 3.200
3 98 0.182
3 99 0.224
4 5 1.986
4 6 2.613
4 7 1.423
4 8 2.206
4 9 0.128
4 10 0.072
4 11 1.677
4 12 0.206
4 13 1.437
4 14 3.328
4 15 1.743
4 16 3.528
4 17 2.643
4 18 1.905
4 19 2.960
4 20 0.064
4 21 1.282
4 22 1.183
4 23 2.436
4 24 3.471
4 25 0.353
4 26 1.434
4 27 1.905
4 28 1.031
4 29 0.050
4 30 0.295
4 31 0.682
4 32 2.272
4 33 2.515
4 34 2.154
4 35 3.067
4 36 1.013
4 37 1.031
4 38 2.298
4 39 0.881
4 40 4.189
4 41 2.075
4 42 0.065
4 43 1.097
4 44 0.607
4 45 1.822
4 46 0.094
4 47 1.502
4 48 0.163
4 49 0.721
4 50 1.752
4 51 1.471
4 52 0.726
4 53 2.849
4 54 3.737
4 55 3.107
4 56 1.283
4 57 1.093
4 58 3.267
4 59 1.060
4 60 1.257
4 61 0.601
4 62 2.758
4 63 0.587
4 64 0.433
4 65 0.941
4 66 1.980
4 67 1.296
4 68 3.350
4 69 1.739
4 70 2.896
4 71 0.435
4 72 1.424
4 73 1.749
4 74 3.094
4 75 1.715
4 76 3.195
4 77 1.398
4 78 2.021
4 79 0.270
4 80 0.360
4 81 1.977
4 82 1.818
4 83 0.155
4 84 2.338
4 85 0.498
4 86 0.942
4 87 3.482
4 88 1.777
4 89 1.289
4 90 1.902
4 91 0.060
4 92 1.244
4 93 0.245
4 94 3.524
4 95 1.511
4 96 0.424
4 97 1.279
4 98 2.086
4 99 2.144
5 6 0.643
5 7 0.660
5 8 0.221
5 9 2.114
5 10 2.057
5 11 0.310
5 12 2.183
5 13 0.556
5 14 1.347
5 15 0.251
5 16 1.545
5 17 0.664
5 18 0.087
5 19 0.987
5 20 1.923
5 21 0.709
5 22 3.162
5 23 0.479
5 24 1.491
5 25 1.633
5 26 0.575
5 27 0.132
5 28 0.961
5 29 2.019
5 30 1.740
5 31 1.304
5 32 0.290
5 33 0.529
5 34 0.209
5 35 1.098
5 36 0.999
5 37 0.964
5 38 0.342
5 39 1.116
5 40 2.203
5 41 0.337
5 42 1.953
5 43 3.056
5 44 2.592
5 45 0.168
5 46 2.057
5 47 0.486
5 48 1.988
5 49 1.267
5 50 0.257
5 51 3.434
5 52 1.261
5 53 0.867
5 54 1.759
5 55 1.125
5 56 0.774
5 57 0.893
5 58 1.308
5 59 0.944
5 60 0.788
5 61 1.387
5 62 0.798
5 63 1.410
5 64 2.419
5 65 1.046
5 66 0.160
5 67 3.270
5 68 1.379
5 69 0.316
5 70 0.915
5 71 1.575
5 72 0.634
5 73 3.734
5 74 1.108
5 75 0.271
5 76 1.229
5 77 0.633
5 78 0.060
5 79 1.723
5 80 2.324
5 81 0.245
5 82 0.186
5 83 2.133
5 84 0.352
5 85 2.481
5 86 2.908
5 87 1.496
5 88 0.213
5 89 0.743
5 90 0.085
5 91 1.955
5 92 0.742
5 93 1.747
5 94 1.559
5 95 3.498
5 96 1.562
5 97 3.262
5 98 0.106
5 99 0.212
6 7 1.222
6 8 0.446
6 9 2.741
6 10 2.683
6 11 0.942
6 12 2.805
6 13 1.176
6 14 0.715
6 15 0.894
6 16 0.917
6 17 0.057
6 18 0.729
6 19 0.347
6 20 2.550
6 21 1.331
6 22 3.780
6 23 0.180
6 24 0.859
6 25 2.261
6 26 1.181
6 27 0.708
6 28 1.582
6 29 2.643
6 30 2.355
6 31 1.933
6 32 0.399
6 33 0.168
6 34 0.460
6 35 0.456
6 36 1.641
6 37 1.602
6 38 0.447
6 39 1.734
6 40 1.581
6 41 0.585
6 42 2.583
6 43 3.693
6 44 3.215
6 45 0.797
6 46 2.688
6 47 1.114
6 48 2.624
6 49 1.899
6 50 0.898
6 51 4.071
6 52 1.892
6 53 0.244
6 54 1.124
6 55 0.498
6 56 1.355
6 57 1.523
6 58 0.665
6 59 1.557
6 60 1.376
6 61 2.017
6 62 0.159
6 63 2.045
6 64 3.046
6 65 1.673
6 66 0.635
6 67 3.904
6 68 0.739
6 69 0.879
6 70 0.291
6 71 2.192
6 72 1.209
6 73 4.362
6 74 0.525
6 75 0.908
6 76 0.587
6 77 1.225
6 78 0.599
6 79 2.355
6 80 2.942
6 81 0.651
6 82 0.827
6 83 2.756
6 84 0.319
6 85 3.103
6 86 3.543
6 87 0.878
6 88 0.856
6 89 1.337
6 90 0.724
6 91 2.585
6 92 1.376
6 93 2.378
6 94 0.916
6 95 4.123
6 96 2.191
6 97 3.892
6 98 0.537
6 99 0.470
7 8 0.873
7 9 1.547
7 10 1.489
7 11 0.390
7 12 1.605
7 13 0.216
7 14 1.934
7 15 0.492
7 16 2.137
7 17 1.259
7 18 0.604
7 19 1.563
7 20 1.362
7 21 0.250
7 22 2.568
7 23 1.042
7 24 2.076
7 25 1.081
7 26 0.158
7 27 0.543
7 28 0.422
7 29 1.447
7 30 1.149
7 31 0.768
7 32 0.942
7 33 1.153
7 34 0.773
7 35 1.664
7 36 0.598
7 37 0.530
7 38 1.002
7 39 0.551
7 40 2.801
7 41 0.656
7 42 1.402
7 43 2.518
7 44 2.012
7 45 0.500
7 46 1.505
7 47 0.280
7 48 1.460
7 49 0.748
7 50 0.526
7 51 2.894
7 52 0.737
7 53 1.465
7 54 2.338
7 55 1.720
7 56 0.141
7 57 0.417
7 58 1.857
7 59 0.377
7 60 0.168
7 61 0.855
7 62 1.356
7 63 0.899
7 64 1.850
7 65 0.520
7 66 0.594
7 67 2.719
7 68 1.946
7 69 0.352
7 70 1.512
7 71 0.991
7 72 0.045
7 73 3.163
7 74 1.731
7 75 0.433
7 76 1.790
7 77 0.095
7 78 0.671
7 79 1.182
7 80 1.734
7 81 0.570
7 82 0.560
7 83 1.557
7 84 0.990
7 85 1.900
7 86 2.364
7 87 2.100
7 88 0.506
7 89 0.146
7 90 0.583
7 91 1.403
7 92 0.344
7 93 1.202
7 94 2.115
7 95 2.921
7 96 1.014
7 97 2.699
7 98 0.737
7 99 0.759
8 9 2.334
8 10 2.277
8 11 0.531
8 12 2.403
8 13 0.778
8 14 1.134
8 15 0.464
8 16 1.330
8 17 0.458
8 18 0.301
8 19 0.781
8 20 2.142
8 21 0.930
8 22 3.383
8 23 0.307
8 24 1.278
8 25 1.853
8 26 0.795
8 27 0.330
8 28 1.182
8 29 2.239
8 30 1.961
8 31 1.524
8 32 0.070
8 33 0.314
8 34 0.168
8 35 0.894
8 36 1.213
8 37 1.181
8 38 0.152
8 39 1.337
8 40 1.986
8 41 0.393
8 42 2.171
8 43 3.272
8 44 2.812
8 45 0.389
8 46 2.276
8 47 0.707
8 48 2.205
8 49 1.486
8 50 0.462
8 51 3.650
8 52 1.480
8 53 0.656
8 54 1.546
8 55 0.912
8 56 0.991
8 57 1.113
8 58 1.106
8 59 1.165
8 60 1.007
8 61 1.606
8 62 0.604
8 63 1.628
8 64 2.639
8 65 1.267
8 66 0.299
8 67 3.488
8 68 1.172
8 69 0.522
8 70 0.702
8 71 1.796
8 72 0.849
8 73 3.953
8 74 0.888
8 75 0.492
8 76 1.025
8 77 0.852
8 78 0.202
8 79 1.942
8 80 2.545
8 81 0.366
8 82 0.392
8 83 2.353
8 84 0.134
8 85 2.701
8 86 3.125
8 87 1.279
8 88 0.429
8 89 0.963
8 90 0.306
8 91 2.174
8 92 0.962
8 93 1.966
8 94 1.353
8 95 3.717
8 96 1.782
8 97 3.480
8 98 0.137
8 99 0.189
9 10 0.058
9 11 1.805
9 12 0.088
9 13 1.565
9 14 3.455
9 15 1.871
9 16 3.656
9 17 2.770
9 18 2.033
9 19 3.087
9 20 0.192
9 21 1.410
9 22 1.055
9 23 2.563
9 24 3.599
9 25 0.481
9 26 1.561
9 27 2.033
9 28 1.159
9 29 0.101
9 30 0.407
9 31 0.810
9 32 2.400
9 33 2.643
9 34 2.281
9 35 3.194
9 36 1.140
9 37 1.159
9 38 2.426
9 39 1.007
9 40 4.316
9 41 2.200
9 42 0.174
9 43 0.976
9 44 0.479
9 45 1.950
9 46 0.091
9 47 1.630
9 48 0.216
9 49 0.849
9 50 1.880
9 51 1.349
9 52 0.854
9 53 2.976
9 54 3.864
9 55 3.235
9 56 1.407
9 57 1.221
9 58 3.394
9 59 1.186
9 60 1.381
9 61 0.729
9 62 2.885
9 63 0.715
9 64 0.305
9 65 1.069
9 66 2.107
9 67 1.172
9 68 3.477
9 69 1.866
9 70 3.024
9 71 0.557
9 72 1.549
9 73 1.622
9 74 3.222
9 75 1.843
9 76 3.322
9 77 1.523
9 78 2.148
9 79 0.397
9 80 0.242
9 81 2.103
9 82 1.946
9 83 0.048
9 84 2.466
9 85 0.370
9 86 0.820
9 87 3.610
9 88 1.906
9 89 1.414
9 90 2.030
9 91 0.170
9 92 1.372
9 93 0.372
9 94 3.651
9 95 1.383
9 96 0.553
9 97 1.153
9 98 2.214
9 99 2.271
10 11 1.748
10 12 0.134
10 13 1.507
10 14 3.397
10 15 1.814
10 16 3.598
10 17 2.713
10 18 1.976
10 19 3.030
10 20 0.135
10 21 1.352
10 22 1.111
10 23 2.506
10 24 3.541
10 25 0.424
10 26 1.503
10 27 1.975
10 28 1.101
10 29 0.045
10 30 0.351
10 31 0.752
10 32 2.343
10 33 2.586
10 34 2.223
10 35 3.136
10 36 1.085
10 37 1.102
10 38 2.369
10 39 0.950
10 40 4.259
10 41 2.142
10 42 0.126
10 43 1.033
10 44 0.536
10 45 1.892
10 46 0.077
10 47 1.572
10 48 0.193
10 49 0.792
10 50 1.823
10 51 1.406
10 52 0.797
10 53 2.919
10 54 3.807
10 55 3.177
10 56 1.349
10 57 1.164
10 58 3.336
10 59 1.128
10 60 1.324
10 61 0.672
10 62 2.827
10 63 0.659
10 64 0.363
10 65 1.011
10 66 2.049
10 67 1.230
10 68 3.419
10 69 1.808
10 70 2.966
10 71 0.500
10 72 1.491
10 73 1.680
10 74 3.165
10 75 1.786
10 76 3.265
10 77 1.466
10 78 2.091
10 79 0.342
10 80 0.289
10 81 2.045
10 82 1.889
10 83 0.084
10 84 2.408
10 85 0.426
10 86 0.877
10 87 3.552
10 88 1.848
10 89 1.357
10 90 1.972
10 91 0.122
10 92 1.315
10 93 0.317
10 94 3.593
10 95 1.441
10 96 0.495
10 97 1.211
10 98 2.157
10 99 2.213
11 12 1.873
11 13 0.248
11 14 1.653
11 15 0.103
11 16 1.852
11 17 0.968
11 18 0.234
11 19 1.288
11 20 1.614
11 21 0.399
11 22 2.852
11 23 0.769
11 24 1.796
11 25 1.324
11 26 0.274
11 27 0.239
11 28 0.651
11 29 1.709
11 30 1.430
11 31 0.995
11 32 0.599
11 33 0.838
11 34 0.485
11 35 1.398
11 36 0.702
11 37 0.661
11 38 0.640
11 39 0.806
11 40 2.512
11 41 0.483
11 42 1.645
11 43 2.751
11 44 2.282
11 45 0.145
11 46 1.749
11 47 0.176
11 48 1.683
11 49 0.959
11 50 0.140
11 51 3.129
11 52 0.953
11 53 1.173
11 54 2.063
11 55 1.431
11 56 0.482
11 57 0.584
11 58 1.604
11 59 0.635
11 60 0.492
11 61 1.078
11 62 1.092
11 63 1.104
11 64 2.110
11 65 0.737
11 66 0.326
11 67 2.964
11 68 1.680
11 69 0.171
11 70 1.220
11 71 1.265
11 72 0.354
11 73 3.426
11 74 1.418
11 75 0.044
11 76 1.528
11 77 0.340
11 78 0.344
11 79 1.416
11 80 2.014
11 81 0.361
11 82 0.171
11 83 1.823
11 84 0.661
11 85 2.171
11 86 2.602
11 87 1.805
11 88 0.118
11 89 0.445
11 90 0.225
11 91 1.647
11 92 0.435
11 93 1.439
11 94 1.858
11 95 3.189
11 96 1.253
11 97 2.954
11 98 0.409
11 99 0.478
12 13 1.631
12 14 3.520
12 15 1.941
12 16 3.722
12 17 2.836
12 18 2.103
12 19 3.152
12 20 0.268
12 21 1.476
12 22 0.981
12 23 2.628
12 24 3.664
12 25 0.553
12 26 1.624
12 27 2.098
12 28 1.224
12 29 0.165
12 30 0.457
12 31 0.880
12 32 2.470
12 33 2.711
12 34 2.346
12 35 3.257
12 36 1.216
12 37 1.232
12 38 2.497
12 39 1.071
12 40 4.383
12 41 2.260
12 42 0.259
12 43 0.933
12 44 0.409
12 45 2.017
12 46 0.178
12 47 1.697
12 48 0.302
12 49 0.921
12 50 1.951
12 51 1.300
12 52 0.925
12 53 3.043
12 54 3.929
12 55 3.301
12 56 1.465
12 57 1.291
12 58 3.456
12 59 1.249
12 60 1.440
12 61 0.801
12 62 2.949
12 63 0.791
12 64 0.247
12 65 1.136
12 66 2.171
12 67 1.119
12 68 3.541
12 69 1.929
12 70 3.090
12 71 0.615
12 72 1.608
12 73 1.559
12 74 3.291
12 75 1.912
12 76 3.386
12 77 1.585
12 78 2.216
12 79 0.475
12 80 0.155
12 81 2.165
12 82 2.017
12 83 0.051
12 84 2.534
12 85 0.298
12 86 0.776
12 87 3.677
12 88 1.975
12 89 1.475
12 90 2.098
12 91 0.255
12 92 1.442
12 93 0.449
12 94 3.713
12 95 1.318
12 96 0.624
12 97 1.095
12 98 2.282
12 99 2.336
13 14 1.890
13 15 0.335
13 16 2.091
13 17 1.205
13 18 0.482
13 19 1.523
13 20 1.375
13 21 0.155
13 22 2.608
13 23 1.000
13 24 2.034
13 25 1.086
13 26 0.058
13 27 0.468
13 28 0.407
13 29 1.468
13 30 1.185
13 31 0.757
13 32 0.846
13 33 1.081
13 34 0.716
13 35 1.630
13 36 0.497
13 37 0.443
13 38 0.888
13 39 0.561
13 40 2.752
13 41 0.663
13 42 1.407
13 43 2.519
13 44 2.040
13 45 0.389
13 46 1.512
13 47 0.081
13 48 1.451
13 49 0.724
13 50 0.359
13 51 2.897
13 52 0.717
13 53 1.412
13 54 2.300
13 55 1.670
13 56 0.253
13 57 0.351
13 58 1.833
13 59 0.387
13 60 0.256
13 61 0.842
13 62 1.322
13 63 0.873
13 64 1.870
13 65 0.497
13 66 0.544
13 67 2.729
13 68 1.913
13 69 0.313
13 70 1.459
13 71 1.020
13 72 0.171
13 73 3.187
13 74 1.662
13 75 0.290
13 76 1.759
13 77 0.128
13 78 0.585
13 79 1.179
13 80 1.770
13 81 0.552
13 82 0.411
13 83 1.581
13 84 0.906
13 85 1.929
13 86 2.368
13 87 2.046
13 88 0.361
13 89 0.208
13 90 0.472
13 91 1.409
13 92 0.215
13 93 1.202
13 94 2.089
13 95 2.948
13 96 1.015
13 97 2.716
13 98 0.652
13 99 0.707
14 15 1.597
14 16 0.203
14 17 0.685
14 18 1.432
14 19 0.372
14 20 3.265
14 21 2.045
14 22 4.495
14 23 0.894
14 24 0.144
14 25 2.975
14 26 1.896
14 27 1.423
14 28 2.297
14 29 3.358
14 30 3.071
14 31 2.647
14 32 1.074
14 33 0.821
14 34 1.174
14 35 0.279
14 36 2.346
14 37 2.311
14 38 1.079
14 39 2.449
14 40 0.867
14 41 1.286
14 42 3.296
14 43 4.403
14 44 3.930
14 45 1.508
14 46 3.401
14 47 1.827
14 48 3.335
14 49 2.611
14 50 1.596
14 51 4.781
14 52 2.605
14 53 0.480
14 54 0.411
14 55 0.222
14 56 2.069
14 57 2.236
14 58 0.186
14 59 2.272
14 60 2.090
14 61 2.730
14 62 0.580
14 63 2.756
14 64 3.760
14 65 2.387
14 66 1.350
14 67 4.616
14 68 0.106
14 69 1.594
14 70 0.433
14 71 2.908
14 72 1.923
14 73 5.077
14 74 0.305
14 75 1.617
14 76 0.182
14 77 1.940
14 78 1.309
14 79 3.068
14 80 3.657
14 81 1.364
14 82 1.526
14 83 3.471
14 84 1.001
14 85 3.818
14 86 4.255
14 87 0.185
14 88 1.560
14 89 2.052
14 90 1.431
14 91 3.299
14 92 2.087
14 93 3.091
14 94 0.253
14 95 4.838
14 96 2.904
14 97 4.606
14 98 1.244
14 99 1.185
15 16 1.794
15 17 0.915
15 18 0.165
15 19 1.238
15 20 1.680
15 21 0.478
15 22 2.922
15 23 0.728
15 24 1.740
15 25 1.390
15 26 0.369
15 27 0.226
15 28 0.726
15 29 1.777
15 30 1.504
15 31 1.062
15 32 0.529
15 33 0.777
15 34 0.448
15 35 1.349
15 36 0.749
15 37 0.717
15 38 0.558
15 39 0.882
15 40 2.450
15 41 0.495
15 42 1.708
15 43 2.808
15 44 2.350
15 45 0.119
15 46 1.812
15 47 0.257
15 48 1.741
15 49 1.023
15 50 0.041
15 51 3.186
15 52 1.017
15 53 1.117
15 54 2.008
15 55 1.375
15 56 0.579
15 57 0.651
15 58 1.558
15 59 0.716
15 60 0.587
15 61 1.143
15 62 1.048
15 63 1.163
15 64 2.176
15 65 0.807
15 66 0.317
15 67 3.023
15 68 1.630
15 69 0.243
15 70 1.164
15 71 1.339
15 72 0.456
15 73 3.490
15 74 1.352
15 75 0.063
15 76 1.480
15 77 0.439
15 78 0.298
15 79 1.479
15 80 2.085
15 81 0.373
15 82 0.077
15 83 1.891
15 84 0.598
15 85 2.239
15 86 2.661
15 87 1.743
15 88 0.039
15 89 0.539
15 90 0.171
15 91 1.710
15 92 0.499
15 93 1.503
15 94 1.809
15 95 3.254
15 96 1.319
15 97 3.016
15 98 0.357
15 99 0.446
16 17 0.885
16 18 1.629
16 19 0.575
16 20 3.465
16 21 2.246
16 22 4.697
16 23 1.097
16 24 0.071
16 25 3.176
16 26 2.098
16 27 1.623
16 28 2.498
16 29 3.559
16 30 3.273
16 31 2.847
16 32 1.268
16 33 1.017
16 34 1.376
16 35 0.481
16 36 2.543
16 37 2.509
16 38 1.267
16 39 2.651
16 40 0.663
16 41 1.490
16 42 3.496
16 43 4.602
16 44 4.131
16 45 1.707
16 46 3.601
16 47 2.026
16 48 3.533
16 49 2.811
16 50 1.792
16 51 4.979
16 52 2.804
16 53 0.679
16 54 0.223
16 55 0.421
16 56 2.272
16 57 2.436
16 58 0.338
16 59 2.474
16 60 2.293
16 61 2.930
16 62 0.784
16 63 2.955
16 64 3.961
16 65 2.587
16 66 1.552
16 67 4.816
16 68 0.228
16 69 1.796
16 70 0.632
16 71 3.109
16 72 2.126
16 73 5.277
16 74 0.465
16 75 1.816
16 76 0.371
16 77 2.142
16 78 1.508
16 79 3.268
16 80 3.859
16 81 1.567
16 82 1.722
16 83 3.672
16 84 1.196
16 85 4.020
16 86 4.453
16 87 0.083
16 88 1.757
16 89 2.254
16 90 1.629
16 91 3.499
16 92 2.287
16 93 3.291
16 94 0.201
16 95 5.039
16 96 3.105
16 97 4.806
16 98 1.443
16 99 1.387
17 18 0.750
17 19 0.324
17 20 2.580
17 21 1.361
17 22 3.812
17 23 0.221
17 24 0.829
17 25 2.290
17 26 1.213
17 27 0.738
17 28 1.612
17 29 2.673
17 30 2.388
17 31 1.962
17 32 0.405
17 33 0.155
17 34 0.491
17 35 0.436
17 36 1.663
17 37 1.627
17 38 0.439
17 39 1.765
17 40 1.547
17 41 0.630
17 42 2.611
17 43 3.719
17 44 3.245
17 45 0.823
17 46 2.716
17 47 1.142
17 48 2.650
17 49 1.926
17 50 0.917
17 51 4.097
17 52 1.920
17 53 0.207
17 54 1.096
17 55 0.465
17 56 1.391
17 57 1.551
17 58 0.648
17 59 1.589
17 60 1.411
17 61 2.045
17 62 0.163
17 63 2.071
17 64 3.076
17 65 1.702
17 66 0.669
17 67 3.931
17 68 0.716
17 69 0.913
17 70 0.254
17 71 2.224
17 72 1.245
17 73 4.392
17 74 0.478
17 75 0.932
17 76 0.568
17 77 1.259
17 78 0.624
17 79 2.383
17 80 2.974
17 81 0.690
17 82 0.846
17 83 2.787
17 84 0.326
17 85 3.134
17 86 3.570
17 87 0.842
17 88 0.877
17 89 1.371
17 90 0.747
17 91 2.614
17 92 1.403
17 93 2.406
17 94 0.896
17 95 4.154
17 96 2.219
17 97 3.921
17 98 0.560
17 99 0.503
18 19 1.073
18 20 1.842
18 21 0.632
18 22 3.083
18 23 0.566
18 24 1.575
18 25 1.552
18 26 0.505
18 27 0.132
18 28 0.883
18 29 1.938
18 30 1.662
18 31 1.224
18 32 0.367
18 33 0.612
18 34 0.292
18 35 1.184
18 36 0.914
18 37 0.881
18 38 0.406
18 39 1.039
18 40 2.286
18 41 0.389
18 42 1.871
18 43 2.973
18 44 2.511
18 45 0.104
18 46 1.975
18 47 0.408
18 48 1.905
18 49 1.185
18 50 0.170
18 51 3.350
18 52 1.180
18 53 0.952
18 54 1.843
18 55 1.210
18 56 0.709
18 57 0.812
18 58 1.394
18 59 0.868
18 60 0.722
18 61 1.305
18 62 0.885
18 63 1.327
18 64 2.338
18 65 0.967
18 66 0.202
18 67 3.187
18 68 1.465
18 69 0.278
18 70 0.999
18 71 1.497
18 72 0.574
18 73 3.653
18 74 1.189
18 75 0.192
18 76 1.315
18 77 0.568
18 78 0.140
18 79 1.642
18 80 2.245
18 81 0.280
18 82 0.099
18 83 2.052
18 84 0.433
18 85 2.400
18 86 2.825
18 87 1.579
18 88 0.128
18 89 0.676
18 90 0.035
18 91 1.873
18 92 0.661
18 93 1.665
18 94 1.645
18 95 3.416
18 96 1.481
18 97 3.179
18 98 0.193
18 99 0.294
19 20 2.897
19 21 1.678
19 22 4.125
19 23 0.524
19 24 0.514
19 25 2.608
19 26 1.527
19 27 1.055
19 28 1.929
19 29 2.990
19 30 2.701
19 31 2.280
19 32 0.726
19 33 0.472
19 34 0.807
19 35 0.113
19 36 1.986
19 37 1.949
19 38 0.749
19 39 2.081
19 40 1.238
19 41 0.915
19 42 2.930
19 43 4.039
19 44 3.561
19 45 1.144
19 46 3.035
19 47 1.461
19 48 2.971
19 49 2.246
19 50 1.240
19 51 4.417
19 52 2.239
19 53 0.139
19 54 0.777
19 55 0.168
19 56 1.698
19 57 1.870
19 58 0.327
19 59 1.903
19 60 1.719
19 61 2.364
19 62 0.209
19 63 2.392
19 64 3.392
19 65 2.020
19 66 0.981
19 67 4.251
19 68 0.392
19 69 1.224
19 70 0.107
19 71 2.538
19 72 1.552
19 73 4.709
19 74 0.273
19 75 1.254
19 76 0.244
19 77 1.570
19 78 0.945
19 79 2.702
19 80 3.288
19 81 0.993
19 82 1.169
19 83 3.103
19 84 0.649
19 85 3.450
19 86 3.890
19 87 0.544
19 88 1.200
19 89 1.681
19 90 1.069
19 91 2.932
19 92 1.723
19 93 2.725
19 94 0.572
19 95 4.470
19 96 2.538
19 97 4.239
19 98 0.882
19 99 0.816
20 21 1.219
20 22 1.246
20 23 2.374
20 24 3.408
20 25 0.290
20 26 1.371
20 27 1.842
20 28 0.969
20 29 0.105
20 30 0.247
20 31 0.619
20 32 2.209
20 33 2.452
20 34 2.091
20 35 3.004
20 36 0.949
20 37 0.967
20 38 2.234
20 39 0.819
20 40 4.125
20 41 2.013
20 42 0.057
20 43 1.156
20 44 0.671
20 45 1.759
20 46 0.145
20 47 1.439
20 48 0.167
20 49 0.657
20 50 1.688
20 51 1.531
20 52 0.662
20 53 2.786
20 54 3.674
20 55 3.044
20 56 1.222
20 57 1.030
20 58 3.205
20 59 0.998
20 60 1.196
20 61 0.537
20 62 2.696
20 63 0.523
20 64 0.496
20 65 0.878
20 66 1.917
20 67 1.358
20 68 3.287
20 69 1.677
20 70 2.833
20 71 0.377
20 72 1.362
20 73 1.812
20 74 3.031
20 75 1.652
20 76 3.133
20 77 1.336
20 78 1.957
20 79 0.207
20 80 0.421
20 81 1.915
20 82 1.755
20 83 0.217
20 84 2.274
20 85 0.561
20 86 1.002
20 87 3.419
20 88 1.714
20 89 1.228
20 90 1.838
20 91 0.055
20 92 1.181
20 93 0.181
20 94 3.461
20 95 1.575
20 96 0.361
20 97 1.342
20 98 2.023
20 99 2.081
21 22 2.454
21 23 1.155
21 24 2.189
21 25 0.930
21 26 0.162
21 27 0.623
21 28 0.252
21 29 1.313
21 30 1.031
21 31 0.602
21 32 0.998
21 33 1.235
21 34 0.871
21 35 1.785
21 36 0.362
21 37 0.300
21 38 1.036
21 39 0.407
21 40 2.907
21 41 0.812
21 42 1.252
21 43 2.364
21 44 1.885
21 45 0.542
21 46 1.357
21 47 0.224
21 48 1.296
21 49 0.570
21 50 0.497
21 51 2.742
21 52 0.562
21 53 1.567
21 54 2.455
21 55 1.825
21 56 0.191
21 57 0.199
21 58 1.988
21 59 0.238
21 60 0.175
21 61 0.687
21 62 1.478
21 63 0.719
21 64 1.715
21 65 0.342
21 66 0.699
21 67 2.574
21 68 2.069
21 69 0.464
21 70 1.614
21 71 0.866
21 72 0.216
21 73 3.031
21 74 1.816
21 75 0.440
21 76 1.915
21 77 0.164
21 78 0.740
21 79 1.024
21 80 1.615
21 81 0.704
21 82 0.555
21 83 1.426
21 84 1.060
21 85 1.774
21 86 2.213
21 87 2.201
21 88 0.508
21 89 0.140
21 90 0.624
21 91 1.254
21 92 0.094
21 93 1.047
21 94 2.244
21 95 2.793
21 96 0.860
21 97 2.561
21 98 0.806
21 99 0.862
22 23 3.601
22 24 4.638
22 25 1.534
22 26 2.599
22 27 3.075
22 28 2.202
22 29 1.146
22 30 1.425
22 31 1.860
22 32 3.450
22 33 3.689
22 34 3.322
22 35 4.229
22 36 2.195
22 37 2.213
22 38 3.478
22 39 2.048
22 40 5.360
22 41 3.225
22 42 1.225
22 43 0.471
22 44 0.576
22 45 2.996
22 46 1.124
22 47 2.676
22 48 1.220
22 49 1.902
22 50 2.932
22 51 0.563
22 52 1.906
22 53 4.019
22 54 4.903
22 55 4.277
22 56 2.430
22 57 2.271
22 58 4.425
22 59 2.224
22 60 2.407
22 61 1.782
22 62 3.921
22 63 1.769
22 64 0.756
22 65 2.116
22 66 3.145
22 67 0.398
22 68 4.512
22 69 2.902
22 70 4.066
22 71 1.588
22 72 2.575
22 73 0.624
22 74 4.270
22 75 2.891
22 76 4.357
22 77 2.556
22 78 3.194
22 79 1.452
22 80 0.839
22 81 3.135
22 82 2.998
22 83 1.032
22 84 3.513
22 85 0.685
22 86 0.469
22 87 4.654
22 88 2.956
22 89 2.445
22 90 3.077
22 91 1.222
22 92 2.423
22 93 1.427
22 94 4.683
22 95 0.382
22 96 1.605
22 97 0.307
22 98 3.260
22 99 3.310
23 24 1.037
23 25 2.085
23 26 1.003
23 27 0.533
23 28 1.405
23 29 2.466
23 30 2.177
23 31 1.757
23 32 0.282
23 33 0.180
23 34 0.285
23 35 0.631
23 36 1.470
23 37 1.430
23 38 0.362
23 39 1.556
23 40 1.760
23 41 0.409
23 42 2.407
23 43 3.518
23 44 3.037
23 45 0.626
23 46 2.512
23 47 0.940
23 48 2.449
23 49 1.723
23 50 0.736
23 51 3.896
23 52 1.716
23 53 0.423
23 54 1.302
23 55 0.678
23 56 1.175
23 57 1.348
23 58 0.835
23 59 1.379
23 60 1.196
23 61 1.842
23 62 0.324
23 63 1.870
23 64 2.868
23 65 1.496
23 66 0.457
23 67 3.728
23 68 0.914
23 69 0.700
23 70 0.470
23 71 2.014
23 72 1.029
23 73 4.185
23 74 0.699
23 75 0.737
23 76 0.760
23 77 1.046
23 78 0.430
23 79 2.179
23 80 2.763
23 81 0.472
23 82 0.665
23 83 2.579
23 84 0.210
23 85 2.925
23 86 3.368
23 87 1.058
23 88 0.689
23 89 1.157
23 90 0.557
23 91 2.409
23 92 1.202
23 93 2.202
23 94 1.089
23 95 3.946
23 96 2.014
23 97 3.715
23 98 0.373
23 99 0.293
24 25 3.119
24 26 2.040
24 27 1.566
24 28 2.440
24 29 3.502
24 30 3.214
24 31 2.790
24 32 1.217
24 33 0.964
24 34 1.318
24 35 0.415
24 36 2.490
24 37 2.455
24 38 1.220
24 39 2.593
24 40 0.725
24 41 1.427
24 42 3.440
24 43 4.547
24 44 4.073
24 45 1.651
24 46 3.545
24 47 1.970
24 48 3.479
24 49 2.755
24 50 1.740
24 51 4.925
24 52 2.748
24 53 0.624
24 54 0.268
24 55 0.366
24 56 2.212
24 57 2.380
24 58 0.267
24 59 2.415
24 60 2.233
24 61 2.874
24 62 0.721
24 63 2.900
24 64 3.904
24 65 2.530
24 66 1.494
24 67 4.760
24 68 0.157
24 69 1.737
24 70 0.576
24 71 3.051
24 72 2.066
24 73 5.220
24 74 0.430
24 75 1.761
24 76 0.302
24 77 2.083
24 78 1.452
24 79 3.212
24 80 3.800
24 81 1.506
24 82 1.669
24 83 3.615
24 84 1.144
24 85 3.962
24 86 4.398
24 87 0.111
24 88 1.704
24 89 2.194
24 90 1.574
24 91 3.442
24 92 2.231
24 93 3.235
24 94 0.166
24 95 4.982
24 96 3.048
24 97 4.749
24 98 1.388
24 99 1.328
25 26 1.084
25 27 1.553
25 28 0.681
25 29 0.388
25 30 0.187
25 31 0.329
25 32 1.919
25 33 2.162
25 34 1.802
25 35 2.715
25 36 0.665
25 37 0.679
25 38 1.945
25 39 0.533
25 40 3.836
25 41 1.728
25 42 0.322
25 43 1.438
25 44 0.960
25 45 1.469
25 46 0.427
25 47 1.149
25 48 0.382
25 49 0.368
25 50 1.399
25 51 1.815
25 52 0.373
25 53 2.496
25 54 3.385
25 55 2.755
25 56 0.941
25 57 0.740
25 58 2.917
25 59 0.712
25 60 0.914
25 61 0.248
25 62 2.407
25 63 0.243
25 64 0.786
25 65 0.589
25 66 1.629
25 67 1.644
25 68 2.999
25 69 1.390
25 70 2.544
25 71 0.147
25 72 1.079
25 73 2.102
25 74 2.741
25 75 1.362
25 76 2.845
25 77 1.050
25 78 1.668
25 79 0.103
25 80 0.701
25 81 1.628
25 82 1.465
25 83 0.502
25 84 1.985
25 85 0.850
25 86 1.286
25 87 3.129
25 88 1.424
25 89 0.944
25 90 1.549
25 91 0.324
25 92 0.891
25 93 0.121
25 94 3.173
25 95 1.864
25 96 0.071
25 97 1.631
25 98 1.733
25 99 1.792
26 27 0.476
26 28 0.403
26 29 1.463
26 30 1.175
26 31 0.758
26 32 0.864
26 33 1.093
26 34 0.722
26 35 1.633
26 36 0.520
26 37 0.461
26 38 0.912
26 39 0.553
26 40 2.760
26 41 0.651
26 42 1.406
26 43 2.520
26 44 2.034
26 45 0.408
26 46 1.511
26 47 0.127
26 48 1.454
26 49 0.728
26 50 0.397
26 51 2.898
26 52 0.720
26 53 1.420
26 54 2.305
26 55 1.677
26 56 0.210
26 57 0.360
26 58 1.834
26 59 0.376
26 60 0.218
26 61 0.844
26 62 1.325
26 63 0.878
26 64 1.866
26 65 0.497
26 66 0.546
26 67 2.728
26 68 1.916
26 69 0.306
26 70 1.467
26 71 1.011
26 72 0.114
26 73 3.182
26 74 1.675
26 75 0.318
26 76 1.762
26 77 0.074
26 78 0.599
26 79 1.180
26 80 1.761
26 81 0.545
26 82 0.443
26 83 1.575
26 84 0.921
26 85 1.922
26 86 2.369
26 87 2.055
26 88 0.391
26 89 0.171
26 90 0.492
26 91 1.408
26 92 0.240
26 93 1.202
26 94 2.090
26 95 2.943
26 96 1.014
26 97 2.713
26 98 0.666
26 99 0.711
27 28 0.874
27 29 1.936
27 30 1.650
27 31 1.225
27 32 0.399
27 33 0.618
27 34 0.249
27 35 1.163
27 36 0.940
27 37 0.897
27 38 0.466
27 39 1.027
27 40 2.285
27 41 0.272
27 42 1.875
27 43 2.985
27 44 2.508
27 45 0.107
27 46 1.979
27 47 0.407
27 48 1.916
27 49 1.190
27 50 0.252
27 51 3.363
27 52 1.183
27 53 0.944
27 54 1.832
27 55 1.203
27 56 0.664
27 57 0.815
27 58 1.368
27 59 0.851
27 60 0.681
27 61 1.309
27 62 0.857
27 63 1.337
27 64 2.338
27 65 0.964
27 66 0.092
27 67 3.196
27 68 1.447
27 69 0.192
27 70 0.992
27 71 1.486
27 72 0.521
27 73 3.654
27 74 1.199
27 75 0.213
27 76 1.293
27 77 0.527
27 78 0.129
27 79 1.646
27 80 2.236
27 81 0.154
27 82 0.197
27 83 2.049
27 84 0.449
27 85 2.396
27 86 2.835
27 87 1.579
27 88 0.189
27 89 0.639
27 90 0.097
27 91 1.877
27 92 0.669
27 93 1.670
27 94 1.623
27 95 3.416
27 96 1.482
27 97 3.184
27 98 0.194
27 99 0.241
28 29 1.061
28 30 0.779
28 31 0.355
28 32 1.250
28 33 1.487
28 34 1.122
28 35 2.035
28 36 0.240
28 37 0.170
28 38 1.285
28 39 0.156
28 40 3.159
28 41 1.051
28 42 1.003
28 43 2.118
28 44 1.633
28 45 0.795
28 46 1.108
28 47 0.475
28 48 1.052
28 49 0.328
28 50 0.741
28 51 2.495
28 52 0.319
28 53 1.819
28 54 2.706
28 55 2.077
28 56 0.290
28 57 0.101
28 58 2.237
28 59 0.059
28 60 0.260
28 61 0.442
28 62 1.727
28 63 0.480
28 64 1.464
28 65 0.098
28 66 0.948
28 67 2.325
28 68 2.319
28 69 0.709
28 70 1.866
28 71 0.614
28 72 0.410
28 73 2.780
28 74 2.068
28 75 0.691
28 76 2.164
28 77 0.374
28 78 0.992
28 79 0.777
28 80 1.363
28 81 0.948
28 82 0.803
28 83 1.175
28 84 1.312
28 85 1.522
28 86 1.966
28 87 2.453
28 88 0.758
28 89 0.276
28 90 0.876
28 91 1.005
28 92 0.237
28 93 0.799
28 94 2.493
28 95 2.542
28 96 0.610
28 97 2.311
28 98 1.058
28 99 1.112
29 30 0.307
29 31 0.715
29 32 2.305
29 33 2.547
29 34 2.184
29 35 3.096
29 36 1.051
29 37 1.067
29 38 2.332
29 39 0.909
29 40 4.220
29 41 2.101
29 42 0.114
29 43 1.077
29 44 0.573
29 45 1.854
29 46 0.107
29 47 1.534
29 48 0.204
29 49 0.756
29 50 1.786
29 51 1.449
29 52 0.760
29 53 2.880
29 54 3.767
29 55 3.138
29 56 1.307
29 57 1.126
29 58 3.296
29 59 1.088
29 60 1.282
29 61 0.636
29 62 2.787
29 63 0.625
29 64 0.403
29 65 0.972
29 66 2.009
29 67 1.272
29 68 3.379
29 69 1.768
29 70 2.927
29 71 0.457
29 72 1.449
29 73 1.719
29 74 3.127
29 75 1.748
29 76 3.224
29 77 1.425
29 78 2.052
29 79 0.311
29 80 0.316
29 81 2.005
29 82 1.852
29 83 0.114
29 84 2.370
29 85 0.462
29 86 0.921
29 87 3.513
29 88 1.811
29 89 1.315
29 90 1.934
29 91 0.110
29 92 1.278
29 93 0.285
29 94 3.553
29 95 1.480
29 96 0.459
29 97 1.252
29 98 2.118
29 99 2.174
30 31 0.455
30 32 2.029
30 33 2.266
30 34 1.897
30 35 2.806
30 36 0.810
30 37 0.812
30 38 2.062
30 39 0.624
30 40 3.935
30 41 1.804
30 42 0.301
30 43 1.383
30 44 0.863
30 45 1.574
30 46 0.387
30 47 1.255
30 48 0.401
30 49 0.503
30 50 1.517
30 51 1.754
30 52 0.504
30 53 2.594
30 54 3.478
30 55 2.852
30 56 1.009
30 57 0.854
30 58 3.003
30 59 0.799
30 60 0.985
30 61 0.392
30 62 2.497
30 63 0.408
30 64 0.703
30 65 0.697
30 66 1.720
30 67 1.575
30 68 3.089
30 69 1.477
30 70 2.642
30 71 0.165
30 72 1.153
30 73 2.014
30 74 2.847
30 75 1.470
30 76 2.933
30 77 1.132
30 78 1.770
30 79 0.210
30 80 0.587
30 81 1.712
30 82 1.580
30 83 0.411
30 84 2.091
30 85 0.751
30 86 1.227
30 87 3.230
30 88 1.536
30 89 1.021
30 90 1.656
30 91 0.300
30 92 1.006
30 93 0.201
30 94 3.260
30 95 1.772
30 96 0.236
30 97 1.552
30 98 1.837
30 99 1.886
31 32 1.590
31 33 1.833
31 34 1.473
31 35 2.387
31 36 0.357
31 37 0.357
31 38 1.618
31 39 0.218
31 40 3.507
31 41 1.406
31 42 0.650
31 43 1.763
31 44 1.288
31 45 1.140
31 46 0.755
31 47 0.820
31 48 0.697
31 49 0.053
31 50 1.072
31 51 2.140
31 52 0.050
31 53 2.168
31 54 3.057
31 55 2.426
31 56 0.629
31 57 0.412
31 58 2.590
31 59 0.392
31 60 0.601
31 61 0.087
31 62 2.080
31 63 0.139
31 64 1.115
31 65 0.261
31 66 1.301
31 67 1.971
31 68 2.671
31 69 1.064
31 70 2.215
31 71 0.294
31 72 0.761
31 73 2.431
31 74 2.412
31 75 1.033
31 76 2.517
31 77 0.728
31 78 1.339
31 79 0.422
31 80 1.024
31 81 1.303
31 82 1.137
31 83 0.829
31 84 1.656
31 85 1.177
31 86 1.611
31 87 2.800
31 88 1.096
31 89 0.625
31 90 1.220
31 91 0.652
31 92 0.563
31 93 0.445
31 94 2.846
31 95 2.193
31 96 0.258
31 97 1.959
31 98 1.405
31 99 1.464
32 33 0.255
32 34 0.218
32 35 0.839
32 36 1.276
32 37 1.246
32 38 0.104
32 39 1.405
32 40 1.922
32 41 0.443
32 42 2.237
32 43 3.336
32 44 2.878
32 45 0.457
32 46 2.342
32 47 0.774
32 48 2.269
32 49 1.552
32 50 0.525
32 51 3.714
32 52 1.546
32 53 0.597
32 54 1.485
32 55 0.852
32 56 1.061
32 57 1.179
32 58 1.052
32 59 1.233
32 60 1.076
32 61 1.672
32 62 0.558
32 63 1.692
32 64 2.705
32 65 1.334
32 66 0.365
32 67 3.552
32 68 1.115
32 69 0.591
32 70 0.643
32 71 1.864
32 72 0.919
32 73 4.019
32 74 0.823
32 75 0.559
32 76 0.970
32 77 0.921
32 78 0.271
32 79 2.008
32 80 2.612
32 81 0.428
32 82 0.455
32 83 2.419
32 84 0.080
32 85 2.767
32 86 3.189
32 87 1.216
32 88 0.495
32 89 1.032
32 90 0.374
32 91 2.240
32 92 1.028
32 93 2.032
32 94 1.296
32 95 3.783
32 96 1.848
32 97 3.545
32 98 0.206
32 99 0.240
33 34 0.381
33 35 0.585
33 36 1.526
33 37 1.493
33 38 0.284
33 39 1.642
33 40 1.674
33 41 0.559
33 42 2.482
33 43 3.585
33 44 3.120
33 45 0.693
33 46 2.587
33 47 1.013
33 48 2.517
33 49 1.796
33 50 0.776
33 51 3.963
33 52 1.790
33 53 0.343
33 54 1.232
33 55 0.598
33 56 1.280
33 57 1.422
33 58 0.798
33 59 1.467
33 60 1.298
33 61 1.916
33 62 0.317
33 63 1.939
33 64 2.948
33 65 1.575
33 66 0.559
33 67 3.800
33 68 0.860
33 69 0.802
33 70 0.389
33 71 2.101
33 72 1.135
33 73 4.264
33 74 0.582
33 75 0.800
33 76 0.716
33 77 1.144
33 78 0.496
33 79 2.253
33 80 2.851
33 81 0.595
33 82 0.705
33 83 2.661
33 84 0.180
33 85 3.009
33 86 3.437
33 87 0.967
33 88 0.741
33 89 1.256
33 90 0.613
33 91 2.484
33 92 1.272
33 93 2.276
33 94 1.041
33 95 4.026
33 96 2.091
33 97 3.791
33 98 0.429
33 99 0.396
34 35 0.914
34 36 1.186
34 37 1.145
34 38 0.317
34 39 1.275
34 40 2.038
34 41 0.225
34 42 2.123
34 43 3.234
34 44 2.755
34 45 0.342
34 46 2.228
34 47 0.655
34 48 2.165
34 49 1.439
34 50 0.461
34 51 3.611
34 52 1.432
34 53 0.697
34 54 1.584
34 55 0.955
34 56 0.902
34 57 1.064
34 58 1.119
34 59 1.098
34 60 0.921
34 61 1.558
34 62 0.608
34 63 1.586
34 64 2.586
34 65 1.213
34 66 0.179
34 67 3.444
34 68 1.198
34 69 0.424
34 70 0.745
34 71 1.733
34 72 0.757
34 73 3.903
34 74 0.958
34 75 0.454
34 76 1.044
34 77 0.769
34 78 0.152
34 79 1.895
34 80 2.483
34 81 0.220
34 82 0.391
34 83 2.297
34 84 0.232
34 85 2.644
34 86 3.084
34 87 1.333
34 88 0.409
34 89 0.881
34 90 0.277
34 91 2.126
34 92 0.918
34 93 1.918
34 94 1.374
34 95 3.664
34 96 1.731
34 97 3.432
34 98 0.112
34 99 0.021
35 36 2.097
35 37 2.058
35 38 0.862
35 39 2.186
35 40 1.140
35 41 1.012
35 42 3.037
35 43 4.148
35 44 3.666
35 45 1.253
35 46 3.142
35 47 1.570
35 48 3.079
35 49 2.354
35 50 1.352
35 51 4.526
35 52 2.347
35 53 0.250
35 54 0.674
35 55 0.130
35 56 1.800
35 57 1.979
35 58 0.213
35 59 2.008
35 60 1.822
35 61 2.472
35 62 0.309
35 63 2.500
35 64 3.499
35 65 2.127
35 66 1.087
35 67 4.359
35 68 0.283
35 69 1.329
35 70 0.212
35 71 2.643
35 72 1.655
35 73 4.815
35 74 0.283
35 75 1.364
35 76 0.131
35 77 1.674
35 78 1.055
35 79 2.809
35 80 3.392
35 81 1.095
35 82 1.281
35 83 3.208
35 84 0.762
35 85 3.555
35 86 3.998
35 87 0.460
35 88 1.311
35 89 1.785
35 90 1.180
35 91 3.039
35 92 1.832
35 93 2.832
35 94 0.460
35 95 4.576
35 96 2.645
35 97 4.346
35 98 0.993
35 99 0.923
36 37 0.073
36 38 1.293
36 39 0.292
36 40 3.198
36 41 1.158
36 42 0.971
36 43 2.060
36 44 1.619
36 45 0.844
36 46 1.075
36 47 0.538
36 48 0.995
36 49 0.307
36 50 0.752
36 51 2.438
36 52 0.307
36 53 1.867
36 54 2.758
36 55 2.124
36 56 0.491
36 57 0.186
36 58 2.304
36 59 0.297
36 60 0.461
36 61 0.421
36 62 1.793
36 63 0.426
36 64 1.442
36 65 0.205
36 66 1.025
36 67 2.277
36 68 2.378
36 69 0.808
36 70 1.913
36 71 0.651
36 72 0.572
36 73 2.748
36 74 2.098
36 75 0.733
36 76 2.227
36 77 0.524
36 78 1.042
36 79 0.743
36 80 1.366
36 81 1.044
36 82 0.821
36 83 1.165
36 84 1.347
36 85 1.510
36 86 1.914
36 87 2.492
36 88 0.786
36 89 0.458
36 90 0.917
36 91 0.974
36 92 0.282
36 93 0.769
36 94 2.557
36 95 2.515
36 96 0.595
36 97 2.273
36 98 1.104
36 99 1.180
37 38 1.267
37 39 0.247
37 40 3.167
37 41 1.106
37 42 0.993
37 43 2.092
37 44 1.638
37 45 0.805
37 46 1.097
37 47 0.491
37 48 1.024
37 49 0.312
37 50 0.722
37 51 2.470
37 52 0.309
37 53 1.831
37 54 2.722
37 55 2.090
37 56 0.419
37 57 0.114
37 58 2.264
37 59 0.226
37 60 0.389
37 61 0.431
37 62 1.753
37 63 0.447
37 64 1.462
37 65 0.154
37 66 0.980
37 67 2.307
37 68 2.341
37 69 0.756
37 70 1.879
37 71 0.649
37 72 0.506
37 73 2.774
37 74 2.068
37 75 0.695
37 76 2.189
37 77 0.459
37 78 1.004
37 79 0.764
37 80 1.379
37 81 0.994
37 82 0.790
37 83 1.181
37 84 1.314
37 85 1.528
37 86 1.944
37 87 2.460
37 88 0.752
37 89 0.388
37 90 0.881
37 91 0.996
37 92 0.230
37 93 0.788
37 94 2.518
37 95 2.539
37 96 0.608
37 97 2.300
37 98 1.067
37 99 1.138
38 39 1.440
38 40 1.912
38 41 0.542
38 42 2.260
38 43 3.351
38 44 2.905
38 45 0.506
38 46 2.364
38 47 0.812
38 48 2.288
38 49 1.577
38 50 0.546
38 51 3.728
38 52 1.572
38 53 0.613
38 54 1.487
38 55 0.858
38 56 1.114
38 57 1.209
38 58 1.075
38 59 1.273
38 60 1.127
38 61 1.697
38 62 0.601
38 63 1.714
38 64 2.730
38 65 1.365
38 66 0.447
38 67 3.570
38 68 1.129
38 69 0.657
38 70 0.657
38 71 1.897
38 72 0.976
38 73 4.040
38 74 0.810
38 75 0.597
38 76 0.991
38 77 0.973
38 78 0.340
38 79 2.031
38 80 2.642
38 81 0.517
38 82 0.482
38 83 2.447
38 84 0.153
38 85 2.795
38 86 3.206
38 87 1.209
38 88 0.528
38 89 1.082
38 90 0.421
38 91 2.263
38 92 1.057
38 93 2.055
38 94 1.311
38 95 3.806
38 96 1.874
38 97 3.565
38 98 0.281
38 99 0.338
39 40 3.313
39 41 1.195
39 42 0.855
39 43 1.972
39 44 1.480
39 45 0.949
39 46 0.960
39 47 0.631
39 48 0.910
39 49 0.207
39 50 0.897
39 51 2.348
39 52 0.195
39 53 1.972
39 54 2.858
39 55 2.230
39 56 0.412
39 57 0.242
39 58 2.386
39 59 0.179
39 60 0.383
39 61 0.305
39 62 1.878
39 63 0.354
39 64 1.312
39 65 0.094
39 66 1.100
39 67 2.176
39 68 2.470
39 69 0.859
39 70 2.019
39 71 0.459
39 72 0.546
39 73 2.629
39 74 2.223
39 75 0.846
39 76 2.315
39 77 0.517
39 78 1.146
39 79 0.632
39 80 1.209
39 81 1.096
39 82 0.959
39 83 1.022
39 84 1.467
39 85 1.369
39 86 1.819
39 87 2.606
39 88 0.913
39 89 0.411
39 90 1.031
39 91 0.857
39 92 0.389
39 93 0.653
39 94 2.643
39 95 2.389
39 96 0.465
39 97 2.160
39 98 1.213
39 99 1.264
40 41 2.152
40 42 4.156
40 43 5.258
40 44 4.792
40 45 2.367
40 46 4.261
40 47 2.687
40 48 4.191
40 49 3.470
40 50 2.447
40 51 5.636
40 52 3.464
40 53 1.341
40 54 0.474
40 55 1.083
40 56 2.935
40 57 3.096
40 58 0.967
40 59 3.136
40 60 2.956
40 61 3.590
40 62 1.446
40 63 3.613
40 64 4.622
40 65 3.248
40 66 2.215
40 67 5.474
40 68 0.865
40 69 2.459
40 70 1.293
40 71 3.771
40 72 2.789
40 73 5.938
40 74 1.102
40 75 2.474
40 76 1.021
40 77 2.805
40 78 2.168
40 79 3.927
40 80 4.521
40 81 2.230
40 82 2.377
40 83 4.334
40 84 1.853
40 85 4.681
40 86 5.111
40 87 0.707
40 88 2.414
40 89 2.917
40 90 2.288
40 91 4.158
40 92 2.946
40 93 3.951
40 94 0.721
40 95 5.700
40 96 3.765
40 97 5.465
40 98 2.103
40 99 2.050
41 42 2.050
41 43 3.167
41 44 2.667
41 45 0.375
41 46 2.155
41 47 0.623
41 48 2.102
41 49 1.378
41 50 0.523
41 51 3.544
41 52 1.369
41 53 0.829
41 54 1.685
41 55 1.077
41 56 0.795
41 57 1.011
41 58 1.202
41 59 1.016
41 60 0.819
41 61 1.492
41 62 0.706
41 63 1.529
41 64 2.504
41 65 1.147
41 66 0.187
41 67 3.371
41 68 1.292
41 69 0.350
41 70 0.874
41 71 1.645
41 72 0.652
41 73 3.818
41 74 1.108
41 75 0.470
41 76 1.136
41 77 0.678
41 78 0.283
41 79 1.826
41 80 2.390
41 81 0.123
41 82 0.468
41 83 2.212
41 84 0.445
41 85 2.556
41 86 3.014
41 87 1.457
41 88 0.460
41 89 0.786
41 90 0.357
41 91 2.052
41 92 0.877
41 93 1.848
41 94 1.459
41 95 3.577
41 96 1.659
41 97 3.353
41 98 0.296
41 99 0.204
42 43 1.117
42 44 0.649
42 45 1.789
42 46 0.105
42 47 1.470
42 48 0.112
42 49 0.686
42 50 1.715
42 51 1.493
42 52 0.692
42 53 2.817
42 54 3.707
42 55 3.076
42 56 1.261
42 57 1.060
42 58 3.239
42 59 1.034
42 60 1.235
42 61 0.566
42 62 2.729
42 63 0.546
42 64 0.470
42 65 0.910
42 66 1.951
42 67 1.322
42 68 3.321
42 69 1.712
42 70 2.864
42 71 0.423
42 72 1.400
42 73 1.782
42 74 3.059
42 75 1.681
42 76 3.167
42 77 1.372
42 78 1.988
42 79 0.229
42 80 0.414
42 81 1.950
42 82 1.782
42 83 0.209
42 84 2.304
42 85 0.541
42 86 0.963
42 87 3.449
42 88 1.743
42 89 1.265
42 90 1.868
42 91 0.005
42 92 1.210
42 93 0.205
42 94 3.495
42 95 1.546
42 96 0.392
42 97 1.309
42 98 2.054
42 99 2.114
43 44 0.573
43 45 2.896
43 46 1.013
43 47 2.578
43 48 1.069
43 49 1.795
43 50 2.812
43 51 0.378
43 52 1.802
43 53 3.923
43 54 4.814
43 55 4.182
43 56 2.378
43 57 2.169
43 58 4.352
43 59 2.150
43 60 2.351
43 61 1.677
43 62 3.841
43 63 1.648
43 64 0.688
43 65 2.023
43 66 3.063
43 67 0.232
43 68 4.431
43 69 2.827
43 70 3.971
43 71 1.532
43 72 2.517
43 73 0.724
43 74 4.158
43 75 2.786
43 76 4.278
43 77 2.489
43 78 3.095
43 79 1.341
43 80 0.841
43 81 3.066
43 82 2.881
43 83 0.975
43 84 3.406
43 85 0.668
43 86 0.157
43 87 4.551
43 88 2.844
43 89 2.382
43 90 2.973
43 91 1.115
43 92 2.316
43 93 1.319
43 94 4.607
43 95 0.535
43 96 1.508
43 97 0.273
43 98 3.159
43 99 3.225
44 45 2.427
44 46 0.547
44 47 2.106
44 48 0.648
44 49 1.328
44 50 2.359
44 51 0.917
44 52 1.333
44 53 3.452
44 54 4.338
44 55 3.710
44 56 1.872
44 57 1.699
44 58 3.865
44 59 1.658
44 60 1.848
44 61 1.208
44 62 3.358
44 63 1.193
44 64 0.182
44 65 1.545
44 66 2.580
44 67 0.728
44 68 3.950
44 69 2.338
44 70 3.499
44 71 1.023
44 72 2.016
44 73 1.151
44 74 3.700
44 75 2.320
44 76 3.794
44 77 1.993
44 78 2.625
44 79 0.876
44 80 0.282
44 81 2.573
44 82 2.425
44 83 0.459
44 84 2.943
44 85 0.111
44 86 0.421
44 87 4.086
44 88 2.384
44 89 1.883
44 90 2.507
44 91 0.646
44 92 1.850
44 93 0.851
44 94 4.122
44 95 0.909
44 96 1.031
44 97 0.694
44 98 2.691
44 99 2.745
45 46 1.894
45 47 0.320
45 48 1.827
45 49 1.104
45 50 0.149
45 51 3.274
45 52 1.098
45 53 1.028
45 54 1.918
45 55 1.286
45 56 0.609
45 57 0.729
45 58 1.460
45 59 0.776
45 60 0.622
45 61 1.223
45 62 0.949
45 63 1.248
45 64 2.255
45 65 0.881
45 66 0.198
45 67 3.109
45 68 1.536
45 69 0.179
45 70 1.075
45 71 1.409
45 72 0.471
45 73 3.571
45 74 1.274
45 75 0.111
45 76 1.384
45 77 0.467
45 78 0.199
45 79 1.561
45 80 2.158
45 81 0.254
45 82 0.108
45 83 1.968
45 84 0.517
45 85 2.316
45 86 2.747
45 87 1.660
45 88 0.084
45 89 0.577
45 90 0.084
45 91 1.792
45 92 0.580
45 93 1.584
45 94 1.714
45 95 3.333
45 96 1.398
45 97 3.099
45 98 0.264
45 99 0.338
46 47 1.575
46 48 0.126
46 49 0.791
46 50 1.819
46 51 1.389
46 52 0.797
46 53 2.922
46 54 3.811
46 55 3.180
46 56 1.365
46 57 1.165
46 58 3.344
46 59 1.138
46 60 1.338
46 61 0.671
46 62 2.834
46 63 0.650
46 64 0.367
46 65 1.015
46 66 2.055
46 67 1.217
46 68 3.425
46 69 1.817
46 70 2.969
46 71 0.522
46 72 1.504
46 73 1.677
46 74 3.164
46 75 1.786
46 76 3.271
46 77 1.477
46 78 2.093
46 79 0.334
46 80 0.329
46 81 2.055
46 82 1.887
46 83 0.137
46 84 2.409
46 85 0.442
46 86 0.859
46 87 3.554
46 88 1.847
46 89 1.369
46 90 1.973
46 91 0.103
46 92 1.315
46 93 0.310
46 94 3.600
46 95 1.442
46 96 0.497
46 97 1.205
46 98 2.158
46 99 2.219
47 48 1.509
47 49 0.785
47 50 0.279
47 51 2.956
47 52 0.778
47 53 1.347
47 54 2.237
47 55 1.606
47 56 0.333
47 57 0.409
47 58 1.775
47 59 0.461
47 60 0.336
47 61 0.904
47 62 1.263
47 63 0.931
47 64 1.935
47 65 0.561
47 66 0.488
47 67 2.790
47 68 1.853
47 69 0.275
47 70 1.395
47 71 1.090
47 72 0.236
47 73 3.251
47 74 1.594
47 75 0.216
47 76 1.700
47 77 0.201
47 78 0.519
47 79 1.241
47 80 1.838
47 81 0.507
47 82 0.333
47 83 1.648
47 84 0.837
47 85 1.995
47 86 2.429
47 87 1.980
47 88 0.285
47 89 0.289
47 90 0.401
47 91 1.472
47 92 0.263
47 93 1.265
47 94 2.029
47 95 3.013
47 96 1.078
47 97 2.779
47 98 0.584
47 99 0.647
48 49 0.726
48 50 1.745
48 51 1.447
48 52 0.734
48 53 2.855
48 54 3.746
48 55 3.113
48 56 1.320
48 57 1.101
48 58 3.283
48 59 1.087
48 60 1.293
48 61 0.610
48 62 2.772
48 63 0.579
48 64 0.466
48 65 0.956
48 66 1.995
48 67 1.283
48 68 3.362
48 69 1.760
48 70 2.902
48 71 0.503
48 72 1.456
48 73 1.754
48 74 3.092
48 75 1.718
48 76 3.209
48 77 1.425
48 78 2.026
48 79 0.280
48 80 0.450
48 81 1.999
48 82 1.814
48 83 0.262
48 84 2.338
48 85 0.548
48 86 0.920
48 87 3.484
48 88 1.776
48 89 1.320
48 90 1.904
48 91 0.115
48 92 1.248
48 93 0.261
48 94 3.539
48 95 1.523
48 96 0.447
48 97 1.278
48 98 2.091
48 99 2.156
49 50 1.031
49 51 2.173
49 52 0.013
49 53 2.132
49 54 3.022
49 55 2.390
49 56 0.611
49 57 0.375
49 58 2.557
49 59 0.371
49 60 0.582
49 61 0.120
49 62 2.046
49 63 0.152
49 64 1.153
49 65 0.231
49 66 1.268
49 67 2.005
49 68 2.637
49 69 1.033
49 70 2.179
49 71 0.344
49 72 0.738
49 73 2.468
49 74 2.374
49 75 0.996
49 76 2.483
49 77 0.703
49 78 1.303
49 79 0.457
49 80 1.067
49 81 1.273
49 82 1.098
49 83 0.870
49 84 1.618
49 85 1.218
49 86 1.644
49 87 2.763
49 88 1.057
49 89 0.603
49 90 1.183
49 91 0.688
49 92 0.524
49 93 0.480
49 94 2.813
49 95 2.231
49 96 0.297
49 97 1.995
49 98 1.368
49 99 1.430
50 51 3.189
50 52 1.026
50 53 1.117
50 54 2.008
50 55 1.374
50 56 0.607
50 57 0.663
50 58 1.562
50 59 0.734
50 60 0.614
50 61 1.151
50 62 1.054
50 63 1.169
50 64 2.184
50 65 0.819
50 66 0.341
50 67 3.028
50 68 1.632
50 69 0.284
50 70 1.164
50 71 1.352
50 72 0.488
50 73 3.496
50 74 1.346
50 75 0.103
50 76 1.483
50 77 0.468
50 78 0.309
50 79 1.486
50 80 2.095
50 81 0.403
50 82 0.071
50 83 1.901
50 84 0.596
50 85 2.248
50 86 2.665
50 87 1.740
50 88 0.064
50 89 0.566
50 90 0.184
50 91 1.718
50 92 0.511
50 93 1.510
50 94 1.812
50 95 3.261
50 96 1.328
50 97 3.022
50 98 0.363
50 99 0.461
51 52 2.180
51 53 4.301
51 54 5.192
51 55 4.560
51 56 2.753
51 57 2.547
51 58 4.730
51 59 2.527
51 60 2.727
51 61 2.055
51 62 4.219
51 63 2.026
51 64 1.053
51 65 2.401
51 66 3.441
51 67 0.193
51 68 4.809
51 69 3.204
51 70 4.349
51 71 1.906
51 72 2.893
51 73 0.408
51 74 4.535
51 75 3.164
51 76 4.656
51 77 2.865
51 78 3.473
51 79 1.718
51 80 1.196
51 81 3.443
51 82 3.258
51 83 1.344
51 84 3.784
51 85 1.021
51 86 0.530
51 87 4.929
51 88 3.222
51 89 2.758
51 90 3.351
51 91 1.491
51 92 2.694
51 93 1.696
51 94 4.985
51 95 0.333
51 96 1.885
51 97 0.262
51 98 3.537
51 99 3.603
52 53 2.125
52 54 3.015
52 55 2.384
52 56 0.600
52 57 0.369
52 58 2.550
52 59 0.361
52 60 0.571
52 61 0.126
52 62 2.039
52 63 0.162
52 64 1.159
52 65 0.223
52 66 1.261
52 67 2.012
52 68 2.630
52 69 1.025
52 70 2.173
52 71 0.344
52 72 0.728
52 73 2.473
52 74 2.368
52 75 0.990
52 76 2.476
52 77 0.694
52 78 1.297
52 79 0.463
52 80 1.071
52 81 1.265
52 82 1.093
52 83 0.874
52 84 1.612
52 85 1.222
52 86 1.651
52 87 2.757
52 88 1.052
52 89 0.593
52 90 1.177
52 91 0.694
52 92 0.519
52 93 0.486
52 94 2.806
52 95 2.237
52 96 0.301
52 97 2.001
52 98 1.362
52 99 1.423
53 54 0.891
53 55 0.258
53 56 1.597
53 57 1.757
53 58 0.462
53 59 1.795
53 60 1.617
53 61 2.251
53 62 0.162
53 63 2.276
53 64 3.282
53 65 1.908
53 66 0.875
53 67 4.137
53 68 0.518
53 69 1.120
53 70 0.047
53 71 2.431
53 72 1.451
53 73 4.598
53 74 0.287
53 75 1.137
53 76 0.377
53 77 1.465
53 78 0.829
53 79 2.588
53 80 3.180
53 81 0.895
53 82 1.047
53 83 2.993
53 84 0.522
53 85 3.341
53 86 3.775
53 87 0.636
53 88 1.080
53 89 1.577
53 90 0.951
53 91 2.819
53 92 1.608
53 93 2.612
53 94 0.699
53 95 4.360
53 96 2.425
53 97 4.127
53 98 0.764
53 99 0.709
54 55 0.634
54 56 2.474
54 57 2.646
54 58 0.493
54 59 2.680
54 60 2.496
54 61 3.141
54 62 0.982
54 63 3.167
54 64 4.170
54 65 2.796
54 66 1.758
54 67 5.027
54 68 0.394
54 69 2.001
54 70 0.844
54 71 3.316
54 72 2.328
54 73 5.486
54 74 0.688
54 75 2.028
54 76 0.550
54 77 2.347
54 78 1.719
54 79 3.478
54 80 4.065
54 81 1.769
54 82 1.937
54 83 3.880
54 84 1.412
54 85 4.227
54 86 4.665
54 87 0.294
54 88 1.971
54 89 2.458
54 90 1.842
54 91 3.709
54 92 2.498
54 93 3.501
54 94 0.250
54 95 5.247
54 96 3.314
54 97 5.016
54 98 1.655
54 99 1.594
55 56 1.853
55 57 2.015
55 58 0.256
55 59 2.053
55 60 1.874
55 61 2.510
55 62 0.374
55 63 2.535
55 64 3.540
55 65 2.166
55 66 1.132
55 67 4.395
55 68 0.276
55 69 1.377
55 70 0.211
55 71 2.689
55 72 1.707
55 73 4.856
55 74 0.160
55 75 1.395
55 76 0.175
55 77 1.722
55 78 1.087
55 79 2.847
55 80 3.438
55 81 1.149
55 82 1.304
55 83 3.251
55 84 0.778
55 85 3.599
55 86 4.033
55 87 0.381
55 88 1.338
55 89 1.834
55 90 1.209
55 91 3.078
55 92 1.866
55 93 2.870
55 94 0.456
55 95 4.618
55 96 2.684
55 97 4.385
55 98 1.023
55 99 0.966
56 57 0.305
56 58 1.995
56 59 0.240
56 60 0.030
56 61 0.716
56 62 1.492
56 63 0.762
56 64 1.709
56 65 0.386
56 66 0.723
56 67 2.579
56 68 2.083
56 69 0.479
56 70 1.644
56 71 0.850
56 72 0.146
56 73 3.023
56 74 1.861
56 75 0.526
56 76 1.927
56 77 0.142
56 78 0.791
56 79 1.041
56 80 1.595
56 81 0.706
56 82 0.652
56 83 1.417
56 84 1.113
56 85 1.761
56 86 2.223
56 87 2.233
56 88 0.599
56 89 0.052
56 90 0.693
56 91 1.263
56 92 0.277
56 93 1.062
56 94 2.253
56 95 2.781
56 96 0.874
56 97 2.559
56 98 0.858
56 99 0.889
57 58 2.183
57 59 0.138
57 60 0.276
57 61 0.494
57 62 1.672
57 63 0.522
57 64 1.526
57 65 0.157
57 66 0.894
57 67 2.381
57 68 2.262
57 69 0.663
57 70 1.804
57 71 0.689
57 72 0.395
57 73 2.842
57 74 2.001
57 75 0.622
57 76 2.108
57 77 0.350
57 78 0.928
57 79 0.832
57 80 1.433
57 81 0.902
57 82 0.727
57 83 1.240
57 84 1.244
57 85 1.588
57 86 2.019
57 87 2.389
57 88 0.685
57 89 0.274
57 90 0.808
57 91 1.063
57 92 0.152
57 93 0.855
57 94 2.438
57 95 2.605
57 96 0.669
57 97 2.370
57 98 0.993
57 99 1.056
58 59 2.208
58 60 2.018
58 61 2.675
58 62 0.511
58 63 2.705
58 64 3.699
58 65 2.329
58 66 1.289
58 67 4.561
58 68 0.111
58 69 1.528
58 70 0.421
58 71 2.842
58 72 1.850
58 73 5.015
58 74 0.402
58 75 1.571
58 76 0.086
58 77 1.872
58 78 1.263
58 79 3.012
58 80 3.589
58 81 1.292
58 82 1.491
58 83 3.408
58 84 0.974
58 85 3.754
58 86 4.201
58 87 0.353
58 88 1.520
58 89 1.982
58 90 1.388
58 91 3.241
58 92 2.037
58 93 3.035
58 94 0.257
58 95 4.774
58 96 2.847
58 97 4.547
58 98 1.202
58 99 1.127
59 60 0.211
59 61 0.479
59 62 1.700
59 63 0.523
59 64 1.491
59 65 0.147
59 66 0.922
59 67 2.355
59 68 2.292
59 69 0.680
59 70 1.843
59 71 0.635
59 72 0.369
59 73 2.807
59 74 2.049
59 75 0.676
59 76 2.137
59 77 0.338
59 78 0.972
59 79 0.810
59 80 1.385
59 81 0.917
59 82 0.793
59 83 1.200
59 84 1.293
59 85 1.547
59 86 1.998
59 87 2.430
59 88 0.745
59 89 0.233
59 90 0.859
59 91 1.036
59 92 0.245
59 93 0.832
59 94 2.465
59 95 2.567
59 96 0.643
59 97 2.339
59 98 1.038
59 99 1.087
60 61 0.688
60 62 1.514
60 63 0.733
60 64 1.685
60 65 0.356
60 66 0.743
60 67 2.553
60 68 2.105
60 69 0.498
60 70 1.665
60 71 0.826
60 72 0.168
60 73 2.999
60 74 1.879
60 75 0.536
60 76 1.949
60 77 0.155
60 78 0.807
60 79 1.014
60 80 1.571
60 81 0.727
60 82 0.661
60 83 1.393
60 84 1.130
60 85 1.737
60 86 2.198
60 87 2.253
60 88 0.609
60 89 0.048
60 90 0.706
60 91 1.236
60 92 0.256
60 93 1.035
60 94 2.275
60 95 2.757
60 96 0.847
60 97 2.534
60 98 0.874
60 99 0.908
61 62 2.165
61 63 0.067
61 64 1.033
61 65 0.346
61 66 1.386
61 67 1.887
61 68 2.755
61 69 1.150
61 70 2.298
61 71 0.241
61 72 0.848
61 73 2.348
61 74 2.494
61 75 1.115
61 76 2.602
61 77 0.815
61 78 1.422
61 79 0.337
61 80 0.948
61 81 1.389
61 82 1.218
61 83 0.750
61 84 1.738
61 85 1.098
61 86 1.526
61 87 2.883
61 88 1.177
61 89 0.713
61 90 1.302
61 91 0.569
61 92 0.644
61 93 0.361
61 94 2.931
61 95 2.111
61 96 0.177
61 97 1.875
61 98 1.487
61 99 1.549
62 63 2.194
62 64 3.190
62 65 1.819
62 66 0.779
62 67 4.051
62 68 0.592
62 69 1.020
62 70 0.195
62 71 2.335
62 72 1.346
62 73 4.507
62 74 0.441
62 75 1.060
62 76 0.437
62 77 1.365
62 78 0.752
62 79 2.502
62 80 3.083
62 81 0.786
62 82 0.983
62 83 2.900
62 84 0.478
62 85 3.246
62 86 3.691
62 87 0.753
62 88 1.010
62 89 1.476
62 90 0.878
62 91 2.732
62 92 1.526
62 93 2.525
62 94 0.766
62 95 4.267
62 96 2.337
62 97 4.038
62 98 0.692
62 99 0.616
63 64 1.016
63 65 0.383
63 66 1.416
63 67 1.861
63 68 2.783
63 69 1.183
63 70 2.324
63 71 0.274
63 72 0.890
63 73 2.327
63 74 2.515
63 75 1.139
63 76 2.630
63 77 0.854
63 78 1.448
63 79 0.318
63 80 0.941
63 81 1.423
63 82 1.237
63 83 0.740
63 84 1.760
63 85 1.085
63 86 1.499
63 87 2.906
63 88 1.199
63 89 0.755
63 90 1.326
63 91 0.549
63 92 0.669
63 93 0.343
63 94 2.960
63 95 2.092
63 96 0.176
63 97 1.853
63 98 1.512
63 99 1.578
64 65 1.374
64 66 2.412
64 67 0.872
64 68 3.782
64 69 2.171
64 70 3.329
64 71 0.859
64 72 1.852
64 73 1.317
64 74 3.527
64 75 2.148
64 76 3.627
64 77 1.828
64 78 2.454
64 79 0.699
64 80 0.170
64 81 2.408
64 82 2.251
64 83 0.292
64 84 2.771
64 85 0.091
64 86 0.531
64 87 3.915
64 88 2.210
64 89 1.718
64 90 2.335
64 91 0.467
64 92 1.677
64 93 0.674
64 94 3.955
64 95 1.078
64 96 0.857
64 97 0.849
64 98 2.519
64 99 2.576
65 66 1.040
65 67 2.232
65 68 2.410
65 69 0.803
65 70 1.955
65 71 0.532
65 72 0.508
65 73 2.690
65 74 2.155
65 75 0.776
65 76 2.256
65 77 0.471
65 78 1.080
65 79 0.683
65 80 1.278
65 81 1.043
65 82 0.883
65 83 1.086
65 84 1.398
65 85 1.434
65 86 1.872
65 87 2.541
65 88 0.840
65 89 0.374
65 90 0.962
65 91 0.913
65 92 0.309
65 93 0.706
65 94 2.585
65 95 2.452
65 96 0.518
65 97 2.219
65 98 1.146
65 99 1.204
66 67 3.272
66 68 1.370
66 69 0.245
66 70 0.922
66 71 1.557
66 72 0.578
66 73 3.728
66 74 1.138
66 75 0.304
66 76 1.216
66 77 0.590
66 78 0.120
66 79 1.723
66 80 2.307
66 81 0.085
66 82 0.283
66 83 2.122
66 84 0.401
66 85 2.469
66 86 2.912
66 87 1.511
66 88 0.280
66 89 0.702
66 90 0.170
66 91 1.953
66 92 0.751
66 93 1.746
66 94 1.545
66 95 3.489
66 96 1.558
66 97 3.259
66 98 0.166
66 99 0.166
67 68 4.642
67 69 3.034
67 70 4.184
67 71 1.729
67 72 2.720
67 73 0.492
67 74 4.374
67 75 3.000
67 76 4.488
67 77 2.693
67 78 3.308
67 79 1.549
67 80 1.009
67 81 3.272
67 82 3.097
67 83 1.164
67 84 3.621
67 85 0.835
67 86 0.364
67 87 4.767
67 88 3.059
67 89 2.585
67 90 3.187
67 91 1.320
67 92 2.529
67 93 1.526
67 94 4.817
67 95 0.314
67 96 1.714
67 97 0.094
67 98 3.373
67 99 3.435
68 69 1.612
68 70 0.473
68 71 2.926
68 72 1.937
68 73 5.099
68 74 0.391
68 75 1.646
68 76 0.157
68 77 1.957
68 78 1.337
68 79 3.093
68 80 3.675
68 81 1.378
68 82 1.561
68 83 3.492
68 84 1.039
68 85 3.838
68 86 4.281
68 87 0.246
68 88 1.592
68 89 2.068
68 90 1.461
68 91 3.323
68 92 2.115
68 93 3.116
68 94 0.182
68 95 4.859
68 96 2.928
68 97 4.629
68 98 1.275
68 99 1.207
69 70 1.167
69 71 1.315
69 72 0.333
69 73 3.487
69 74 1.382
69 75 0.186
69 76 1.457
69 77 0.346
69 78 0.320
69 79 1.486
69 80 2.064
69 81 0.240
69 82 0.275
69 83 1.880
69 84 0.638
69 85 2.226
69 86 2.675
69 87 1.755
69 88 0.230
69 89 0.458
69 90 0.249
69 91 1.714
69 92 0.527
69 93 1.508
69 94 1.785
69 95 3.247
69 96 1.320
69 97 3.019
69 98 0.386
69 99 0.411
70 71 2.478
70 72 1.498
70 73 4.645
70 74 0.247
70 75 1.184
70 76 0.336
70 77 1.513
70 78 0.876
70 79 2.636
70 80 3.228
70 81 0.942
70 82 1.093
70 83 3.041
70 84 0.568
70 85 3.388
70 86 3.822
70 87 0.588
70 88 1.127
70 89 1.625
70 90 0.998
70 91 2.867
70 92 1.655
70 93 2.659
70 94 0.655
70 95 4.407
70 96 2.473
70 97 4.174
70 98 0.812
70 99 0.757
71 72 0.993
71 73 2.174
71 74 2.683
71 75 1.305
71 76 2.771
71 77 0.970
71 78 1.606
71 79 0.239
71 80 0.750
71 81 1.550
71 82 1.415
71 83 0.567
71 84 1.926
71 85 0.912
71 86 1.376
71 87 3.066
71 88 1.371
71 89 0.860
71 90 1.491
71 91 0.424
71 92 0.841
71 93 0.249
71 94 3.099
71 95 1.933
71 96 0.137
71 97 1.709
71 98 1.672
71 99 1.723
72 73 3.166
72 74 1.715
72 75 0.398
72 76 1.781
72 77 0.054
72 78 0.648
72 79 1.178
72 80 1.739
72 81 0.560
72 82 0.525
72 83 1.560
72 84 0.969
72 85 1.904
72 86 2.363
72 87 2.087
72 88 0.472
72 89 0.135
72 90 0.555
72 91 1.402
72 92 0.309
72 93 1.199
72 94 2.108
72 95 2.925
72 96 1.011
72 97 2.701
72 98 0.715
72 99 0.743
73 74 4.841
73 75 3.463
73 76 4.944
73 77 3.143
73 78 3.770
73 79 2.011
73 80 1.430
73 81 3.724
73 82 3.564
73 83 1.607
73 84 4.086
73 85 1.262
73 86 0.848
73 87 5.231
73 88 3.525
73 89 3.034
73 90 3.650
73 91 1.779
73 92 2.992
73 93 1.987
73 94 5.272
73 95 0.245
73 96 2.173
73 97 0.477
73 98 3.835
73 99 3.893
74 75 1.379
74 76 0.329
74 77 1.725
74 78 1.077
74 79 2.830
74 80 3.432
74 81 1.166
74 82 1.278
74 83 3.241
74 84 0.757
74 85 3.589
74 86 4.011
74 87 0.401
74 88 1.317
74 89 1.838
74 90 1.193
74 91 3.062
74 92 1.850
74 93 2.854
74 94 0.558
74 95 4.605
74 96 2.670
74 97 4.368
74 98 1.011
74 99 0.973
75 76 1.495
75 77 0.385
75 78 0.309
75 79 1.452
75 80 2.053
75 81 0.347
75 82 0.127
75 83 1.862
75 84 0.623
75 85 2.210
75 86 2.638
75 87 1.767
75 88 0.074
75 89 0.489
75 90 0.187
75 91 1.684
75 92 0.471
75 93 1.476
75 94 1.824
75 95 3.226
75 96 1.291
75 97 2.991
75 98 0.373
75 99 0.449
76 77 1.801
76 78 1.186
76 79 2.939
76 80 3.520
76 81 1.222
76 82 1.412
76 83 3.337
76 84 0.893
76 85 3.683
76 86 4.128
76 87 0.366
76 88 1.442
76 89 1.912
76 90 1.311
76 91 3.169
76 92 1.962
76 93 2.962
76 94 0.330
76 95 4.704
76 96 2.774
76 97 4.475
76 98 1.124
76 99 1.053
77 78 0.653
77 79 1.148
77 80 1.718
77 81 0.580
77 82 0.511
77 83 1.536
77 84 0.975
77 85 1.882
77 86 2.336
77 87 2.101
77 88 0.458
77 89 0.112
77 90 0.552
77 91 1.374
77 92 0.256
77 93 1.170
77 94 2.129
77 95 2.903
77 96 0.981
77 97 2.677
77 98 0.720
77 99 0.756
78 79 1.760
78 80 2.355
78 81 0.203
78 82 0.239
78 83 2.166
78 84 0.323
78 85 2.514
78 86 2.946
78 87 1.461
78 88 0.259
78 89 0.764
78 90 0.126
78 91 1.991
78 92 0.779
78 93 1.783
78 94 1.515
78 95 3.532
78 96 1.597
78 97 3.298
78 98 0.067
78 99 0.154
79 80 0.627
79 81 1.725
79 82 1.553
79 83 0.424
79 84 2.075
79 85 0.767
79 86 1.189
79 87 3.220
79 88 1.513
79 89 1.043
79 90 1.639
79 91 0.232
79 92 0.981
79 93 0.026
79 94 3.268
79 95 1.775
79 96 0.168
79 97 1.538
79 98 1.825
79 99 1.886
80 81 2.298
80 82 2.161
80 83 0.205
80 84 2.675
80 85 0.175
80 86 0.685
80 87 3.815
80 88 2.118
80 89 1.608
80 90 2.239
80 91 0.410
80 92 1.585
80 93 0.602
80 94 3.847
80 95 1.187
80 96 0.771
80 97 0.976
80 98 2.421
80 99 2.472
81 82 0.351
81 83 2.116
81 84 0.452
81 85 2.462
81 86 2.914
81 87 1.529
81 88 0.339
81 89 0.691
81 90 0.246
81 91 1.952
81 92 0.765
81 93 1.747
81 94 1.549
81 95 3.483
81 96 1.558
81 97 3.256
81 98 0.241
81 99 0.201
82 83 1.967
82 84 0.526
82 85 2.315
82 86 2.734
82 87 1.671
82 88 0.054
82 89 0.614
82 90 0.118
82 91 1.785
82 92 0.575
82 93 1.577
82 94 1.741
82 95 3.328
82 96 1.394
82 97 3.090
82 98 0.292
82 99 0.392
83 84 2.484
83 85 0.348
83 86 0.818
83 87 3.627
83 88 1.925
83 89 1.427
83 90 2.048
83 91 0.205
83 92 1.392
83 93 0.398
83 94 3.665
83 95 1.367
83 96 0.573
83 97 1.142
83 98 2.232
83 99 2.286
84 85 2.832
84 86 3.258
84 87 1.146
84 88 0.562
84 89 1.087
84 90 0.436
84 91 2.306
84 92 1.094
84 93 2.098
84 94 1.220
84 95 3.849
84 96 1.913
84 97 3.613
84 98 0.256
84 99 0.252
85 86 0.513
85 87 3.975
85 88 2.273
85 89 1.772
85 90 2.396
85 91 0.538
85 92 1.740
85 93 0.742
85 94 4.011
85 95 1.021
85 96 0.921
85 97 0.803
85 98 2.580
85 99 2.634
86 87 4.404
86 88 2.696
86 89 2.229
86 90 2.824
86 91 0.962
86 92 2.167
86 93 1.167
86 94 4.457
86 95 0.636
86 96 1.355
86 97 0.374
86 98 3.011
86 99 3.075
87 88 1.708
87 89 2.213
87 90 1.581
87 91 3.451
87 92 2.239
87 93 3.244
87 94 0.272
87 95 4.993
87 96 3.058
87 97 4.758
87 98 1.396
87 99 1.345
88 89 0.562
88 90 0.133
88 91 1.745
88 92 0.533
88 93 1.537
88 94 1.772
88 95 3.288
88 96 1.353
88 97 3.051
88 98 0.318
88 99 0.408
89 90 0.661
89 91 1.267
89 92 0.229
89 93 1.064
89 94 2.239
89 95 2.793
89 96 0.875
89 97 2.567
89 98 0.831
89 99 0.868
90 91 1.871
90 92 0.658
90 93 1.663
90 94 1.640
90 95 3.413
90 96 1.478
90 97 3.177
90 98 0.187
90 99 0.277
91 92 1.213
91 93 0.208
91 94 3.498
91 95 1.543
91 96 0.395
91 97 1.307
91 98 2.056
91 99 2.116
92 93 1.005
92 94 2.292
92 95 2.755
92 96 0.820
92 97 2.519
92 98 0.844
92 99 0.910
93 94 3.291
93 95 1.751
93 96 0.189
93 97 1.515
93 98 1.848
93 99 1.909
94 95 5.031
94 96 3.103
94 97 4.803
94 98 1.453
94 99 1.382
95 96 1.936
95 97 0.264
95 98 3.598
95 99 3.654
96 97 1.701
96 98 1.662
96 99 1.722
97 98 3.363
97 99 3.423
98 99 0.123
