nodei nodej distance
0 1 2.048
0 2 1.052
0 3 0.840
0 4 5.090
0 5 1.440
0 6 1.601
0 7 4.977
0 8 2.102
0 9 1.557
0 10 4.774
0 11 1.305
0 12 3.742
0 13 4.354
0 14 2.229
0 15 2.459
0 16 3.574
0 17 3.419
0 18 3.362
0 19 2.044
0 20 1.429
0 21 3.375
0 22 3.916
0 23 3.811
0 24 0.941
0 25 5.244
0 26 3.993
0 27 5.015
0 28 3.711
0 29 2.622
0 30 3.916
0 31 4.920
0 32 3.037
0 33 4.348
0 34 0.970
0 35 0.049
0 36 1.739
0 37 2.867
0 38 4.655
0 39 1.545
0 40 2.091
0 41 1.583
0 42 1.692
0 43 4.716
0 44 3.972
0 45 2.412
0 46 2.877
0 47 3.775
0 48 2.288
0 49 1.170
0 50 2.935
0 51 4.551
0 52 1.095
0 53 1.809
0 54 0.723
0 55 0.020
0 56 2.307
0 57 2.321
0 58 1.600
0 59 2.207
0 60 1.728
0 61 5.354
0 62 0.359
0 63 2.181
0 64 0.429
0 65 2.763
0 66 1.487
0 67 4.590
0 68 0.460
0 69 2.053
0 70 4.264
0 71 2.802
0 72 1.650
0 73 3.554
0 74 0.240
0 75 2.786
0 76 3.167
0 77 3.599
0 78 3.755
0 79 2.030
0 80 4.730
0 81 1.986
0 82 1.320
0 83 3.682
0 84 3.520
0 85 2.466
0 86 3.989
0 87 1.774
0 88 0.895
0 89 4.471
0 90 2.215
0 91 3.177
0 92 2.176
0 93 3.906
0 94 1.430
0 95 4.185
0 96 5.160
0 97 3.933
0 98 2.382
0 99 4.409
1 2 1.000
1 3 1.208
1 4 3.044
1 5 0.613
1 6 0.449
1 7 2.930
1 8 0.058
1 9 0.492
1 10 2.727
1 11 0.745
1 12 1.697
1 13 2.307
1 14 0.188
1 15 0.415
1 16 1.528
1 17 1.372
1 18 1.316
1 19 0.026
1 20 0.623
1 21 1.332
1 22 1.872
1 23 1.765
1 24 1.108
1 25 3.198
1 26 1.946
1 27 2.969
1 28 1.663
1 29 0.576
1 30 1.870
1 31 2.875
1 32 0.994
1 33 2.301
1 34 1.078
1 35 2.062
1 36 0.312
1 37 0.827
1 38 2.610
1 39 0.507
1 40 0.057
1 41 0.466
1 42 0.357
1 43 2.670
1 44 1.927
1 45 0.364
1 46 0.834
1 47 1.728
1 48 0.244
1 49 0.882
1 50 0.890
1 51 2.505
1 52 0.953
1 53 0.245
1 54 1.331
1 55 2.034
1 56 0.259
1 57 0.282
1 58 0.452
1 59 0.159
1 60 0.320
1 61 3.310
1 62 1.696
1 63 0.133
1 64 1.619
1 65 0.716
1 66 0.561
1 67 2.544
1 68 1.590
1 69 0.044
1 70 2.220
1 71 0.754
1 72 0.398
1 73 1.506
1 74 1.808
1 75 0.739
1 76 1.120
1 77 1.553
1 78 1.708
1 79 0.107
1 80 2.683
1 81 0.062
1 82 0.729
1 83 1.637
1 84 1.474
1 85 0.420
1 86 1.944
1 87 0.278
1 88 1.154
1 89 2.424
1 90 0.169
1 91 1.131
1 92 0.159
1 93 1.859
1 94 0.619
1 95 2.139
1 96 3.114
1 97 1.890
1 98 0.335
1 99 2.362
2 3 0.225
2 4 4.044
2 5 0.388
2 6 0.560
2 7 3.930
2 8 1.055
2 9 0.517
2 10 3.727
2 11 0.256
2 12 2.697
2 13 3.307
2 14 1.184
2 15 1.414
2 16 2.528
2 17 2.372
2 18 2.316
2 19 0.998
2 20 0.396
2 21 2.331
2 22 2.872
2 23 2.765
2 24 0.117
2 25 4.198
2 26 2.946
2 27 3.969
2 28 2.663
2 29 1.576
2 30 2.870
2 31 3.875
2 32 1.993
2 33 3.301
2 34 0.101
2 35 1.063
2 36 0.697
2 37 1.825
2 38 3.610
2 39 0.508
2 40 1.045
2 41 0.534
2 42 0.648
2 43 3.670
2 44 2.927
2 45 1.363
2 46 1.833
2 47 2.729
2 48 1.242
2 49 0.172
2 50 1.890
2 51 3.505
2 52 0.083
2 53 0.767
2 54 0.361
2 55 1.039
2 56 1.258
2 57 1.277
2 58 0.560
2 59 1.160
2 60 0.680
2 61 4.310
2 62 0.697
2 63 1.132
2 64 0.624
2 65 1.716
2 66 0.443
2 67 3.544
2 68 0.592
2 69 1.003
2 70 3.220
2 71 1.754
2 72 0.604
2 73 2.506
2 74 0.813
2 75 1.739
2 76 2.120
2 77 2.553
2 78 2.707
2 79 0.992
2 80 3.683
2 81 0.938
2 82 0.283
2 83 2.637
2 84 2.474
2 85 1.420
2 86 2.944
2 87 0.731
2 88 0.159
2 89 3.424
2 90 1.169
2 91 2.132
2 92 1.135
2 93 2.859
2 94 0.383
2 95 3.139
2 96 4.114
2 97 2.889
2 98 1.335
2 99 3.362
3 4 4.250
3 5 0.604
3 6 0.761
3 7 4.137
3 8 1.262
3 9 0.718
3 10 3.934
3 11 0.468
3 12 2.902
3 13 3.514
3 14 1.389
3 15 1.619
3 16 2.735
3 17 2.579
3 18 2.522
3 19 1.204
3 20 0.589
3 21 2.535
3 22 3.077
3 23 2.972
3 24 0.108
3 25 4.404
3 26 3.153
3 27 4.175
3 28 2.871
3 29 1.782
3 30 3.076
3 31 4.081
3 32 2.197
3 33 3.508
3 34 0.132
3 35 0.855
3 36 0.899
3 37 2.028
3 38 3.815
3 39 0.706
3 40 1.251
3 41 0.744
3 42 0.852
3 43 3.876
3 44 3.132
3 45 1.572
3 46 2.037
3 47 2.935
3 48 1.448
3 49 0.331
3 50 2.096
3 51 3.711
3 52 0.256
3 53 0.969
3 54 0.137
3 55 0.825
3 56 1.468
3 57 1.481
3 58 0.760
3 59 1.367
3 60 0.889
3 61 4.515
3 62 0.493
3 63 1.341
3 64 0.411
3 65 1.923
3 66 0.647
3 67 3.750
3 68 0.384
3 69 1.214
3 70 3.425
3 71 1.962
3 72 0.810
3 73 2.714
3 74 0.600
3 75 1.946
3 76 2.327
3 77 2.759
3 78 2.916
3 79 1.191
3 80 3.890
3 81 1.147
3 82 0.480
3 83 2.843
3 84 2.680
3 85 1.626
3 86 3.150
3 87 0.934
3 88 0.072
3 89 3.631
3 90 1.375
3 91 2.338
3 92 1.336
3 93 3.066
3 94 0.591
3 95 3.345
3 96 4.320
3 97 3.094
3 98 1.542
3 99 3.569
4 5 3.656
4 6 3.489
4 7 0.120
4 8 2.989
4 9 3.533
4 10 0.319
4 11 3.788
4 12 1.349
4 13 0.736
4 14 2.861
4 15 2.631
4 16 1.516
4 17 1.672
4 18 1.729
4 19 3.047
4 20 3.662
4 21 1.716
4 22 1.175
4 23 1.279
4 24 4.152
4 25 0.157
4 26 1.097
4 27 0.085
4 28 1.381
4 29 2.468
4 30 1.174
4 31 0.173
4 32 2.054
4 33 0.744
4 34 4.120
4 35 5.105
4 36 3.351
4 37 2.223
4 38 0.438
4 39 3.545
4 40 3.000
4 41 3.510
4 42 3.398
4 43 0.374
4 44 1.119
4 45 2.681
4 46 2.213
4 47 1.315
4 48 2.803
4 49 3.921
4 50 2.155
4 51 0.540
4 52 3.995
4 53 3.281
4 54 4.369
4 55 5.075
4 56 2.786
4 57 2.769
4 58 3.491
4 59 2.884
4 60 3.364
4 61 0.274
4 62 4.740
4 63 2.912
4 64 4.661
4 65 2.328
4 66 3.604
4 67 0.500
4 68 4.633
4 69 3.042
4 70 0.828
4 71 2.289
4 72 3.441
4 73 1.538
4 74 4.850
4 75 2.305
4 76 1.924
4 77 1.491
4 78 1.338
4 79 3.061
4 80 0.361
4 81 3.106
4 82 3.771
4 83 1.408
4 84 1.570
4 85 2.625
4 86 1.101
4 87 3.317
4 88 4.197
4 89 0.619
4 90 2.876
4 91 1.913
4 92 2.915
4 93 1.184
4 94 3.662
4 95 0.905
4 96 0.072
4 97 1.158
4 98 2.709
4 99 0.682
5 6 0.191
5 7 3.542
5 8 0.668
5 9 0.154
5 10 3.339
5 11 0.136
5 12 2.310
5 13 2.919
5 14 0.798
5 15 1.028
5 16 2.141
5 17 1.984
5 18 1.928
5 19 0.612
5 20 0.117
5 21 1.944
5 22 2.485
5 23 2.378
5 24 0.500
5 25 3.810
5 26 2.559
5 27 3.582
5 28 2.275
5 29 1.189
5 30 2.482
5 31 3.487
5 32 1.606
5 33 2.913
5 34 0.472
5 35 1.452
5 36 0.318
5 37 1.439
5 38 3.223
5 39 0.156
5 40 0.659
5 41 0.149
5 42 0.268
5 43 3.283
5 44 2.540
5 45 0.975
5 46 1.447
5 47 2.341
5 48 0.856
5 49 0.296
5 50 1.503
5 51 3.118
5 52 0.349
5 53 0.387
5 54 0.733
5 55 1.426
5 56 0.870
5 57 0.892
5 58 0.193
5 59 0.772
5 60 0.295
5 61 3.922
5 62 1.085
5 63 0.744
5 64 1.011
5 65 1.328
5 66 0.088
5 67 3.157
5 68 0.980
5 69 0.614
5 70 2.833
5 71 1.366
5 72 0.221
5 73 2.118
5 74 1.200
5 75 1.351
5 76 1.732
5 77 2.166
5 78 2.319
5 79 0.612
5 80 3.295
5 81 0.550
5 82 0.145
5 83 2.250
5 84 2.087
5 85 1.033
5 86 2.557
5 87 0.350
5 88 0.545
5 89 3.037
5 90 0.782
5 91 1.744
5 92 0.752
5 93 2.471
5 94 0.046
5 95 2.751
5 96 3.726
5 97 2.502
5 98 0.948
5 99 2.974
6 7 3.376
6 8 0.501
6 9 0.043
6 10 3.173
6 11 0.306
6 12 2.141
6 13 2.753
6 14 0.628
6 15 0.858
6 16 1.974
6 17 1.818
6 18 1.761
6 19 0.444
6 20 0.174
6 21 1.775
6 22 2.316
6 23 2.211
6 24 0.663
6 25 3.643
6 26 2.392
6 27 3.414
6 28 2.110
6 29 1.021
6 30 2.315
6 31 3.320
6 32 1.436
6 33 2.747
6 34 0.631
6 35 1.616
6 36 0.139
6 37 1.268
6 38 3.055
6 39 0.058
6 40 0.490
6 41 0.065
6 42 0.093
6 43 3.116
6 44 2.371
6 45 0.813
6 46 1.277
6 47 2.175
6 48 0.687
6 49 0.433
6 50 1.335
6 51 2.950
6 52 0.506
6 53 0.209
6 54 0.882
6 55 1.586
6 56 0.709
6 57 0.720
6 58 0.007
6 59 0.607
6 60 0.136
6 61 3.754
6 62 1.251
6 63 0.582
6 64 1.172
6 65 1.163
6 66 0.117
6 67 2.989
6 68 1.144
6 69 0.460
6 70 2.664
6 71 1.202
6 72 0.062
6 73 1.953
6 74 1.361
6 75 1.185
6 76 1.567
6 77 1.998
6 78 2.155
6 79 0.432
6 80 3.129
6 81 0.389
6 82 0.281
6 83 2.082
6 84 1.919
6 85 0.865
6 86 2.389
6 87 0.173
6 88 0.709
6 89 2.870
6 90 0.615
6 91 1.577
6 92 0.576
6 93 2.305
6 94 0.179
6 95 2.584
6 96 3.559
6 97 2.333
6 98 0.782
6 99 2.808
7 8 2.876
7 9 3.420
7 10 0.203
7 11 3.675
7 12 1.237
7 13 0.623
7 14 2.748
7 15 2.518
7 16 1.403
7 17 1.558
7 18 1.616
7 19 2.933
7 20 3.549
7 21 1.604
7 22 1.065
7 23 1.166
7 24 4.038
7 25 0.276
7 26 0.984
7 27 0.087
7 28 1.267
7 29 2.355
7 30 1.061
7 31 0.092
7 32 1.942
7 33 0.630
7 34 4.007
7 35 4.992
7 36 3.238
7 37 2.111
7 38 0.334
7 39 3.432
7 40 2.887
7 41 3.396
7 42 3.285
7 43 0.267
7 44 1.007
7 45 2.567
7 46 2.101
7 47 1.202
7 48 2.689
7 49 3.808
7 50 2.042
7 51 0.431
7 52 3.882
7 53 3.168
7 54 4.257
7 55 4.963
7 56 2.672
7 57 2.657
7 58 3.378
7 59 2.771
7 60 3.250
7 61 0.394
7 62 4.626
7 63 2.798
7 64 4.548
7 65 2.214
7 66 3.491
7 67 0.390
7 68 4.519
7 69 2.928
7 70 0.720
7 71 2.176
7 72 3.328
7 73 1.424
7 74 4.737
7 75 2.192
7 76 1.810
7 77 1.378
7 78 1.223
7 79 2.949
7 80 0.247
7 81 2.992
7 82 3.658
7 83 1.296
7 84 1.458
7 85 2.511
7 86 0.990
7 87 3.204
7 88 4.084
7 89 0.507
7 90 2.762
7 91 1.800
7 92 2.803
7 93 1.071
7 94 3.549
7 95 0.793
7 96 0.192
7 97 1.048
7 98 2.595
7 99 0.568
8 9 0.545
8 10 2.673
8 11 0.799
8 12 1.642
8 13 2.253
8 14 0.130
8 15 0.359
8 16 1.474
8 17 1.318
8 18 1.261
8 19 0.058
8 20 0.675
8 21 1.276
8 22 1.817
8 23 1.711
8 24 1.162
8 25 3.143
8 26 1.892
8 27 2.914
8 28 1.609
8 29 0.521
8 30 1.815
8 31 2.820
8 32 0.938
8 33 2.246
8 34 1.131
8 35 2.116
8 36 0.363
8 37 0.771
8 38 2.555
8 39 0.558
8 40 0.019
8 41 0.521
8 42 0.409
8 43 2.616
8 44 1.872
8 45 0.312
8 46 0.779
8 47 1.674
8 48 0.188
8 49 0.934
8 50 0.835
8 51 2.451
8 52 1.006
8 53 0.294
8 54 1.383
8 55 2.087
8 56 0.209
8 57 0.225
8 58 0.503
8 59 0.106
8 60 0.375
8 61 3.255
8 62 1.750
8 63 0.085
8 64 1.673
8 65 0.662
8 66 0.615
8 67 2.490
8 68 1.643
8 69 0.083
8 70 2.165
8 71 0.701
8 72 0.452
8 73 1.452
8 74 1.861
8 75 0.684
8 76 1.066
8 77 1.498
8 78 1.654
8 79 0.111
8 80 2.629
8 81 0.120
8 82 0.782
8 83 1.582
8 84 1.419
8 85 0.365
8 86 1.889
8 87 0.329
8 88 1.208
8 89 2.370
8 90 0.114
8 91 1.077
8 92 0.103
8 93 1.805
8 94 0.673
8 95 2.084
8 96 3.060
8 97 1.834
8 98 0.281
8 99 2.308
9 10 3.217
9 11 0.264
9 12 2.185
9 13 2.797
9 14 0.671
9 15 0.902
9 16 2.017
9 17 1.861
9 18 1.804
9 19 0.487
9 20 0.131
9 21 1.818
9 22 2.359
9 23 2.254
9 24 0.620
9 25 3.686
9 26 2.436
9 27 3.457
9 28 2.153
9 29 1.065
9 30 2.359
9 31 3.363
9 32 1.480
9 33 2.790
9 34 0.588
9 35 1.572
9 36 0.182
9 37 1.311
9 38 3.098
9 39 0.022
9 40 0.533
9 41 0.065
9 42 0.136
9 43 3.159
9 44 2.415
9 45 0.856
9 46 1.320
9 47 2.218
9 48 0.730
9 49 0.389
9 50 1.378
9 51 2.994
9 52 0.463
9 53 0.252
9 54 0.839
9 55 1.543
9 56 0.752
9 57 0.764
9 58 0.043
9 59 0.651
9 60 0.177
9 61 3.798
9 62 1.208
9 63 0.625
9 64 1.129
9 65 1.206
9 66 0.074
9 67 3.033
9 68 1.100
9 69 0.502
9 70 2.708
9 71 1.245
9 72 0.099
9 73 1.997
9 74 1.317
9 75 1.228
9 76 1.610
9 77 2.042
9 78 2.198
9 79 0.475
9 80 3.173
9 81 0.432
9 82 0.238
9 83 2.125
9 84 1.962
9 85 0.908
9 86 2.432
9 87 0.216
9 88 0.666
9 89 2.914
9 90 0.658
9 91 1.620
9 92 0.619
9 93 2.349
9 94 0.138
9 95 2.628
9 96 3.603
9 97 2.377
9 98 0.825
9 99 2.852
10 11 3.472
10 12 1.034
10 13 0.420
10 14 2.545
10 15 2.315
10 16 1.200
10 17 1.355
10 18 1.413
10 19 2.730
10 20 3.346
10 21 1.402
10 22 0.862
10 23 0.963
10 24 3.835
10 25 0.475
10 26 0.781
10 27 0.254
10 28 1.064
10 29 2.152
10 30 0.858
10 31 0.164
10 32 1.739
10 33 0.426
10 34 3.804
10 35 4.788
10 36 3.035
10 37 1.909
10 38 0.149
10 39 3.229
10 40 2.684
10 41 3.193
10 42 3.082
10 43 0.081
10 44 0.805
10 45 2.364
10 46 1.898
10 47 0.999
10 48 2.486
10 49 3.605
10 50 1.839
10 51 0.233
10 52 3.679
10 53 2.965
10 54 4.054
10 55 4.759
10 56 2.469
10 57 2.453
10 58 3.175
10 59 2.568
10 60 3.047
10 61 0.592
10 62 4.423
10 63 2.595
10 64 4.345
10 65 2.011
10 66 3.288
10 67 0.191
10 68 4.316
10 69 2.725
10 70 0.519
10 71 1.973
10 72 3.125
10 73 1.221
10 74 4.534
10 75 1.989
10 76 1.607
10 77 1.175
10 78 1.020
10 79 2.746
10 80 0.045
10 81 2.789
10 82 3.454
10 83 1.093
10 84 1.255
10 85 2.308
10 86 0.788
10 87 3.001
10 88 3.881
10 89 0.305
10 90 2.559
10 91 1.597
10 92 2.600
10 93 0.868
10 94 3.346
10 95 0.590
10 96 0.391
10 97 0.846
10 98 2.392
10 99 0.365
11 12 2.441
11 13 3.052
11 14 0.928
11 15 1.159
11 16 2.273
11 17 2.117
11 18 2.060
11 19 0.742
11 20 0.155
11 21 2.076
11 22 2.616
11 23 2.510
11 24 0.365
11 25 3.943
11 26 2.691
11 27 3.714
11 28 2.408
11 29 1.320
11 30 2.615
11 31 3.619
11 32 1.737
11 33 3.045
11 34 0.336
11 35 1.317
11 36 0.442
11 37 1.569
11 38 3.355
11 39 0.257
11 40 0.790
11 41 0.279
11 42 0.393
11 43 3.415
11 44 2.671
11 45 1.108
11 46 1.578
11 47 2.473
11 48 0.987
11 49 0.169
11 50 1.635
11 51 3.250
11 52 0.214
11 53 0.512
11 54 0.597
11 55 1.291
11 56 1.003
11 57 1.022
11 58 0.307
11 59 0.904
11 60 0.425
11 61 4.054
11 62 0.951
11 63 0.877
11 64 0.876
11 65 1.461
11 66 0.189
11 67 3.289
11 68 0.846
11 69 0.748
11 70 2.965
11 71 1.499
11 72 0.348
11 73 2.251
11 74 1.065
11 75 1.483
11 76 1.865
11 77 2.298
11 78 2.452
11 79 0.737
11 80 3.428
11 81 0.683
11 82 0.063
11 83 2.382
11 84 2.219
11 85 1.164
11 86 2.689
11 87 0.475
11 88 0.410
11 89 3.169
11 90 0.913
11 91 1.876
11 92 0.880
11 93 2.604
11 94 0.127
11 95 2.883
11 96 3.859
11 97 2.634
11 98 1.080
11 99 3.107
12 13 0.614
12 14 1.514
12 15 1.283
12 16 0.173
12 17 0.329
12 18 0.382
12 19 1.699
12 20 2.313
12 21 0.367
12 22 0.175
12 23 0.079
12 24 2.804
12 25 1.502
12 26 0.256
12 27 1.273
12 28 0.089
12 29 1.121
12 30 0.177
12 31 1.179
12 32 0.705
12 33 0.610
12 34 2.773
12 35 3.757
12 36 2.003
12 37 0.875
12 38 0.913
12 39 2.197
12 40 1.652
12 41 2.163
12 42 2.050
12 43 0.975
12 44 0.230
12 45 1.335
12 46 0.865
12 47 0.066
12 48 1.455
12 49 2.572
12 50 0.807
12 51 0.809
12 52 2.647
12 53 1.933
12 54 3.020
12 55 3.727
12 56 1.440
12 57 1.421
12 58 2.142
12 59 1.538
12 60 2.017
12 61 1.613
12 62 3.392
12 63 1.566
12 64 3.313
12 65 0.982
12 66 2.256
12 67 0.849
12 68 3.285
12 69 1.697
12 70 0.523
12 71 0.944
12 72 2.094
12 73 0.207
12 74 3.501
12 75 0.959
12 76 0.580
12 77 0.147
12 78 0.105
12 79 1.712
12 80 0.990
12 81 1.759
12 82 2.422
12 83 0.061
12 84 0.223
12 85 1.277
12 86 0.248
12 87 1.969
12 88 2.850
12 89 0.730
12 90 1.528
12 91 0.566
12 92 1.566
12 93 0.173
12 94 2.315
12 95 0.445
12 96 1.419
12 97 0.193
12 98 1.362
12 99 0.670
13 14 2.125
13 15 1.895
13 16 0.780
13 17 0.935
13 18 0.992
13 19 2.310
13 20 2.926
13 21 0.981
13 22 0.443
13 23 0.543
13 24 3.415
13 25 0.891
13 26 0.361
13 27 0.663
13 28 0.644
13 29 1.732
13 30 0.438
13 31 0.569
13 32 1.319
13 33 0.019
13 34 3.384
13 35 4.368
13 36 2.615
13 37 1.488
13 38 0.309
13 39 2.809
13 40 2.264
13 41 2.773
13 42 2.662
13 43 0.364
13 44 0.385
13 45 1.944
13 46 1.478
13 47 0.579
13 48 2.066
13 49 3.185
13 50 1.419
13 51 0.202
13 52 3.259
13 53 2.545
13 54 3.633
13 55 4.339
13 56 2.049
13 57 2.033
13 58 2.754
13 59 2.148
13 60 2.627
13 61 1.005
13 62 4.003
13 63 2.175
13 64 3.925
13 65 1.591
13 66 2.868
13 67 0.238
13 68 3.896
13 69 2.305
13 70 0.120
13 71 1.553
13 72 2.705
13 73 0.801
13 74 4.114
13 75 1.569
13 76 1.187
13 77 0.755
13 78 0.602
13 79 2.325
13 80 0.376
13 81 2.369
13 82 3.034
13 83 0.672
13 84 0.835
13 85 1.888
13 86 0.368
13 87 2.580
13 88 3.461
13 89 0.118
13 90 2.139
13 91 1.177
13 92 2.179
13 93 0.448
13 94 2.926
13 95 0.170
13 96 0.807
13 97 0.427
13 98 1.972
13 99 0.056
14 15 0.230
14 16 1.346
14 17 1.190
14 18 1.133
14 19 0.186
14 20 0.801
14 21 1.147
14 22 1.688
14 23 1.583
14 24 1.290
14 25 3.015
14 26 1.764
14 27 2.786
14 28 1.482
14 29 0.393
14 30 1.687
14 31 2.692
14 32 0.809
14 33 2.119
14 34 1.259
14 35 2.243
14 36 0.489
14 37 0.641
14 38 2.427
14 39 0.684
14 40 0.139
14 41 0.650
14 42 0.537
14 43 2.488
14 44 1.744
14 45 0.192
14 46 0.649
14 47 1.547
14 48 0.059
14 49 1.060
14 50 0.707
14 51 2.322
14 52 1.134
14 53 0.420
14 54 1.509
14 55 2.214
14 56 0.103
14 57 0.095
14 58 0.629
14 59 0.046
14 60 0.504
14 61 3.127
14 62 1.878
14 63 0.076
14 64 1.800
14 65 0.535
14 66 0.743
14 67 2.361
14 68 1.771
14 69 0.201
14 70 2.037
14 71 0.575
14 72 0.580
14 73 1.325
14 74 1.989
14 75 0.557
14 76 0.939
14 77 1.370
14 78 1.527
14 79 0.208
14 80 2.501
14 81 0.250
14 82 0.909
14 83 1.454
14 84 1.291
14 85 0.237
14 86 1.761
14 87 0.455
14 88 1.336
14 89 2.242
14 90 0.028
14 91 0.949
14 92 0.070
14 93 1.677
14 94 0.802
14 95 1.956
14 96 2.932
14 97 1.706
14 98 0.155
14 99 2.180
15 16 1.115
15 17 0.960
15 18 0.902
15 19 0.416
15 20 1.031
15 21 0.917
15 22 1.458
15 23 1.352
15 24 1.521
15 25 2.785
15 26 1.534
15 27 2.556
15 28 1.252
15 29 0.163
15 30 1.457
15 31 2.461
15 32 0.579
15 33 1.889
15 34 1.490
15 35 2.474
15 36 0.720
15 37 0.412
15 38 2.196
15 39 0.914
15 40 0.369
15 41 0.880
15 42 0.767
15 43 2.257
15 44 1.513
15 45 0.081
15 46 0.419
15 47 1.316
15 48 0.172
15 49 1.290
15 50 0.476
15 51 2.092
15 52 1.364
15 53 0.650
15 54 1.739
15 55 2.444
15 56 0.170
15 57 0.139
15 58 0.860
15 59 0.256
15 60 0.734
15 61 2.896
15 62 2.109
15 63 0.286
15 64 2.030
15 65 0.305
15 66 0.973
15 67 2.131
15 68 2.002
15 69 0.420
15 70 1.806
15 71 0.346
15 72 0.811
15 73 1.095
15 74 2.219
15 75 0.327
15 76 0.709
15 77 1.140
15 78 1.297
15 79 0.433
15 80 2.271
15 81 0.478
15 82 1.140
15 83 1.224
15 84 1.061
15 85 0.017
15 86 1.531
15 87 0.686
15 88 1.566
15 89 2.012
15 90 0.246
15 91 0.718
15 92 0.287
15 93 1.447
15 94 1.032
15 95 1.726
15 96 2.701
15 97 1.475
15 98 0.083
15 99 1.950
16 17 0.157
16 18 0.213
16 19 1.531
16 20 2.146
16 21 0.208
16 22 0.348
16 23 0.237
16 24 2.636
16 25 1.670
16 26 0.419
16 27 1.441
16 28 0.141
16 29 0.953
16 30 0.342
16 31 1.347
16 32 0.540
16 33 0.773
16 34 2.605
16 35 3.589
16 36 1.835
16 37 0.710
16 38 1.082
16 39 2.029
16 40 1.484
16 41 1.994
16 42 1.882
16 43 1.142
16 44 0.400
16 45 1.165
16 46 0.699
16 47 0.201
16 48 1.287
16 49 2.405
16 50 0.639
16 51 0.977
16 52 2.480
16 53 1.765
16 54 2.854
16 55 3.560
16 56 1.271
16 57 1.254
16 58 1.975
16 59 1.369
16 60 1.848
16 61 1.782
16 62 3.224
16 63 1.396
16 64 3.146
16 65 0.812
16 66 2.088
16 67 1.016
16 68 3.117
16 69 1.527
16 70 0.694
16 71 0.774
16 72 1.925
16 73 0.046
16 74 3.334
16 75 0.790
16 76 0.409
16 77 0.026
16 78 0.190
16 79 1.546
16 80 1.155
16 81 1.590
16 82 2.255
16 83 0.112
16 84 0.058
16 85 1.109
16 86 0.417
16 87 1.801
16 88 2.681
16 89 0.896
16 90 1.360
16 91 0.397
16 92 1.400
16 93 0.332
16 94 2.146
16 95 0.611
16 96 1.586
16 97 0.365
16 98 1.193
16 99 0.834
17 18 0.063
17 19 1.375
17 20 1.991
17 21 0.089
17 22 0.504
17 23 0.394
17 24 2.480
17 25 1.826
17 26 0.574
17 27 1.598
17 28 0.292
17 29 0.797
17 30 0.499
17 31 1.503
17 32 0.388
17 33 0.929
17 34 2.449
17 35 3.433
17 36 1.679
17 37 0.557
17 38 1.239
17 39 1.874
17 40 1.328
17 41 1.838
17 42 1.727
17 43 1.299
17 44 0.557
17 45 1.009
17 46 0.545
17 47 0.357
17 48 1.131
17 49 2.250
17 50 0.484
17 51 1.134
17 52 2.324
17 53 1.610
17 54 2.699
17 55 3.404
17 56 1.114
17 57 1.099
17 58 1.819
17 59 1.212
17 60 1.692
17 61 1.939
17 62 3.068
17 63 1.240
17 64 2.990
17 65 0.656
17 66 1.932
17 67 1.172
17 68 2.961
17 69 1.370
17 70 0.851
17 71 0.618
17 72 1.769
17 73 0.136
17 74 3.179
17 75 0.633
17 76 0.252
17 77 0.183
17 78 0.338
17 79 1.391
17 80 1.311
17 81 1.434
17 82 2.099
17 83 0.268
17 84 0.109
17 85 0.953
17 86 0.574
17 87 1.645
17 88 2.525
17 89 1.053
17 90 1.204
17 91 0.242
17 92 1.245
17 93 0.487
17 94 1.990
17 95 0.767
17 96 1.742
17 97 0.522
17 98 1.037
17 99 0.990
18 19 1.318
18 20 1.933
18 21 0.052
18 22 0.557
18 23 0.450
18 24 2.423
18 25 1.882
18 26 0.631
18 27 1.654
18 28 0.352
18 29 0.740
18 30 0.555
18 31 1.559
18 32 0.328
18 33 0.986
18 34 2.392
18 35 3.376
18 36 1.622
18 37 0.497
18 38 1.294
18 39 1.816
18 40 1.271
18 41 1.781
18 42 1.670
18 43 1.355
18 44 0.611
18 45 0.953
18 46 0.486
18 47 0.414
18 48 1.074
18 49 2.192
18 50 0.426
18 51 1.190
18 52 2.267
18 53 1.552
18 54 2.641
18 55 3.347
18 56 1.059
18 57 1.041
18 58 1.762
18 59 1.156
18 60 1.635
18 61 1.994
18 62 3.011
18 63 1.184
18 64 2.933
18 65 0.600
18 66 1.875
18 67 1.229
18 68 2.904
18 69 1.315
18 70 0.905
18 71 0.562
18 72 1.713
18 73 0.198
18 74 3.121
18 75 0.577
18 76 0.199
18 77 0.238
18 78 0.399
18 79 1.333
18 80 1.368
18 81 1.378
18 82 2.042
18 83 0.322
18 84 0.159
18 85 0.896
18 86 0.629
18 87 1.588
18 88 2.469
18 89 1.109
18 90 1.147
18 91 0.184
18 92 1.187
18 93 0.545
18 94 1.934
18 95 0.824
18 96 1.799
18 97 0.575
18 98 0.980
18 99 1.047
19 20 0.617
19 21 1.333
19 22 1.874
19 23 1.768
19 24 1.105
19 25 3.200
19 26 1.949
19 27 2.972
19 28 1.667
19 29 0.578
19 30 1.873
19 31 2.877
19 32 0.995
19 33 2.304
19 34 1.074
19 35 2.058
19 36 0.305
19 37 0.827
19 38 2.612
19 39 0.500
19 40 0.048
19 41 0.464
19 42 0.352
19 43 2.673
19 44 1.929
19 45 0.369
19 46 0.835
19 47 1.732
19 48 0.244
19 49 0.876
19 50 0.892
19 51 2.508
19 52 0.949
19 53 0.237
19 54 1.326
19 55 2.030
19 56 0.266
19 57 0.280
19 58 0.445
19 59 0.164
19 60 0.318
19 61 3.312
19 62 1.693
19 63 0.140
19 64 1.615
19 65 0.719
19 66 0.557
19 67 2.547
19 68 1.586
19 69 0.070
19 70 2.222
19 71 0.758
19 72 0.395
19 73 1.510
19 74 1.804
19 75 0.741
19 76 1.123
19 77 1.556
19 78 1.711
19 79 0.081
19 80 2.686
19 81 0.068
19 82 0.724
19 83 1.639
19 84 1.476
19 85 0.422
19 86 1.947
19 87 0.271
19 88 1.151
19 89 2.427
19 90 0.171
19 91 1.134
19 92 0.148
19 93 1.862
19 94 0.616
19 95 2.142
19 96 3.117
19 97 1.891
19 98 0.338
19 99 2.365
20 21 1.946
20 22 2.488
20 23 2.383
20 24 0.494
20 25 3.815
20 26 2.565
20 27 3.586
20 28 2.283
20 29 1.194
20 30 2.488
20 31 3.492
20 32 1.608
20 33 2.919
20 34 0.461
20 35 1.444
20 36 0.312
20 37 1.439
20 38 3.226
20 39 0.117
20 40 0.663
20 41 0.174
20 42 0.266
20 43 3.288
20 44 2.543
20 45 0.986
20 46 1.448
20 47 2.347
20 48 0.860
20 49 0.259
20 50 1.507
20 51 3.122
20 52 0.336
20 53 0.381
20 54 0.709
20 55 1.414
20 56 0.882
20 57 0.892
20 58 0.172
20 59 0.781
20 60 0.307
20 61 3.926
20 62 1.081
20 63 0.756
20 64 1.000
20 65 1.335
20 66 0.073
20 67 3.162
20 68 0.972
20 69 0.633
20 70 2.836
20 71 1.375
20 72 0.229
20 73 2.126
20 74 1.188
20 75 1.358
20 76 1.739
20 77 2.171
20 78 2.328
20 79 0.602
20 80 3.302
20 81 0.562
20 82 0.113
20 83 2.254
20 84 2.091
20 85 1.038
20 86 2.561
20 87 0.346
20 88 0.540
20 89 3.042
20 90 0.788
20 91 1.749
20 92 0.747
20 93 2.478
20 94 0.071
20 95 2.757
20 96 3.732
20 97 2.505
20 98 0.955
20 99 2.981
21 22 0.541
21 23 0.439
21 24 2.438
21 25 1.869
21 26 0.621
21 27 1.640
21 28 0.349
21 29 0.756
21 30 0.543
21 31 1.545
21 32 0.338
21 33 0.976
21 34 2.406
21 35 3.390
21 36 1.636
21 37 0.508
21 38 1.280
21 39 1.830
21 40 1.286
21 41 1.797
21 42 1.684
21 43 1.342
21 44 0.597
21 45 0.971
21 46 0.498
21 47 0.407
21 48 1.089
21 49 2.205
21 50 0.442
21 51 1.176
21 52 2.281
21 53 1.566
21 54 2.653
21 55 3.360
21 56 1.077
21 57 1.054
21 58 1.776
21 59 1.172
21 60 1.651
21 61 1.980
21 62 3.026
21 63 1.201
21 64 2.946
21 65 0.618
21 66 1.890
21 67 1.216
21 68 2.918
21 69 1.333
21 70 0.889
21 71 0.582
21 72 1.728
21 73 0.204
21 74 3.135
21 75 0.595
21 76 0.227
21 77 0.230
21 78 0.398
21 79 1.345
21 80 1.357
21 81 1.394
21 82 2.056
21 83 0.309
21 84 0.150
21 85 0.912
21 86 0.615
21 87 1.602
21 88 2.483
21 89 1.097
21 90 1.163
21 91 0.205
21 92 1.199
21 93 0.536
21 94 1.949
21 95 0.812
21 96 1.786
21 97 0.559
21 98 0.996
21 99 1.037
22 23 0.119
22 24 2.979
22 25 1.328
22 26 0.104
22 27 1.099
22 28 0.230
22 29 1.296
22 30 0.052
22 31 1.004
22 32 0.880
22 33 0.440
22 34 2.947
22 35 3.931
22 36 2.177
22 37 1.049
22 38 0.739
22 39 2.371
22 40 1.827
22 41 2.338
22 42 2.225
22 43 0.801
22 44 0.059
22 45 1.510
22 46 1.039
22 47 0.160
22 48 1.630
22 49 2.746
22 50 0.982
22 51 0.635
22 52 2.822
22 53 2.107
22 54 3.195
22 55 3.901
22 56 1.616
22 57 1.596
22 58 2.317
22 59 1.713
22 60 2.192
22 61 1.438
22 62 3.567
22 63 1.741
22 64 3.488
22 65 1.157
22 66 2.431
22 67 0.675
22 68 3.459
22 69 1.872
22 70 0.348
22 71 1.120
22 72 2.269
22 73 0.377
22 74 3.676
22 75 1.134
22 76 0.755
22 77 0.322
22 78 0.203
22 79 1.886
22 80 0.817
22 81 1.934
22 82 2.597
22 83 0.236
22 84 0.399
22 85 1.452
22 86 0.076
22 87 2.143
22 88 3.024
22 89 0.558
22 90 1.703
22 91 0.741
22 92 1.741
22 93 0.076
22 94 2.490
22 95 0.275
22 96 1.245
22 97 0.018
22 98 1.537
22 99 0.499
23 24 2.873
23 25 1.433
23 26 0.182
23 27 1.204
23 28 0.111
23 29 1.190
23 30 0.105
23 31 1.110
23 32 0.776
23 33 0.537
23 34 2.842
23 35 3.826
23 36 2.072
23 37 0.946
23 38 0.845
23 39 2.266
23 40 1.721
23 41 2.231
23 42 2.119
23 43 0.905
23 44 0.165
23 45 1.402
23 46 0.935
23 47 0.041
23 48 1.524
23 49 2.642
23 50 0.876
23 51 0.740
23 52 2.717
23 53 2.002
23 54 3.091
23 55 3.797
23 56 1.508
23 57 1.491
23 58 2.212
23 59 1.606
23 60 2.085
23 61 1.545
23 62 3.461
23 63 1.633
23 64 3.383
23 65 1.049
23 66 2.325
23 67 0.779
23 68 3.354
23 69 1.764
23 70 0.458
23 71 1.011
23 72 2.163
23 73 0.263
23 74 3.571
23 75 1.027
23 76 0.646
23 77 0.212
23 78 0.088
23 79 1.783
23 80 0.919
23 81 1.827
23 82 2.492
23 83 0.131
23 84 0.292
23 85 1.346
23 86 0.182
23 87 2.038
23 88 2.918
23 89 0.659
23 90 1.597
23 91 0.634
23 92 1.636
23 93 0.096
23 94 2.383
23 95 0.374
23 96 1.349
23 97 0.136
23 98 1.430
23 99 0.598
24 25 4.305
24 26 3.054
24 27 4.077
24 28 2.772
24 29 1.683
24 30 2.978
24 31 3.982
24 32 2.099
24 33 3.409
24 34 0.037
24 35 0.953
24 36 0.801
24 37 1.931
24 38 3.717
24 39 0.609
24 40 1.152
24 41 0.643
24 42 0.754
24 43 3.778
24 44 3.034
24 45 1.472
24 46 1.940
24 47 2.836
24 48 1.349
24 49 0.243
24 50 1.997
24 51 3.613
24 52 0.158
24 53 0.872
24 54 0.245
24 55 0.927
24 56 1.367
24 57 1.383
24 58 0.663
24 59 1.268
24 60 0.788
24 61 4.417
24 62 0.588
24 63 1.241
24 64 0.512
24 65 1.824
24 66 0.548
24 67 3.652
24 68 0.481
24 69 1.112
24 70 3.327
24 71 1.863
24 72 0.710
24 73 2.614
24 74 0.701
24 75 1.846
24 76 2.228
24 77 2.661
24 78 2.816
24 79 1.095
24 80 3.791
24 81 1.046
24 82 0.382
24 83 2.744
24 84 2.581
24 85 1.527
24 86 3.051
24 87 0.835
24 88 0.046
24 89 3.532
24 90 1.276
24 91 2.239
24 92 1.239
24 93 2.967
24 94 0.490
24 95 3.247
24 96 4.222
24 97 2.996
24 98 1.443
24 99 3.470
25 26 1.252
25 27 0.229
25 28 1.536
25 29 2.622
25 30 1.328
25 31 0.323
25 32 2.207
25 33 0.899
25 34 4.274
25 35 5.258
25 36 3.504
25 37 2.376
25 38 0.589
25 39 3.698
25 40 3.154
25 41 3.664
25 42 3.552
25 43 0.528
25 44 1.272
25 45 2.835
25 46 2.367
25 47 1.470
25 48 2.956
25 49 4.074
25 50 2.308
25 51 0.693
25 52 4.149
25 53 3.434
25 54 4.522
25 55 5.229
25 56 2.940
25 57 2.923
25 58 3.644
25 59 3.038
25 60 3.518
25 61 0.118
25 62 4.893
25 63 3.066
25 64 4.815
25 65 2.482
25 66 3.758
25 67 0.654
25 68 4.786
25 69 3.197
25 70 0.980
25 71 2.444
25 72 3.595
25 73 1.693
25 74 5.003
25 75 2.459
25 76 2.078
25 77 1.645
25 78 1.493
25 79 3.214
25 80 0.517
25 81 3.260
25 82 3.924
25 83 1.561
25 84 1.724
25 85 2.778
25 86 1.254
25 87 3.470
25 88 4.351
25 89 0.774
25 90 3.030
25 91 2.067
25 92 3.068
25 93 1.339
25 94 3.816
25 95 1.059
25 96 0.085
25 97 1.310
25 98 2.863
25 99 0.837
26 27 1.023
26 28 0.284
26 29 1.371
26 30 0.079
26 31 0.929
26 32 0.958
26 33 0.355
26 34 3.023
26 35 4.007
26 36 2.254
26 37 1.128
26 38 0.666
26 39 2.448
26 40 1.903
26 41 2.412
26 42 2.301
26 43 0.724
26 44 0.056
26 45 1.583
26 46 1.117
26 47 0.218
26 48 1.705
26 49 2.824
26 50 1.058
26 51 0.560
26 52 2.898
26 53 2.184
26 54 3.273
26 55 3.978
26 56 1.689
26 57 1.672
26 58 2.393
26 59 1.787
26 60 2.266
26 61 1.365
26 62 3.642
26 63 1.814
26 64 3.564
26 65 1.230
26 66 2.507
26 67 0.598
26 68 3.535
26 69 1.945
26 70 0.283
26 71 1.192
26 72 2.344
26 73 0.441
26 74 3.753
26 75 1.208
26 76 0.827
26 77 0.394
26 78 0.244
26 79 1.964
26 80 0.737
26 81 2.008
26 82 2.673
26 83 0.313
26 84 0.474
26 85 1.527
26 86 0.051
26 87 2.219
26 88 3.100
26 89 0.478
26 90 1.778
26 91 0.816
26 92 1.818
26 93 0.087
26 94 2.565
26 95 0.193
26 96 1.168
26 97 0.095
26 98 1.611
26 99 0.416
27 28 1.308
27 29 2.393
27 30 1.099
27 31 0.094
27 32 1.978
27 33 0.672
27 34 4.045
27 35 5.030
27 36 3.276
27 37 2.147
27 38 0.360
27 39 3.469
27 40 2.925
27 41 3.435
27 42 3.323
27 43 0.299
27 44 1.043
27 45 2.606
27 46 2.138
27 47 1.241
27 48 2.727
27 49 3.845
27 50 2.080
27 51 0.464
27 52 3.920
27 53 3.205
27 54 4.293
27 55 5.000
27 56 2.712
27 57 2.694
27 58 3.415
27 59 2.810
27 60 3.289
27 61 0.341
27 62 4.665
27 63 2.837
27 64 4.586
27 65 2.253
27 66 3.529
27 67 0.425
27 68 4.558
27 69 2.968
27 70 0.751
27 71 2.215
27 72 3.366
27 73 1.464
27 74 4.774
27 75 2.231
27 76 1.850
27 77 1.416
27 78 1.265
27 79 2.985
27 80 0.293
27 81 3.031
27 82 3.695
27 83 1.332
27 84 1.495
27 85 2.550
27 86 1.025
27 87 3.241
27 88 4.122
27 89 0.546
27 90 2.801
27 91 1.838
27 92 2.839
27 93 1.111
27 94 3.587
27 95 0.831
27 96 0.147
27 97 1.081
27 98 2.634
27 99 0.610
28 29 1.089
28 30 0.212
28 31 1.213
28 32 0.679
28 33 0.637
28 34 2.741
28 35 3.725
28 36 1.972
28 37 0.849
28 38 0.950
28 39 2.166
28 40 1.620
28 41 2.129
28 42 2.018
28 43 1.008
28 44 0.275
28 45 1.300
28 46 0.837
28 47 0.070
28 48 1.423
28 49 2.542
28 50 0.777
28 51 0.844
28 52 2.616
28 53 1.902
28 54 2.991
28 55 3.696
28 56 1.405
28 57 1.391
28 58 2.111
28 59 1.504
28 60 1.983
28 61 1.649
28 62 3.359
28 63 1.531
28 64 3.282
28 65 0.948
28 66 2.224
28 67 0.882
28 68 3.253
28 69 1.661
28 70 0.565
28 71 0.909
28 72 2.061
28 73 0.157
28 74 3.471
28 75 0.925
28 76 0.544
28 77 0.121
28 78 0.049
28 79 1.684
28 80 1.020
28 81 1.725
28 82 2.391
28 83 0.074
28 84 0.200
28 85 1.245
28 86 0.291
28 87 1.937
28 88 2.817
28 89 0.762
28 90 1.496
28 91 0.535
28 92 1.537
28 93 0.198
28 94 2.282
28 95 0.477
28 96 1.452
28 97 0.247
28 98 1.329
28 99 0.699
29 30 1.295
29 31 2.299
29 32 0.418
29 33 1.726
29 34 1.652
29 35 2.636
29 36 0.883
29 37 0.254
29 38 2.034
29 39 1.077
29 40 0.531
29 41 1.042
29 42 0.930
29 43 2.095
29 44 1.351
29 45 0.218
29 46 0.259
29 47 1.153
29 48 0.334
29 49 1.453
29 50 0.314
29 51 1.930
29 52 1.527
29 53 0.813
29 54 1.902
29 55 2.607
29 56 0.322
29 57 0.302
29 58 1.022
29 59 0.417
29 60 0.896
29 61 2.734
29 62 2.271
29 63 0.445
29 64 2.193
29 65 0.143
29 66 1.136
29 67 1.969
29 68 2.164
29 69 0.578
29 70 1.644
29 71 0.184
29 72 0.973
29 73 0.932
29 74 2.382
29 75 0.164
29 76 0.546
29 77 0.977
29 78 1.134
29 79 0.596
29 80 2.108
29 81 0.639
29 82 1.302
29 83 1.061
29 84 0.898
29 85 0.156
29 86 1.368
29 87 0.848
29 88 1.729
29 89 1.849
29 90 0.407
29 91 0.556
29 92 0.450
29 93 1.284
29 94 1.194
29 95 1.563
29 96 2.539
29 97 1.313
29 98 0.241
29 99 1.787
30 31 1.005
30 32 0.880
30 33 0.433
30 34 2.947
30 35 3.931
30 36 2.177
30 37 1.050
30 38 0.740
30 39 2.371
30 40 1.826
30 41 2.336
30 42 2.224
30 43 0.800
30 44 0.065
30 45 1.507
30 46 1.040
30 47 0.143
30 48 1.629
30 49 2.747
30 50 0.981
30 51 0.635
30 52 2.821
30 53 2.107
30 54 3.195
30 55 3.901
30 56 1.613
30 57 1.595
30 58 2.317
30 59 1.711
30 60 2.190
30 61 1.440
30 62 3.566
30 63 1.738
30 64 3.487
30 65 1.154
30 66 2.430
30 67 0.674
30 68 3.459
30 69 1.869
30 70 0.353
30 71 1.116
30 72 2.267
30 73 0.367
30 74 3.676
30 75 1.131
30 76 0.751
30 77 0.317
30 78 0.177
30 79 1.887
30 80 0.814
30 81 1.932
30 82 2.597
30 83 0.234
30 84 0.397
30 85 1.451
30 86 0.080
30 87 2.143
30 88 3.023
30 89 0.555
30 90 1.702
30 91 0.739
30 92 1.741
30 93 0.026
30 94 2.488
30 95 0.269
30 96 1.244
30 97 0.058
30 98 1.535
30 99 0.493
31 32 1.884
31 33 0.577
31 34 3.951
31 35 4.935
31 36 3.181
31 37 2.053
31 38 0.266
31 39 3.375
31 40 2.830
31 41 3.341
31 42 3.229
31 43 0.205
31 44 0.948
31 45 2.512
31 46 2.043
31 47 1.147
31 48 2.633
31 49 3.751
31 50 1.985
31 51 0.370
31 52 3.826
31 53 3.111
31 54 4.199
31 55 4.905
31 56 2.617
31 57 2.599
31 58 3.321
31 59 2.715
31 60 3.195
31 61 0.436
31 62 4.570
31 63 2.743
31 64 4.492
31 65 2.159
31 66 3.434
31 67 0.331
31 68 4.463
31 69 2.874
31 70 0.657
31 71 2.121
31 72 3.272
31 73 1.370
31 74 4.680
31 75 2.136
31 76 1.755
31 77 1.322
31 78 1.171
31 79 2.891
31 80 0.200
31 81 2.937
31 82 3.601
31 83 1.238
31 84 1.401
31 85 2.455
31 86 0.931
31 87 3.147
31 88 4.028
31 89 0.451
31 90 2.706
31 91 1.743
31 92 2.745
31 93 1.016
31 94 3.493
31 95 0.736
31 96 0.241
31 97 0.987
31 98 2.539
31 99 0.516
32 33 1.313
32 34 2.068
32 35 3.052
32 36 1.298
32 37 0.170
32 38 1.618
32 39 1.491
32 40 0.948
32 41 1.459
32 42 1.346
32 43 1.680
32 44 0.935
32 45 0.635
32 46 0.160
32 47 0.741
32 48 0.751
32 49 1.867
32 50 0.107
32 51 1.514
32 52 1.942
32 53 1.228
32 54 2.315
32 55 3.022
32 56 0.740
32 57 0.716
32 58 1.437
32 59 0.835
32 60 1.313
32 61 2.318
32 62 2.687
32 63 0.863
32 64 2.608
32 65 0.284
32 66 1.551
32 67 1.554
32 68 2.580
32 69 0.996
32 70 1.228
32 71 0.252
32 72 1.389
32 73 0.524
32 74 2.796
32 75 0.260
32 76 0.154
32 77 0.564
32 78 0.726
32 79 1.007
32 80 1.694
32 81 1.056
32 82 1.718
32 83 0.646
32 84 0.484
32 85 0.574
32 86 0.953
32 87 1.264
32 88 2.145
32 89 1.435
32 90 0.825
32 91 0.148
32 92 0.861
32 93 0.871
32 94 1.611
32 95 1.149
32 96 2.124
32 97 0.897
32 98 0.659
32 99 1.374
33 34 3.378
33 35 4.362
33 36 2.608
33 37 1.483
33 38 0.320
33 39 2.803
33 40 2.257
33 41 2.767
33 42 2.655
33 43 0.373
33 44 0.382
33 45 1.937
33 46 1.472
33 47 0.572
33 48 2.060
33 49 3.179
33 50 1.413
33 51 0.213
33 52 3.253
33 53 2.539
33 54 3.628
33 55 4.333
33 56 2.043
33 57 2.027
33 58 2.748
33 59 2.141
33 60 2.621
33 61 1.013
33 62 3.997
33 63 2.168
33 64 3.919
33 65 1.585
33 66 2.861
33 67 0.248
33 68 3.890
33 69 2.299
33 70 0.129
33 71 1.546
33 72 2.698
33 73 0.794
33 74 4.107
33 75 1.562
33 76 1.181
33 77 0.749
33 78 0.594
33 79 2.319
33 80 0.382
33 81 2.363
33 82 3.028
33 83 0.667
33 84 0.829
33 85 1.882
33 86 0.365
33 87 2.574
33 88 3.454
33 89 0.127
33 90 2.133
33 91 1.170
33 92 2.173
33 93 0.442
33 94 2.919
33 95 0.166
33 96 0.815
33 97 0.424
33 98 1.966
33 99 0.062
34 35 0.984
34 36 0.770
34 37 1.899
34 38 3.686
34 39 0.577
34 40 1.121
34 41 0.613
34 42 0.722
34 43 3.747
34 44 3.003
34 45 1.442
34 46 1.908
34 47 2.806
34 48 1.318
34 49 0.208
34 50 1.966
34 51 3.581
34 52 0.125
34 53 0.840
34 54 0.265
34 55 0.956
34 56 1.337
34 57 1.352
34 58 0.631
34 59 1.237
34 60 0.758
34 61 4.386
34 62 0.620
34 63 1.210
34 64 0.541
34 65 1.793
34 66 0.517
34 67 3.621
34 68 0.512
34 69 1.083
34 70 3.296
34 71 1.832
34 72 0.680
34 73 2.584
34 74 0.730
34 75 1.816
34 76 2.197
34 77 2.629
34 78 2.785
34 79 1.062
34 80 3.760
34 81 1.016
34 82 0.350
34 83 2.713
34 84 2.550
34 85 1.496
34 86 3.020
34 87 0.804
34 88 0.080
34 89 3.501
34 90 1.245
34 91 2.208
34 92 1.207
34 93 2.936
34 94 0.460
34 95 3.215
34 96 4.191
34 97 2.965
34 98 1.412
34 99 3.439
35 36 1.754
35 37 2.883
35 38 4.670
35 39 1.560
35 40 2.105
35 41 1.596
35 42 1.707
35 43 4.731
35 44 3.987
35 45 2.425
35 46 2.892
35 47 3.790
35 48 2.302
35 49 1.186
35 50 2.950
35 51 4.566
35 52 1.109
35 53 1.824
35 54 0.743
35 55 0.067
35 56 2.320
35 57 2.336
35 58 1.615
35 59 2.221
35 60 1.742
35 61 5.370
35 62 0.367
35 63 2.194
35 64 0.444
35 65 2.777
35 66 1.501
35 67 4.605
35 68 0.472
35 69 2.065
35 70 4.280
35 71 2.816
35 72 1.664
35 73 3.568
35 74 0.259
35 75 2.800
35 76 3.181
35 77 3.614
35 78 3.769
35 79 2.046
35 80 4.744
35 81 2.000
35 82 1.334
35 83 3.697
35 84 3.534
35 85 2.480
35 86 4.004
35 87 1.788
35 88 0.908
35 89 4.485
35 90 2.229
35 91 3.192
35 92 2.191
35 93 3.920
35 94 1.443
35 95 4.200
35 96 5.175
35 97 3.949
35 98 2.396
35 99 4.423
36 37 1.129
36 38 2.916
36 39 0.195
36 40 0.351
36 41 0.169
36 42 0.050
36 43 2.977
36 44 2.233
36 45 0.675
36 46 1.138
36 47 2.036
36 48 0.548
36 49 0.571
36 50 1.196
36 51 2.812
36 52 0.645
36 53 0.071
36 54 1.020
36 55 1.725
36 56 0.571
36 57 0.582
36 58 0.140
36 59 0.469
36 60 0.051
36 61 3.616
36 62 1.389
36 63 0.444
36 64 1.311
36 65 1.024
36 66 0.254
36 67 2.851
36 68 1.282
36 69 0.325
36 70 2.526
36 71 1.063
36 72 0.097
36 73 1.815
36 74 1.499
36 75 1.046
36 76 1.428
36 77 1.860
36 78 2.016
36 79 0.295
36 80 2.991
36 81 0.253
36 82 0.420
36 83 1.943
36 84 1.780
36 85 0.727
36 86 2.250
36 87 0.034
36 88 0.847
36 89 2.732
36 90 0.476
36 91 1.438
36 92 0.438
36 93 2.167
36 94 0.314
36 95 2.446
36 96 3.421
36 97 2.195
36 98 0.643
36 99 2.670
37 38 1.788
37 39 1.322
37 40 0.780
37 41 1.291
37 42 1.177
37 43 1.849
37 44 1.105
37 45 0.472
37 46 0.021
37 47 0.911
37 48 0.583
37 49 1.698
37 50 0.083
37 51 1.684
37 52 1.774
37 53 1.059
37 54 2.146
37 55 2.852
37 56 0.576
37 57 0.548
37 58 1.268
37 59 0.668
37 60 1.145
37 61 2.487
37 62 2.519
37 63 0.698
37 64 2.439
37 65 0.136
37 66 1.383
37 67 1.723
37 68 2.411
37 69 0.831
37 70 1.397
37 71 0.124
37 72 1.221
37 73 0.693
37 74 2.627
37 75 0.115
37 76 0.314
37 77 0.734
37 78 0.895
37 79 0.838
37 80 1.864
37 81 0.889
37 82 1.549
37 83 0.816
37 84 0.654
37 85 0.408
37 86 1.122
37 87 1.095
37 88 1.976
37 89 1.604
37 90 0.658
37 91 0.315
37 92 0.692
37 93 1.041
37 94 1.442
37 95 1.319
37 96 2.293
37 97 1.066
37 98 0.493
37 99 1.543
38 39 3.110
38 40 2.566
38 41 3.076
38 42 2.964
38 43 0.070
38 44 0.683
38 45 2.248
38 46 1.778
38 47 0.883
38 48 2.368
38 49 3.485
38 50 1.720
38 51 0.107
38 52 3.561
38 53 2.846
38 54 3.933
38 55 4.640
38 56 2.353
38 57 2.334
38 58 3.056
38 59 2.451
38 60 2.930
38 61 0.700
38 62 4.305
38 63 2.478
38 64 4.226
38 65 1.894
38 66 3.169
38 67 0.075
38 68 4.198
38 69 2.609
38 70 0.391
38 71 1.857
38 72 3.007
38 73 1.107
38 74 4.415
38 75 1.872
38 76 1.491
38 77 1.057
38 78 0.909
38 79 2.625
38 80 0.109
38 81 2.672
38 82 3.336
38 83 0.973
38 84 1.136
38 85 2.190
38 86 0.666
38 87 2.882
38 88 3.763
38 89 0.192
38 90 2.442
38 91 1.479
38 92 2.479
38 93 0.753
38 94 3.228
38 95 0.473
38 96 0.506
38 97 0.722
38 98 2.275
38 99 0.259
39 40 0.546
39 41 0.087
39 42 0.151
39 43 3.171
39 44 2.427
39 45 0.869
39 46 1.332
39 47 2.230
39 48 0.743
39 49 0.376
39 50 1.390
39 51 3.006
39 52 0.452
39 53 0.264
39 54 0.826
39 55 1.530
39 56 0.766
39 57 0.776
39 58 0.055
39 59 0.664
39 60 0.194
39 61 3.809
39 62 1.197
39 63 0.639
39 64 1.117
39 65 1.219
39 66 0.071
39 67 3.045
39 68 1.089
39 69 0.517
39 70 2.719
39 71 1.258
39 72 0.117
39 73 2.009
39 74 1.305
39 75 1.241
39 76 1.623
39 77 2.054
39 78 2.211
39 79 0.486
39 80 3.185
39 81 0.446
39 82 0.227
39 83 2.137
39 84 1.974
39 85 0.921
39 86 2.444
39 87 0.229
39 88 0.655
39 89 2.926
39 90 0.671
39 91 1.632
39 92 0.631
39 93 2.361
39 94 0.134
39 95 2.640
39 96 3.615
39 97 2.388
39 98 0.838
39 99 2.864
40 41 0.511
40 42 0.398
40 43 2.626
40 44 1.882
40 45 0.324
40 46 0.788
40 47 1.685
40 48 0.197
40 49 0.922
40 50 0.845
40 51 2.461
40 52 0.995
40 53 0.282
40 54 1.372
40 55 2.076
40 56 0.223
40 57 0.233
40 58 0.491
40 59 0.120
40 60 0.365
40 61 3.265
40 62 1.740
40 63 0.101
40 64 1.662
40 65 0.673
40 66 0.604
40 67 2.500
40 68 1.633
40 69 0.090
40 70 2.175
40 71 0.712
40 72 0.442
40 73 1.463
40 74 1.850
40 75 0.695
40 76 1.077
40 77 1.509
40 78 1.665
40 79 0.092
40 80 2.640
40 81 0.114
40 82 0.771
40 83 1.593
40 84 1.430
40 85 0.375
40 86 1.900
40 87 0.317
40 88 1.197
40 89 2.381
40 90 0.125
40 91 1.087
40 92 0.102
40 93 1.816
40 94 0.663
40 95 2.095
40 96 3.070
40 97 1.844
40 98 0.292
40 99 2.318
41 42 0.120
41 43 3.136
41 44 2.393
41 45 0.830
41 46 1.299
41 47 2.194
41 48 0.708
41 49 0.423
41 50 1.356
41 51 2.971
41 52 0.488
41 53 0.238
41 54 0.870
41 55 1.569
41 56 0.724
41 57 0.744
41 58 0.072
41 59 0.625
41 60 0.146
41 61 3.776
41 62 1.230
41 63 0.598
41 64 1.154
41 65 1.182
41 66 0.102
41 67 3.010
41 68 1.124
41 69 0.470
41 70 2.686
41 71 1.220
41 72 0.072
41 73 1.972
41 74 1.343
41 75 1.205
41 76 1.586
41 77 2.019
41 78 2.173
41 79 0.463
41 80 3.149
41 81 0.404
41 82 0.267
41 83 2.103
41 84 1.940
41 85 0.886
41 86 2.410
41 87 0.201
41 88 0.688
41 89 2.890
41 90 0.634
41 91 1.597
41 92 0.603
41 93 2.325
41 94 0.153
41 95 2.605
41 96 3.580
41 97 2.355
41 98 0.801
41 99 2.828
42 43 3.024
42 44 2.280
42 45 0.720
42 46 1.186
42 47 2.083
42 48 0.596
42 49 0.525
42 50 1.243
42 51 2.859
42 52 0.597
42 53 0.120
42 54 0.975
42 55 1.678
42 56 0.616
42 57 0.630
42 58 0.096
42 59 0.515
42 60 0.049
42 61 3.663
42 62 1.342
42 63 0.489
42 64 1.263
42 65 1.071
42 66 0.206
42 67 2.898
42 68 1.235
42 69 0.367
42 70 2.573
42 71 1.110
42 72 0.048
42 73 1.861
42 74 1.452
42 75 1.093
42 76 1.475
42 77 1.907
42 78 2.063
42 79 0.345
42 80 3.038
42 81 0.296
42 82 0.373
42 83 1.991
42 84 1.828
42 85 0.774
42 86 2.298
42 87 0.082
42 88 0.799
42 89 2.779
42 90 0.523
42 91 1.485
42 92 0.487
42 93 2.214
42 94 0.266
42 95 2.493
42 96 3.468
42 97 2.242
42 98 0.690
42 99 2.717
43 44 0.744
43 45 2.307
43 46 1.839
43 47 0.942
43 48 2.429
43 49 3.547
43 50 1.781
43 51 0.166
43 52 3.622
43 53 2.907
43 54 3.995
43 55 4.701
43 56 2.413
43 57 2.395
43 58 3.117
43 59 2.511
43 60 2.990
43 61 0.641
43 62 4.366
43 63 2.538
43 64 4.288
43 65 1.954
43 66 3.230
43 67 0.126
43 68 4.259
43 69 2.669
43 70 0.454
43 71 1.916
43 72 3.068
43 73 1.165
43 74 4.476
43 75 1.932
43 76 1.551
43 77 1.117
43 78 0.966
43 79 2.687
43 80 0.047
43 81 2.733
43 82 3.397
43 83 1.034
43 84 1.197
43 85 2.251
43 86 0.727
43 87 2.943
43 88 3.824
43 89 0.247
43 90 2.502
43 91 1.539
43 92 2.541
43 93 0.811
43 94 3.289
43 95 0.532
43 96 0.444
43 97 0.784
43 98 2.335
43 99 0.311
44 45 1.565
44 46 1.095
44 47 0.205
44 48 1.685
44 49 2.802
44 50 1.037
44 51 0.579
44 52 2.877
44 53 2.163
44 54 3.251
44 55 3.957
44 56 1.670
44 57 1.651
44 58 2.372
44 59 1.767
44 60 2.247
44 61 1.383
44 62 3.622
44 63 1.795
44 64 3.543
44 65 1.211
44 66 2.486
44 67 0.618
44 68 3.515
44 69 1.927
44 70 0.294
44 71 1.174
44 72 2.324
44 73 0.427
44 74 3.732
44 75 1.189
44 76 0.809
44 77 0.375
44 78 0.241
44 79 1.942
44 80 0.760
44 81 1.989
44 82 2.653
44 83 0.290
44 84 0.453
44 85 1.507
44 86 0.017
44 87 2.199
44 88 3.080
44 89 0.500
44 90 1.758
44 91 0.795
44 92 1.796
44 93 0.087
44 94 2.545
44 95 0.216
44 96 1.188
44 97 0.045
44 98 1.592
44 99 0.441
45 46 0.477
45 47 1.365
45 48 0.135
45 49 1.245
45 50 0.530
45 51 2.142
45 52 1.317
45 53 0.606
45 54 1.695
45 55 2.398
45 56 0.105
45 57 0.122
45 58 0.815
45 59 0.205
45 60 0.684
45 61 2.947
45 62 2.060
45 63 0.231
45 64 1.983
45 65 0.354
45 66 0.925
45 67 2.181
45 68 1.953
45 69 0.362
45 70 1.858
45 71 0.391
45 72 0.762
45 73 1.143
45 74 2.172
45 75 0.377
45 76 0.757
45 77 1.190
45 78 1.344
45 79 0.400
45 80 2.320
45 81 0.426
45 82 1.093
45 83 1.275
45 84 1.112
45 85 0.074
45 86 1.582
45 87 0.640
45 88 1.518
45 89 2.061
45 90 0.199
45 91 0.769
45 92 0.259
45 93 1.496
45 94 0.982
45 95 1.776
45 96 2.751
45 97 1.528
45 98 0.046
45 99 1.999
46 47 0.900
46 48 0.591
46 49 1.707
46 50 0.065
46 51 1.674
46 52 1.783
46 53 1.068
46 54 2.156
46 55 2.862
46 56 0.582
46 57 0.556
46 58 1.278
46 59 0.675
46 60 1.153
46 61 2.478
46 62 2.528
46 63 0.704
46 64 2.448
46 65 0.134
46 66 1.392
46 67 1.713
46 68 2.420
46 69 0.837
46 70 1.388
46 71 0.115
46 72 1.230
46 73 0.681
46 74 2.637
46 75 0.111
46 76 0.300
46 77 0.723
46 78 0.884
46 79 0.848
46 80 1.854
46 81 0.897
46 82 1.558
46 83 0.806
46 84 0.643
46 85 0.414
46 86 1.112
46 87 1.104
46 88 1.985
46 89 1.594
46 90 0.665
46 91 0.303
46 92 0.702
46 93 1.030
46 94 1.451
46 95 1.309
46 96 2.283
46 97 1.057
46 98 0.499
46 99 1.533
47 48 1.488
47 49 2.606
47 50 0.840
47 51 0.777
47 52 2.680
47 53 1.966
47 54 3.055
47 55 3.761
47 56 1.471
47 57 1.455
47 58 2.176
47 59 1.569
47 60 2.048
47 61 1.582
47 62 3.424
47 63 1.596
47 64 3.346
47 65 1.013
47 66 2.289
47 67 0.816
47 68 3.318
47 69 1.727
47 70 0.497
47 71 0.974
47 72 2.126
47 73 0.224
47 74 3.535
47 75 0.990
47 76 0.609
47 77 0.177
47 78 0.052
47 79 1.747
47 80 0.955
47 81 1.791
47 82 2.456
47 83 0.102
47 84 0.258
47 85 1.310
47 86 0.221
47 87 2.002
47 88 2.882
47 89 0.696
47 90 1.561
47 91 0.598
47 92 1.601
47 93 0.131
47 94 2.347
47 95 0.410
47 96 1.386
47 97 0.177
47 98 1.393
47 99 0.634
48 49 1.119
48 50 0.648
48 51 2.264
48 52 1.193
48 53 0.479
48 54 1.568
48 55 2.273
48 56 0.065
48 57 0.044
48 58 0.688
48 59 0.088
48 60 0.562
48 61 3.068
48 62 1.937
48 63 0.120
48 64 1.859
48 65 0.476
48 66 0.801
48 67 2.303
48 68 1.830
48 69 0.252
48 70 1.978
48 71 0.515
48 72 0.639
48 73 1.266
48 74 2.048
48 75 0.498
48 76 0.880
48 77 1.312
48 78 1.468
48 79 0.266
48 80 2.442
48 81 0.306
48 82 0.968
48 83 1.395
48 84 1.232
48 85 0.178
48 86 1.702
48 87 0.514
48 88 1.395
48 89 2.183
48 90 0.075
48 91 0.890
48 92 0.124
48 93 1.618
48 94 0.860
48 95 1.897
48 96 2.873
48 97 1.647
48 98 0.096
48 99 2.121
49 50 1.766
49 51 3.381
49 52 0.091
49 53 0.640
49 54 0.450
49 55 1.155
49 56 1.141
49 57 1.151
49 58 0.431
49 59 1.040
49 60 0.564
49 61 4.185
49 62 0.824
49 63 1.015
49 64 0.742
49 65 1.595
49 66 0.322
49 67 3.420
49 68 0.715
49 69 0.890
49 70 3.095
49 71 1.634
49 72 0.485
49 73 2.385
49 74 0.930
49 75 1.617
49 76 1.999
49 77 2.430
49 78 2.587
49 79 0.860
49 80 3.561
49 81 0.821
49 82 0.156
49 83 2.513
49 84 2.350
49 85 1.297
49 86 2.820
49 87 0.605
49 88 0.288
49 89 3.301
49 90 1.047
49 91 2.008
49 92 1.006
49 93 2.737
49 94 0.272
49 95 3.016
49 96 3.991
49 97 2.764
49 98 1.214
49 99 3.240
50 51 1.616
50 52 1.841
50 53 1.126
50 54 2.215
50 55 2.921
50 56 0.635
50 57 0.615
50 58 1.336
50 59 0.731
50 60 1.210
50 61 2.420
50 62 2.585
50 63 0.759
50 64 2.507
50 65 0.177
50 66 1.449
50 67 1.655
50 68 2.478
50 69 0.891
50 70 1.330
50 71 0.146
50 72 1.287
50 73 0.620
50 74 2.695
50 75 0.154
50 76 0.236
50 77 0.664
50 78 0.822
50 79 0.907
50 80 1.795
50 81 0.953
50 82 1.616
50 83 0.747
50 84 0.584
50 85 0.470
50 86 1.054
50 87 1.162
50 88 2.043
50 89 1.535
50 90 0.722
50 91 0.242
50 92 0.761
50 93 0.971
50 94 1.508
50 95 1.250
50 96 2.225
50 97 0.999
50 98 0.555
50 99 1.474
51 52 3.456
51 53 2.742
51 54 3.829
51 55 4.536
51 56 2.248
51 57 2.230
51 58 2.951
51 59 2.346
51 60 2.825
51 61 0.805
51 62 4.201
51 63 2.373
51 64 4.122
51 65 1.789
51 66 3.065
51 67 0.042
51 68 4.094
51 69 2.504
51 70 0.288
51 71 1.751
51 72 2.902
51 73 1.001
51 74 4.310
51 75 1.767
51 76 1.386
51 77 0.952
51 78 0.803
51 79 2.521
51 80 0.187
51 81 2.567
51 82 3.231
51 83 0.868
51 84 1.031
51 85 2.086
51 86 0.561
51 87 2.778
51 88 3.658
51 89 0.087
51 90 2.337
51 91 1.374
51 92 2.375
51 93 0.647
51 94 3.123
51 95 0.367
51 96 0.610
51 97 0.618
51 98 2.170
51 99 0.154
52 53 0.715
52 54 0.384
52 55 1.081
52 56 1.212
52 57 1.226
52 58 0.505
52 59 1.112
52 60 0.633
52 61 4.260
52 62 0.745
52 63 1.085
52 64 0.666
52 65 1.668
52 66 0.391
52 67 3.495
52 68 0.637
52 69 0.958
52 70 3.170
52 71 1.707
52 72 0.555
52 73 2.459
52 74 0.855
52 75 1.690
52 76 2.072
52 77 2.504
52 78 2.660
52 79 0.937
52 80 3.635
52 81 0.891
52 82 0.225
52 83 2.588
52 84 2.425
52 85 1.371
52 86 2.895
52 87 0.679
52 88 0.204
52 89 3.376
52 90 1.120
52 91 2.083
52 92 1.082
52 93 2.811
52 94 0.335
52 95 3.090
52 96 4.066
52 97 2.839
52 98 1.287
52 99 3.314
53 54 1.090
53 55 1.795
53 56 0.503
53 57 0.512
53 58 0.210
53 59 0.401
53 60 0.101
53 61 3.546
53 62 1.460
53 63 0.377
53 64 1.381
53 65 0.954
53 66 0.324
53 67 2.781
53 68 1.352
53 69 0.262
53 70 2.456
53 71 0.994
53 72 0.166
53 73 1.745
53 74 1.569
53 75 0.977
53 76 1.358
53 77 1.790
53 78 1.947
53 79 0.225
53 80 2.921
53 81 0.188
53 82 0.490
53 83 1.873
53 84 1.710
53 85 0.657
53 86 2.180
53 87 0.038
53 88 0.918
53 89 2.662
53 90 0.407
53 91 1.368
53 92 0.368
53 93 2.097
53 94 0.385
53 95 2.376
53 96 3.351
53 97 2.125
53 98 0.574
53 99 2.600
54 55 0.708
54 56 1.591
54 57 1.600
54 58 0.880
54 59 1.489
54 60 1.013
54 61 4.633
54 62 0.392
54 63 1.464
54 64 0.301
54 65 2.044
54 66 0.771
54 67 3.869
54 68 0.283
54 69 1.339
54 70 3.543
54 71 2.084
54 72 0.934
54 73 2.834
54 74 0.485
54 75 2.066
54 76 2.448
54 77 2.879
54 78 3.036
54 79 1.308
54 80 4.009
54 81 1.270
54 82 0.603
54 83 2.961
54 84 2.799
54 85 1.746
54 86 3.268
54 87 1.055
54 88 0.208
54 89 3.750
54 90 1.497
54 91 2.457
54 92 1.454
54 93 3.186
54 94 0.717
54 95 3.464
54 96 4.439
54 97 3.212
54 98 1.663
54 99 3.689
55 56 2.293
55 57 2.306
55 58 1.585
55 59 2.193
55 60 1.714
55 61 5.339
55 62 0.347
55 63 2.166
55 64 0.415
55 65 2.749
55 66 1.472
55 67 4.575
55 68 0.447
55 69 2.039
55 70 4.249
55 71 2.788
55 72 1.636
55 73 3.539
55 74 0.226
55 75 2.771
55 76 3.153
55 77 3.584
55 78 3.741
55 79 2.015
55 80 4.715
55 81 1.972
55 82 1.305
55 83 3.668
55 84 3.505
55 85 2.451
55 86 3.974
55 87 1.759
55 88 0.882
55 89 4.456
55 90 2.201
55 91 3.163
55 92 2.161
55 93 3.891
55 94 1.416
55 95 4.170
55 96 5.145
55 97 3.918
55 98 2.368
55 99 4.394
56 57 0.092
56 58 0.711
56 59 0.103
56 60 0.579
56 61 3.053
56 62 1.954
56 63 0.127
56 64 1.878
56 65 0.459
56 66 0.821
56 67 2.287
56 68 1.848
56 69 0.256
56 70 1.964
56 71 0.496
56 72 0.657
56 73 1.248
56 74 2.067
56 75 0.482
56 76 0.862
56 77 1.296
56 78 1.449
56 79 0.304
56 80 2.425
56 81 0.321
56 82 0.988
56 83 1.380
56 84 1.217
56 85 0.170
56 86 1.687
56 87 0.537
56 88 1.413
56 89 2.167
56 90 0.101
56 91 0.875
56 92 0.174
56 93 1.601
56 94 0.877
56 95 1.881
56 96 2.856
56 97 1.633
56 98 0.088
56 99 2.104
57 58 0.721
57 59 0.130
57 60 0.598
57 61 3.034
57 62 1.971
57 63 0.162
57 64 1.892
57 65 0.445
57 66 0.836
57 67 2.269
57 68 1.864
57 69 0.293
57 70 1.944
57 71 0.485
57 72 0.674
57 73 1.234
57 74 2.081
57 75 0.466
57 76 0.848
57 77 1.278
57 78 1.436
57 79 0.294
57 80 2.409
57 81 0.344
57 82 1.002
57 83 1.362
57 84 1.199
57 85 0.149
57 86 1.668
57 87 0.548
57 88 1.429
57 89 2.150
57 90 0.116
57 91 0.857
57 92 0.148
57 93 1.585
57 94 0.895
57 95 1.864
57 96 2.839
57 97 1.613
57 98 0.077
57 99 2.088
58 59 0.609
58 60 0.140
58 61 3.755
58 62 1.250
58 63 0.584
58 64 1.171
58 65 1.164
58 66 0.117
58 67 2.991
58 68 1.143
58 69 0.462
58 70 2.665
58 71 1.203
58 72 0.067
58 73 1.955
58 74 1.359
58 75 1.186
58 76 1.568
58 77 2.000
58 78 2.156
58 79 0.432
58 80 3.130
58 81 0.391
58 82 0.280
58 83 2.083
58 84 1.920
58 85 0.866
58 86 2.390
58 87 0.174
58 88 0.708
58 89 2.871
58 90 0.616
58 91 1.578
58 92 0.577
58 93 2.307
58 94 0.180
58 95 2.586
58 96 3.561
58 97 2.334
58 98 0.783
58 99 2.809
59 60 0.479
59 61 3.150
59 62 1.855
59 63 0.032
59 64 1.778
59 65 0.557
59 66 0.720
59 67 2.385
59 68 1.749
59 69 0.164
59 70 2.061
59 71 0.595
59 72 0.557
59 73 1.347
59 74 1.967
59 75 0.579
59 76 0.960
59 77 1.394
59 78 1.548
59 79 0.203
59 80 2.524
59 81 0.222
59 82 0.888
59 83 1.478
59 84 1.315
59 85 0.261
59 86 1.785
59 87 0.435
59 88 1.313
59 89 2.265
59 90 0.018
59 91 0.972
59 92 0.092
59 93 1.700
59 94 0.778
59 95 1.979
59 96 2.955
59 97 1.730
59 98 0.176
59 99 2.203
60 61 3.630
60 62 1.376
60 63 0.452
60 64 1.299
60 65 1.036
60 66 0.242
60 67 2.864
60 68 1.270
60 69 0.326
60 70 2.540
60 71 1.074
60 72 0.079
60 73 1.826
60 74 1.488
60 75 1.058
60 76 1.440
60 77 1.873
60 78 2.028
60 79 0.320
60 80 3.003
60 81 0.258
60 82 0.410
60 83 1.957
60 84 1.794
60 85 0.739
60 86 2.264
60 87 0.066
60 88 0.834
60 89 2.744
60 90 0.488
60 91 1.451
60 92 0.458
60 93 2.179
60 94 0.299
60 95 2.459
60 96 3.434
60 97 2.209
60 98 0.655
60 99 2.682
61 62 5.005
61 63 3.178
61 64 4.926
61 65 2.594
61 66 3.869
61 67 0.767
61 68 4.898
61 69 3.309
61 70 1.090
61 71 2.556
61 72 3.707
61 73 1.806
61 74 5.114
61 75 2.571
61 76 2.191
61 77 1.757
61 78 1.607
61 79 3.325
61 80 0.633
61 81 3.372
61 82 4.035
61 83 1.673
61 84 1.836
61 85 2.890
61 86 1.366
61 87 3.582
61 88 4.463
61 89 0.887
61 90 3.141
61 91 2.178
61 92 3.179
61 93 1.452
61 94 3.928
61 95 1.172
61 96 0.202
61 97 1.421
61 98 2.974
61 99 0.951
62 63 1.828
62 64 0.097
62 65 2.412
62 66 1.136
62 67 4.240
62 68 0.110
62 69 1.699
62 70 3.915
62 71 2.450
62 72 1.298
62 73 3.202
62 74 0.132
62 75 2.434
62 76 2.816
62 77 3.249
62 78 3.404
62 79 1.682
62 80 4.379
62 81 1.634
62 82 0.970
62 83 3.332
62 84 3.169
62 85 2.115
62 86 3.639
62 87 1.423
62 88 0.542
62 89 4.120
62 90 1.864
62 91 2.827
62 92 1.827
62 93 3.555
62 94 1.077
62 95 3.835
62 96 4.810
62 97 3.584
62 98 2.031
62 99 4.058
63 64 1.752
63 65 0.584
63 66 0.694
63 67 2.412
63 68 1.722
63 69 0.134
63 70 2.089
63 71 0.622
63 72 0.531
63 73 1.374
63 74 1.941
63 75 0.607
63 76 0.988
63 77 1.421
63 78 1.575
63 79 0.190
63 80 2.551
63 81 0.194
63 82 0.862
63 83 1.506
63 84 1.342
63 85 0.290
63 86 1.813
63 87 0.410
63 88 1.286
63 89 2.292
63 90 0.048
63 91 1.000
63 92 0.104
63 93 1.727
63 94 0.751
63 95 2.007
63 96 2.982
63 97 1.758
63 98 0.205
63 99 2.230
64 65 2.334
64 66 1.058
64 67 4.161
64 68 0.042
64 69 1.624
64 70 3.836
64 71 2.373
64 72 1.221
64 73 3.125
64 74 0.189
64 75 2.357
64 76 2.738
64 77 3.170
64 78 3.326
64 79 1.602
64 80 4.301
64 81 1.557
64 82 0.891
64 83 3.254
64 84 3.091
64 85 2.037
64 86 3.561
64 87 1.345
64 88 0.467
64 89 4.042
64 90 1.786
64 91 2.749
64 92 1.747
64 93 3.477
64 94 1.001
64 95 3.756
64 96 4.731
64 97 3.505
64 98 1.953
64 99 3.980
65 66 1.277
65 67 1.828
65 68 2.305
65 69 0.715
65 70 1.505
65 71 0.042
65 72 1.114
65 73 0.791
65 74 2.523
65 75 0.023
65 76 0.404
65 77 0.837
65 78 0.992
65 79 0.738
65 80 1.967
65 81 0.778
65 82 1.443
65 83 0.921
65 84 0.758
65 85 0.298
65 86 1.229
65 87 0.990
65 88 1.870
65 89 1.708
65 90 0.548
65 91 0.416
65 92 0.592
65 93 1.143
65 94 1.334
65 95 1.423
65 96 2.398
65 97 1.174
65 98 0.381
65 99 1.646
66 67 3.104
66 68 1.029
66 69 0.568
66 70 2.779
66 71 1.315
66 72 0.164
66 73 2.067
66 74 1.247
66 75 1.299
66 76 1.681
66 77 2.113
66 78 2.269
66 79 0.549
66 80 3.244
66 81 0.500
66 82 0.167
66 83 2.197
66 84 2.034
66 85 0.979
66 86 2.504
66 87 0.288
66 88 0.593
66 89 2.985
66 90 0.728
66 91 1.691
66 92 0.692
66 93 2.420
66 94 0.063
66 95 2.699
66 96 3.674
66 97 2.448
66 98 0.896
66 99 2.922
67 68 4.133
67 69 2.543
67 70 0.329
67 71 1.790
67 72 2.941
67 73 1.039
67 74 4.350
67 75 1.806
67 76 1.425
67 77 0.991
67 78 0.840
67 79 2.561
67 80 0.146
67 81 2.606
67 82 3.271
67 83 0.908
67 84 1.070
67 85 2.125
67 86 0.601
67 87 2.817
67 88 3.697
67 89 0.121
67 90 2.376
67 91 1.413
67 92 2.415
67 93 0.685
67 94 3.162
67 95 0.405
67 96 0.570
67 97 0.658
67 98 2.209
67 99 0.187
68 69 1.594
68 70 3.808
68 71 2.344
68 72 1.192
68 73 3.096
68 74 0.222
68 75 2.328
68 76 2.709
68 77 3.142
68 78 3.297
68 79 1.574
68 80 4.272
68 81 1.528
68 82 0.862
68 83 3.225
68 84 3.062
68 85 2.008
68 86 3.532
68 87 1.316
68 88 0.436
68 89 4.013
68 90 1.757
68 91 2.720
68 92 1.719
68 93 3.448
68 94 0.971
68 95 3.728
68 96 4.703
68 97 3.477
68 98 1.924
68 99 3.951
69 70 2.220
69 71 0.753
69 72 0.405
69 73 1.504
69 74 1.813
69 75 0.738
69 76 1.118
69 77 1.552
69 78 1.705
69 79 0.151
69 80 2.681
69 81 0.075
69 82 0.736
69 83 1.637
69 84 1.474
69 85 0.423
69 86 1.944
69 87 0.292
69 88 1.158
69 89 2.423
69 90 0.178
69 91 1.131
69 92 0.186
69 93 1.858
69 94 0.623
69 95 2.137
69 96 3.113
69 97 1.890
69 98 0.338
69 99 2.360
70 71 1.468
70 72 2.617
70 73 0.720
70 74 4.024
70 75 1.482
70 76 1.103
70 77 0.668
70 78 0.527
70 79 2.235
70 80 0.474
70 81 2.283
70 82 2.945
70 83 0.583
70 84 0.746
70 85 1.800
70 86 0.277
70 87 2.492
70 88 3.373
70 89 0.217
70 90 2.052
70 91 1.089
70 92 2.089
70 93 0.368
70 94 2.838
70 95 0.102
70 96 0.897
70 97 0.331
70 98 1.885
70 99 0.171
71 72 1.152
71 73 0.752
71 74 2.562
71 75 0.029
71 76 0.366
71 77 0.799
71 78 0.953
71 79 0.779
71 80 1.929
71 81 0.816
71 82 1.482
71 83 0.884
71 84 0.721
71 85 0.338
71 86 1.191
71 87 1.029
71 88 1.908
71 89 1.670
71 90 0.587
71 91 0.379
71 92 0.633
71 93 1.105
71 94 1.373
71 95 1.385
71 96 2.360
71 97 1.137
71 98 0.420
71 99 1.608
72 73 1.904
72 74 1.410
72 75 1.136
72 76 1.518
72 77 1.950
72 78 2.106
72 79 0.391
72 80 3.081
72 81 0.337
72 82 0.331
72 83 2.034
72 84 1.871
72 85 0.817
72 86 2.341
72 87 0.129
72 88 0.756
72 89 2.822
72 90 0.566
72 91 1.529
72 92 0.532
72 93 2.257
72 94 0.221
72 95 2.536
72 96 3.512
72 97 2.286
72 98 0.733
72 99 2.760
73 74 3.314
73 75 0.768
73 76 0.387
73 77 0.066
73 78 0.202
73 79 1.527
73 80 1.177
73 81 1.568
73 82 2.234
73 83 0.147
73 84 0.069
73 85 1.088
73 86 0.444
73 87 1.780
73 88 2.660
73 89 0.919
73 90 1.339
73 91 0.378
73 92 1.381
73 93 0.354
73 94 2.125
73 95 0.634
73 96 1.609
73 97 0.395
73 98 1.172
73 99 0.856
74 75 2.545
74 76 2.927
74 77 3.359
74 78 3.515
74 79 1.790
74 80 4.490
74 81 1.746
74 82 1.080
74 83 3.442
74 84 3.279
74 85 2.226
74 86 3.749
74 87 1.533
74 88 0.656
74 89 4.231
74 90 1.975
74 91 2.937
74 92 1.935
74 93 3.666
74 94 1.190
74 95 3.945
74 96 4.920
74 97 3.693
74 98 2.142
74 99 4.169
75 76 0.382
75 77 0.814
75 78 0.970
75 79 0.760
75 80 1.945
75 81 0.801
75 82 1.466
75 83 0.899
75 84 0.736
75 85 0.320
75 86 1.206
75 87 1.012
75 88 1.892
75 89 1.686
75 90 0.570
75 91 0.393
75 92 0.614
75 93 1.121
75 94 1.357
75 95 1.400
75 96 2.376
75 97 1.151
75 98 0.403
75 99 1.624
76 77 0.434
76 78 0.588
76 79 1.141
76 80 1.563
76 81 1.182
76 82 1.847
76 83 0.520
76 84 0.357
76 85 0.702
76 86 0.826
76 87 1.394
76 88 2.274
76 89 1.305
76 90 0.952
76 91 0.039
76 92 0.995
76 93 0.740
76 94 1.738
76 95 1.019
76 96 1.995
76 97 0.773
76 98 0.785
76 99 1.242
77 78 0.169
77 79 1.570
77 80 1.131
77 81 1.615
77 82 2.280
77 83 0.086
77 84 0.080
77 85 1.134
77 86 0.392
77 87 1.826
77 88 2.706
77 89 0.872
77 90 1.385
77 91 0.422
77 92 1.424
77 93 0.307
77 94 2.171
77 95 0.586
77 96 1.561
77 97 0.339
77 98 1.218
77 99 0.810
78 79 1.729
78 80 0.976
78 81 1.770
78 82 2.436
78 83 0.115
78 84 0.248
78 85 1.290
78 86 0.257
78 87 1.982
78 88 2.861
78 89 0.720
78 90 1.540
78 91 0.581
78 92 1.583
78 93 0.159
78 94 2.326
78 95 0.436
78 96 1.409
78 97 0.219
78 98 1.373
78 99 0.656
79 80 2.701
79 81 0.122
79 82 0.713
79 83 1.653
79 84 1.491
79 85 0.442
79 86 1.960
79 87 0.262
79 88 1.141
79 89 2.442
79 90 0.203
79 91 1.149
79 92 0.146
79 93 1.878
79 94 0.610
79 95 2.156
79 96 3.131
79 97 1.904
79 98 0.362
79 99 2.380
80 81 2.745
80 82 3.410
80 83 1.048
80 84 1.211
80 85 2.264
80 86 0.743
80 87 2.956
80 88 3.837
80 89 0.260
80 90 2.515
80 91 1.552
80 92 2.555
80 93 0.824
80 94 3.302
80 95 0.545
80 96 0.433
80 97 0.801
80 98 2.348
80 99 0.321
81 82 0.667
81 83 1.699
81 84 1.536
81 85 0.483
81 86 2.007
81 87 0.219
81 88 1.092
81 89 2.487
81 90 0.232
81 91 1.194
81 92 0.215
81 93 1.921
81 94 0.557
81 95 2.201
81 96 3.176
81 97 1.952
81 98 0.398
81 99 2.424
82 83 2.363
82 84 2.200
82 85 1.146
82 86 2.670
82 87 0.454
82 88 0.428
82 89 3.151
82 90 0.895
82 91 1.858
82 92 0.857
82 93 2.586
82 94 0.116
82 95 2.865
82 96 3.841
82 97 2.614
82 98 1.062
82 99 3.089
83 84 0.163
83 85 1.217
83 86 0.307
83 87 1.909
83 88 2.790
83 89 0.789
83 90 1.469
83 91 0.506
83 92 1.507
83 93 0.227
83 94 2.255
83 95 0.503
83 96 1.478
83 97 0.254
83 98 1.302
83 99 0.728
84 85 1.054
84 86 0.470
84 87 1.746
84 88 2.627
84 89 0.951
84 90 1.306
84 91 0.343
84 92 1.345
84 93 0.388
84 94 2.092
84 95 0.665
84 96 1.641
84 97 0.416
84 98 1.139
84 99 0.890
85 86 1.524
85 87 0.692
85 88 1.573
85 89 2.005
85 90 0.251
85 91 0.712
85 92 0.296
85 93 1.440
85 94 1.038
85 95 1.720
85 96 2.695
85 97 1.470
85 98 0.085
85 99 1.943
86 87 2.216
86 88 3.097
86 89 0.483
86 90 1.776
86 91 0.813
86 92 1.814
86 93 0.100
86 94 2.562
86 95 0.199
86 96 1.171
86 97 0.061
86 98 1.609
86 99 0.424
87 88 0.881
87 89 2.697
87 90 0.442
87 91 1.404
87 92 0.404
87 93 2.133
87 94 0.348
87 95 2.412
87 96 3.387
87 97 2.161
87 98 0.609
87 99 2.635
88 89 3.578
88 90 1.322
88 91 2.285
88 92 1.285
88 93 3.013
88 94 0.535
88 95 3.292
88 96 4.268
88 97 3.042
88 98 1.489
88 99 3.516
89 90 2.256
89 91 1.293
89 92 2.296
89 93 0.565
89 94 3.043
89 95 0.286
89 96 0.690
89 97 0.541
89 98 2.089
89 99 0.067
90 91 0.963
90 92 0.081
90 93 1.691
90 94 0.787
90 95 1.971
90 96 2.946
90 97 1.721
90 98 0.167
90 99 2.194
91 92 1.003
91 93 0.729
91 94 1.750
91 95 1.008
91 96 1.983
91 97 0.758
91 98 0.796
91 99 1.231
92 93 1.732
92 94 0.752
92 95 2.010
92 96 2.985
92 97 1.758
92 98 0.218
92 99 2.234
93 94 2.478
93 95 0.280
93 96 1.255
93 97 0.083
93 98 1.524
93 99 0.503
94 95 2.757
94 96 3.733
94 97 2.507
94 98 0.954
94 99 2.980
95 96 0.975
95 97 0.258
95 98 1.804
95 99 0.225
96 97 1.227
96 98 2.779
96 99 0.753
97 98 1.554
97 99 0.483
98 99 2.027
