nodei nodej distance
0 1 0.282
0 2 0.143
0 3 0.461
0 4 0.305
0 5 5.952
0 6 5.384
0 7 6.528
0 8 5.841
0 9 6.239
0 10 6.207
0 11 5.995
0 12 6.684
0 13 6.678
0 14 5.713
0 15 5.284
0 16 6.502
0 17 7.086
0 18 7.049
0 19 6.451
0 20 7.248
0 21 5.555
0 22 6.835
0 23 5.851
0 24 6.172
0 25 5.809
0 26 6.245
0 27 6.910
0 28 6.055
0 29 6.307
0 30 6.006
0 31 6.781
0 32 5.810
0 33 6.411
0 34 5.760
0 35 6.068
0 36 6.778
0 37 6.671
0 38 6.811
0 39 6.743
0 40 6.922
0 41 6.174
0 42 5.674
0 43 6.468
0 44 7.267
0 45 5.720
0 46 6.454
0 47 6.478
0 48 6.155
0 49 6.009
0 50 5.837
0 51 6.685
0 52 6.535
0 53 6.007
0 54 5.637
0 55 6.771
0 56 5.579
0 57 6.314
0 58 6.068
0 59 6.268
0 60 6.092
0 61 6.231
0 62 6.372
0 63 6.160
0 64 6.596
0 65 5.974
0 66 6.627
0 67 6.271
0 68 6.629
0 69 6.482
0 70 6.593
0 71 6.027
0 72 6.318
0 73 6.064
0 74 6.343
0 75 6.740
0 76 5.936
0 77 5.561
0 78 5.770
0 79 6.168
0 80 6.737
0 81 6.730
0 82 6.059
0 83 6.598
0 84 6.578
0 85 6.143
0 86 5.928
0 87 5.862
0 88 6.669
0 89 6.284
0 90 5.836
0 91 5.817
0 92 6.128
0 93 5.781
0 94 5.483
0 95 5.632
0 96 6.442
0 97 5.725
0 98 6.881
0 99 6.692
1 2 0.173
1 3 0.462
1 4 0.399
1 5 5.945
1 6 5.372
1 7 6.537
1 8 5.834
1 9 6.240
1 10 6.215
1 11 5.990
1 12 6.677
1 13 6.677
1 14 5.710
1 15 5.274
1 16 6.500
1 17 7.082
1 18 7.051
1 19 6.448
1 20 7.240
1 21 5.567
1 22 6.824
1 23 5.861
1 24 6.169
1 25 5.813
1 26 6.240
1 27 6.904
1 28 6.052
1 29 6.296
1 30 6.000
1 31 6.776
1 32 5.806
1 33 6.403
1 34 5.749
1 35 6.066
1 36 6.772
1 37 6.679
1 38 6.805
1 39 6.736
1 40 6.922
1 41 6.163
1 42 5.674
1 43 6.456
1 44 7.265
1 45 5.712
1 46 6.454
1 47 6.467
1 48 6.159
1 49 6.012
1 50 5.839
1 51 6.680
1 52 6.528
1 53 6.003
1 54 5.620
1 55 6.767
1 56 5.581
1 57 6.313
1 58 6.064
1 59 6.265
1 60 6.087
1 61 6.225
1 62 6.373
1 63 6.158
1 64 6.600
1 65 5.976
1 66 6.617
1 67 6.272
1 68 6.636
1 69 6.486
1 70 6.590
1 71 6.025
1 72 6.309
1 73 6.062
1 74 6.341
1 75 6.742
1 76 5.928
1 77 5.558
1 78 5.770
1 79 6.165
1 80 6.750
1 81 6.713
1 82 6.056
1 83 6.595
1 84 6.570
1 85 6.141
1 86 5.904
1 87 5.868
1 88 6.668
1 89 6.273
1 90 5.823
1 91 5.823
1 92 6.115
1 93 5.781
1 94 5.480
1 95 5.626
1 96 6.435
1 97 5.723
1 98 6.878
1 99 6.693
2 3 0.511
2 4 0.389
2 5 6.018
2 6 5.448
2 7 6.602
2 8 5.907
2 9 6.309
2 10 6.280
2 11 6.062
2 12 6.751
2 13 6.747
2 14 5.781
2 15 5.349
2 16 6.571
2 17 7.154
2 18 7.120
2 19 6.519
2 20 7.314
2 21 5.629
2 22 6.900
2 23 5.925
2 24 6.241
2 25 5.880
2 26 6.313
2 27 6.977
2 28 6.123
2 29 6.372
2 30 6.073
2 31 6.849
2 32 5.878
2 33 6.477
2 34 5.825
2 35 6.137
2 36 6.845
2 37 6.744
2 38 6.878
2 39 6.810
2 40 6.992
2 41 6.238
2 42 5.743
2 43 6.532
2 44 7.336
2 45 5.786
2 46 6.524
2 47 6.542
2 48 6.227
2 49 6.080
2 50 5.907
2 51 6.752
2 52 6.602
2 53 6.075
2 54 5.699
2 55 6.839
2 56 5.649
2 57 6.383
2 58 6.135
2 59 6.336
2 60 6.159
2 61 6.298
2 62 6.442
2 63 6.228
2 64 6.667
2 65 6.045
2 66 6.692
2 67 6.341
2 68 6.702
2 69 6.553
2 70 6.662
2 71 6.096
2 72 6.384
2 73 6.133
2 74 6.412
2 75 6.810
2 76 6.002
2 77 5.629
2 78 5.840
2 79 6.236
2 80 6.813
2 81 6.792
2 82 6.127
2 83 6.666
2 84 6.644
2 85 6.212
2 86 5.987
2 87 5.934
2 88 6.738
2 89 6.348
2 90 5.900
2 91 5.889
2 92 6.192
2 93 5.851
2 94 5.551
2 95 5.699
2 96 6.509
2 97 5.794
2 98 6.949
2 99 6.762
3 4 0.177
3 5 5.507
3 6 4.937
3 7 6.092
3 8 5.397
3 9 5.799
3 10 5.770
3 11 5.552
3 12 6.240
3 13 6.236
3 14 5.271
3 15 4.838
3 16 6.060
3 17 6.644
3 18 6.609
3 19 6.008
3 20 6.804
3 21 5.120
3 22 6.389
3 23 5.415
3 24 5.730
3 25 5.370
3 26 5.802
3 27 6.466
3 28 5.613
3 29 5.861
3 30 5.563
3 31 6.338
3 32 5.367
3 33 5.966
3 34 5.314
3 35 5.626
3 36 6.334
3 37 6.234
3 38 6.367
3 39 6.299
3 40 6.481
3 41 5.728
3 42 5.233
3 43 6.022
3 44 6.825
3 45 5.275
3 46 6.013
3 47 6.032
3 48 5.716
3 49 5.570
3 50 5.397
3 51 6.242
3 52 6.091
3 53 5.564
3 54 5.189
3 55 6.328
3 56 5.139
3 57 5.872
3 58 5.625
3 59 5.825
3 60 5.648
3 61 5.787
3 62 5.932
3 63 5.718
3 64 6.157
3 65 5.534
3 66 6.182
3 67 5.831
3 68 6.192
3 69 6.043
3 70 6.151
3 71 5.585
3 72 5.873
3 73 5.622
3 74 5.902
3 75 6.300
3 76 5.491
3 77 5.118
3 78 5.329
3 79 5.726
3 80 6.303
3 81 6.281
3 82 5.617
3 83 6.155
3 84 6.133
3 85 5.701
3 86 5.477
3 87 5.424
3 88 6.228
3 89 5.838
3 90 5.389
3 91 5.379
3 92 5.681
3 93 5.340
3 94 5.041
3 95 5.188
3 96 5.998
3 97 5.283
3 98 6.439
3 99 6.252
4 5 5.647
4 6 5.078
4 7 6.224
4 8 5.536
4 9 5.935
4 10 5.903
4 11 5.690
4 12 6.379
4 13 6.373
4 14 5.408
4 15 4.979
4 16 6.197
4 17 6.782
4 18 6.745
4 19 6.146
4 20 6.943
4 21 5.251
4 22 6.530
4 23 5.547
4 24 5.868
4 25 5.504
4 26 5.941
4 27 6.605
4 28 5.750
4 29 6.001
4 30 5.701
4 31 6.476
4 32 5.505
4 33 6.105
4 34 5.455
4 35 5.763
4 36 6.473
4 37 6.367
4 38 6.506
4 39 6.438
4 40 6.617
4 41 5.869
4 42 5.369
4 43 6.162
4 44 6.962
4 45 5.415
4 46 6.149
4 47 6.172
4 48 5.851
4 49 5.705
4 50 5.533
4 51 6.380
4 52 6.230
4 53 5.702
4 54 5.332
4 55 6.466
4 56 5.274
4 57 6.009
4 58 5.763
4 59 5.963
4 60 5.787
4 61 5.926
4 62 6.068
4 63 5.855
4 64 6.292
4 65 5.670
4 66 6.322
4 67 5.967
4 68 6.325
4 69 6.177
4 70 6.289
4 71 5.722
4 72 6.013
4 73 5.759
4 74 6.039
4 75 6.435
4 76 5.631
4 77 5.256
4 78 5.465
4 79 5.863
4 80 6.434
4 81 6.425
4 82 5.754
4 83 6.293
4 84 6.273
4 85 5.839
4 86 5.623
4 87 5.558
4 88 6.365
4 89 5.979
4 90 5.531
4 91 5.513
4 92 5.822
4 93 5.476
4 94 5.178
4 95 5.327
4 96 6.137
4 97 5.420
4 98 6.576
4 99 6.387
5 6 0.578
5 7 0.678
5 8 0.112
5 9 0.337
5 10 0.426
5 11 0.052
5 12 0.733
5 13 0.744
5 14 0.249
5 15 0.672
5 16 0.568
5 17 1.138
5 18 1.119
5 19 0.510
5 20 1.296
5 21 0.551
5 22 0.885
5 23 0.357
5 24 0.238
5 25 0.276
5 26 0.297
5 27 0.959
5 28 0.144
5 29 0.360
5 30 0.060
5 31 0.832
5 32 0.157
5 33 0.459
5 34 0.210
5 35 0.163
5 36 0.827
5 37 0.807
5 38 0.860
5 39 0.792
5 40 0.987
5 41 0.237
5 42 0.305
5 43 0.521
5 44 1.325
5 45 0.233
5 46 0.534
5 47 0.531
5 48 0.317
5 49 0.216
5 50 0.214
5 51 0.735
5 52 0.584
5 53 0.098
5 54 0.382
5 55 0.825
5 56 0.416
5 57 0.384
5 58 0.136
5 59 0.328
5 60 0.148
5 61 0.282
5 62 0.459
5 63 0.237
5 64 0.688
5 65 0.195
5 66 0.677
5 67 0.363
5 68 0.752
5 69 0.596
5 70 0.648
5 71 0.131
5 72 0.366
5 73 0.160
5 74 0.409
5 75 0.818
5 76 0.018
5 77 0.400
5 78 0.234
5 79 0.229
5 80 0.917
5 81 0.806
5 82 0.144
5 83 0.654
5 84 0.626
5 85 0.216
5 86 0.354
5 87 0.289
5 88 0.731
5 89 0.341
5 90 0.163
5 91 0.302
5 92 0.205
5 93 0.229
5 94 0.475
5 95 0.320
5 96 0.491
5 97 0.248
5 98 0.937
5 99 0.766
6 7 1.231
6 8 0.473
6 9 0.900
6 10 0.931
6 11 0.626
6 12 1.308
6 13 1.321
6 14 0.373
6 15 0.104
6 16 1.145
6 17 1.714
6 18 1.697
6 19 1.088
6 20 1.869
6 21 0.498
6 22 1.452
6 23 0.637
6 24 0.812
6 25 0.538
6 26 0.875
6 27 1.535
6 28 0.701
6 29 0.924
6 30 0.637
6 31 1.409
6 32 0.459
6 33 1.034
6 34 0.377
6 35 0.718
6 36 1.402
6 37 1.368
6 38 1.435
6 39 1.366
6 40 1.566
6 41 0.791
6 42 0.368
6 43 1.085
6 44 1.903
6 45 0.346
6 46 1.107
6 47 1.095
6 48 0.844
6 49 0.696
6 50 0.532
6 51 1.312
6 52 1.159
6 53 0.650
6 54 0.273
6 55 1.403
6 56 0.339
6 57 0.959
6 58 0.706
6 59 0.905
6 60 0.725
6 61 0.860
6 62 1.029
6 63 0.806
6 64 1.260
6 65 0.659
6 66 1.245
6 67 0.929
6 68 1.316
6 69 1.159
6 70 1.227
6 71 0.677
6 72 0.939
6 73 0.714
6 74 0.986
6 75 1.394
6 76 0.561
6 77 0.254
6 78 0.458
6 79 0.805
6 80 1.467
6 81 1.349
6 82 0.704
6 83 1.232
6 84 1.199
6 85 0.787
6 86 0.591
6 87 0.604
6 88 1.309
6 89 0.901
6 90 0.452
6 91 0.566
6 92 0.744
6 93 0.470
6 94 0.202
6 95 0.277
6 96 1.064
6 97 0.396
6 98 1.515
6 99 1.343
7 8 0.767
7 9 0.341
7 10 0.322
7 11 0.627
7 12 0.387
7 13 0.257
7 14 0.860
7 15 1.312
7 16 0.227
7 17 0.636
7 18 0.546
7 19 0.273
7 20 0.813
7 21 0.975
7 22 0.538
7 23 0.677
7 24 0.447
7 25 0.727
7 26 0.428
7 27 0.505
7 28 0.538
7 29 0.488
7 30 0.619
7 31 0.403
7 32 0.772
7 33 0.378
7 34 0.887
7 35 0.520
7 36 0.434
7 37 0.143
7 38 0.447
7 39 0.420
7 40 0.438
7 41 0.573
7 42 0.881
7 43 0.458
7 44 0.771
7 45 0.893
7 46 0.198
7 47 0.451
7 48 0.389
7 49 0.538
7 50 0.710
7 51 0.356
7 52 0.362
7 53 0.589
7 54 1.060
7 55 0.371
7 56 0.962
7 57 0.318
7 58 0.542
7 59 0.380
7 60 0.537
7 61 0.438
7 62 0.237
7 63 0.442
7 64 0.143
7 65 0.575
7 66 0.440
7 67 0.318
7 68 0.107
7 69 0.099
7 70 0.288
7 71 0.559
7 72 0.441
7 73 0.523
7 74 0.308
7 75 0.260
7 76 0.696
7 77 1.002
7 78 0.784
7 79 0.460
7 80 0.239
7 81 0.632
7 82 0.537
7 83 0.279
7 84 0.391
7 85 0.464
7 86 0.942
7 87 0.669
7 88 0.272
7 89 0.512
7 90 0.839
7 91 0.714
7 92 0.621
7 93 0.772
7 94 1.078
7 95 0.954
7 96 0.392
7 97 0.840
7 98 0.436
7 99 0.237
8 9 0.430
8 10 0.489
8 11 0.155
8 12 0.843
8 13 0.849
8 14 0.140
8 15 0.564
8 16 0.673
8 17 1.248
8 18 1.225
8 19 0.617
8 20 1.407
8 21 0.464
8 22 0.997
8 23 0.325
8 24 0.340
8 25 0.221
8 26 0.406
8 27 1.070
8 28 0.230
8 29 0.472
8 30 0.166
8 31 0.942
8 32 0.061
8 33 0.570
8 34 0.128
8 35 0.248
8 36 0.938
8 37 0.900
8 38 0.971
8 39 0.903
8 40 1.094
8 41 0.347
8 42 0.201
8 43 0.633
8 44 1.434
8 45 0.127
8 46 0.635
8 47 0.643
8 48 0.388
8 49 0.255
8 50 0.165
8 51 0.845
8 52 0.695
8 53 0.179
8 54 0.306
8 55 0.934
8 56 0.311
8 57 0.487
8 58 0.234
8 59 0.433
8 60 0.253
8 61 0.391
8 62 0.557
8 63 0.334
8 64 0.788
8 65 0.222
8 66 0.789
8 67 0.458
8 68 0.847
8 69 0.690
8 70 0.757
8 71 0.208
8 72 0.478
8 73 0.244
8 74 0.513
8 75 0.922
8 76 0.097
8 77 0.288
8 78 0.149
8 79 0.333
8 80 1.005
8 81 0.917
8 82 0.233
8 83 0.762
8 84 0.738
8 85 0.314
8 86 0.374
8 87 0.259
8 88 0.838
8 89 0.453
8 90 0.127
8 91 0.254
8 92 0.311
8 93 0.150
8 94 0.363
8 95 0.209
8 96 0.602
8 97 0.143
8 98 1.045
8 99 0.870
9 10 0.173
9 11 0.286
9 12 0.473
9 13 0.439
9 14 0.535
9 15 0.986
9 16 0.265
9 17 0.854
9 18 0.810
9 19 0.224
9 20 1.024
9 21 0.720
9 22 0.644
9 23 0.426
9 24 0.111
9 25 0.436
9 26 0.136
9 27 0.684
9 28 0.199
9 29 0.255
9 30 0.278
9 31 0.555
9 32 0.442
9 33 0.242
9 34 0.546
9 35 0.182
9 36 0.562
9 37 0.471
9 38 0.591
9 39 0.531
9 40 0.682
9 41 0.272
9 42 0.567
9 43 0.347
9 44 1.027
9 45 0.557
9 46 0.214
9 47 0.350
9 48 0.109
9 49 0.233
9 50 0.402
9 51 0.464
9 52 0.342
9 53 0.251
9 54 0.719
9 55 0.539
9 56 0.661
9 57 0.090
9 58 0.201
9 59 0.097
9 60 0.197
9 61 0.137
9 62 0.133
9 63 0.101
9 64 0.362
9 65 0.266
9 66 0.454
9 67 0.032
9 68 0.417
9 69 0.261
9 70 0.365
9 71 0.223
9 72 0.214
9 73 0.186
9 74 0.120
9 75 0.502
9 76 0.355
9 77 0.684
9 78 0.470
9 79 0.125
9 80 0.580
9 81 0.633
9 82 0.197
9 83 0.367
9 84 0.391
9 85 0.123
9 86 0.621
9 87 0.392
9 88 0.432
9 89 0.265
9 90 0.498
9 91 0.435
9 92 0.308
9 93 0.459
9 94 0.762
9 95 0.626
9 96 0.280
9 97 0.519
9 98 0.644
9 99 0.453
10 11 0.379
10 12 0.585
10 13 0.510
10 14 0.558
10 15 1.005
10 16 0.364
10 17 0.926
10 18 0.856
10 19 0.348
10 20 1.102
10 21 0.655
10 22 0.758
10 23 0.355
10 24 0.260
10 25 0.410
10 26 0.308
10 27 0.770
10 28 0.286
10 29 0.429
10 30 0.375
10 31 0.647
10 32 0.479
10 33 0.399
10 34 0.616
10 35 0.267
10 36 0.664
10 37 0.464
10 38 0.688
10 39 0.638
10 40 0.737
10 41 0.433
10 42 0.570
10 43 0.507
10 44 1.080
10 45 0.607
10 46 0.301
10 47 0.508
10 48 0.112
10 49 0.237
10 50 0.400
10 51 0.567
10 52 0.477
10 53 0.328
10 54 0.794
10 55 0.624
10 56 0.644
10 57 0.246
10 58 0.305
10 59 0.270
10 60 0.320
10 61 0.307
10 62 0.236
10 63 0.236
10 64 0.407
10 65 0.274
10 66 0.588
10 67 0.187
10 68 0.423
10 69 0.286
10 70 0.469
10 71 0.295
10 72 0.386
10 73 0.269
10 74 0.270
10 75 0.551
10 76 0.441
10 77 0.691
10 78 0.475
10 79 0.274
10 80 0.544
10 81 0.779
10 82 0.287
10 83 0.467
10 84 0.524
10 85 0.253
10 86 0.754
10 87 0.349
10 88 0.512
10 89 0.438
10 90 0.587
10 91 0.394
10 92 0.462
10 93 0.462
10 94 0.766
10 95 0.654
10 96 0.435
10 97 0.535
10 98 0.716
10 99 0.511
11 12 0.689
11 13 0.695
11 14 0.286
11 15 0.719
11 16 0.519
11 17 1.092
11 18 1.070
11 19 0.462
11 20 1.253
11 21 0.567
11 22 0.844
11 23 0.347
11 24 0.187
11 25 0.280
11 26 0.251
11 27 0.915
11 28 0.094
11 29 0.325
11 30 0.011
11 31 0.787
11 32 0.190
11 33 0.416
11 34 0.261
11 35 0.113
11 36 0.783
11 37 0.756
11 38 0.816
11 39 0.748
11 40 0.939
11 41 0.210
11 42 0.337
11 43 0.484
11 44 1.279
11 45 0.280
11 46 0.483
11 47 0.493
11 48 0.269
11 49 0.181
11 50 0.221
11 51 0.690
11 52 0.540
11 53 0.055
11 54 0.433
11 55 0.778
11 56 0.445
11 57 0.334
11 58 0.084
11 59 0.279
11 60 0.098
11 61 0.236
11 62 0.408
11 63 0.186
11 64 0.637
11 65 0.168
11 66 0.637
11 67 0.311
11 68 0.701
11 69 0.545
11 70 0.602
11 71 0.086
11 72 0.326
11 73 0.111
11 74 0.360
11 75 0.769
11 76 0.069
11 77 0.438
11 78 0.255
11 79 0.179
11 80 0.865
11 81 0.772
11 82 0.094
11 83 0.607
11 84 0.584
11 85 0.165
11 86 0.388
11 87 0.282
11 88 0.683
11 89 0.308
11 90 0.214
11 91 0.302
11 92 0.189
11 93 0.249
11 94 0.515
11 95 0.363
11 96 0.449
11 97 0.280
11 98 0.890
11 99 0.717
12 13 0.147
12 14 0.972
12 15 1.404
12 16 0.221
12 17 0.407
12 18 0.418
12 19 0.249
12 20 0.564
12 21 1.192
12 22 0.173
12 23 0.899
12 24 0.516
12 25 0.904
12 26 0.439
12 27 0.228
12 28 0.635
12 29 0.389
12 30 0.678
12 31 0.107
12 32 0.876
12 33 0.274
12 34 0.931
12 35 0.624
12 36 0.094
12 37 0.364
12 38 0.128
12 39 0.059
12 40 0.293
12 41 0.522
12 42 1.016
12 43 0.241
12 44 0.601
12 45 0.965
12 46 0.284
12 47 0.230
12 48 0.578
12 49 0.703
12 50 0.863
12 51 0.035
12 52 0.149
12 53 0.680
12 54 1.077
12 55 0.116
12 56 1.119
12 57 0.386
12 58 0.619
12 59 0.421
12 60 0.593
12 61 0.454
12 62 0.354
12 63 0.533
12 64 0.245
12 65 0.732
12 66 0.096
12 67 0.442
12 68 0.326
12 69 0.333
12 70 0.116
12 71 0.663
12 72 0.369
12 73 0.628
12 74 0.355
12 75 0.215
12 76 0.749
12 77 1.125
12 78 0.923
12 79 0.519
12 80 0.479
12 81 0.251
12 82 0.630
12 83 0.120
12 84 0.112
12 85 0.547
12 86 0.854
12 87 0.864
12 88 0.124
12 89 0.415
12 90 0.860
12 91 0.906
12 92 0.573
12 93 0.914
12 94 1.202
12 95 1.052
12 96 0.244
12 97 0.962
12 98 0.223
12 99 0.185
13 14 0.968
13 15 1.413
13 16 0.177
13 17 0.419
13 18 0.375
13 19 0.234
13 20 0.593
13 21 1.150
13 22 0.281
13 23 0.850
13 24 0.510
13 25 0.873
13 26 0.448
13 27 0.261
13 28 0.625
13 29 0.439
13 30 0.685
13 31 0.146
13 32 0.872
13 33 0.309
13 34 0.951
13 35 0.611
13 36 0.176
13 37 0.218
13 38 0.190
13 39 0.166
13 40 0.245
13 41 0.563
13 42 1.004
13 43 0.327
13 44 0.589
13 45 0.976
13 46 0.225
13 47 0.316
13 48 0.530
13 49 0.671
13 50 0.841
13 51 0.112
13 52 0.211
13 53 0.675
13 54 1.110
13 55 0.117
13 56 1.100
13 57 0.365
13 58 0.616
13 59 0.416
13 60 0.597
13 61 0.463
13 62 0.306
13 63 0.520
13 64 0.116
13 65 0.705
13 66 0.228
13 67 0.407
13 68 0.182
13 69 0.230
13 70 0.111
13 71 0.652
13 72 0.405
13 73 0.615
13 74 0.337
13 75 0.087
13 76 0.761
13 77 1.119
13 78 0.907
13 79 0.516
13 80 0.334
13 81 0.397
13 82 0.622
13 83 0.101
13 84 0.207
13 85 0.537
13 86 0.921
13 87 0.826
13 88 0.024
13 89 0.466
13 90 0.888
13 91 0.869
13 92 0.616
13 93 0.897
13 94 1.197
13 95 1.055
13 96 0.295
13 97 0.954
13 98 0.208
13 99 0.041
14 15 0.452
14 16 0.791
14 17 1.373
14 18 1.343
14 19 0.738
14 20 1.536
14 21 0.343
14 22 1.129
14 23 0.297
14 24 0.459
14 25 0.185
14 26 0.533
14 27 1.197
14 28 0.342
14 29 0.609
14 30 0.297
14 31 1.068
14 32 0.097
14 33 0.700
14 34 0.163
14 35 0.357
14 36 1.066
14 37 0.998
14 38 1.099
14 39 1.031
14 40 1.213
14 41 0.486
14 42 0.066
14 43 0.769
14 44 1.555
14 45 0.098
14 46 0.747
14 47 0.778
14 48 0.471
14 49 0.323
14 50 0.162
14 51 0.972
14 52 0.825
14 53 0.293
14 54 0.293
14 55 1.058
14 56 0.173
14 57 0.603
14 58 0.354
14 59 0.555
14 60 0.379
14 61 0.518
14 62 0.667
14 63 0.448
14 64 0.897
14 65 0.286
14 66 0.922
14 67 0.566
14 68 0.947
14 69 0.792
14 70 0.880
14 71 0.315
14 72 0.611
14 73 0.353
14 74 0.631
14 75 1.036
14 76 0.236
14 77 0.153
14 78 0.092
14 79 0.455
14 80 1.094
14 81 1.055
14 82 0.346
14 83 0.885
14 84 0.869
14 85 0.431
14 86 0.470
14 87 0.247
14 88 0.958
14 89 0.590
14 90 0.221
14 91 0.219
14 92 0.451
14 93 0.103
14 94 0.230
14 95 0.097
14 96 0.734
14 97 0.029
14 98 1.168
14 99 0.986
15 16 1.236
15 17 1.810
15 18 1.788
15 19 1.180
15 20 1.966
15 21 0.510
15 22 1.551
15 23 0.692
15 24 0.903
15 25 0.602
15 26 0.969
15 27 1.631
15 28 0.789
15 29 1.023
15 30 0.729
15 31 1.504
15 32 0.544
15 33 1.130
15 34 0.476
15 35 0.805
15 36 1.498
15 37 1.450
15 38 1.532
15 39 1.463
15 40 1.658
15 41 0.890
15 42 0.435
15 43 1.184
15 44 1.997
15 45 0.439
15 46 1.196
15 47 1.194
15 48 0.923
15 49 0.774
15 50 0.605
15 51 1.407
15 52 1.255
15 53 0.739
15 54 0.377
15 55 1.497
15 56 0.383
15 57 1.049
15 58 0.797
15 59 0.997
15 60 0.817
15 61 0.954
15 62 1.117
15 63 0.895
15 64 1.347
15 65 0.737
15 66 1.343
15 67 1.016
15 68 1.400
15 69 1.244
15 70 1.320
15 71 0.764
15 72 1.036
15 73 0.801
15 74 1.076
15 75 1.484
15 76 0.655
15 77 0.314
15 78 0.530
15 79 0.897
15 80 1.545
15 81 1.451
15 82 0.793
15 83 1.326
15 84 1.296
15 85 0.876
15 86 0.694
15 87 0.668
15 88 1.402
15 89 1.000
15 90 0.553
15 91 0.626
15 92 0.844
15 93 0.543
15 94 0.245
15 95 0.360
15 96 1.161
15 97 0.472
15 98 1.609
15 99 1.433
16 17 0.589
16 18 0.552
16 19 0.063
16 20 0.759
16 21 0.983
16 22 0.394
16 23 0.686
16 24 0.333
16 25 0.701
16 26 0.275
16 27 0.420
16 28 0.448
16 29 0.288
16 30 0.509
16 31 0.292
16 32 0.695
16 33 0.163
16 34 0.776
16 35 0.434
16 36 0.303
16 37 0.289
16 38 0.330
16 39 0.275
16 40 0.422
16 41 0.401
16 42 0.827
16 43 0.231
16 44 0.765
16 45 0.799
16 46 0.063
16 47 0.224
16 48 0.363
16 49 0.498
16 50 0.666
16 51 0.205
16 52 0.139
16 53 0.498
16 54 0.938
16 55 0.274
16 56 0.925
16 57 0.188
16 58 0.439
16 59 0.240
16 60 0.421
16 61 0.289
16 62 0.136
16 63 0.343
16 64 0.139
16 65 0.531
16 66 0.237
16 67 0.233
16 68 0.231
16 69 0.139
16 70 0.106
16 71 0.476
16 72 0.247
16 73 0.438
16 74 0.160
16 75 0.251
16 76 0.585
16 77 0.942
16 78 0.732
16 79 0.340
16 80 0.417
16 81 0.434
16 82 0.445
16 83 0.105
16 84 0.177
16 85 0.360
16 86 0.768
16 87 0.656
16 88 0.168
16 89 0.315
16 90 0.715
16 91 0.699
16 92 0.453
16 93 0.721
16 94 1.020
16 95 0.878
16 96 0.168
16 97 0.777
16 98 0.380
16 99 0.199
17 18 0.151
17 19 0.637
17 20 0.177
17 21 1.569
17 22 0.293
17 23 1.269
17 24 0.914
17 25 1.290
17 26 0.842
17 27 0.179
17 28 1.032
17 29 0.795
17 30 1.082
17 31 0.306
17 32 1.277
17 33 0.680
17 34 1.338
17 35 1.020
17 36 0.314
17 37 0.521
17 38 0.279
17 39 0.350
17 40 0.200
17 41 0.929
17 42 1.414
17 43 0.642
17 44 0.201
17 45 1.371
17 46 0.643
17 47 0.631
17 48 0.949
17 49 1.087
17 50 1.255
17 51 0.402
17 52 0.556
17 53 1.080
17 54 1.483
17 55 0.316
17 56 1.513
17 57 0.774
17 58 1.019
17 59 0.819
17 60 0.995
17 61 0.857
17 62 0.723
17 63 0.928
17 64 0.520
17 65 1.120
17 66 0.480
17 67 0.822
17 68 0.532
17 69 0.641
17 70 0.493
17 71 1.060
17 72 0.776
17 73 1.023
17 74 0.744
17 75 0.379
17 76 1.154
17 77 1.526
17 78 1.319
17 79 0.918
17 80 0.554
17 81 0.476
17 82 1.028
17 83 0.489
17 84 0.518
17 85 0.943
17 86 1.249
17 87 1.244
17 88 0.422
17 89 0.821
17 90 1.268
17 91 1.287
17 92 0.979
17 93 1.308
17 94 1.603
17 95 1.456
17 96 0.651
17 97 1.362
17 98 0.211
17 99 0.415
18 19 0.609
18 20 0.296
18 21 1.509
18 22 0.363
18 23 1.208
18 24 0.885
18 25 1.241
18 26 0.823
18 27 0.224
18 28 1.001
18 29 0.798
18 30 1.060
18 31 0.312
18 32 1.247
18 33 0.673
18 34 1.325
18 35 0.986
18 36 0.338
18 37 0.416
18 38 0.306
18 39 0.371
18 40 0.131
18 41 0.929
18 42 1.377
18 43 0.659
18 44 0.225
18 45 1.351
18 46 0.596
18 47 0.647
18 48 0.895
18 49 1.040
18 50 1.212
18 51 0.401
18 52 0.556
18 53 1.051
18 54 1.481
18 55 0.305
18 56 1.471
18 57 0.740
18 58 0.992
18 59 0.792
18 60 0.972
18 61 0.837
18 62 0.677
18 63 0.895
18 64 0.454
18 65 1.075
18 66 0.507
18 67 0.779
18 68 0.440
18 69 0.572
18 70 0.473
18 71 1.027
18 72 0.771
18 73 0.990
18 74 0.712
18 75 0.310
18 76 1.136
18 77 1.493
18 78 1.280
18 79 0.892
18 80 0.423
18 81 0.558
18 82 0.997
18 83 0.466
18 84 0.528
18 85 0.913
18 86 1.271
18 87 1.190
18 88 0.387
18 89 0.825
18 90 1.260
18 91 1.235
18 92 0.981
18 93 1.269
18 94 1.571
18 95 1.430
18 96 0.651
18 97 1.328
18 98 0.195
18 99 0.358
19 20 0.803
19 21 0.944
19 22 0.421
19 23 0.650
19 24 0.279
19 25 0.657
19 26 0.215
19 27 0.463
19 28 0.396
19 29 0.227
19 30 0.451
19 31 0.334
19 32 0.642
19 33 0.106
19 34 0.717
19 35 0.383
19 36 0.339
19 37 0.349
19 38 0.368
19 39 0.307
19 40 0.478
19 41 0.338
19 42 0.777
19 43 0.191
19 44 0.818
19 45 0.742
19 46 0.079
19 47 0.187
19 48 0.329
19 49 0.455
19 50 0.619
19 51 0.240
19 52 0.129
19 53 0.445
19 54 0.877
19 55 0.320
19 56 0.877
19 57 0.139
19 58 0.384
19 59 0.184
19 60 0.364
19 61 0.229
19 62 0.112
19 63 0.291
19 64 0.201
19 65 0.486
19 66 0.240
19 67 0.193
19 68 0.290
19 69 0.177
19 70 0.144
19 71 0.424
19 72 0.184
19 73 0.387
19 74 0.108
19 75 0.312
19 76 0.527
19 77 0.890
19 78 0.682
19 79 0.284
19 80 0.476
19 81 0.432
19 82 0.392
19 83 0.147
19 84 0.176
19 85 0.307
19 86 0.705
19 87 0.616
19 88 0.221
19 89 0.253
19 90 0.654
19 91 0.658
19 92 0.390
19 93 0.672
19 94 0.968
19 95 0.823
19 96 0.120
19 97 0.726
19 98 0.430
19 99 0.259
20 21 1.741
20 22 0.421
20 23 1.442
20 24 1.078
20 25 1.460
20 26 1.003
20 27 0.340
20 28 1.197
20 29 0.945
20 30 1.242
20 31 0.470
20 32 1.439
20 33 0.837
20 34 1.492
20 35 1.185
20 36 0.470
20 37 0.695
20 38 0.437
20 39 0.505
20 40 0.376
20 41 1.080
20 42 1.579
20 43 0.787
20 44 0.165
20 45 1.528
20 46 0.815
20 47 0.776
20 48 1.121
20 49 1.257
20 50 1.423
20 51 0.565
20 52 0.712
20 53 1.243
20 54 1.631
20 55 0.485
20 56 1.680
20 57 0.942
20 58 1.182
20 59 0.983
20 60 1.157
20 61 1.018
20 62 0.895
20 63 1.094
20 64 0.697
20 65 1.289
20 66 0.625
20 67 0.992
20 68 0.708
20 69 0.817
20 70 0.660
20 71 1.225
20 72 0.931
20 73 1.189
20 74 0.911
20 75 0.556
20 76 1.312
20 77 1.689
20 78 1.485
20 79 1.082
20 80 0.718
20 81 0.575
20 82 1.192
20 83 0.657
20 84 0.671
20 85 1.108
20 86 1.381
20 87 1.415
20 88 0.594
20 89 0.970
20 90 1.419
20 91 1.458
20 92 1.128
20 93 1.475
20 94 1.766
20 95 1.616
20 96 0.806
20 97 1.526
20 98 0.386
20 99 0.591
21 22 1.362
21 23 0.301
21 24 0.688
21 25 0.295
21 26 0.774
21 27 1.402
21 28 0.578
21 29 0.879
21 30 0.577
21 31 1.274
21 32 0.404
21 33 0.939
21 34 0.504
21 35 0.582
21 36 1.282
21 37 1.117
21 38 1.311
21 39 1.250
21 40 1.387
21 41 0.777
21 42 0.278
21 43 1.028
21 44 1.732
21 45 0.434
21 46 0.926
21 47 1.035
21 48 0.620
21 49 0.490
21 50 0.348
21 51 1.183
21 52 1.055
21 53 0.545
21 54 0.587
21 55 1.256
21 56 0.195
21 57 0.806
21 58 0.603
21 59 0.778
21 60 0.637
21 61 0.761
21 62 0.847
21 63 0.666
21 64 1.056
21 65 0.463
21 66 1.163
21 67 0.751
21 68 1.078
21 69 0.937
21 70 1.085
21 71 0.549
21 72 0.867
21 73 0.579
21 74 0.837
21 75 1.201
21 76 0.544
21 77 0.291
21 78 0.319
21 79 0.691
21 80 1.184
21 81 1.323
21 82 0.583
21 83 1.086
21 84 1.103
21 85 0.657
21 86 0.813
21 87 0.328
21 88 1.147
21 89 0.867
21 90 0.564
21 91 0.287
21 92 0.754
21 93 0.322
21 94 0.302
21 95 0.362
21 96 0.977
21 97 0.327
21 98 1.358
21 99 1.157
22 23 1.070
22 24 0.680
22 25 1.071
22 26 0.598
22 27 0.139
22 28 0.797
22 29 0.528
22 30 0.833
22 31 0.141
22 32 1.033
22 33 0.430
22 34 1.075
22 35 0.788
22 36 0.105
22 37 0.482
22 38 0.102
22 39 0.122
22 40 0.273
22 41 0.662
22 42 1.176
22 43 0.368
22 44 0.494
22 45 1.115
22 46 0.457
22 47 0.358
22 48 0.750
22 49 0.871
22 50 1.028
22 51 0.192
22 52 0.308
22 53 0.841
22 54 1.210
22 55 0.176
22 56 1.281
22 57 0.556
22 58 0.779
22 59 0.586
22 60 0.751
22 61 0.613
22 62 0.527
22 63 0.699
22 64 0.396
22 65 0.900
22 66 0.208
22 67 0.613
22 68 0.459
22 69 0.498
22 70 0.289
22 71 0.826
22 72 0.519
22 73 0.791
22 74 0.525
22 75 0.311
22 76 0.900
22 77 1.282
22 78 1.086
22 79 0.680
22 80 0.576
22 81 0.195
22 82 0.792
22 83 0.291
22 84 0.261
22 85 0.711
22 86 0.962
22 87 1.034
22 88 0.267
22 89 0.552
22 90 1.001
22 91 1.074
22 92 0.709
22 93 1.076
22 94 1.358
22 95 1.205
22 96 0.395
22 97 1.121
22 98 0.198
22 99 0.307
23 24 0.414
23 25 0.113
23 26 0.500
23 27 1.105
23 28 0.319
23 29 0.616
23 30 0.354
23 31 0.977
23 32 0.275
23 33 0.656
23 34 0.432
23 35 0.317
23 36 0.987
23 37 0.819
23 38 1.015
23 39 0.956
23 40 1.086
23 41 0.538
23 42 0.273
23 43 0.753
23 44 1.431
23 45 0.386
23 46 0.628
23 47 0.759
23 48 0.322
23 49 0.210
23 50 0.160
23 51 0.888
23 52 0.767
23 53 0.305
23 54 0.588
23 55 0.958
23 56 0.311
23 57 0.515
23 58 0.350
23 59 0.494
23 60 0.385
23 61 0.489
23 62 0.549
23 63 0.388
23 64 0.755
23 65 0.195
23 66 0.877
23 67 0.457
23 68 0.778
23 69 0.636
23 70 0.789
23 71 0.295
23 72 0.595
23 73 0.315
23 74 0.546
23 75 0.900
23 76 0.359
23 77 0.383
23 78 0.208
23 79 0.419
23 80 0.892
23 81 1.048
23 82 0.325
23 83 0.790
23 84 0.816
23 85 0.383
23 86 0.695
23 87 0.068
23 88 0.848
23 89 0.610
23 90 0.452
23 91 0.079
23 92 0.530
23 93 0.199
23 94 0.447
23 95 0.383
23 96 0.695
23 97 0.268
23 98 1.058
23 99 0.857
24 25 0.394
24 26 0.087
24 27 0.739
24 28 0.118
24 29 0.206
24 30 0.178
24 31 0.609
24 32 0.363
24 33 0.251
24 34 0.448
24 35 0.108
24 36 0.610
24 37 0.571
24 38 0.641
24 39 0.576
24 40 0.755
24 41 0.174
24 42 0.500
24 43 0.341
24 44 1.096
24 45 0.467
24 46 0.296
24 47 0.347
24 48 0.158
24 49 0.204
24 50 0.349
24 51 0.514
24 52 0.372
24 53 0.166
24 54 0.617
24 55 0.598
24 56 0.602
24 57 0.147
24 58 0.106
24 59 0.096
24 60 0.091
24 61 0.075
24 62 0.221
24 63 0.029
24 64 0.450
24 65 0.226
24 66 0.477
24 67 0.130
24 68 0.515
24 69 0.361
24 70 0.421
24 71 0.147
24 72 0.182
24 73 0.112
24 74 0.173
24 75 0.582
24 76 0.256
24 77 0.612
24 78 0.407
24 79 0.015
24 80 0.685
24 81 0.636
24 82 0.114
24 83 0.425
24 84 0.419
24 85 0.031
24 86 0.510
24 87 0.365
24 88 0.499
24 89 0.204
24 90 0.394
24 91 0.402
24 92 0.203
24 93 0.397
24 94 0.690
24 95 0.545
24 96 0.289
24 97 0.448
24 98 0.709
24 99 0.530
25 26 0.480
25 27 1.119
25 28 0.282
25 29 0.584
25 30 0.290
25 31 0.990
25 32 0.166
25 33 0.645
25 34 0.321
25 35 0.288
25 36 0.995
25 37 0.869
25 38 1.026
25 39 0.963
25 40 1.115
25 41 0.486
25 42 0.170
25 43 0.733
25 44 1.461
25 45 0.273
25 46 0.649
25 47 0.740
25 48 0.347
25 49 0.203
25 50 0.062
25 51 0.897
25 52 0.764
25 53 0.252
25 54 0.475
25 55 0.975
25 56 0.235
25 57 0.519
25 58 0.308
25 59 0.485
25 60 0.342
25 61 0.466
25 62 0.567
25 63 0.373
25 64 0.788
25 65 0.172
25 66 0.870
25 67 0.468
25 68 0.824
25 69 0.673
25 70 0.800
25 71 0.254
25 72 0.572
25 73 0.284
25 74 0.550
25 75 0.932
25 76 0.273
25 77 0.288
25 78 0.095
25 79 0.396
25 80 0.954
25 81 1.028
25 82 0.288
25 83 0.803
25 84 0.811
25 85 0.363
25 86 0.595
25 87 0.066
25 88 0.868
25 89 0.573
25 90 0.347
25 91 0.035
25 92 0.469
25 93 0.086
25 94 0.359
25 95 0.274
25 96 0.683
25 97 0.157
25 98 1.080
25 99 0.885
26 27 0.664
26 28 0.200
26 29 0.126
26 30 0.240
26 31 0.536
26 32 0.437
26 33 0.168
26 34 0.503
26 35 0.192
26 36 0.533
26 37 0.538
26 38 0.566
26 39 0.498
26 40 0.691
26 41 0.147
26 42 0.578
26 43 0.254
26 44 1.028
26 45 0.530
26 46 0.251
26 47 0.261
26 48 0.224
26 49 0.291
26 50 0.432
26 51 0.440
26 52 0.292
26 53 0.242
26 54 0.663
26 55 0.528
26 56 0.683
26 57 0.110
26 58 0.180
26 59 0.049
26 60 0.154
26 61 0.015
26 62 0.191
26 63 0.113
26 64 0.404
26 65 0.312
26 66 0.393
26 67 0.135
26 68 0.480
26 69 0.333
26 70 0.351
26 71 0.229
26 72 0.095
26 73 0.196
26 74 0.124
26 75 0.526
26 76 0.314
26 77 0.686
26 78 0.488
26 79 0.084
26 80 0.659
26 81 0.550
26 82 0.195
26 83 0.357
26 84 0.337
26 85 0.118
26 86 0.514
26 87 0.452
26 88 0.435
26 89 0.131
26 90 0.440
26 91 0.488
26 92 0.193
26 93 0.478
26 94 0.763
26 95 0.614
26 96 0.204
26 97 0.524
26 98 0.640
26 99 0.473
27 28 0.857
27 29 0.616
27 30 0.904
27 31 0.129
27 32 1.100
27 33 0.501
27 34 1.159
27 35 0.845
27 36 0.134
27 37 0.416
27 38 0.100
27 39 0.170
27 40 0.143
27 41 0.750
27 42 1.239
27 43 0.463
27 44 0.377
27 45 1.192
27 46 0.477
27 47 0.452
27 48 0.783
27 49 0.917
27 50 1.082
27 51 0.225
27 52 0.377
27 53 0.904
27 54 1.304
27 55 0.147
27 56 1.339
27 57 0.601
27 58 0.843
27 59 0.643
27 60 0.818
27 61 0.679
27 62 0.556
27 63 0.753
27 64 0.373
27 65 0.948
27 66 0.303
27 67 0.652
27 68 0.409
27 69 0.491
27 70 0.319
27 71 0.885
27 72 0.597
27 73 0.849
27 74 0.571
27 75 0.248
27 76 0.976
27 77 1.350
27 78 1.145
27 79 0.742
27 80 0.486
27 81 0.334
27 82 0.853
27 83 0.317
27 84 0.338
27 85 0.768
27 86 1.073
27 87 1.076
27 88 0.259
27 89 0.641
27 90 1.088
27 91 1.118
27 92 0.800
27 93 1.134
27 94 1.427
27 95 1.278
27 96 0.472
27 97 1.186
27 98 0.081
27 99 0.269
28 29 0.302
28 30 0.089
28 31 0.728
28 32 0.247
28 33 0.368
28 34 0.348
28 35 0.020
28 36 0.728
28 37 0.670
28 38 0.760
28 39 0.694
28 40 0.871
28 41 0.220
28 42 0.382
28 43 0.451
28 44 1.213
28 45 0.357
28 46 0.407
28 47 0.458
28 48 0.175
28 49 0.118
28 50 0.233
28 51 0.632
28 52 0.489
28 53 0.051
28 54 0.523
28 55 0.716
28 56 0.484
28 57 0.261
28 58 0.032
28 59 0.214
28 60 0.066
28 61 0.186
28 62 0.328
28 63 0.106
28 64 0.559
28 65 0.124
28 66 0.593
28 67 0.228
28 68 0.616
28 69 0.460
28 70 0.539
28 71 0.029
28 72 0.289
28 73 0.017
28 74 0.289
28 75 0.695
28 76 0.160
28 77 0.494
28 78 0.289
28 79 0.117
28 80 0.777
28 81 0.746
28 82 0.005
28 83 0.543
28 84 0.536
28 85 0.089
28 86 0.473
28 87 0.262
28 88 0.616
28 89 0.293
28 90 0.306
28 91 0.294
28 92 0.221
28 93 0.279
28 94 0.572
28 95 0.430
28 96 0.404
28 97 0.330
28 98 0.826
28 99 0.644
29 30 0.313
29 31 0.494
29 32 0.514
29 33 0.130
29 34 0.547
29 35 0.300
29 36 0.481
29 37 0.575
29 38 0.516
29 39 0.445
29 40 0.668
29 41 0.134
29 42 0.661
29 43 0.161
29 44 0.990
29 45 0.587
29 46 0.292
29 47 0.171
29 48 0.349
29 49 0.407
29 50 0.531
29 51 0.399
29 52 0.242
29 53 0.334
29 54 0.688
29 55 0.494
29 56 0.770
29 57 0.197
29 58 0.276
29 59 0.158
29 60 0.242
29 61 0.133
29 62 0.262
29 63 0.234
29 64 0.427
29 65 0.424
29 66 0.321
29 67 0.245
29 68 0.517
29 69 0.389
29 70 0.330
29 71 0.330
29 72 0.049
29 73 0.303
29 74 0.191
29 75 0.524
29 76 0.375
29 77 0.760
29 78 0.578
29 79 0.198
29 80 0.702
29 81 0.448
29 82 0.297
29 83 0.338
29 84 0.277
29 85 0.234
29 86 0.483
29 87 0.563
29 88 0.420
29 89 0.028
29 90 0.474
29 91 0.596
29 92 0.184
29 93 0.570
29 94 0.835
29 95 0.680
29 96 0.147
29 97 0.604
29 98 0.606
29 99 0.471
30 31 0.776
30 32 0.201
30 33 0.404
30 34 0.270
30 35 0.109
30 36 0.772
30 37 0.747
30 38 0.805
30 39 0.737
30 40 0.929
30 41 0.199
30 42 0.348
30 43 0.473
30 44 1.268
30 45 0.291
30 46 0.474
30 47 0.481
30 48 0.264
30 49 0.183
30 50 0.230
30 51 0.679
30 52 0.529
30 53 0.057
30 54 0.441
30 55 0.768
30 56 0.456
30 57 0.324
30 58 0.077
30 59 0.269
30 60 0.088
30 61 0.225
30 62 0.398
30 63 0.177
30 64 0.628
30 65 0.172
30 66 0.625
30 67 0.303
30 68 0.692
30 69 0.536
30 70 0.591
30 71 0.085
30 72 0.314
30 73 0.107
30 74 0.350
30 75 0.759
30 76 0.078
30 77 0.449
30 78 0.266
30 79 0.169
30 80 0.858
30 81 0.761
30 82 0.089
30 83 0.596
30 84 0.573
30 85 0.156
30 86 0.388
30 87 0.290
30 88 0.673
30 89 0.297
30 90 0.220
30 91 0.310
30 92 0.180
30 93 0.259
30 94 0.526
30 95 0.374
30 96 0.438
30 97 0.291
30 98 0.880
30 99 0.707
31 32 0.972
31 33 0.375
31 34 1.033
31 35 0.716
31 36 0.042
31 37 0.341
31 38 0.044
31 39 0.063
31 40 0.189
31 41 0.627
31 42 1.109
31 43 0.348
31 44 0.496
31 45 1.065
31 46 0.350
31 47 0.337
31 48 0.655
31 49 0.788
31 50 0.953
31 51 0.097
31 52 0.252
31 53 0.775
31 54 1.181
31 55 0.035
31 56 1.210
31 57 0.472
31 58 0.714
31 59 0.514
31 60 0.690
31 61 0.551
31 62 0.428
31 63 0.624
31 64 0.263
31 65 0.819
31 66 0.197
31 67 0.523
31 68 0.319
31 69 0.373
31 70 0.190
31 71 0.756
31 72 0.472
31 73 0.719
31 74 0.442
31 75 0.170
31 76 0.849
31 77 1.221
31 78 1.015
31 79 0.613
31 80 0.437
31 81 0.297
31 82 0.723
31 83 0.188
31 84 0.219
31 85 0.639
31 86 0.961
31 87 0.947
31 88 0.138
31 89 0.520
31 90 0.964
31 91 0.990
31 92 0.678
31 93 1.005
31 94 1.298
31 95 1.150
31 96 0.348
31 97 1.057
31 98 0.116
31 99 0.168
32 33 0.604
32 34 0.160
32 35 0.262
32 36 0.970
32 37 0.909
32 38 1.002
32 39 0.935
32 40 1.117
32 41 0.394
32 42 0.148
32 43 0.674
32 44 1.460
32 45 0.129
32 46 0.653
32 47 0.682
32 48 0.386
32 49 0.242
32 50 0.115
32 51 0.875
32 52 0.728
32 53 0.197
32 54 0.328
32 55 0.961
32 56 0.258
32 57 0.508
32 58 0.258
32 59 0.458
32 60 0.283
32 61 0.422
32 62 0.573
32 63 0.353
32 64 0.804
32 65 0.206
32 66 0.826
32 67 0.472
32 68 0.857
32 69 0.701
32 70 0.784
32 71 0.221
32 72 0.515
32 73 0.258
32 74 0.536
32 75 0.941
32 76 0.146
32 77 0.250
32 78 0.088
32 79 0.359
32 80 1.008
32 81 0.961
32 82 0.251
32 83 0.789
32 84 0.772
32 85 0.335
32 86 0.432
32 87 0.212
32 88 0.862
32 89 0.496
32 90 0.181
32 91 0.200
32 92 0.362
32 93 0.089
32 94 0.327
32 95 0.184
32 96 0.638
32 97 0.091
32 98 1.072
32 99 0.891
33 34 0.658
33 35 0.359
33 36 0.368
33 37 0.451
33 38 0.401
33 39 0.333
33 40 0.542
33 41 0.256
33 42 0.746
33 43 0.108
33 44 0.871
33 45 0.691
33 46 0.181
33 47 0.109
33 48 0.351
33 49 0.450
33 50 0.600
33 51 0.278
33 52 0.125
33 53 0.410
33 54 0.808
33 55 0.371
33 56 0.851
33 57 0.154
33 58 0.349
33 59 0.162
33 60 0.321
33 61 0.183
33 62 0.181
33 63 0.273
33 64 0.301
33 65 0.475
33 66 0.225
33 67 0.217
33 68 0.394
33 69 0.281
33 70 0.201
33 71 0.396
33 72 0.098
33 73 0.363
33 74 0.129
33 75 0.394
33 76 0.475
33 77 0.853
33 78 0.656
33 79 0.251
33 80 0.580
33 81 0.393
33 82 0.363
33 83 0.210
33 84 0.169
33 85 0.283
33 86 0.613
33 87 0.613
33 88 0.291
33 89 0.158
33 90 0.589
33 91 0.651
33 92 0.308
33 93 0.646
33 94 0.930
33 95 0.779
33 96 0.039
33 97 0.692
33 98 0.484
33 99 0.341
34 35 0.367
34 36 1.025
34 37 1.017
34 38 1.059
34 39 0.989
34 40 1.194
34 41 0.414
34 42 0.227
34 43 0.708
34 44 1.529
34 45 0.070
34 46 0.744
34 47 0.718
34 48 0.513
34 49 0.384
34 50 0.275
34 51 0.937
34 52 0.782
34 53 0.298
34 54 0.178
34 55 1.028
34 56 0.320
34 57 0.594
34 58 0.346
34 59 0.537
34 60 0.358
34 61 0.488
34 62 0.669
34 63 0.447
34 64 0.898
34 65 0.350
34 66 0.868
34 67 0.573
34 68 0.962
34 69 0.806
34 70 0.853
34 71 0.329
34 72 0.562
34 73 0.364
34 74 0.619
34 75 1.027
34 76 0.193
34 77 0.258
34 78 0.230
34 79 0.439
34 80 1.125
34 81 0.976
34 82 0.350
34 83 0.859
34 84 0.822
34 85 0.426
34 86 0.310
34 87 0.371
34 88 0.938
34 89 0.524
34 90 0.080
34 91 0.356
34 92 0.368
34 93 0.237
34 94 0.319
34 95 0.165
34 96 0.687
34 97 0.186
34 98 1.141
34 99 0.975
35 36 0.717
35 37 0.652
35 38 0.748
35 39 0.683
35 40 0.856
35 41 0.226
35 42 0.394
35 43 0.446
35 44 1.199
35 45 0.375
35 46 0.391
35 47 0.452
35 48 0.156
35 49 0.111
35 50 0.241
35 51 0.620
35 52 0.480
35 53 0.069
35 54 0.542
35 55 0.703
35 56 0.495
35 57 0.247
35 58 0.043
35 59 0.202
35 60 0.073
35 61 0.179
35 62 0.312
35 63 0.092
35 64 0.542
35 65 0.124
35 66 0.584
35 67 0.211
35 68 0.599
35 69 0.442
35 70 0.526
35 71 0.041
35 72 0.284
35 73 0.004
35 74 0.276
35 75 0.679
35 76 0.179
35 77 0.508
35 78 0.300
35 79 0.109
35 80 0.758
35 81 0.741
35 82 0.020
35 83 0.530
35 84 0.527
35 85 0.077
35 86 0.491
35 87 0.263
35 88 0.602
35 89 0.292
35 90 0.326
35 91 0.297
35 92 0.231
35 93 0.290
35 94 0.586
35 95 0.445
35 96 0.396
35 97 0.343
35 98 0.813
35 99 0.629
36 37 0.379
36 38 0.034
36 39 0.036
36 40 0.221
36 41 0.616
36 42 1.110
36 43 0.330
36 44 0.510
36 45 1.060
36 46 0.364
36 47 0.318
36 48 0.665
36 49 0.793
36 50 0.956
36 51 0.099
36 52 0.243
36 53 0.774
36 54 1.170
36 55 0.076
36 56 1.212
36 57 0.477
36 58 0.713
36 59 0.514
36 60 0.687
36 61 0.548
36 62 0.439
36 63 0.626
36 64 0.291
36 65 0.824
36 66 0.171
36 67 0.531
36 68 0.354
36 69 0.397
36 70 0.198
36 71 0.757
36 72 0.463
36 73 0.721
36 74 0.446
36 75 0.210
36 76 0.843
36 77 1.219
36 78 1.017
36 79 0.612
36 80 0.479
36 81 0.256
36 82 0.724
36 83 0.198
36 84 0.204
36 85 0.640
36 86 0.941
36 87 0.954
36 88 0.163
36 89 0.507
36 90 0.954
36 91 0.996
36 92 0.666
36 93 1.007
36 94 1.297
36 95 1.146
36 96 0.338
36 97 1.056
36 98 0.145
36 99 0.203
37 38 0.382
37 39 0.378
37 40 0.321
37 41 0.678
37 42 1.021
37 43 0.507
37 44 0.639
37 45 1.027
37 46 0.289
37 47 0.498
37 48 0.528
37 49 0.678
37 50 0.851
37 51 0.329
37 52 0.395
37 53 0.722
37 54 1.188
37 55 0.306
37 56 1.104
37 57 0.431
37 58 0.671
37 59 0.494
37 60 0.662
37 61 0.551
37 62 0.352
37 63 0.570
37 64 0.152
37 65 0.715
37 66 0.441
37 67 0.444
37 68 0.059
37 69 0.211
37 70 0.299
37 71 0.692
37 72 0.531
37 73 0.656
37 74 0.414
37 75 0.172
37 76 0.825
37 77 1.142
37 78 0.924
37 79 0.582
37 80 0.129
37 81 0.614
37 82 0.668
37 83 0.288
37 84 0.408
37 85 0.591
37 86 1.048
37 87 0.812
37 88 0.240
37 89 0.601
37 90 0.965
37 91 0.857
37 92 0.728
37 93 0.912
37 94 1.218
37 95 1.092
37 96 0.453
37 97 0.979
37 98 0.338
37 99 0.181
38 39 0.070
38 40 0.194
38 41 0.650
38 42 1.142
38 43 0.364
38 44 0.476
38 45 1.093
38 46 0.390
38 47 0.353
38 48 0.693
38 49 0.823
38 50 0.987
38 51 0.128
38 52 0.277
38 53 0.806
38 54 1.204
38 55 0.077
38 56 1.243
38 57 0.507
38 58 0.745
38 59 0.546
38 60 0.720
38 61 0.581
38 62 0.466
38 63 0.657
38 64 0.306
38 65 0.854
38 66 0.205
38 67 0.560
38 68 0.362
38 69 0.417
38 70 0.226
38 71 0.788
38 72 0.497
38 73 0.752
38 74 0.476
38 75 0.210
38 76 0.877
38 77 1.252
38 78 1.048
38 79 0.644
38 80 0.474
38 81 0.274
38 82 0.755
38 83 0.225
38 84 0.238
38 85 0.672
38 86 0.975
38 87 0.984
38 88 0.181
38 89 0.541
38 90 0.988
38 91 1.026
38 92 0.700
38 93 1.038
38 94 1.329
38 95 1.179
38 96 0.372
38 97 1.088
38 98 0.116
38 99 0.211
39 40 0.251
39 41 0.579
39 42 1.075
39 43 0.294
39 44 0.546
39 45 1.024
39 46 0.337
39 47 0.282
39 48 0.635
39 49 0.761
39 50 0.923
39 51 0.071
39 52 0.208
39 53 0.740
39 54 1.133
39 55 0.088
39 56 1.178
39 57 0.445
39 58 0.678
39 59 0.481
39 60 0.652
39 61 0.513
39 62 0.410
39 63 0.593
39 64 0.277
39 65 0.791
39 66 0.137
39 67 0.500
39 68 0.348
39 69 0.377
39 70 0.169
39 71 0.723
39 72 0.427
39 73 0.687
39 74 0.414
39 75 0.214
39 76 0.808
39 77 1.185
39 78 0.983
39 79 0.578
39 80 0.484
39 81 0.243
39 82 0.689
39 83 0.171
39 84 0.168
39 85 0.606
39 86 0.906
39 87 0.923
39 88 0.149
39 89 0.471
39 90 0.918
39 91 0.964
39 92 0.630
39 93 0.973
39 94 1.262
39 95 1.111
39 96 0.302
39 97 1.022
39 98 0.176
39 99 0.198
40 41 0.798
40 42 1.248
40 43 0.531
40 44 0.346
40 45 1.220
40 46 0.468
40 47 0.520
40 48 0.770
40 49 0.913
40 50 1.085
40 51 0.272
40 52 0.426
40 53 0.920
40 54 1.349
40 55 0.177
40 56 1.343
40 57 0.610
40 58 0.861
40 59 0.661
40 60 0.841
40 61 0.706
40 62 0.549
40 63 0.765
40 64 0.331
40 65 0.948
40 66 0.385
40 67 0.651
40 68 0.333
40 69 0.452
40 70 0.342
40 71 0.898
40 72 0.639
40 73 0.860
40 74 0.582
40 75 0.186
40 76 1.005
40 77 1.364
40 78 1.152
40 79 0.761
40 80 0.364
40 81 0.464
40 82 0.867
40 83 0.335
40 84 0.401
40 85 0.782
40 86 1.143
40 87 1.066
40 88 0.256
40 89 0.695
40 90 1.128
40 91 1.110
40 92 0.850
40 93 1.141
40 94 1.442
40 95 1.300
40 96 0.520
40 97 1.199
40 98 0.078
40 99 0.231
41 42 0.542
41 43 0.294
41 44 1.123
41 45 0.456
41 46 0.389
41 47 0.304
41 48 0.332
41 49 0.337
41 50 0.429
41 51 0.532
41 52 0.375
41 53 0.235
41 54 0.554
41 55 0.626
41 56 0.652
41 57 0.257
41 58 0.189
41 59 0.196
41 60 0.154
41 61 0.139
41 62 0.336
41 63 0.201
41 64 0.537
41 65 0.343
41 66 0.455
41 67 0.278
41 68 0.619
41 69 0.477
41 70 0.457
41 71 0.242
41 72 0.159
41 73 0.228
41 74 0.266
41 75 0.646
41 76 0.250
41 77 0.634
41 78 0.465
41 79 0.160
41 80 0.801
41 81 0.570
41 82 0.215
41 83 0.465
41 84 0.411
41 85 0.188
41 86 0.370
41 87 0.477
41 88 0.547
41 89 0.110
41 90 0.340
41 91 0.504
41 92 0.052
41 93 0.458
41 94 0.708
41 95 0.551
41 96 0.279
41 97 0.484
41 98 0.739
41 99 0.593
42 43 0.820
42 44 1.593
42 45 0.158
42 46 0.781
42 47 0.829
42 48 0.493
42 49 0.343
42 50 0.171
42 51 1.014
42 52 0.870
42 53 0.336
42 54 0.337
42 55 1.097
42 56 0.110
42 57 0.640
42 58 0.398
42 59 0.596
42 60 0.426
42 61 0.563
42 62 0.700
42 63 0.486
42 64 0.928
42 65 0.306
42 66 0.970
42 67 0.598
42 68 0.973
42 69 0.819
42 70 0.920
42 71 0.353
42 72 0.660
42 73 0.390
42 74 0.670
42 75 1.069
42 76 0.294
42 77 0.121
42 78 0.098
42 79 0.497
42 80 1.112
42 81 1.109
42 82 0.386
42 83 0.924
42 84 0.915
42 85 0.470
42 86 0.535
42 87 0.236
42 88 0.995
42 89 0.644
42 90 0.287
42 91 0.199
42 92 0.510
42 93 0.109
42 94 0.197
42 95 0.113
42 96 0.781
42 97 0.058
42 98 1.207
42 99 1.019
43 44 0.840
43 45 0.749
43 46 0.269
43 47 0.011
43 48 0.455
43 49 0.544
43 50 0.684
43 51 0.259
43 52 0.116
43 53 0.489
43 54 0.844
43 55 0.354
43 56 0.928
43 57 0.262
43 58 0.428
43 59 0.261
43 60 0.396
43 61 0.267
43 62 0.286
43 63 0.366
43 64 0.355
43 65 0.566
43 66 0.162
43 67 0.325
43 68 0.452
43 69 0.365
43 70 0.217
43 71 0.480
43 72 0.162
43 73 0.449
43 74 0.237
43 75 0.413
43 76 0.536
43 77 0.921
43 78 0.734
43 79 0.338
43 80 0.635
43 81 0.295
43 82 0.446
43 83 0.228
43 84 0.131
43 85 0.372
43 86 0.613
43 87 0.706
43 88 0.304
43 89 0.184
43 90 0.633
43 91 0.742
43 92 0.342
43 93 0.726
43 94 0.996
43 95 0.841
43 96 0.075
43 97 0.764
43 98 0.464
43 99 0.365
44 45 1.558
44 46 0.813
44 47 0.828
44 48 1.116
44 49 1.259
44 50 1.430
44 51 0.592
44 52 0.748
44 53 1.262
44 54 1.678
44 55 0.501
44 56 1.689
44 57 0.953
44 58 1.202
44 59 1.001
44 60 1.181
44 61 1.043
44 62 0.895
44 63 1.108
44 64 0.676
44 65 1.293
44 66 0.679
44 67 0.996
44 68 0.665
44 69 0.795
44 70 0.677
44 71 1.241
44 72 0.968
44 73 1.203
44 74 0.924
44 75 0.531
44 76 1.342
44 77 1.707
44 78 1.497
44 79 1.102
44 80 0.633
44 81 0.673
44 82 1.209
44 83 0.672
44 84 0.713
44 85 1.125
44 86 1.449
44 87 1.411
44 88 0.598
44 89 1.016
44 90 1.460
44 91 1.456
44 92 1.174
44 93 1.486
44 94 1.785
44 95 1.641
44 96 0.844
44 97 1.542
44 98 0.388
44 99 0.576
45 46 0.762
45 47 0.758
45 48 0.510
45 49 0.370
45 50 0.236
45 51 0.968
45 52 0.816
45 53 0.306
45 54 0.203
45 55 1.058
45 56 0.250
45 57 0.613
45 58 0.361
45 59 0.559
45 60 0.379
45 61 0.515
45 62 0.684
45 63 0.461
45 64 0.915
45 65 0.334
45 66 0.907
45 67 0.585
45 68 0.974
45 69 0.817
45 70 0.881
45 71 0.334
45 72 0.598
45 73 0.371
45 74 0.640
45 75 1.049
45 76 0.216
45 77 0.192
45 78 0.178
45 79 0.459
45 80 1.130
45 81 1.025
45 82 0.360
45 83 0.887
45 84 0.858
45 85 0.442
45 86 0.380
45 87 0.329
45 88 0.964
45 89 0.566
45 90 0.143
45 91 0.308
45 92 0.414
45 93 0.187
45 94 0.258
45 95 0.099
45 96 0.723
45 97 0.125
45 98 1.170
45 99 0.997
46 47 0.265
46 48 0.306
46 49 0.446
46 50 0.617
46 51 0.267
46 52 0.195
46 53 0.458
46 54 0.910
46 55 0.330
46 56 0.875
46 57 0.150
46 58 0.401
46 59 0.209
46 60 0.386
46 61 0.264
46 62 0.081
46 63 0.301
46 64 0.154
46 65 0.480
46 66 0.298
46 67 0.183
46 68 0.230
46 69 0.099
46 70 0.169
46 71 0.433
46 72 0.246
46 73 0.395
46 74 0.128
46 75 0.288
46 76 0.551
46 77 0.898
46 78 0.684
46 79 0.305
46 80 0.413
46 81 0.494
46 82 0.403
46 83 0.167
46 84 0.237
46 85 0.320
46 86 0.759
46 87 0.601
46 88 0.220
46 89 0.317
46 90 0.686
46 91 0.645
46 92 0.439
46 93 0.673
46 94 0.975
46 95 0.837
46 96 0.198
46 97 0.732
46 98 0.432
46 99 0.238
47 48 0.459
47 49 0.550
47 50 0.691
47 51 0.248
47 52 0.106
47 53 0.496
47 54 0.854
47 55 0.343
47 56 0.936
47 57 0.264
47 58 0.435
47 59 0.266
47 60 0.404
47 61 0.273
47 62 0.285
47 63 0.372
47 64 0.346
47 65 0.573
47 66 0.151
47 67 0.327
47 68 0.444
47 69 0.360
47 70 0.207
47 71 0.487
47 72 0.169
47 73 0.456
47 74 0.238
47 75 0.403
47 76 0.546
47 77 0.930
47 78 0.742
47 79 0.344
47 80 0.626
47 81 0.289
47 82 0.453
47 83 0.218
47 84 0.119
47 85 0.378
47 86 0.624
47 87 0.712
47 88 0.294
47 89 0.194
47 90 0.644
47 91 0.749
47 92 0.352
47 93 0.733
47 94 1.005
47 95 0.850
47 96 0.074
47 97 0.772
47 98 0.452
47 99 0.355
48 49 0.150
48 50 0.323
48 51 0.566
48 52 0.451
48 53 0.219
48 54 0.690
48 55 0.636
48 56 0.579
48 57 0.199
48 58 0.194
48 59 0.197
48 60 0.209
48 61 0.219
48 62 0.227
48 63 0.131
48 64 0.441
48 65 0.187
48 66 0.562
48 67 0.138
48 68 0.480
48 69 0.327
48 70 0.467
48 71 0.186
48 72 0.314
48 73 0.158
48 74 0.229
48 75 0.586
48 76 0.333
48 77 0.614
48 78 0.396
48 79 0.172
48 80 0.623
48 81 0.743
48 82 0.176
48 83 0.468
48 84 0.500
48 85 0.146
48 86 0.643
48 87 0.296
48 88 0.527
48 89 0.354
48 90 0.479
48 91 0.340
48 92 0.356
48 93 0.384
48 94 0.690
48 95 0.566
48 96 0.389
48 97 0.452
48 98 0.738
48 99 0.540
49 50 0.174
49 51 0.695
49 52 0.565
49 53 0.127
49 54 0.561
49 55 0.772
49 56 0.431
49 57 0.317
49 58 0.150
49 59 0.288
49 60 0.183
49 61 0.279
49 62 0.365
49 63 0.179
49 64 0.588
49 65 0.038
49 66 0.673
49 67 0.265
49 68 0.629
49 69 0.476
49 70 0.598
49 71 0.102
49 72 0.386
49 73 0.109
49 74 0.348
49 75 0.731
49 76 0.227
49 77 0.464
49 78 0.246
49 79 0.209
49 80 0.771
49 81 0.839
49 82 0.123
49 83 0.600
49 84 0.613
49 85 0.174
49 86 0.568
49 87 0.163
49 88 0.665
49 89 0.401
49 90 0.364
49 91 0.203
49 92 0.339
49 93 0.234
49 94 0.541
49 95 0.419
49 96 0.488
49 97 0.303
49 98 0.877
49 99 0.683
50 51 0.859
50 52 0.720
50 53 0.197
50 54 0.438
50 55 0.939
50 56 0.259
50 57 0.481
50 58 0.256
50 59 0.442
50 60 0.289
50 61 0.419
50 62 0.535
50 63 0.330
50 64 0.761
50 65 0.137
50 66 0.825
50 67 0.434
50 68 0.803
50 69 0.650
50 70 0.763
50 71 0.204
50 72 0.522
50 73 0.237
50 74 0.511
50 75 0.903
50 76 0.212
50 77 0.292
50 78 0.075
50 79 0.349
50 80 0.942
50 81 0.978
50 82 0.238
50 83 0.766
50 84 0.767
50 85 0.318
50 86 0.537
50 87 0.096
50 88 0.834
50 89 0.519
50 90 0.292
50 91 0.091
50 92 0.409
50 93 0.062
50 94 0.368
50 95 0.258
50 96 0.637
50 97 0.137
50 98 1.046
50 99 0.855
51 52 0.157
51 53 0.679
51 54 1.086
51 55 0.096
51 56 1.115
51 57 0.379
51 58 0.618
51 59 0.418
51 60 0.593
51 61 0.455
51 62 0.340
51 63 0.529
51 64 0.213
51 65 0.726
51 66 0.126
51 67 0.432
51 68 0.292
51 69 0.307
51 70 0.099
51 71 0.661
51 72 0.375
51 73 0.624
51 74 0.348
51 75 0.181
51 76 0.752
51 77 1.125
51 78 0.920
51 79 0.517
51 80 0.444
51 81 0.285
51 82 0.628
51 83 0.100
51 84 0.128
51 85 0.544
51 86 0.871
51 87 0.856
51 88 0.090
51 89 0.426
51 90 0.868
51 91 0.898
51 92 0.583
51 93 0.910
51 94 1.202
51 95 1.054
51 96 0.252
51 97 0.961
51 98 0.208
51 99 0.150
52 53 0.534
52 54 0.929
52 55 0.251
52 56 0.974
52 57 0.252
52 58 0.472
52 59 0.278
52 60 0.445
52 61 0.307
52 62 0.241
52 63 0.391
52 64 0.246
52 65 0.592
52 66 0.112
52 67 0.313
52 68 0.343
52 69 0.278
52 70 0.102
52 71 0.518
52 72 0.220
52 73 0.483
52 74 0.222
52 75 0.298
52 76 0.600
52 77 0.978
52 78 0.778
52 79 0.373
52 80 0.523
52 81 0.303
52 82 0.485
52 83 0.113
52 84 0.049
52 85 0.403
52 86 0.718
52 87 0.727
52 88 0.189
52 89 0.269
52 90 0.712
52 91 0.767
52 92 0.426
52 93 0.769
52 94 1.055
52 95 0.904
52 96 0.096
52 97 0.816
52 98 0.364
52 99 0.249
53 54 0.474
53 55 0.764
53 56 0.441
53 57 0.311
53 58 0.062
53 59 0.261
53 60 0.092
53 61 0.228
53 62 0.379
53 63 0.156
53 64 0.610
53 65 0.117
53 66 0.635
53 67 0.279
53 68 0.668
53 69 0.511
53 70 0.587
53 71 0.033
53 72 0.327
53 73 0.066
53 74 0.339
53 75 0.745
53 76 0.114
53 77 0.446
53 78 0.246
53 79 0.162
53 80 0.828
53 81 0.782
53 82 0.054
53 83 0.591
53 84 0.579
53 85 0.138
53 86 0.443
53 87 0.243
53 88 0.665
53 89 0.321
53 90 0.260
53 91 0.269
53 92 0.225
53 93 0.237
53 94 0.524
53 95 0.379
53 96 0.446
53 97 0.282
53 98 0.875
53 99 0.694
54 55 1.179
54 56 0.392
54 57 0.761
54 58 0.518
54 59 0.701
54 60 0.526
54 61 0.649
54 62 0.838
54 63 0.618
54 64 1.064
54 65 0.527
54 66 1.006
54 67 0.744
54 68 1.132
54 69 0.977
54 70 1.007
54 71 0.506
54 72 0.711
54 73 0.539
54 74 0.783
54 75 1.189
54 76 0.364
54 77 0.299
54 78 0.380
54 79 0.607
54 80 1.299
54 81 1.093
54 82 0.524
54 83 1.015
54 84 0.965
54 85 0.597
54 86 0.317
54 87 0.532
54 88 1.095
54 89 0.663
54 90 0.224
54 91 0.509
54 92 0.504
54 93 0.389
54 94 0.321
54 95 0.229
54 96 0.834
54 97 0.321
54 98 1.292
54 99 1.136
55 56 1.196
55 57 0.458
55 58 0.704
55 59 0.503
55 60 0.681
55 61 0.543
55 62 0.409
55 63 0.612
55 64 0.232
55 65 0.804
55 66 0.211
55 67 0.507
55 68 0.285
55 69 0.346
55 70 0.177
55 71 0.744
55 72 0.468
55 73 0.707
55 74 0.428
55 75 0.135
55 76 0.842
55 77 1.210
55 78 1.003
55 79 0.603
55 80 0.403
55 81 0.329
55 82 0.712
55 83 0.173
55 84 0.224
55 85 0.627
55 86 0.966
55 87 0.930
55 88 0.112
55 89 0.521
55 90 0.960
55 91 0.973
55 92 0.677
55 93 0.992
55 94 1.288
55 95 1.141
55 96 0.347
55 97 1.046
55 98 0.113
55 99 0.134
56 57 0.738
56 58 0.502
56 59 0.697
56 60 0.532
56 61 0.668
56 62 0.794
56 63 0.586
56 64 1.019
56 65 0.396
56 66 1.076
56 67 0.693
56 68 1.058
56 69 0.906
56 70 1.020
56 71 0.455
56 72 0.767
56 73 0.491
56 74 0.769
56 75 1.161
56 76 0.404
56 77 0.099
56 78 0.195
56 79 0.601
56 80 1.188
56 81 1.218
56 82 0.489
56 83 1.023
56 84 1.020
56 85 0.572
56 86 0.630
56 87 0.296
56 88 1.092
56 89 0.753
56 90 0.389
56 91 0.252
56 92 0.620
56 93 0.205
56 94 0.140
56 95 0.168
56 96 0.887
56 97 0.168
56 98 1.304
56 99 1.113
57 58 0.253
57 59 0.063
57 60 0.237
57 61 0.121
57 62 0.081
57 63 0.155
57 64 0.304
57 65 0.347
57 66 0.364
57 67 0.063
57 68 0.374
57 69 0.224
57 70 0.282
57 71 0.288
57 72 0.150
57 73 0.250
57 74 0.031
57 75 0.435
57 76 0.402
57 77 0.755
57 78 0.545
57 79 0.155
57 80 0.550
57 81 0.544
57 82 0.257
57 83 0.285
57 84 0.301
57 85 0.173
57 86 0.625
57 87 0.478
57 88 0.355
57 89 0.215
57 90 0.537
57 91 0.520
57 92 0.303
57 93 0.534
57 94 0.832
57 95 0.690
57 96 0.192
57 97 0.590
57 98 0.567
57 99 0.384
58 59 0.201
58 60 0.035
58 61 0.166
58 62 0.324
58 63 0.101
58 64 0.555
58 65 0.155
58 66 0.573
58 67 0.227
58 68 0.616
58 69 0.460
58 70 0.526
58 71 0.055
58 72 0.266
58 73 0.044
58 74 0.280
58 75 0.688
58 76 0.154
58 77 0.507
58 78 0.308
58 79 0.101
58 80 0.781
58 81 0.722
58 82 0.027
58 83 0.531
58 84 0.518
58 85 0.081
58 86 0.450
58 87 0.291
58 88 0.605
58 89 0.265
58 90 0.297
58 91 0.322
58 92 0.190
58 93 0.299
58 94 0.585
58 95 0.439
58 96 0.384
58 97 0.344
58 98 0.814
58 99 0.637
59 60 0.180
59 61 0.058
59 62 0.144
59 63 0.112
59 64 0.363
59 65 0.314
59 66 0.386
59 67 0.089
59 68 0.436
59 69 0.286
59 70 0.326
59 71 0.242
59 72 0.118
59 73 0.206
59 74 0.082
59 75 0.491
59 76 0.345
59 77 0.707
59 78 0.502
59 79 0.100
59 80 0.613
59 81 0.554
59 82 0.210
59 83 0.330
59 84 0.326
59 85 0.126
59 86 0.562
59 87 0.451
59 88 0.405
59 89 0.170
59 90 0.477
59 91 0.490
59 92 0.241
59 93 0.492
59 94 0.785
59 95 0.639
59 96 0.201
59 97 0.543
59 98 0.614
59 99 0.439
60 61 0.139
60 62 0.312
60 63 0.096
60 64 0.540
60 65 0.190
60 66 0.544
60 67 0.220
60 68 0.607
60 69 0.452
60 70 0.504
60 71 0.090
60 72 0.235
60 73 0.074
60 74 0.262
60 75 0.671
60 76 0.165
60 77 0.533
60 78 0.338
60 79 0.082
60 80 0.775
60 81 0.689
60 82 0.061
60 83 0.509
60 84 0.490
60 85 0.075
60 86 0.435
60 87 0.327
60 88 0.585
60 89 0.230
60 90 0.303
60 91 0.356
60 92 0.159
60 93 0.329
60 94 0.610
60 95 0.461
60 96 0.355
60 97 0.371
60 98 0.792
60 99 0.619
61 62 0.201
61 63 0.103
61 64 0.417
61 65 0.300
61 66 0.408
61 67 0.139
61 68 0.493
61 69 0.344
61 70 0.366
61 71 0.215
61 72 0.107
61 73 0.182
61 74 0.137
61 75 0.540
61 76 0.299
61 77 0.671
61 78 0.473
61 79 0.071
61 80 0.671
61 81 0.562
61 82 0.181
61 83 0.372
61 84 0.352
61 85 0.106
61 86 0.504
61 87 0.439
61 88 0.450
61 89 0.135
61 90 0.425
61 91 0.475
61 92 0.183
61 93 0.464
61 94 0.748
61 95 0.599
61 96 0.219
61 97 0.509
61 98 0.655
61 99 0.488
62 63 0.223
62 64 0.231
62 65 0.399
62 66 0.352
62 67 0.102
62 68 0.295
62 69 0.143
62 70 0.241
62 71 0.353
62 72 0.213
62 73 0.315
62 74 0.072
62 75 0.369
62 76 0.476
62 77 0.817
62 78 0.603
62 79 0.231
62 80 0.470
62 81 0.544
62 82 0.325
62 83 0.241
62 84 0.289
62 85 0.243
62 86 0.705
62 87 0.521
62 88 0.301
62 89 0.283
62 90 0.614
62 91 0.564
62 92 0.384
62 93 0.592
62 94 0.895
62 95 0.757
62 96 0.211
62 97 0.652
62 98 0.513
62 99 0.320
63 64 0.454
63 65 0.203
63 66 0.498
63 67 0.126
63 68 0.515
63 69 0.359
63 70 0.435
63 71 0.133
63 72 0.208
63 73 0.095
63 74 0.184
63 75 0.589
63 76 0.255
63 77 0.600
63 78 0.391
63 79 0.041
63 80 0.681
63 81 0.661
63 82 0.102
63 83 0.439
63 84 0.438
63 85 0.022
63 86 0.527
63 87 0.341
63 88 0.510
63 89 0.233
63 90 0.397
63 91 0.379
63 92 0.226
63 93 0.381
63 94 0.677
63 95 0.536
63 96 0.311
63 97 0.435
63 98 0.721
63 99 0.538
64 65 0.623
64 66 0.306
64 67 0.332
64 68 0.097
64 69 0.121
64 70 0.155
64 71 0.584
64 72 0.385
64 73 0.546
64 74 0.281
64 75 0.145
64 76 0.705
64 77 1.046
64 78 0.830
64 79 0.459
64 80 0.281
64 81 0.493
64 82 0.556
64 83 0.145
64 84 0.264
64 85 0.474
64 86 0.905
64 87 0.736
64 88 0.129
64 89 0.454
64 90 0.840
64 91 0.781
64 92 0.588
64 93 0.819
64 94 1.124
64 95 0.988
64 96 0.301
64 97 0.881
64 98 0.312
64 99 0.106
65 66 0.700
65 67 0.298
65 68 0.666
65 69 0.513
65 70 0.629
65 71 0.101
65 72 0.406
65 73 0.121
65 74 0.378
65 75 0.766
65 76 0.204
65 77 0.427
65 78 0.209
65 79 0.229
65 80 0.809
65 81 0.862
65 82 0.130
65 83 0.632
65 84 0.640
65 85 0.195
65 86 0.548
65 87 0.140
65 88 0.698
65 89 0.416
65 90 0.336
65 91 0.176
65 92 0.339
65 93 0.197
65 94 0.503
65 95 0.382
65 96 0.513
65 97 0.265
65 98 0.910
65 99 0.718
66 67 0.425
66 68 0.397
66 69 0.369
66 70 0.153
66 71 0.622
66 72 0.311
66 73 0.588
66 74 0.333
66 75 0.306
66 76 0.693
66 77 1.075
66 78 0.881
66 79 0.476
66 80 0.562
66 81 0.197
66 82 0.588
66 83 0.162
66 84 0.064
66 85 0.508
66 86 0.770
66 87 0.836
66 88 0.204
66 89 0.345
66 90 0.795
66 91 0.876
66 92 0.503
66 93 0.872
66 94 1.151
66 95 0.997
66 96 0.189
66 97 0.915
66 98 0.312
66 99 0.269
67 68 0.389
67 69 0.233
67 70 0.334
67 71 0.252
67 72 0.201
67 73 0.215
67 74 0.092
67 75 0.471
67 76 0.380
67 77 0.715
67 78 0.502
67 79 0.142
67 80 0.556
67 81 0.607
67 82 0.225
67 83 0.335
67 84 0.362
67 85 0.147
67 86 0.635
67 87 0.424
67 88 0.400
67 89 0.258
67 90 0.522
67 91 0.466
67 92 0.318
67 93 0.490
67 94 0.793
67 95 0.656
67 96 0.255
67 97 0.550
67 98 0.612
67 99 0.421
68 69 0.156
68 70 0.250
68 71 0.639
68 72 0.473
68 73 0.602
68 74 0.356
68 75 0.161
68 76 0.770
68 77 1.093
68 78 0.875
68 79 0.526
68 80 0.186
68 81 0.577
68 82 0.614
68 83 0.239
68 84 0.359
68 85 0.536
68 86 0.990
68 87 0.767
68 88 0.203
68 89 0.543
68 90 0.909
68 91 0.813
68 92 0.670
68 93 0.863
68 94 1.169
68 95 1.040
68 96 0.397
68 97 0.929
68 98 0.336
68 99 0.152
69 70 0.221
69 71 0.483
69 72 0.342
69 73 0.446
69 74 0.211
69 75 0.265
69 76 0.614
69 77 0.938
69 78 0.721
69 79 0.372
69 80 0.327
69 81 0.566
69 82 0.458
69 83 0.215
69 84 0.313
69 85 0.380
69 86 0.847
69 87 0.620
69 88 0.236
69 89 0.413
69 90 0.754
69 91 0.665
69 92 0.525
69 93 0.709
69 94 1.015
69 95 0.885
69 96 0.296
69 97 0.774
69 98 0.432
69 99 0.226
70 71 0.567
70 72 0.298
70 73 0.530
70 74 0.252
70 75 0.198
70 76 0.665
70 77 1.033
70 78 0.826
70 79 0.425
70 80 0.425
70 81 0.346
70 82 0.535
70 83 0.011
70 84 0.109
70 85 0.450
70 86 0.811
70 87 0.758
70 88 0.091
70 89 0.357
70 90 0.787
70 91 0.800
70 92 0.509
70 93 0.815
70 94 1.111
70 95 0.964
70 96 0.184
70 97 0.869
70 98 0.289
70 99 0.148
71 72 0.318
71 73 0.038
71 74 0.317
71 75 0.721
71 76 0.147
71 77 0.467
71 78 0.260
71 79 0.146
71 80 0.797
71 81 0.774
71 82 0.034
71 83 0.571
71 84 0.565
71 85 0.117
71 86 0.473
71 87 0.237
71 88 0.643
71 89 0.319
71 90 0.293
71 91 0.267
71 92 0.239
71 93 0.250
71 94 0.545
71 95 0.404
71 96 0.433
71 97 0.302
71 98 0.854
71 99 0.670
72 73 0.288
72 74 0.142
72 75 0.488
72 76 0.382
72 77 0.764
72 78 0.573
72 79 0.177
72 80 0.658
72 81 0.457
72 82 0.284
72 83 0.306
72 84 0.260
72 85 0.212
72 86 0.521
72 87 0.546
72 88 0.388
72 89 0.072
72 90 0.492
72 91 0.581
72 92 0.211
72 93 0.564
72 94 0.840
72 95 0.687
72 96 0.125
72 97 0.605
72 98 0.581
72 99 0.436
73 74 0.279
73 75 0.683
73 76 0.177
73 77 0.504
73 78 0.296
73 79 0.112
73 80 0.761
73 81 0.744
73 82 0.019
73 83 0.534
73 84 0.530
73 85 0.081
73 86 0.490
73 87 0.260
73 88 0.606
73 89 0.295
73 90 0.323
73 91 0.294
73 92 0.232
73 93 0.286
73 94 0.582
73 95 0.442
73 96 0.400
73 97 0.339
73 98 0.817
73 99 0.633
74 75 0.409
74 76 0.427
74 77 0.783
74 78 0.575
74 79 0.180
74 80 0.536
74 81 0.515
74 82 0.285
74 83 0.255
74 84 0.271
74 85 0.201
74 86 0.636
74 87 0.509
74 88 0.327
74 89 0.211
74 90 0.559
74 91 0.551
74 92 0.315
74 93 0.564
74 94 0.861
74 95 0.718
74 96 0.165
74 97 0.619
74 98 0.537
74 99 0.357
75 76 0.836
75 77 1.186
75 78 0.972
75 79 0.589
75 80 0.270
75 81 0.456
75 82 0.691
75 83 0.188
75 84 0.292
75 85 0.608
75 86 1.006
75 87 0.881
75 88 0.109
75 89 0.551
75 90 0.966
75 91 0.925
75 92 0.699
75 93 0.960
75 94 1.264
75 95 1.125
75 96 0.381
75 97 1.021
75 98 0.176
75 99 0.053
76 77 0.385
76 78 0.226
76 79 0.247
76 80 0.934
76 81 0.819
76 82 0.161
76 83 0.671
76 84 0.642
76 85 0.234
76 86 0.345
76 87 0.291
76 88 0.748
76 89 0.355
76 90 0.146
76 91 0.301
76 92 0.216
76 93 0.222
76 94 0.460
76 95 0.305
76 96 0.507
76 97 0.236
76 98 0.954
76 99 0.784
77 78 0.218
77 79 0.608
77 80 1.234
77 81 1.204
77 82 0.498
77 83 1.037
77 84 1.022
77 85 0.583
77 86 0.560
77 87 0.354
77 88 1.110
77 89 0.741
77 90 0.335
77 91 0.314
77 92 0.597
77 93 0.230
77 94 0.078
77 95 0.094
77 96 0.887
77 97 0.165
77 98 1.320
77 99 1.136
78 79 0.405
78 80 1.016
78 81 1.026
78 82 0.294
78 83 0.829
78 84 0.825
78 85 0.377
78 86 0.518
78 87 0.156
78 88 0.900
78 89 0.562
78 90 0.266
78 91 0.130
78 92 0.438
78 93 0.012
78 94 0.295
78 95 0.185
78 96 0.692
78 97 0.064
78 98 1.111
78 99 0.923
79 80 0.697
79 81 0.633
79 82 0.112
79 83 0.430
79 84 0.419
79 85 0.036
79 86 0.496
79 87 0.369
79 88 0.505
79 89 0.195
79 90 0.383
79 91 0.405
79 92 0.189
79 93 0.396
79 94 0.685
79 95 0.539
79 96 0.288
79 97 0.444
79 98 0.714
79 99 0.538
80 81 0.725
80 82 0.775
80 83 0.414
80 84 0.533
80 85 0.702
80 86 1.172
80 87 0.893
80 88 0.358
80 89 0.728
80 90 1.077
80 91 0.938
80 92 0.851
80 93 1.003
80 94 1.309
80 95 1.190
80 96 0.582
80 97 1.074
80 98 0.405
80 99 0.295
81 82 0.741
81 83 0.354
81 84 0.258
81 85 0.667
81 86 0.819
81 87 1.001
81 88 0.375
81 89 0.465
81 90 0.898
81 91 1.037
81 92 0.610
81 93 1.018
81 94 1.278
81 95 1.120
81 96 0.354
81 97 1.052
81 98 0.386
81 99 0.434
82 83 0.539
82 84 0.531
82 85 0.085
82 86 0.471
82 87 0.268
82 88 0.612
82 89 0.287
82 90 0.307
82 91 0.299
82 92 0.216
82 93 0.284
82 94 0.576
82 95 0.433
82 96 0.399
82 97 0.334
82 98 0.822
82 99 0.641
83 84 0.120
83 85 0.454
83 86 0.820
83 87 0.759
83 88 0.082
83 89 0.366
83 90 0.794
83 91 0.802
83 92 0.517
83 93 0.819
83 94 1.115
83 95 0.969
83 96 0.194
83 97 0.873
83 98 0.284
83 99 0.137
84 85 0.450
84 86 0.743
84 87 0.776
84 88 0.183
84 89 0.303
84 90 0.750
84 91 0.816
84 92 0.462
84 93 0.815
84 94 1.099
84 95 0.947
84 96 0.135
84 97 0.861
84 98 0.334
84 99 0.247
85 86 0.506
85 87 0.334
85 88 0.527
85 89 0.231
85 90 0.375
85 91 0.370
85 92 0.210
85 93 0.367
85 94 0.661
85 95 0.517
85 96 0.320
85 97 0.418
85 98 0.737
85 99 0.557
86 87 0.628
86 88 0.902
86 89 0.455
86 90 0.253
86 91 0.628
86 92 0.321
86 93 0.521
86 94 0.608
86 95 0.468
86 96 0.627
86 97 0.490
86 98 1.077
86 99 0.954
87 88 0.821
87 89 0.555
87 90 0.387
87 91 0.045
87 92 0.467
87 93 0.145
87 94 0.424
87 95 0.339
87 96 0.651
87 97 0.219
87 98 1.033
87 99 0.835
88 89 0.448
88 90 0.873
88 91 0.865
88 92 0.599
88 93 0.889
88 94 1.188
88 95 1.044
88 96 0.275
88 97 0.945
88 98 0.212
88 99 0.065
89 90 0.450
89 91 0.586
89 92 0.159
89 93 0.555
89 94 0.815
89 95 0.659
89 96 0.174
89 97 0.587
89 98 0.633
89 99 0.499
90 91 0.381
90 92 0.292
90 93 0.269
90 94 0.398
90 95 0.242
90 96 0.617
90 97 0.238
90 98 1.073
90 99 0.913
91 92 0.490
91 93 0.121
91 94 0.382
91 95 0.306
91 96 0.689
91 97 0.190
91 98 1.077
91 99 0.879
92 93 0.433
92 94 0.669
92 95 0.511
92 96 0.331
92 97 0.452
92 98 0.790
92 99 0.646
93 94 0.307
93 95 0.197
93 96 0.683
93 97 0.076
93 98 1.101
93 99 0.911
94 95 0.159
94 96 0.964
94 97 0.243
94 98 1.398
94 99 1.214
95 96 0.811
95 97 0.122
95 98 1.253
95 99 1.074
96 97 0.726
96 98 0.459
96 99 0.330
97 98 1.156
97 99 0.971
98 99 0.206
