nodei nodej distance
0 1 0.399
0 2 0.529
0 3 0.798
0 4 1.608
0 5 3.629
0 6 4.895
0 7 3.742
0 8 3.308
0 9 5.508
0 10 4.195
0 11 4.154
0 12 4.577
0 13 5.185
0 14 2.940
0 15 3.693
0 16 3.201
0 17 4.532
0 18 5.084
0 19 3.596
0 20 4.521
0 21 2.768
0 22 3.648
0 23 5.475
0 24 5.047
0 25 2.952
0 26 5.669
0 27 5.265
0 28 4.344
0 29 4.259
0 30 4.646
0 31 4.938
0 32 4.125
0 33 4.655
0 34 4.940
0 35 3.933
0 36 4.279
0 37 3.346
0 38 5.218
0 39 5.226
0 40 4.901
0 41 3.326
0 42 4.172
0 43 3.477
0 44 4.665
0 45 5.149
0 46 5.651
0 47 4.670
0 48 3.275
0 49 3.887
0 50 3.043
0 51 5.389
0 52 6.589
0 53 4.699
0 54 5.495
0 55 3.911
0 56 4.720
0 57 4.191
0 58 4.543
0 59 5.978
0 60 3.559
0 61 3.659
0 62 3.931
0 63 4.672
0 64 3.383
0 65 3.543
0 66 5.380
0 67 4.645
0 68 5.121
0 69 3.664
0 70 4.713
0 71 5.129
0 72 5.196
0 73 4.425
0 74 4.329
0 75 3.781
0 76 3.962
0 77 2.984
0 78 3.895
0 79 4.647
0 80 4.654
0 81 5.887
0 82 5.026
0 83 5.215
0 84 4.537
0 85 4.924
0 86 5.054
0 87 4.816
0 88 5.098
0 89 4.784
0 90 5.288
0 91 4.632
0 92 4.627
0 93 5.556
0 94 4.532
0 95 3.537
0 96 4.009
0 97 5.802
0 98 2.998
0 99 4.106
1 2 0.156
1 3 0.410
1 4 1.209
1 5 4.006
1 6 5.283
1 7 4.123
1 8 3.702
1 9 5.898
1 10 4.573
1 11 4.534
1 12 4.969
1 13 5.579
1 14 3.315
1 15 4.078
1 16 3.571
1 17 4.922
1 18 5.476
1 19 3.980
1 20 4.910
1 21 3.133
1 22 4.037
1 23 5.865
1 24 5.439
1 25 3.328
1 26 6.060
1 27 5.650
1 28 4.729
1 29 4.656
1 30 5.037
1 31 5.328
1 32 4.494
1 33 5.035
1 34 5.335
1 35 4.321
1 36 4.655
1 37 3.697
1 38 5.608
1 39 5.617
1 40 5.287
1 41 3.704
1 42 4.558
1 43 3.861
1 44 5.057
1 45 5.538
1 46 6.040
1 47 5.061
1 48 3.655
1 49 4.271
1 50 3.411
1 51 5.778
1 52 6.986
1 53 5.088
1 54 5.881
1 55 4.298
1 56 5.105
1 57 4.571
1 58 4.933
1 59 6.367
1 60 3.942
1 61 4.047
1 62 4.317
1 63 5.060
1 64 3.765
1 65 3.900
1 66 5.776
1 67 5.043
1 68 5.509
1 69 4.039
1 70 5.103
1 71 5.523
1 72 5.587
1 73 4.813
1 74 4.715
1 75 4.156
1 76 4.339
1 77 3.341
1 78 4.279
1 79 5.030
1 80 5.040
1 81 6.276
1 82 5.419
1 83 5.610
1 84 4.921
1 85 5.314
1 86 5.435
1 87 5.208
1 88 5.482
1 89 5.171
1 90 5.681
1 91 5.025
1 92 5.018
1 93 5.952
1 94 4.920
1 95 3.898
1 96 4.397
1 97 6.196
1 98 3.368
1 99 4.485
2 3 0.353
2 4 1.088
2 5 4.152
2 6 5.423
2 7 4.267
2 8 3.837
2 9 6.037
2 10 4.718
2 11 4.678
2 12 5.106
2 13 5.714
2 14 3.461
2 15 4.220
2 16 3.719
2 17 5.061
2 18 5.613
2 19 4.123
2 20 5.049
2 21 3.282
2 22 4.177
2 23 6.004
2 24 5.576
2 25 3.474
2 26 6.198
2 27 5.792
2 28 4.871
2 29 4.788
2 30 5.175
2 31 5.467
2 32 4.643
2 33 5.180
2 34 5.469
2 35 4.462
2 36 4.802
2 37 3.849
2 38 5.747
2 39 5.755
2 40 5.429
2 41 3.849
2 42 4.699
2 43 4.004
2 44 5.195
2 45 5.678
2 46 6.180
2 47 5.199
2 48 3.799
2 49 4.414
2 50 3.560
2 51 5.918
2 52 7.118
2 53 5.227
2 54 6.023
2 55 4.439
2 56 5.247
2 57 4.716
2 58 5.072
2 59 6.507
2 60 4.085
2 61 4.187
2 62 4.458
2 63 5.200
2 64 3.909
2 65 4.051
2 66 5.909
2 67 5.172
2 68 5.649
2 69 4.185
2 70 5.242
2 71 5.658
2 72 5.726
2 73 4.953
2 74 4.857
2 75 4.302
2 76 4.485
2 77 3.493
2 78 4.422
2 79 5.174
2 80 5.181
2 81 6.416
2 82 5.556
2 83 5.744
2 84 5.064
2 85 5.453
2 86 5.579
2 87 5.345
2 88 5.625
2 89 5.312
2 90 5.817
2 91 5.161
2 92 5.156
2 93 6.084
2 94 5.060
2 95 4.049
2 96 4.538
2 97 6.331
2 98 3.516
2 99 4.630
3 4 0.842
3 5 4.340
3 6 5.637
3 7 4.463
3 8 4.070
3 9 6.253
3 10 4.907
3 11 4.871
3 12 5.330
3 13 5.943
3 14 3.647
3 15 4.425
3 16 3.894
3 17 5.278
3 18 5.838
3 19 4.327
3 20 5.266
3 21 3.451
3 22 4.394
3 23 6.221
3 24 5.801
3 25 3.663
3 26 6.418
3 27 5.996
3 28 5.074
3 29 5.030
3 30 5.394
3 31 5.683
3 32 4.814
3 33 5.371
3 34 5.702
3 35 4.675
3 36 4.987
3 37 3.993
3 38 5.963
3 39 5.974
3 40 5.636
3 41 4.040
3 42 4.905
3 43 4.206
3 44 5.419
3 45 5.892
3 46 6.392
3 47 5.418
3 48 3.995
3 49 4.617
3 50 3.733
3 51 6.132
3 52 7.357
3 53 5.442
3 54 6.229
3 55 4.649
3 56 5.450
3 57 4.908
3 58 5.290
3 59 6.721
3 60 4.287
3 61 4.399
3 62 4.667
3 63 5.410
3 64 4.109
3 65 4.204
3 66 6.146
3 67 5.421
3 68 5.863
3 69 4.370
3 70 5.460
3 71 5.889
3 72 5.945
3 73 5.165
3 74 5.063
3 75 4.486
3 76 4.672
3 77 3.648
3 78 4.624
3 79 5.373
3 80 5.389
3 81 6.630
3 82 5.780
3 83 5.977
3 84 5.266
3 85 5.670
3 86 5.772
3 87 5.570
3 88 5.824
3 89 5.521
3 90 6.043
3 91 5.387
3 92 5.377
3 93 6.324
3 94 5.273
3 95 4.209
3 96 4.749
3 97 6.560
3 98 3.693
3 99 4.820
4 5 5.181
4 6 6.478
4 7 5.304
4 8 4.906
4 9 7.094
4 10 5.749
4 11 5.713
4 12 6.169
4 13 6.781
4 14 4.488
4 15 5.266
4 16 4.733
4 17 6.119
4 18 6.677
4 19 5.169
4 20 6.106
4 21 4.290
4 22 5.234
4 23 7.062
4 24 6.640
4 25 4.504
4 26 7.258
4 27 6.837
4 28 5.916
4 29 5.863
4 30 6.234
4 31 6.524
4 32 5.653
4 33 6.212
4 34 6.539
4 35 5.515
4 36 5.828
4 37 4.824
4 38 6.804
4 39 6.814
4 40 6.477
4 41 4.881
4 42 5.747
4 43 5.047
4 44 6.258
4 45 6.733
4 46 7.233
4 47 6.258
4 48 4.837
4 49 5.459
4 50 4.572
4 51 6.972
4 52 8.192
4 53 6.283
4 54 7.071
4 55 5.490
4 56 6.291
4 57 5.750
4 58 6.130
4 59 7.562
4 60 5.129
4 61 5.239
4 62 5.508
4 63 6.252
4 64 4.950
4 65 5.038
4 66 6.982
4 67 6.251
4 68 6.703
4 69 5.210
4 70 6.301
4 71 6.726
4 72 6.785
4 73 6.006
4 74 5.904
4 75 5.326
4 76 5.513
4 77 4.483
4 78 5.465
4 79 6.214
4 80 6.230
4 81 7.471
4 82 6.619
4 83 6.814
4 84 6.107
4 85 6.510
4 86 6.614
4 87 6.409
4 88 6.665
4 89 6.363
4 90 6.882
4 91 6.226
4 92 6.217
4 93 7.159
4 94 6.114
4 95 5.045
4 96 5.590
4 97 7.398
4 98 4.533
4 99 5.661
5 6 1.354
5 7 0.160
5 8 0.717
5 9 1.962
5 10 0.567
5 11 0.534
5 12 1.140
5 13 1.738
5 14 0.694
5 15 0.257
5 16 0.474
5 17 1.041
5 18 1.613
5 19 0.235
5 20 1.020
5 21 0.912
5 22 0.428
5 23 1.935
5 24 1.573
5 25 0.678
5 26 2.141
5 27 1.669
5 28 0.764
5 29 1.110
5 30 1.155
5 31 1.413
5 32 0.543
5 33 1.031
5 34 1.547
5 35 0.497
5 36 0.650
5 37 0.666
5 38 1.682
5 39 1.708
5 40 1.325
5 41 0.304
5 42 0.622
5 43 0.245
5 44 1.216
5 45 1.605
5 46 2.083
5 47 1.179
5 48 0.364
5 49 0.357
5 50 0.630
5 51 1.836
5 52 3.160
5 53 1.176
5 54 1.908
5 55 0.445
5 56 1.128
5 57 0.570
5 58 1.052
5 59 2.417
5 60 0.211
5 61 0.345
5 62 0.442
5 63 1.118
5 64 0.292
5 65 0.497
5 66 1.994
5 67 1.479
5 68 1.571
5 69 0.063
5 70 1.214
5 71 1.702
5 72 1.681
5 73 0.894
5 74 0.767
5 75 0.163
5 76 0.333
5 77 0.794
5 78 0.348
5 79 1.042
5 80 1.086
5 81 2.328
5 82 1.555
5 83 1.800
5 84 0.945
5 85 1.400
5 86 1.433
5 87 1.358
5 88 1.490
5 89 1.221
5 90 1.813
5 91 1.203
5 92 1.159
5 93 2.179
5 94 1.005
5 95 0.400
5 96 0.538
5 97 2.322
5 98 0.658
5 99 0.480
6 7 1.207
6 8 1.612
6 9 0.617
6 10 0.841
6 11 0.840
6 12 0.374
6 13 0.436
6 14 2.024
6 15 1.217
6 16 1.828
6 17 0.368
6 18 0.305
6 19 1.315
6 20 0.376
6 21 2.260
6 22 1.247
6 23 0.587
6 24 0.272
6 25 2.000
6 26 0.790
6 27 0.420
6 28 0.591
6 29 0.835
6 30 0.265
6 31 0.073
6 32 1.088
6 33 0.489
6 34 0.396
6 35 0.962
6 36 0.812
6 37 1.934
6 38 0.330
6 39 0.355
6 40 0.126
6 41 1.630
6 42 0.741
6 43 1.439
6 44 0.301
6 45 0.256
6 46 0.757
6 47 0.245
6 48 1.659
6 49 1.030
6 50 1.983
6 51 0.495
6 52 1.811
6 53 0.197
6 54 0.613
6 55 0.989
6 56 0.278
6 57 0.812
6 58 0.358
6 59 1.084
6 60 1.358
6 61 1.238
6 62 0.972
6 63 0.236
6 64 1.538
6 65 1.707
6 66 0.715
6 67 0.749
6 68 0.226
6 69 1.346
6 70 0.201
6 71 0.434
6 72 0.329
6 73 0.473
6 74 0.588
6 75 1.248
6 76 1.060
6 77 2.144
6 78 1.027
6 79 0.377
6 80 0.272
6 81 0.993
6 82 0.261
6 83 0.523
6 84 0.426
6 85 0.065
6 86 0.418
6 87 0.228
6 88 0.345
6 89 0.143
6 90 0.478
6 91 0.348
6 92 0.303
6 93 0.886
6 94 0.364
6 95 1.644
6 96 0.888
6 97 0.970
6 98 2.006
6 99 0.904
7 8 0.696
7 9 1.819
7 10 0.459
7 11 0.412
7 12 0.982
7 13 1.583
7 14 0.822
7 15 0.147
7 16 0.625
7 17 0.885
7 18 1.459
7 19 0.192
7 20 0.865
7 21 1.054
7 22 0.334
7 23 1.791
7 24 1.420
7 25 0.802
7 26 1.996
7 27 1.536
7 28 0.620
7 29 0.958
7 30 1.000
7 31 1.264
7 32 0.515
7 33 0.913
7 34 1.389
7 35 0.340
7 36 0.552
7 37 0.822
7 38 1.536
7 39 1.559
7 40 1.185
7 41 0.427
7 42 0.469
7 43 0.278
7 44 1.059
7 45 1.460
7 46 1.944
7 47 1.025
7 48 0.468
7 49 0.197
7 50 0.777
7 51 1.693
7 52 3.009
7 53 1.025
7 54 1.773
7 55 0.287
7 56 0.991
7 57 0.450
7 58 0.897
7 59 2.278
7 60 0.204
7 61 0.250
7 62 0.283
7 63 0.972
7 64 0.363
7 65 0.641
7 66 1.837
7 67 1.321
7 68 1.427
7 69 0.185
7 70 1.060
7 71 1.546
7 72 1.532
7 73 0.742
7 74 0.619
7 75 0.182
7 76 0.251
7 77 0.950
7 78 0.189
7 79 0.911
7 80 0.942
7 81 2.188
7 82 1.401
7 83 1.643
7 84 0.807
7 85 1.251
7 86 1.312
7 87 1.202
7 88 1.361
7 89 1.077
7 90 1.661
7 91 1.045
7 92 1.003
7 93 2.022
7 94 0.853
7 95 0.547
7 96 0.378
7 97 2.172
7 98 0.799
7 99 0.368
8 9 2.215
8 10 1.098
8 11 1.030
8 12 1.274
8 13 1.877
8 14 0.749
8 15 0.562
8 16 0.803
8 17 1.244
8 18 1.779
8 19 0.506
8 20 1.237
8 21 1.001
8 22 0.414
8 23 2.180
8 24 1.742
8 25 0.708
8 26 2.368
8 27 2.010
8 28 1.128
8 29 0.968
8 30 1.354
8 31 1.647
8 32 1.211
8 33 1.487
8 34 1.633
8 35 0.691
8 36 1.198
8 37 1.187
8 38 1.925
8 39 1.928
8 40 1.640
8 41 0.600
8 42 0.951
8 43 0.476
8 44 1.363
8 45 1.861
8 46 2.365
8 47 1.377
8 48 0.530
8 49 0.720
8 50 0.848
8 51 2.100
8 52 3.287
8 53 1.416
8 54 2.225
8 55 0.691
8 56 1.485
8 57 1.066
8 58 1.255
8 59 2.684
8 60 0.512
8 61 0.473
8 62 0.719
8 63 1.407
8 64 0.477
8 65 1.123
8 66 2.076
8 67 1.371
8 68 1.836
8 69 0.780
8 70 1.421
8 71 1.821
8 72 1.898
8 73 1.162
8 74 1.098
8 75 0.855
8 76 0.937
8 77 1.071
8 78 0.740
8 79 1.434
8 80 1.399
8 81 2.593
8 82 1.722
8 83 1.908
8 84 1.314
8 85 1.634
8 86 1.849
8 87 1.512
8 88 1.864
8 89 1.519
8 90 1.981
8 91 1.327
8 92 1.329
8 93 2.255
8 94 1.258
8 95 1.028
8 96 0.767
8 97 2.494
8 98 0.820
8 99 1.013
9 10 1.425
9 11 1.436
9 12 0.943
9 13 0.428
9 14 2.639
9 15 1.834
9 16 2.436
9 17 0.977
9 18 0.465
9 19 1.932
9 20 0.988
9 21 2.872
9 22 1.861
9 23 0.039
9 24 0.494
9 25 2.616
9 26 0.188
9 27 0.367
9 28 1.199
9 29 1.352
9 30 0.863
9 31 0.571
9 32 1.636
9 33 0.996
9 34 0.670
9 35 1.578
9 36 1.377
9 37 2.513
9 38 0.290
9 39 0.291
9 40 0.639
9 41 2.244
9 42 1.356
9 43 2.055
9 44 0.856
9 45 0.361
9 46 0.166
9 47 0.839
9 48 2.275
9 49 1.646
9 50 2.592
9 51 0.127
9 52 1.239
9 53 0.811
9 54 0.202
9 55 1.606
9 56 0.841
9 57 1.405
9 58 0.965
9 59 0.470
9 60 1.975
9 61 1.855
9 62 1.589
9 63 0.848
9 64 2.155
9 65 2.281
9 66 0.507
9 67 1.104
9 68 0.393
9 69 1.950
9 70 0.796
9 71 0.499
9 72 0.320
9 73 1.090
9 74 1.201
9 75 1.846
9 76 1.655
9 77 2.746
9 78 1.642
9 79 0.934
9 80 0.877
9 81 0.379
9 82 0.513
9 83 0.475
9 84 1.018
9 85 0.584
9 86 0.657
9 87 0.712
9 88 0.545
9 89 0.741
9 90 0.313
9 91 0.895
9 92 0.886
9 93 0.560
9 94 0.981
9 95 2.227
9 96 1.504
9 97 0.417
9 98 2.618
9 99 1.498
10 11 0.077
10 12 0.740
10 13 1.261
10 14 1.261
10 15 0.549
10 16 1.027
10 17 0.610
10 18 1.130
10 19 0.634
10 20 0.584
10 21 1.471
10 22 0.687
10 23 1.402
10 24 1.091
10 25 1.245
10 26 1.610
10 27 1.112
10 28 0.283
10 29 0.938
10 30 0.703
10 31 0.909
10 32 0.292
10 33 0.464
10 34 1.118
10 35 0.459
10 36 0.100
10 37 1.094
10 38 1.158
10 39 1.193
10 40 0.788
10 41 0.869
10 42 0.281
10 43 0.736
10 44 0.791
10 45 1.078
10 46 1.535
10 47 0.724
10 48 0.921
10 49 0.379
10 50 1.188
10 51 1.298
10 52 2.648
10 53 0.693
10 54 1.353
10 55 0.432
10 56 0.585
10 57 0.058
10 58 0.619
10 59 1.868
10 60 0.658
10 61 0.627
10 62 0.402
10 63 0.613
10 64 0.822
10 65 0.866
10 66 1.534
10 67 1.194
10 68 1.043
10 69 0.541
10 70 0.747
10 71 1.240
10 72 1.168
10 73 0.453
10 74 0.319
10 75 0.428
10 76 0.237
10 77 1.325
10 78 0.358
10 79 0.492
10 80 0.570
10 81 1.781
10 82 1.075
10 83 1.336
10 84 0.415
10 85 0.897
10 86 0.867
10 87 0.907
10 88 0.929
10 89 0.700
10 90 1.318
10 91 0.796
10 92 0.728
10 93 1.714
10 94 0.545
10 95 0.804
10 96 0.408
10 97 1.807
10 98 1.221
10 99 0.091
11 12 0.704
11 13 1.249
11 14 1.226
11 15 0.488
11 16 1.004
11 17 0.579
11 18 1.119
11 19 0.577
11 20 0.554
11 21 1.445
11 22 0.617
11 23 1.411
11 24 1.080
11 25 1.209
11 26 1.618
11 27 1.135
11 28 0.258
11 29 0.873
11 30 0.679
11 31 0.904
11 32 0.348
11 33 0.502
11 34 1.093
11 35 0.383
11 36 0.173
11 37 1.098
11 38 1.163
11 39 1.194
11 40 0.797
11 41 0.832
11 42 0.215
11 43 0.684
11 44 0.762
11 45 1.084
11 46 1.552
11 47 0.702
11 48 0.879
11 49 0.310
11 50 1.162
11 51 1.309
11 52 2.650
11 53 0.679
11 54 1.374
11 55 0.357
11 56 0.597
11 57 0.038
11 58 0.589
11 59 1.886
11 60 0.605
11 61 0.560
11 62 0.327
11 63 0.606
11 64 0.774
11 65 0.875
11 66 1.519
11 67 1.144
11 68 1.049
11 69 0.516
11 70 0.729
11 71 1.224
11 72 1.168
11 73 0.421
11 74 0.283
11 75 0.410
11 76 0.221
11 77 1.310
11 78 0.291
11 79 0.509
11 80 0.567
11 81 1.798
11 82 1.063
11 83 1.321
11 84 0.418
11 85 0.892
11 86 0.901
11 87 0.886
11 88 0.956
11 89 0.701
11 90 1.312
11 91 0.763
11 92 0.700
11 93 1.700
11 94 0.521
11 95 0.806
11 96 0.331
11 97 1.809
11 98 1.192
11 99 0.066
12 13 0.618
12 14 1.764
12 15 0.955
12 16 1.604
12 17 0.135
12 18 0.508
12 19 1.048
12 20 0.162
12 21 2.015
12 22 0.942
12 23 0.908
12 24 0.470
12 25 1.736
12 26 1.094
12 27 0.794
12 28 0.457
12 29 0.466
12 30 0.125
12 31 0.388
12 32 1.028
12 33 0.609
12 34 0.407
12 35 0.680
12 36 0.757
12 37 1.777
12 38 0.656
12 39 0.654
12 40 0.455
12 41 1.383
12 42 0.528
12 43 1.172
12 44 0.089
12 45 0.599
12 46 1.098
12 47 0.136
12 48 1.398
12 49 0.787
12 50 1.748
12 51 0.833
12 52 2.050
12 53 0.213
12 54 0.976
12 55 0.719
12 56 0.427
12 57 0.691
12 58 0.130
12 59 1.412
12 60 1.096
12 61 0.951
12 62 0.711
12 63 0.284
12 64 1.272
12 65 1.564
12 66 0.858
12 67 0.496
12 68 0.579
12 69 1.149
12 70 0.175
12 71 0.572
12 72 0.625
12 73 0.286
12 74 0.422
12 75 1.071
12 76 0.905
12 77 1.932
12 78 0.793
12 79 0.472
12 80 0.324
12 81 1.321
12 82 0.450
12 83 0.668
12 84 0.415
12 85 0.375
12 86 0.746
12 87 0.239
12 88 0.702
12 89 0.351
12 90 0.713
12 91 0.063
12 92 0.073
12 93 1.043
12 94 0.216
12 95 1.486
12 96 0.616
12 97 1.231
12 98 1.763
12 99 0.768
13 14 2.380
13 15 1.568
13 16 2.208
13 17 0.698
13 18 0.132
13 19 1.664
13 20 0.718
13 21 2.628
13 22 1.560
13 23 0.389
13 24 0.169
13 25 2.353
13 26 0.520
13 27 0.545
13 28 0.992
13 29 0.960
13 30 0.583
13 31 0.363
13 32 1.519
13 33 0.922
13 34 0.257
13 35 1.296
13 36 1.241
13 37 2.347
13 38 0.269
13 39 0.209
13 40 0.536
13 41 1.995
13 42 1.116
13 43 1.787
13 44 0.532
13 45 0.309
13 46 0.593
13 47 0.558
13 48 2.013
13 49 1.393
13 50 2.357
13 51 0.378
13 52 1.432
13 53 0.570
13 54 0.567
13 55 1.333
13 56 0.714
13 57 1.225
13 58 0.686
13 59 0.852
13 60 1.710
13 61 1.569
13 62 1.323
13 63 0.649
13 64 1.888
13 65 2.123
13 66 0.279
13 67 0.679
13 68 0.335
13 69 1.738
13 70 0.525
13 71 0.071
13 72 0.201
13 73 0.844
13 74 0.977
13 75 1.648
13 76 1.467
13 77 2.532
13 78 1.396
13 79 0.812
13 80 0.694
13 81 0.765
13 82 0.186
13 83 0.095
13 84 0.850
13 85 0.373
13 86 0.740
13 87 0.383
13 88 0.623
13 89 0.577
13 90 0.118
13 91 0.559
13 92 0.583
13 93 0.453
13 94 0.735
13 95 2.055
13 96 1.229
13 97 0.617
13 98 2.374
13 99 1.315
14 15 0.812
14 16 0.283
14 17 1.685
14 18 2.261
14 19 0.716
14 20 1.668
14 21 0.264
14 22 0.846
14 23 2.610
14 24 2.222
14 25 0.041
14 26 2.814
14 27 2.358
14 28 1.442
14 29 1.601
14 30 1.802
14 31 2.078
14 32 1.190
14 33 1.724
14 34 2.166
14 35 1.085
14 36 1.341
14 37 0.618
14 38 2.354
14 39 2.374
14 40 2.007
14 41 0.396
14 42 1.283
14 43 0.593
14 44 1.848
14 45 2.278
14 46 2.766
14 47 1.827
14 48 0.367
14 49 0.994
14 50 0.170
14 51 2.514
14 52 3.812
14 53 1.836
14 54 2.595
14 55 1.047
14 56 1.813
14 57 1.263
14 58 1.697
14 59 3.099
14 60 0.670
14 61 0.817
14 62 1.058
14 63 1.790
14 64 0.493
14 65 0.704
14 66 2.620
14 67 2.005
14 68 2.246
14 69 0.724
14 70 1.866
14 71 2.337
14 72 2.346
14 73 1.553
14 74 1.437
14 75 0.841
14 76 1.025
14 77 0.349
14 78 0.996
14 79 1.732
14 80 1.763
14 81 3.010
14 82 2.202
14 83 2.432
14 84 1.630
14 85 2.064
14 86 2.126
14 87 1.997
14 88 2.181
14 89 1.898
14 90 2.466
14 91 1.826
14 92 1.797
14 93 2.805
14 94 1.664
14 95 0.656
14 96 1.151
14 97 2.982
14 98 0.111
14 99 1.174
15 16 0.660
15 17 0.874
15 18 1.449
15 19 0.098
15 20 0.857
15 21 1.060
15 22 0.187
15 23 1.804
15 24 1.410
15 25 0.786
15 26 2.006
15 27 1.572
15 28 0.651
15 29 0.865
15 30 0.991
15 31 1.269
15 32 0.652
15 33 0.978
15 34 1.359
15 35 0.277
15 36 0.648
15 37 0.914
15 38 1.547
15 39 1.564
15 40 1.211
15 41 0.430
15 42 0.480
15 43 0.221
15 44 1.037
15 45 1.473
15 46 1.968
15 47 1.016
15 48 0.445
15 49 0.194
15 50 0.797
15 51 1.711
15 52 3.000
15 53 1.027
15 54 1.804
15 55 0.235
15 56 1.027
15 57 0.526
15 58 0.885
15 59 2.299
15 60 0.142
15 61 0.103
15 62 0.247
15 63 0.987
15 64 0.321
15 65 0.754
15 66 1.812
15 67 1.246
15 68 1.442
15 69 0.305
15 70 1.055
15 71 1.526
15 72 1.536
15 73 0.744
15 74 0.638
15 75 0.328
15 76 0.375
15 77 0.991
15 78 0.204
15 79 0.956
15 80 0.964
15 81 2.209
15 82 1.391
15 83 1.622
15 84 0.844
15 85 1.256
15 86 1.367
15 87 1.185
15 88 1.406
15 89 1.097
15 90 1.654
15 91 1.016
15 92 0.986
15 93 1.997
15 94 0.855
15 95 0.657
15 96 0.339
15 97 2.170
15 98 0.809
15 99 0.460
16 17 1.510
16 18 2.085
16 19 0.578
16 20 1.491
16 21 0.445
16 22 0.753
16 23 2.409
16 24 2.045
16 25 0.292
16 26 2.616
16 27 2.137
16 28 1.238
16 29 1.511
16 30 1.625
16 31 1.887
16 32 0.924
16 33 1.490
16 34 2.011
16 35 0.935
16 36 1.099
16 37 0.397
16 38 2.157
16 39 2.182
16 40 1.798
16 41 0.244
16 42 1.094
16 43 0.471
16 44 1.683
16 45 2.079
16 46 2.556
16 47 1.650
16 48 0.283
16 49 0.817
16 50 0.161
16 51 2.310
16 52 3.633
16 53 1.649
16 54 2.378
16 55 0.889
16 56 1.600
16 57 1.038
16 58 1.522
16 59 2.889
16 60 0.528
16 61 0.699
16 62 0.894
16 63 1.593
16 64 0.389
16 65 0.428
16 66 2.461
16 67 1.902
16 68 2.046
16 69 0.488
16 70 1.686
16 71 2.171
16 72 2.155
16 73 1.367
16 74 1.241
16 75 0.599
16 76 0.790
16 77 0.331
16 78 0.813
16 79 1.512
16 80 1.560
16 81 2.801
16 82 2.026
16 83 2.268
16 84 1.418
16 85 1.874
16 86 1.892
16 87 1.827
16 88 1.956
16 89 1.696
16 90 2.286
16 91 1.666
16 92 1.627
16 93 2.646
16 94 1.478
16 95 0.373
16 96 0.990
16 97 2.796
16 98 0.204
16 99 0.945
17 18 0.576
17 19 0.970
17 20 0.027
17 21 1.931
17 22 0.885
17 23 0.944
17 24 0.537
17 25 1.659
17 26 1.140
17 27 0.777
17 28 0.327
17 29 0.536
17 30 0.117
17 31 0.406
17 32 0.896
17 33 0.488
17 34 0.516
17 35 0.607
17 36 0.623
17 37 1.664
17 38 0.686
17 39 0.696
17 40 0.413
17 41 1.298
17 42 0.420
17 43 1.094
17 44 0.183
17 45 0.619
17 46 1.123
17 47 0.142
17 48 1.319
17 49 0.696
17 50 1.659
17 51 0.858
17 52 2.127
17 53 0.173
17 54 0.982
17 55 0.640
17 56 0.330
17 57 0.563
17 58 0.012
17 59 1.446
17 60 1.016
17 61 0.883
17 62 0.627
17 63 0.196
17 64 1.194
17 65 1.447
17 66 0.954
17 67 0.627
17 68 0.592
17 69 1.044
17 70 0.182
17 71 0.662
17 72 0.667
17 73 0.158
17 74 0.296
17 75 0.960
17 76 0.787
17 77 1.835
17 78 0.698
17 79 0.355
17 80 0.221
17 81 1.355
17 82 0.517
17 83 0.759
17 84 0.284
17 85 0.392
17 86 0.681
17 87 0.318
17 88 0.657
17 89 0.294
17 90 0.781
17 91 0.187
17 92 0.121
17 93 1.139
17 94 0.083
17 95 1.373
17 96 0.536
17 97 1.297
17 98 1.677
17 99 0.644
18 19 1.545
18 20 0.595
18 21 2.507
18 22 1.449
18 23 0.427
18 24 0.040
18 25 2.235
18 26 0.594
18 27 0.485
18 28 0.863
18 29 0.888
18 30 0.460
18 31 0.233
18 32 1.387
18 33 0.794
18 34 0.215
18 35 1.180
18 36 1.110
18 37 2.217
18 38 0.225
18 39 0.185
18 40 0.411
18 41 1.874
18 42 0.991
18 43 1.669
18 44 0.420
18 45 0.229
18 46 0.630
18 47 0.435
18 48 1.894
18 49 1.271
18 50 2.234
18 51 0.382
18 52 1.551
18 53 0.441
18 54 0.562
18 55 1.215
18 56 0.583
18 57 1.095
18 58 0.565
18 59 0.920
18 60 1.592
18 61 1.454
18 62 1.203
18 63 0.517
18 64 1.770
18 65 1.993
18 66 0.410
18 67 0.655
18 68 0.244
18 69 1.612
18 70 0.399
18 71 0.135
18 72 0.161
18 73 0.718
18 74 0.849
18 75 1.520
18 76 1.338
18 77 2.407
18 78 1.273
18 79 0.681
18 80 0.563
18 81 0.831
18 82 0.059
18 83 0.217
18 84 0.719
18 85 0.242
18 86 0.638
18 87 0.269
18 88 0.528
18 89 0.446
18 90 0.206
18 91 0.452
18 92 0.465
18 93 0.585
18 94 0.608
18 95 1.926
18 96 1.111
18 97 0.724
18 98 2.253
18 99 1.185
19 20 0.954
19 21 0.967
19 22 0.199
19 23 1.902
19 24 1.506
19 25 0.689
19 26 2.104
19 27 1.670
19 28 0.748
19 29 0.935
19 30 1.087
19 31 1.367
19 32 0.707
19 33 1.071
19 34 1.451
19 35 0.369
19 36 0.730
19 37 0.860
19 38 1.645
19 39 1.662
19 40 1.309
19 41 0.341
19 42 0.578
19 43 0.124
19 44 1.132
19 45 1.571
19 46 2.066
19 47 1.112
19 48 0.349
19 49 0.291
19 50 0.708
19 51 1.809
19 52 3.096
19 53 1.125
19 54 1.902
19 55 0.331
19 56 1.124
19 57 0.615
19 58 0.982
19 59 2.397
19 60 0.050
19 61 0.126
19 62 0.344
19 63 1.085
19 64 0.224
19 65 0.719
19 66 1.905
19 67 1.324
19 68 1.540
19 69 0.295
19 70 1.151
19 71 1.621
19 72 1.633
19 73 0.842
19 74 0.736
19 75 0.351
19 76 0.441
19 77 0.909
19 78 0.300
19 79 1.052
19 80 1.062
19 81 2.307
19 82 1.487
19 83 1.716
19 84 0.941
19 85 1.353
19 86 1.463
19 87 1.281
19 88 1.502
19 89 1.195
19 90 1.750
19 91 1.110
19 92 1.081
19 93 2.090
19 94 0.953
19 95 0.620
19 96 0.435
19 97 2.267
19 98 0.717
19 99 0.543
20 21 1.913
20 22 0.873
20 23 0.955
20 24 0.555
20 25 1.643
20 26 1.153
20 27 0.779
20 28 0.301
20 29 0.551
20 30 0.135
20 31 0.418
20 32 0.870
20 33 0.467
20 34 0.540
20 35 0.592
20 36 0.597
20 37 1.641
20 38 0.698
20 39 0.710
20 40 0.412
20 41 1.280
20 42 0.398
20 43 1.078
20 44 0.208
20 45 0.629
20 46 1.132
20 47 0.160
20 48 1.302
20 49 0.677
20 50 1.640
20 51 0.868
20 52 2.145
20 53 0.179
20 54 0.988
20 55 0.624
20 56 0.317
20 57 0.538
20 58 0.035
20 59 1.457
20 60 0.999
20 61 0.869
20 62 0.610
20 63 0.189
20 64 1.178
20 65 1.423
20 66 0.976
20 67 0.653
20 68 0.601
20 69 1.022
20 70 0.198
20 71 0.683
20 72 0.681
20 73 0.133
20 74 0.271
20 75 0.937
20 76 0.763
20 77 1.814
20 78 0.679
20 79 0.336
20 80 0.208
20 81 1.366
20 82 0.536
20 83 0.780
20 84 0.260
20 85 0.404
20 86 0.673
20 87 0.339
20 88 0.654
20 89 0.292
20 90 0.798
20 91 0.213
20 92 0.146
20 93 1.161
20 94 0.060
20 95 1.349
20 96 0.520
20 97 1.313
20 98 1.659
20 99 0.619
21 22 1.107
21 23 2.844
21 24 2.468
21 25 0.301
21 26 3.050
21 27 2.580
21 28 1.673
21 29 1.865
21 30 2.047
21 31 2.317
21 32 1.363
21 33 1.935
21 34 2.419
21 35 1.336
21 36 1.544
21 37 0.626
21 38 2.590
21 39 2.613
21 40 2.236
21 41 0.633
21 42 1.521
21 43 0.846
21 44 2.097
21 45 2.514
21 46 2.995
21 47 2.072
21 48 0.620
21 49 1.236
21 50 0.284
21 51 2.746
21 52 4.058
21 53 2.077
21 54 2.819
21 55 1.296
21 56 2.039
21 57 1.480
21 58 1.942
21 59 3.329
21 60 0.919
21 61 1.074
21 62 1.305
21 63 2.026
21 64 0.747
21 65 0.787
21 66 2.872
21 67 2.268
21 68 2.481
21 69 0.931
21 70 2.110
21 71 2.587
21 72 2.585
21 73 1.793
21 74 1.673
21 75 1.044
21 76 1.234
21 77 0.255
21 78 1.235
21 79 1.954
21 80 1.995
21 81 3.240
21 82 2.448
21 83 2.682
21 84 1.857
21 85 2.304
21 86 2.337
21 87 2.245
21 88 2.400
21 89 2.131
21 90 2.711
21 91 2.077
21 92 2.045
21 93 3.058
21 94 1.905
21 95 0.770
21 96 1.399
21 97 3.224
21 98 0.255
21 99 1.388
22 23 1.828
22 24 1.410
22 25 0.813
22 26 2.024
22 27 1.627
22 28 0.724
22 29 0.762
22 30 1.000
22 31 1.290
22 32 0.828
22 33 1.077
22 34 1.333
22 35 0.290
22 36 0.787
22 37 1.056
22 38 1.570
22 39 1.581
22 40 1.259
22 41 0.509
22 42 0.546
22 43 0.283
22 44 1.029
22 45 1.501
22 46 2.003
22 47 1.025
22 48 0.493
22 49 0.308
22 50 0.868
22 51 1.741
22 52 2.990
22 53 1.051
22 54 1.851
22 55 0.280
22 56 1.090
22 57 0.653
22 58 0.896
22 59 2.330
22 60 0.241
22 61 0.085
22 62 0.307
22 63 1.027
22 64 0.369
22 65 0.917
22 66 1.787
22 67 1.162
22 68 1.472
22 69 0.482
22 70 1.067
22 71 1.511
22 72 1.552
22 73 0.779
22 74 0.698
22 75 0.515
22 76 0.547
22 77 1.079
22 78 0.329
22 79 1.032
22 80 1.013
22 81 2.239
22 82 1.390
22 83 1.604
22 84 0.914
22 85 1.277
22 86 1.448
22 87 1.180
22 88 1.472
22 89 1.140
22 90 1.654
22 91 1.001
22 92 0.985
22 93 1.971
22 94 0.884
22 95 0.819
22 96 0.367
22 97 2.172
22 98 0.867
22 99 0.603
23 24 0.455
23 25 2.586
23 26 0.208
23 27 0.361
23 28 1.172
23 29 1.313
23 30 0.829
23 31 0.538
23 32 1.617
23 33 0.977
23 34 0.630
23 35 1.547
23 36 1.356
23 37 2.491
23 38 0.258
23 39 0.254
23 40 0.614
23 41 2.216
23 42 1.327
23 43 2.025
23 44 0.820
23 45 0.331
23 46 0.205
23 47 0.805
23 48 2.246
23 49 1.616
23 50 2.565
23 51 0.107
23 52 1.256
23 53 0.779
23 54 0.223
23 55 1.575
23 56 0.817
23 57 1.380
23 58 0.932
23 59 0.504
23 60 1.945
23 61 1.823
23 62 1.558
23 63 0.819
23 64 2.125
23 65 2.260
23 66 0.478
23 67 1.065
23 68 0.364
23 69 1.924
23 70 0.762
23 71 0.460
23 72 0.284
23 73 1.060
23 74 1.173
23 75 1.821
23 76 1.630
23 77 2.720
23 78 1.613
23 79 0.911
23 80 0.849
23 81 0.413
23 82 0.475
23 83 0.437
23 84 0.993
23 85 0.552
23 86 0.649
23 87 0.675
23 88 0.534
23 89 0.714
23 90 0.275
23 91 0.859
23 92 0.851
23 93 0.541
23 94 0.949
23 95 2.205
23 96 1.473
23 97 0.427
23 98 2.590
23 99 1.473
24 25 2.195
24 26 0.628
24 27 0.485
24 28 0.824
24 29 0.858
24 30 0.420
24 31 0.199
24 32 1.350
24 33 0.761
24 34 0.204
24 35 1.141
24 36 1.072
24 37 2.178
24 38 0.238
24 39 0.207
24 40 0.382
24 41 1.835
24 42 0.951
24 43 1.630
24 44 0.382
24 45 0.229
24 46 0.657
24 47 0.395
24 48 1.855
24 49 1.232
24 50 2.195
24 51 0.403
24 52 1.590
24 53 0.402
24 54 0.579
24 55 1.176
24 56 0.549
24 57 1.056
24 58 0.525
24 59 0.953
24 60 1.552
24 61 1.416
24 62 1.164
24 63 0.479
24 64 1.731
24 65 1.954
24 66 0.446
24 67 0.640
24 68 0.238
24 69 1.572
24 70 0.359
24 71 0.163
24 72 0.180
24 73 0.679
24 74 0.810
24 75 1.481
24 76 1.299
24 77 2.367
24 78 1.234
24 79 0.646
24 80 0.525
24 81 0.863
24 82 0.021
24 83 0.251
24 84 0.681
24 85 0.207
24 86 0.622
24 87 0.231
24 88 0.515
24 89 0.410
24 90 0.245
24 91 0.415
24 92 0.426
24 93 0.623
24 94 0.568
24 95 1.886
24 96 1.072
24 97 0.762
24 98 2.214
24 99 1.146
25 26 2.790
25 27 2.338
25 28 1.420
25 29 1.566
25 30 1.776
25 31 2.054
25 32 1.184
25 33 1.708
25 34 2.137
25 35 1.057
25 36 1.327
25 37 0.644
25 38 2.330
25 39 2.349
25 40 1.985
25 41 0.377
25 42 1.259
25 43 0.565
25 44 1.820
25 45 2.255
25 46 2.745
25 47 1.801
25 48 0.341
25 49 0.970
25 50 0.198
25 51 2.491
25 52 3.785
25 53 1.812
25 54 2.575
25 55 1.020
25 56 1.793
25 57 1.246
25 58 1.671
25 59 3.077
25 60 0.644
25 61 0.787
25 62 1.032
25 63 1.767
25 64 0.465
25 65 0.718
25 66 2.591
25 67 1.971
25 68 2.223
25 69 0.712
25 70 1.840
25 71 2.309
25 72 2.321
25 73 1.528
25 74 1.414
25 75 0.829
25 76 1.011
25 77 0.388
25 78 0.973
25 79 1.713
25 80 1.740
25 81 2.988
25 82 2.176
25 83 2.404
25 84 1.609
25 85 2.040
25 86 2.110
25 87 1.970
25 88 2.163
25 89 1.875
25 90 2.440
25 91 1.798
25 92 1.770
25 93 2.776
25 94 1.640
25 95 0.665
25 96 1.124
25 97 2.956
25 98 0.143
25 99 1.158
26 27 0.550
26 28 1.378
26 29 1.476
26 30 1.024
26 31 0.737
26 32 1.823
26 33 1.184
26 34 0.776
26 35 1.746
26 36 1.564
26 37 2.699
26 38 0.460
26 39 0.444
26 40 0.822
26 41 2.420
26 42 1.531
26 43 2.228
26 44 1.005
26 45 0.537
26 46 0.186
26 47 1.000
26 48 2.449
26 49 1.819
26 50 2.771
26 51 0.313
26 52 1.050
26 53 0.979
26 54 0.349
26 55 1.776
26 56 1.025
26 57 1.587
26 58 1.128
26 59 0.332
26 60 2.147
26 61 2.022
26 62 1.760
26 63 1.024
26 64 2.327
26 65 2.468
26 66 0.494
26 67 1.191
26 68 0.570
26 69 2.131
26 70 0.958
26 71 0.589
26 72 0.473
26 73 1.262
26 74 1.378
26 75 2.029
26 76 1.838
26 77 2.928
26 78 1.817
26 79 1.120
26 80 1.056
26 81 0.248
26 82 0.648
26 83 0.535
26 84 1.200
26 85 0.751
26 86 0.842
26 87 0.856
26 88 0.732
26 89 0.920
26 90 0.403
26 91 1.041
26 92 1.042
26 93 0.482
26 94 1.151
26 95 2.413
26 96 1.673
26 97 0.241
26 98 2.795
26 99 1.681
27 28 0.922
27 29 1.252
27 30 0.682
27 31 0.417
27 32 1.296
27 33 0.659
27 34 0.688
27 35 1.338
27 36 1.052
27 37 2.183
27 38 0.276
27 39 0.337
27 40 0.370
27 41 1.962
27 42 1.093
27 43 1.790
27 44 0.718
27 45 0.256
27 46 0.432
27 47 0.663
27 48 2.002
27 49 1.379
27 50 2.297
27 51 0.261
27 52 1.596
27 53 0.605
27 54 0.242
27 55 1.356
27 56 0.546
27 57 1.100
27 58 0.767
27 59 0.761
27 60 1.708
27 61 1.608
27 62 1.335
27 63 0.603
27 64 1.887
27 65 1.950
27 66 0.759
27 67 1.112
27 68 0.251
27 69 1.649
27 70 0.621
27 71 0.596
27 72 0.345
27 73 0.850
27 74 0.936
27 75 1.540
27 76 1.348
27 77 2.436
27 78 1.372
27 79 0.626
27 80 0.615
27 81 0.677
27 82 0.495
27 83 0.633
27 84 0.730
27 85 0.427
27 86 0.292
27 87 0.613
27 88 0.188
27 89 0.491
27 90 0.486
27 91 0.764
27 92 0.723
27 93 0.871
27 94 0.752
27 95 1.902
27 96 1.261
27 97 0.784
27 98 2.327
27 99 1.192
28 29 0.716
28 30 0.422
28 31 0.653
28 32 0.571
28 33 0.365
28 34 0.837
28 35 0.438
28 36 0.305
28 37 1.354
28 38 0.919
28 39 0.946
28 40 0.565
28 41 1.046
28 42 0.178
28 43 0.868
28 44 0.508
28 45 0.841
28 46 1.325
28 47 0.445
28 48 1.082
28 49 0.457
28 50 1.393
28 51 1.073
28 52 2.401
28 53 0.422
28 54 1.156
28 55 0.445
28 56 0.376
28 57 0.238
28 58 0.336
28 59 1.658
28 60 0.787
28 61 0.693
28 62 0.420
28 63 0.356
28 64 0.965
28 65 1.132
28 66 1.261
28 67 0.925
28 68 0.808
28 69 0.755
28 70 0.471
28 71 0.966
28 72 0.919
28 73 0.171
28 74 0.053
28 75 0.658
28 76 0.474
28 77 1.553
28 78 0.450
28 79 0.309
28 80 0.322
28 81 1.568
28 82 0.807
28 83 1.064
28 84 0.193
28 85 0.640
28 86 0.724
28 87 0.628
28 88 0.755
28 89 0.458
28 90 1.058
28 91 0.513
28 92 0.445
28 93 1.443
28 94 0.264
28 95 1.062
28 96 0.361
28 97 1.561
28 98 1.419
28 99 0.323
29 30 0.588
29 31 0.837
29 32 1.220
29 33 1.006
29 34 0.704
29 35 0.620
29 36 1.000
29 37 1.776
29 38 1.080
29 39 1.063
29 40 0.920
29 41 1.269
29 42 0.658
29 43 1.041
29 44 0.534
29 45 1.037
29 46 1.515
29 47 0.601
29 48 1.255
29 49 0.775
29 50 1.630
29 51 1.256
29 52 2.330
29 53 0.675
29 54 1.416
29 55 0.674
29 56 0.866
29 57 0.881
29 58 0.541
29 59 1.806
29 60 0.984
29 61 0.812
29 62 0.686
29 63 0.730
29 64 1.131
29 65 1.598
29 66 1.123
29 67 0.407
29 68 1.022
29 69 1.143
29 70 0.640
29 71 0.895
29 72 1.034
29 73 0.593
29 74 0.664
29 75 1.108
29 76 1.002
29 77 1.840
29 78 0.794
29 79 0.883
29 80 0.757
29 81 1.717
29 82 0.838
29 83 0.971
29 84 0.787
29 85 0.826
29 86 1.208
29 87 0.651
29 88 1.167
29 89 0.813
29 90 1.074
29 91 0.488
29 92 0.539
29 93 1.297
29 94 0.607
29 95 1.505
29 96 0.604
29 97 1.566
29 98 1.629
29 99 0.920
30 31 0.294
30 32 0.982
30 33 0.504
30 34 0.415
30 35 0.724
30 36 0.704
30 37 1.772
30 38 0.573
30 39 0.581
30 40 0.332
30 41 1.414
30 42 0.533
30 43 1.211
30 44 0.103
30 45 0.508
30 46 1.011
30 47 0.025
30 48 1.436
30 49 0.812
30 50 1.775
30 51 0.746
30 52 2.011
30 53 0.087
30 54 0.877
30 55 0.757
30 56 0.309
30 57 0.660
30 58 0.105
30 59 1.333
30 60 1.133
30 61 1.000
30 62 0.744
30 63 0.167
30 64 1.311
30 65 1.552
30 66 0.843
30 67 0.600
30 68 0.483
30 69 1.156
30 70 0.067
30 71 0.550
30 72 0.551
30 73 0.263
30 74 0.399
30 75 1.069
30 76 0.892
30 77 1.949
30 78 0.813
30 79 0.365
30 80 0.212
30 81 1.242
30 82 0.401
30 83 0.647
30 84 0.331
30 85 0.280
30 86 0.621
30 87 0.207
30 88 0.580
30 89 0.226
30 90 0.664
30 91 0.135
30 92 0.054
30 93 1.027
30 94 0.158
30 95 1.480
30 96 0.653
30 97 1.180
30 98 1.793
30 99 0.745
31 32 1.159
31 33 0.562
31 34 0.336
31 35 1.009
31 36 0.882
31 37 2.001
31 38 0.280
31 39 0.296
31 40 0.189
31 41 1.686
31 42 0.796
31 43 1.491
31 44 0.306
31 45 0.214
31 46 0.718
31 47 0.270
31 48 1.713
31 49 1.084
31 50 2.041
31 51 0.453
31 52 1.748
31 53 0.242
31 54 0.588
31 55 1.038
31 56 0.351
31 57 0.877
31 58 0.395
31 59 1.040
31 60 1.411
31 61 1.286
31 62 1.023
31 63 0.298
31 64 1.590
31 65 1.774
31 66 0.642
31 67 0.715
31 68 0.191
31 69 1.408
31 70 0.227
31 71 0.361
31 72 0.268
31 73 0.525
31 74 0.646
31 75 1.311
31 76 1.124
31 77 2.205
31 78 1.083
31 79 0.449
31 80 0.339
31 81 0.949
31 82 0.189
31 83 0.450
31 84 0.494
31 85 0.014
31 86 0.463
31 87 0.198
31 88 0.375
31 89 0.215
31 90 0.409
31 91 0.351
31 92 0.323
31 93 0.814
31 94 0.414
31 95 1.710
31 96 0.936
31 97 0.909
31 98 2.063
31 99 0.969
32 33 0.640
32 34 1.395
32 35 0.677
32 36 0.279
32 37 0.890
32 38 1.387
32 39 1.428
32 40 1.015
32 41 0.831
32 42 0.563
32 43 0.773
32 44 1.075
32 45 1.307
32 46 1.728
32 47 1.002
32 48 0.902
32 49 0.547
32 50 1.083
32 51 1.510
32 52 2.872
32 53 0.961
32 54 1.537
32 55 0.634
32 56 0.815
32 57 0.347
32 58 0.904
32 59 2.056
32 60 0.711
32 61 0.750
32 62 0.607
32 63 0.873
32 64 0.834
32 65 0.657
32 66 1.796
32 67 1.487
32 68 1.271
32 69 0.490
32 70 1.020
32 71 1.505
32 72 1.407
32 73 0.742
32 74 0.611
32 75 0.380
32 76 0.281
32 77 1.178
32 78 0.522
32 79 0.715
32 80 0.826
32 81 1.973
32 82 1.336
32 83 1.599
32 84 0.670
32 85 1.148
32 86 1.022
32 87 1.181
32 88 1.108
32 89 0.945
32 90 1.565
32 91 1.083
32 92 1.012
32 93 1.972
32 94 0.826
32 95 0.621
32 96 0.648
32 97 2.034
32 98 1.127
32 99 0.301
33 34 0.860
33 35 0.797
33 36 0.394
33 37 1.524
33 38 0.756
33 39 0.802
33 40 0.391
33 41 1.332
33 42 0.537
33 43 1.184
33 44 0.606
33 45 0.676
33 46 1.090
33 47 0.512
33 48 1.380
33 49 0.788
33 50 1.651
33 51 0.871
33 52 2.233
33 53 0.439
33 54 0.901
33 55 0.797
33 56 0.217
33 57 0.464
33 58 0.488
33 59 1.420
33 60 1.103
33 61 1.036
33 62 0.770
33 63 0.341
33 64 1.275
33 65 1.291
33 66 1.201
33 67 1.102
33 68 0.640
33 69 1.005
33 70 0.506
33 71 0.923
33 72 0.783
33 73 0.418
33 74 0.407
33 75 0.891
33 76 0.701
33 77 1.781
33 78 0.774
33 79 0.138
33 80 0.292
33 81 1.335
33 82 0.750
33 83 1.011
33 84 0.220
33 85 0.554
33 86 0.402
33 87 0.651
33 88 0.472
33 89 0.357
33 90 0.949
33 91 0.637
33 92 0.554
33 93 1.366
33 94 0.407
33 95 1.243
33 96 0.722
33 97 1.398
33 98 1.685
33 99 0.551
34 35 1.083
34 36 1.116
34 37 2.179
34 38 0.439
34 39 0.400
34 40 0.522
34 41 1.788
34 42 0.932
34 43 1.574
34 44 0.333
34 45 0.432
34 46 0.836
34 47 0.394
34 48 1.800
34 49 1.194
34 50 2.154
34 51 0.595
34 52 1.659
34 53 0.439
34 54 0.777
34 55 1.124
34 56 0.643
34 57 1.074
34 58 0.505
34 59 1.108
34 60 1.499
34 61 1.350
34 62 1.117
34 63 0.535
34 64 1.673
34 65 1.963
34 66 0.454
34 67 0.440
34 68 0.438
34 69 1.555
34 70 0.376
34 71 0.192
34 72 0.376
34 73 0.673
34 74 0.810
34 75 1.474
34 76 1.302
34 77 2.339
34 78 1.200
34 79 0.730
34 80 0.586
34 81 1.021
34 82 0.192
34 83 0.275
34 84 0.732
34 85 0.337
34 86 0.796
34 87 0.216
34 88 0.699
34 89 0.506
34 90 0.374
34 91 0.344
34 92 0.394
34 93 0.639
34 94 0.573
34 95 1.888
34 96 1.022
34 97 0.866
34 98 2.168
34 99 1.158
35 36 0.554
35 37 1.162
35 38 1.289
35 39 1.302
35 40 0.970
35 41 0.707
35 42 0.261
35 43 0.492
35 44 0.764
35 45 1.218
35 46 1.718
35 47 0.749
35 48 0.718
35 49 0.157
35 50 1.074
35 51 1.457
35 52 2.728
35 53 0.768
35 54 1.563
35 55 0.054
35 56 0.801
35 57 0.412
35 58 0.619
35 59 2.047
35 60 0.417
35 61 0.277
35 62 0.072
35 63 0.739
35 64 0.592
35 65 0.978
35 66 1.536
35 67 0.982
35 68 1.188
35 69 0.525
35 70 0.789
35 71 1.252
35 72 1.274
35 73 0.492
35 74 0.409
35 75 0.489
35 76 0.413
35 77 1.266
35 78 0.178
35 79 0.745
35 80 0.724
35 81 1.956
35 82 1.121
35 83 1.347
35 84 0.625
35 85 0.995
35 86 1.160
35 87 0.913
35 88 1.183
35 89 0.852
35 90 1.385
35 91 0.741
35 92 0.714
35 93 1.721
35 94 0.599
35 95 0.887
35 96 0.078
35 97 1.902
35 98 1.085
35 99 0.394
36 37 1.136
36 38 1.119
36 39 1.158
36 40 0.746
36 41 0.953
36 42 0.353
36 43 0.830
36 44 0.799
36 45 1.039
36 46 1.480
36 47 0.724
36 48 1.009
36 49 0.479
36 50 1.260
36 51 1.251
36 52 2.608
36 53 0.682
36 54 1.294
36 55 0.530
36 56 0.544
36 57 0.142
36 58 0.631
36 59 1.812
36 60 0.753
36 61 0.727
36 62 0.500
36 63 0.594
36 64 0.913
36 65 0.904
36 66 1.517
36 67 1.230
36 68 1.003
36 69 0.617
36 70 0.741
36 71 1.226
36 72 1.135
36 73 0.473
36 74 0.351
36 75 0.502
36 76 0.317
36 77 1.387
36 78 0.458
36 79 0.446
36 80 0.547
36 81 1.726
36 82 1.057
36 83 1.321
36 84 0.391
36 85 0.871
36 86 0.795
36 87 0.902
36 88 0.866
36 89 0.669
36 90 1.290
36 91 0.809
36 92 0.736
36 93 1.694
36 94 0.550
36 95 0.851
36 96 0.499
36 97 1.768
36 98 1.296
36 99 0.188
37 38 2.251
37 39 2.286
37 40 1.880
37 41 0.592
37 42 1.249
37 43 0.785
37 44 1.846
37 45 2.171
37 46 2.614
37 47 1.795
37 48 0.657
37 49 1.016
37 50 0.449
37 51 2.387
37 52 3.741
37 53 1.777
37 54 2.425
37 55 1.109
37 56 1.677
37 57 1.124
37 58 1.675
37 59 2.944
37 60 0.815
37 61 0.985
37 62 1.104
37 63 1.703
37 64 0.732
37 65 0.234
37 66 2.615
37 67 2.143
37 68 2.136
37 69 0.639
37 70 1.825
37 71 2.320
37 72 2.262
37 73 1.509
37 74 1.373
37 75 0.706
37 76 0.880
37 77 0.376
37 78 1.003
37 79 1.580
37 80 1.662
37 81 2.859
37 82 2.161
37 83 2.417
37 84 1.509
37 85 1.989
37 86 1.912
37 87 1.978
37 88 1.995
37 89 1.793
37 90 2.409
37 91 1.839
37 92 1.785
37 93 2.797
37 94 1.615
37 95 0.292
37 96 1.197
37 97 2.900
37 98 0.508
37 99 1.033
38 39 0.063
38 40 0.373
38 41 1.960
38 42 1.071
38 43 1.768
38 44 0.569
38 45 0.080
38 46 0.442
38 47 0.549
38 48 1.989
38 49 1.360
38 50 2.312
38 51 0.177
38 52 1.490
38 53 0.521
38 54 0.342
38 55 1.317
38 56 0.575
38 57 1.133
38 58 0.675
38 59 0.760
38 60 1.688
38 61 1.565
38 62 1.301
38 63 0.565
38 64 1.868
38 65 2.022
38 66 0.499
38 67 0.878
38 68 0.117
38 69 1.673
38 70 0.506
38 71 0.322
38 72 0.070
38 73 0.802
38 74 0.918
38 75 1.573
38 76 1.383
38 77 2.471
38 78 1.357
38 79 0.674
38 80 0.597
38 81 0.669
38 82 0.254
38 83 0.358
38 84 0.745
38 85 0.294
38 86 0.495
38 87 0.431
38 88 0.374
38 89 0.462
38 90 0.222
38 91 0.610
38 92 0.597
38 93 0.635
38 94 0.692
38 95 1.963
38 96 1.215
38 97 0.649
38 98 2.336
38 99 1.226
39 40 0.414
39 41 1.982
39 42 1.092
39 43 1.786
39 44 0.566
39 45 0.129
39 46 0.452
39 47 0.556
39 48 2.008
39 49 1.379
39 50 2.336
39 51 0.197
39 52 1.457
39 53 0.537
39 54 0.378
39 55 1.333
39 56 0.614
39 57 1.165
39 58 0.685
39 59 0.758
39 60 1.706
39 61 1.579
39 62 1.318
39 63 0.590
39 64 1.886
39 65 2.057
39 66 0.437
39 67 0.840
39 68 0.164
39 69 1.701
39 70 0.514
39 71 0.267
39 72 0.030
39 73 0.821
39 74 0.941
39 75 1.602
39 76 1.414
39 77 2.499
39 78 1.378
39 79 0.713
39 80 0.626
39 81 0.667
39 82 0.226
39 83 0.296
39 84 0.778
39 85 0.309
39 86 0.556
39 87 0.421
39 88 0.436
39 89 0.493
39 90 0.161
39 91 0.605
39 92 0.600
39 93 0.578
39 94 0.709
39 95 1.996
39 96 1.230
39 97 0.616
39 98 2.358
39 99 1.258
40 41 1.611
40 42 0.730
40 43 1.430
40 44 0.396
40 45 0.293
40 46 0.760
40 47 0.319
40 48 1.646
40 49 1.019
40 50 1.955
40 51 0.512
40 52 1.862
40 53 0.248
40 54 0.594
40 55 0.990
40 56 0.203
40 57 0.766
40 58 0.404
40 59 1.093
40 60 1.349
40 61 1.242
40 62 0.970
40 63 0.233
40 64 1.528
40 65 1.649
40 66 0.813
40 67 0.867
40 68 0.257
40 69 1.312
40 70 0.282
40 71 0.545
40 72 0.394
40 73 0.480
40 74 0.573
40 75 1.208
40 76 1.017
40 77 2.107
40 78 1.013
40 79 0.301
40 80 0.247
40 81 1.004
40 82 0.375
40 83 0.627
40 84 0.380
40 85 0.186
40 86 0.301
40 87 0.349
40 88 0.248
40 89 0.121
40 90 0.558
40 91 0.442
40 92 0.381
40 93 0.976
40 94 0.382
40 95 1.592
40 96 0.893
40 97 1.022
40 98 1.982
40 99 0.859
41 42 0.890
41 43 0.228
41 44 1.465
41 45 1.884
41 46 2.371
41 47 1.439
41 48 0.084
41 49 0.603
41 50 0.368
41 51 2.119
41 52 3.425
41 53 1.445
41 54 2.200
41 55 0.664
41 56 1.418
41 57 0.869
41 58 1.310
41 59 2.704
41 60 0.291
41 61 0.458
41 62 0.673
41 63 1.396
41 64 0.146
41 65 0.530
41 66 2.241
41 67 1.663
41 68 1.852
41 69 0.344
41 70 1.477
41 71 1.954
41 72 1.954
41 73 1.161
41 74 1.043
41 75 0.461
41 76 0.637
41 77 0.571
41 78 0.603
41 79 1.336
41 80 1.368
41 81 2.615
41 82 1.815
41 83 2.050
41 84 1.234
41 85 1.672
41 86 1.733
41 87 1.612
41 88 1.786
41 89 1.503
41 90 2.078
41 91 1.446
41 92 1.412
41 93 2.427
41 94 1.273
41 95 0.441
41 96 0.767
41 97 2.592
41 98 0.380
41 99 0.781
42 43 0.700
42 44 0.599
42 45 0.996
42 46 1.488
42 47 0.557
42 48 0.919
42 49 0.289
42 50 1.245
42 51 1.232
42 52 2.540
42 53 0.556
42 54 1.324
42 55 0.267
42 56 0.549
42 57 0.224
42 58 0.431
42 59 1.820
42 60 0.619
42 61 0.517
42 62 0.243
42 63 0.508
42 64 0.799
42 65 1.037
42 66 1.374
42 67 0.938
42 68 0.964
42 69 0.624
42 70 0.592
42 71 1.081
42 72 1.064
42 73 0.273
42 74 0.157
42 75 0.542
42 76 0.382
42 77 1.416
42 78 0.286
42 79 0.487
42 80 0.484
42 81 1.729
42 82 0.933
42 83 1.179
42 84 0.369
42 85 0.783
42 86 0.902
42 87 0.737
42 88 0.931
42 89 0.617
42 90 1.192
42 91 0.590
42 92 0.540
42 93 1.559
42 94 0.385
42 95 0.958
42 96 0.185
42 97 1.704
42 98 1.267
42 99 0.266
43 44 1.255
43 45 1.694
43 46 2.188
43 47 1.236
43 48 0.226
43 49 0.412
43 50 0.592
43 51 1.932
43 52 3.219
43 53 1.249
43 54 2.023
43 55 0.455
43 56 1.244
43 57 0.723
43 58 1.106
43 59 2.520
43 60 0.082
43 61 0.232
43 62 0.468
43 63 1.208
43 64 0.100
43 65 0.672
43 66 2.028
43 67 1.436
43 68 1.663
43 69 0.308
43 70 1.276
43 71 1.744
43 72 1.757
43 73 0.966
43 74 0.857
43 75 0.397
43 76 0.526
43 77 0.798
43 78 0.418
43 79 1.170
43 80 1.184
43 81 2.430
43 82 1.611
43 83 1.839
43 84 1.060
43 85 1.477
43 86 1.578
43 87 1.405
43 88 1.621
43 89 1.318
43 90 1.875
43 91 1.233
43 92 1.205
43 93 2.213
43 94 1.077
43 95 0.574
43 96 0.559
43 97 2.391
43 98 0.598
43 99 0.645
44 45 0.514
44 46 1.011
44 47 0.095
44 48 1.481
44 49 0.866
44 50 1.829
44 51 0.746
44 52 1.965
44 53 0.175
44 54 0.893
44 55 0.802
44 56 0.406
44 57 0.745
44 58 0.173
44 59 1.324
44 60 1.179
44 61 1.037
44 62 0.792
44 63 0.266
44 64 1.356
44 65 1.630
44 66 0.778
44 67 0.500
44 68 0.496
44 69 1.222
44 70 0.117
44 71 0.489
44 72 0.536
44 73 0.341
44 74 0.479
44 75 1.140
44 76 0.969
44 77 2.009
44 78 0.871
44 79 0.468
44 80 0.314
44 81 1.233
44 82 0.362
44 83 0.585
44 84 0.432
44 85 0.294
44 86 0.694
44 87 0.151
44 88 0.639
44 89 0.306
44 90 0.626
44 91 0.047
44 92 0.063
44 93 0.963
44 94 0.249
44 95 1.554
44 96 0.698
44 97 1.143
44 98 1.845
44 99 0.827
45 46 0.504
45 47 0.485
45 48 1.914
45 49 1.285
45 50 2.235
45 51 0.240
45 52 1.570
45 53 0.450
45 54 0.380
45 55 1.245
45 56 0.495
45 57 1.054
45 58 0.607
45 59 0.829
45 60 1.614
45 61 1.494
45 62 1.228
45 63 0.488
45 64 1.794
45 65 1.941
45 66 0.561
45 67 0.862
45 68 0.036
45 69 1.595
45 70 0.441
45 71 0.349
45 72 0.117
45 73 0.729
45 74 0.841
45 75 1.494
45 76 1.304
45 77 2.392
45 78 1.282
45 79 0.593
45 80 0.519
45 81 0.738
45 82 0.240
45 83 0.403
45 84 0.666
45 85 0.227
45 86 0.434
45 87 0.385
45 88 0.315
45 89 0.384
45 90 0.287
45 91 0.558
45 92 0.536
45 93 0.706
45 94 0.619
45 95 1.883
45 96 1.143
45 97 0.729
45 98 2.259
45 99 1.147
46 47 0.988
46 48 2.405
46 49 1.777
46 50 2.713
46 51 0.265
46 52 1.174
46 53 0.953
46 54 0.197
46 55 1.743
46 56 0.956
46 57 1.519
46 58 1.111
46 59 0.334
46 60 2.107
46 61 1.993
46 62 1.725
46 63 0.981
46 64 2.287
46 65 2.381
46 66 0.641
46 67 1.270
46 68 0.531
46 69 2.068
46 70 0.944
46 71 0.664
46 72 0.481
46 73 1.227
46 74 1.331
46 75 1.961
46 76 1.769
46 77 2.860
46 78 1.772
46 79 1.045
46 80 1.005
46 81 0.246
46 82 0.676
46 83 0.634
46 84 1.138
46 85 0.731
46 86 0.719
46 87 0.871
46 88 0.621
46 89 0.871
46 90 0.476
46 91 1.052
46 92 1.038
46 93 0.658
46 94 1.120
46 95 2.331
46 96 1.643
46 97 0.416
46 98 2.741
46 99 1.612
47 48 1.461
47 49 0.837
47 50 1.800
47 51 0.723
47 52 1.986
47 53 0.082
47 54 0.855
47 55 0.782
47 56 0.311
47 57 0.682
47 58 0.130
47 59 1.309
47 60 1.158
47 61 1.025
47 62 0.769
47 63 0.171
47 64 1.337
47 65 1.575
47 66 0.820
47 67 0.595
47 68 0.460
47 69 1.181
47 70 0.044
47 71 0.525
47 72 0.527
47 73 0.287
47 74 0.423
47 75 1.093
47 76 0.916
47 77 1.974
47 78 0.838
47 79 0.373
47 80 0.219
47 81 1.218
47 82 0.376
47 83 0.623
47 84 0.346
47 85 0.257
47 86 0.612
47 87 0.184
47 88 0.566
47 89 0.218
47 90 0.639
47 91 0.134
47 92 0.062
47 93 1.003
47 94 0.181
47 95 1.503
47 96 0.678
47 97 1.155
47 98 1.818
47 99 0.768
48 49 0.630
48 50 0.376
48 51 2.151
48 52 3.445
48 53 1.471
48 54 2.237
48 55 0.680
48 56 1.456
48 57 0.916
48 58 1.330
48 59 2.738
48 60 0.303
48 61 0.454
48 62 0.692
48 63 1.427
48 64 0.127
48 65 0.610
48 66 2.254
48 67 1.654
48 68 1.883
48 69 0.411
48 70 1.499
48 71 1.970
48 72 1.980
48 73 1.187
48 74 1.075
48 75 0.526
48 76 0.693
48 77 0.593
48 78 0.633
48 79 1.378
48 80 1.401
48 81 2.648
48 82 1.836
48 83 2.065
48 84 1.272
48 85 1.699
48 86 1.779
48 87 1.630
48 88 1.829
48 89 1.535
48 90 2.099
48 91 1.459
48 92 1.430
48 93 2.439
48 94 1.299
48 95 0.523
48 96 0.784
48 97 2.615
48 98 0.375
48 99 0.831
49 50 0.964
49 51 1.521
49 52 2.822
49 53 0.842
49 54 1.612
49 55 0.103
49 56 0.833
49 57 0.346
49 58 0.707
49 59 2.109
49 60 0.330
49 61 0.252
49 62 0.089
49 63 0.797
49 64 0.510
49 65 0.825
49 66 1.644
49 67 1.127
49 68 1.253
49 69 0.377
49 70 0.874
49 71 1.355
49 72 1.351
49 73 0.558
49 74 0.446
49 75 0.333
49 76 0.271
49 77 1.144
49 78 0.025
49 79 0.762
49 80 0.772
49 81 2.019
49 82 1.213
49 83 1.451
49 84 0.650
49 85 1.070
49 86 1.174
49 87 1.011
49 88 1.212
49 89 0.906
49 90 1.475
49 91 0.850
49 92 0.811
49 93 1.829
49 94 0.670
49 95 0.736
49 96 0.181
49 97 1.989
49 98 0.982
49 99 0.296
50 51 2.466
50 52 3.785
50 53 1.801
50 54 2.537
50 55 1.030
50 56 1.757
50 57 1.197
50 58 1.671
50 59 3.047
50 60 0.659
50 61 0.823
50 62 1.037
50 63 1.747
50 64 0.499
50 65 0.547
50 66 2.606
50 67 2.027
50 68 2.201
50 69 0.647
50 70 1.836
50 71 2.318
50 72 2.309
50 73 1.518
50 74 1.395
50 75 0.760
50 76 0.950
50 77 0.224
50 78 0.961
50 79 1.671
50 80 1.716
50 81 2.958
50 82 2.176
50 83 2.414
50 84 1.575
50 85 2.027
50 86 2.053
50 87 1.975
50 88 2.116
50 89 1.851
50 90 2.437
50 91 1.811
50 92 1.775
50 93 2.792
50 94 1.630
50 95 0.510
50 96 1.133
50 97 2.949
50 98 0.060
50 99 1.105
51 52 1.363
51 53 0.690
51 54 0.189
51 55 1.483
51 56 0.714
51 57 1.278
51 58 0.847
51 59 0.590
51 60 1.851
51 61 1.733
51 62 1.466
51 63 0.724
51 64 2.031
51 65 2.155
51 66 0.527
51 67 1.035
51 68 0.269
51 69 1.824
51 70 0.679
51 71 0.445
51 72 0.224
51 73 0.967
51 74 1.076
51 75 1.720
51 76 1.529
51 77 2.619
51 78 1.518
51 79 0.807
51 80 0.751
51 81 0.499
51 82 0.421
51 83 0.446
51 84 0.892
51 85 0.466
51 86 0.544
51 87 0.608
51 88 0.428
51 89 0.616
51 90 0.280
51 91 0.788
51 92 0.773
51 93 0.618
51 94 0.859
51 95 2.100
51 96 1.382
51 97 0.533
51 98 2.492
51 99 1.371
52 53 1.984
52 54 1.370
52 55 2.765
52 56 2.065
52 57 2.622
52 58 2.116
52 59 0.894
52 60 3.142
52 61 3.001
52 62 2.754
52 63 2.046
52 64 3.320
52 65 3.511
52 66 1.211
52 67 1.954
52 68 1.606
52 69 3.156
52 70 1.949
52 71 1.479
52 72 1.482
52 73 2.267
52 74 2.393
52 75 3.059
52 76 2.871
52 77 3.953
52 78 2.824
52 79 2.162
52 80 2.083
52 81 0.953
52 82 1.610
52 83 1.386
52 84 2.234
52 85 1.761
52 86 1.887
52 87 1.815
52 88 1.781
52 89 1.950
52 90 1.348
52 91 1.989
52 92 2.015
52 93 1.034
52 94 2.155
52 95 3.452
52 96 2.661
52 97 0.841
52 98 3.804
52 99 2.714
53 54 0.809
53 55 0.796
53 56 0.232
53 57 0.655
53 58 0.162
53 59 1.279
53 60 1.169
53 61 1.044
53 62 0.781
53 63 0.099
53 64 1.348
53 65 1.553
53 66 0.841
53 67 0.675
53 68 0.422
53 69 1.173
53 70 0.067
53 71 0.547
53 72 0.509
53 73 0.284
53 74 0.410
53 75 1.079
53 76 0.897
53 77 1.969
53 78 0.842
53 79 0.302
53 80 0.150
53 81 1.188
53 82 0.385
53 83 0.643
53 84 0.294
53 85 0.228
53 86 0.534
53 87 0.223
53 88 0.495
53 89 0.138
53 90 0.638
53 91 0.215
53 92 0.141
53 93 1.022
53 94 0.172
53 95 1.485
53 96 0.694
53 97 1.148
53 98 1.823
53 99 0.745
54 55 1.584
54 56 0.782
54 57 1.340
54 58 0.971
54 59 0.519
54 60 1.942
54 61 1.836
54 62 1.564
54 63 0.824
54 64 2.121
54 65 2.192
54 66 0.698
54 67 1.217
54 68 0.397
54 69 1.890
54 70 0.811
54 71 0.634
54 72 0.401
54 73 1.072
54 74 1.167
54 75 1.781
54 76 1.589
54 77 2.678
54 78 1.606
54 79 0.866
54 80 0.841
54 81 0.436
54 82 0.596
54 83 0.634
54 84 0.966
54 85 0.601
54 86 0.523
54 87 0.765
54 88 0.430
54 89 0.711
54 90 0.467
54 91 0.937
54 92 0.910
54 93 0.762
54 94 0.968
54 95 2.144
54 96 1.486
54 97 0.589
54 98 2.566
54 99 1.433
55 56 0.815
55 57 0.389
55 58 0.651
55 59 2.073
55 60 0.377
55 61 0.252
55 62 0.030
55 63 0.762
55 64 0.555
55 65 0.924
55 66 1.577
55 67 1.034
55 68 1.214
55 69 0.472
55 70 0.821
55 71 1.291
55 72 1.304
55 73 0.516
55 74 0.422
55 75 0.435
55 76 0.366
55 77 1.219
55 78 0.125
55 79 0.753
55 80 0.743
55 81 1.982
55 82 1.156
55 83 1.387
55 84 0.636
55 85 1.025
55 86 1.169
55 87 0.950
55 88 1.197
55 89 0.874
55 90 1.420
55 91 0.781
55 92 0.751
55 93 1.762
55 94 0.625
55 95 0.833
55 96 0.104
55 97 1.936
55 98 1.044
55 99 0.361
56 57 0.564
56 58 0.326
56 59 1.290
56 60 1.162
56 61 1.066
56 62 0.793
56 63 0.143
56 64 1.341
56 65 1.446
56 66 0.993
56 67 0.906
56 68 0.459
56 69 1.112
56 70 0.298
56 71 0.710
56 72 0.592
56 73 0.331
56 74 0.393
56 75 1.007
56 76 0.815
56 77 1.906
56 78 0.826
56 79 0.100
56 80 0.109
56 81 1.201
56 82 0.537
56 83 0.800
56 84 0.184
56 85 0.342
56 86 0.370
56 87 0.435
56 88 0.382
56 89 0.140
56 90 0.751
56 91 0.443
56 92 0.363
56 93 1.163
56 94 0.265
56 95 1.389
56 96 0.723
56 97 1.225
56 98 1.786
56 99 0.658
57 58 0.573
57 59 1.853
57 60 0.643
57 61 0.598
57 62 0.359
57 63 0.580
57 64 0.812
57 65 0.898
57 66 1.496
57 67 1.140
57 68 1.019
57 69 0.550
57 70 0.707
57 71 1.202
57 72 1.140
57 73 0.406
57 74 0.269
57 75 0.442
57 76 0.251
57 77 1.342
57 78 0.328
57 79 0.475
57 80 0.539
57 81 1.765
57 82 1.039
57 83 1.299
57 84 0.388
57 85 0.865
57 86 0.864
57 87 0.865
57 88 0.920
57 89 0.672
57 90 1.286
57 91 0.748
57 92 0.683
57 93 1.677
57 94 0.502
57 95 0.833
57 96 0.357
57 97 1.780
57 98 1.228
57 99 0.093
58 59 1.435
58 60 1.028
58 61 0.895
58 62 0.639
58 63 0.190
58 64 1.206
58 65 1.458
58 66 0.943
58 67 0.624
58 68 0.581
58 69 1.055
58 70 0.171
58 71 0.650
58 72 0.656
58 73 0.168
58 74 0.306
58 75 0.970
58 76 0.797
58 77 1.846
58 78 0.710
58 79 0.354
58 80 0.217
58 81 1.344
58 82 0.506
58 83 0.748
58 84 0.287
58 85 0.381
58 86 0.674
58 87 0.306
58 88 0.649
58 89 0.286
58 90 0.769
58 91 0.179
58 92 0.111
58 93 1.128
58 94 0.087
58 95 1.383
58 96 0.548
58 97 1.285
58 98 1.689
58 99 0.654
59 60 2.439
59 61 2.322
59 62 2.055
59 63 1.312
59 64 2.619
59 65 2.710
59 66 0.800
59 67 1.522
59 68 0.858
59 69 2.402
59 70 1.266
59 71 0.921
59 72 0.787
59 73 1.557
59 74 1.663
59 75 2.295
59 76 2.103
59 77 3.193
59 78 2.105
59 79 1.378
59 80 1.337
59 81 0.091
59 82 0.973
59 83 0.865
59 84 1.472
59 85 1.054
59 86 1.039
59 87 1.177
59 88 0.948
59 89 1.203
59 90 0.734
59 91 1.362
59 92 1.356
59 93 0.735
59 94 1.448
59 95 2.662
59 96 1.972
59 97 0.374
59 98 3.075
59 99 1.946
60 61 0.173
60 62 0.389
60 63 1.127
60 64 0.180
60 65 0.681
60 66 1.953
60 67 1.374
60 68 1.582
60 69 0.273
60 70 1.197
60 71 1.668
60 72 1.678
60 73 0.886
60 74 0.776
60 75 0.344
60 76 0.454
60 77 0.859
60 78 0.337
60 79 1.089
60 80 1.103
60 81 2.349
60 82 1.533
60 83 1.763
60 84 0.979
60 85 1.397
60 86 1.497
60 87 1.327
60 88 1.539
60 89 1.236
60 90 1.796
60 91 1.158
60 92 1.128
60 93 2.138
60 94 0.997
60 95 0.582
60 96 0.481
60 97 2.312
60 98 0.669
60 99 0.567
61 62 0.273
61 63 1.013
61 64 0.327
61 65 0.838
61 66 1.804
61 67 1.204
61 68 1.464
61 69 0.399
61 70 1.066
61 71 1.523
61 72 1.550
61 73 0.766
61 74 0.673
61 75 0.430
61 76 0.471
61 77 1.029
61 78 0.270
61 79 1.002
61 80 0.995
61 81 2.232
61 82 1.396
61 83 1.618
61 84 0.886
61 85 1.272
61 86 1.416
61 87 1.187
61 88 1.447
61 89 1.125
61 90 1.660
61 91 1.012
61 92 0.989
61 93 1.989
61 94 0.874
61 95 0.740
61 96 0.351
61 97 2.178
61 98 0.828
61 99 0.540
62 63 0.744
62 64 0.568
62 65 0.915
62 66 1.569
62 67 1.039
62 68 1.197
62 69 0.465
62 70 0.808
62 71 1.282
62 72 1.289
62 73 0.499
62 74 0.400
62 75 0.422
62 76 0.341
62 77 1.223
62 78 0.108
62 79 0.729
62 80 0.723
62 81 1.965
62 82 1.144
62 83 1.378
62 84 0.612
62 85 1.009
62 86 1.144
62 87 0.940
62 88 1.174
62 89 0.855
62 90 1.408
62 91 0.774
62 92 0.740
62 93 1.754
62 94 0.609
62 95 0.825
62 96 0.096
62 97 1.923
62 98 1.052
62 99 0.331
63 64 1.307
63 65 1.477
63 66 0.924
63 67 0.766
63 68 0.456
63 69 1.111
63 70 0.166
63 71 0.632
63 72 0.564
63 73 0.248
63 74 0.353
63 75 1.013
63 76 0.826
63 77 1.908
63 78 0.794
63 79 0.203
63 80 0.051
63 81 1.222
63 82 0.464
63 83 0.727
63 84 0.203
63 85 0.286
63 86 0.485
63 87 0.320
63 88 0.467
63 89 0.113
63 90 0.706
63 91 0.301
63 92 0.220
63 93 1.102
63 94 0.150
63 95 1.412
63 96 0.663
63 97 1.206
63 98 1.771
63 99 0.671
64 65 0.647
64 66 2.127
64 67 1.529
64 68 1.762
64 69 0.349
64 70 1.376
64 71 1.844
64 72 1.857
64 73 1.065
64 74 0.956
64 75 0.454
64 76 0.602
64 77 0.711
64 78 0.515
64 79 1.265
64 80 1.282
64 81 2.529
64 82 1.711
64 83 1.939
64 84 1.157
64 85 1.577
64 86 1.671
64 87 1.505
64 88 1.716
64 89 1.416
64 90 1.975
64 91 1.333
64 92 1.305
64 93 2.313
64 94 1.177
64 95 0.552
64 96 0.659
64 97 2.491
64 98 0.501
64 99 0.731
65 66 2.393
65 67 1.950
65 68 1.906
65 69 0.456
65 70 1.603
65 71 2.099
65 72 2.033
65 73 1.291
65 74 1.153
65 75 0.500
65 76 0.661
65 77 0.559
65 78 0.809
65 79 1.349
65 80 1.435
65 81 2.626
65 82 1.938
65 83 2.196
65 84 1.281
65 85 1.762
65 86 1.678
65 87 1.759
65 88 1.762
65 89 1.565
65 90 2.183
65 91 1.625
65 92 1.569
65 93 2.575
65 94 1.395
65 95 0.099
65 96 1.004
65 97 2.671
65 98 0.605
65 99 0.809
66 67 0.770
66 68 0.592
66 69 1.998
66 70 0.790
66 71 0.295
66 72 0.444
66 73 1.107
66 74 1.242
66 75 1.912
66 76 1.734
66 77 2.787
66 78 1.649
66 79 1.091
66 80 0.970
66 81 0.729
66 82 0.460
66 83 0.198
66 84 1.126
66 85 0.651
66 86 0.993
66 87 0.637
66 88 0.873
66 89 0.856
66 90 0.277
66 91 0.796
66 92 0.835
66 93 0.185
66 94 1.000
66 95 2.322
66 96 1.474
66 97 0.471
66 98 2.621
66 99 1.584
67 68 0.862
67 69 1.504
67 70 0.612
67 71 0.607
67 72 0.816
67 73 0.760
67 74 0.879
67 75 1.451
67 76 1.315
67 77 2.233
67 78 1.142
67 79 0.964
67 80 0.811
67 81 1.439
67 82 0.626
67 83 0.657
67 84 0.910
67 85 0.709
67 86 1.167
67 87 0.521
67 88 1.089
67 89 0.799
67 90 0.797
67 91 0.465
67 92 0.548
67 93 0.928
67 94 0.711
67 95 1.862
67 96 0.946
67 97 1.236
67 98 2.029
67 99 1.202
68 69 1.561
68 70 0.416
68 71 0.370
68 72 0.150
68 73 0.698
68 74 0.809
68 75 1.459
68 76 1.269
68 77 2.358
68 78 1.250
68 79 0.557
68 80 0.485
68 81 0.768
68 82 0.246
68 83 0.429
68 84 0.631
68 85 0.204
68 86 0.405
68 87 0.373
68 88 0.289
68 89 0.350
68 90 0.321
68 91 0.540
68 92 0.514
68 93 0.740
68 94 0.590
68 95 1.847
68 96 1.113
68 97 0.765
68 98 2.226
68 99 1.112
69 70 1.214
69 71 1.705
69 72 1.674
69 73 0.894
69 74 0.763
69 75 0.118
69 76 0.304
69 77 0.798
69 78 0.364
69 79 1.024
69 80 1.076
69 81 2.313
69 82 1.554
69 83 1.803
69 84 0.932
69 85 1.395
69 86 1.407
69 87 1.361
69 88 1.469
69 89 1.211
69 90 1.811
69 91 1.211
69 92 1.164
69 93 2.183
69 94 1.004
69 95 0.362
69 96 0.558
69 97 2.316
69 98 0.680
69 99 0.458
70 71 0.495
70 72 0.485
70 73 0.320
70 74 0.453
70 75 1.124
70 76 0.944
70 77 2.008
70 78 0.875
70 79 0.369
70 80 0.217
70 81 1.175
70 82 0.341
70 83 0.593
70 84 0.357
70 85 0.213
70 86 0.579
70 87 0.161
70 88 0.528
70 89 0.189
70 90 0.601
70 91 0.161
70 92 0.103
70 93 0.973
70 94 0.210
70 95 1.533
70 96 0.718
70 97 1.116
70 98 1.856
70 99 0.795
71 72 0.253
71 73 0.813
71 74 0.948
71 75 1.618
71 76 1.440
71 77 2.496
71 78 1.358
71 79 0.806
71 80 0.679
71 81 0.835
71 82 0.173
71 83 0.097
71 84 0.834
71 85 0.369
71 86 0.771
71 87 0.344
71 88 0.658
71 89 0.570
71 90 0.189
71 91 0.511
71 92 0.544
71 93 0.478
71 94 0.705
71 95 2.028
71 96 1.187
71 97 0.675
71 98 2.334
71 99 1.290
72 73 0.793
72 74 0.914
72 75 1.576
72 76 1.389
72 77 2.472
72 78 1.351
72 79 0.691
72 80 0.601
72 81 0.696
72 82 0.198
72 83 0.292
72 84 0.753
72 85 0.281
72 86 0.550
72 87 0.391
72 88 0.431
72 89 0.469
72 90 0.171
72 91 0.575
72 92 0.570
72 93 0.591
72 94 0.681
72 95 1.972
72 96 1.201
72 97 0.642
72 98 2.331
72 99 1.232
73 74 0.138
73 75 0.806
73 76 0.630
73 77 1.688
73 78 0.558
73 79 0.309
73 80 0.237
73 81 1.466
73 82 0.660
73 83 0.910
73 84 0.199
73 85 0.512
73 86 0.701
73 87 0.470
73 88 0.704
73 89 0.361
73 90 0.919
73 91 0.343
73 92 0.278
73 93 1.290
73 94 0.112
73 95 1.217
73 96 0.416
73 97 1.431
73 98 1.539
73 99 0.486
74 75 0.671
74 76 0.493
74 77 1.560
74 78 0.441
74 79 0.337
74 80 0.327
74 81 1.573
74 82 0.792
74 83 1.045
74 84 0.216
74 85 0.633
74 86 0.751
74 87 0.606
74 88 0.775
74 89 0.461
74 90 1.048
74 91 0.479
74 92 0.416
74 93 1.425
74 94 0.243
74 95 1.081
74 96 0.331
74 97 1.555
74 98 1.418
74 99 0.348
75 76 0.192
75 77 0.900
75 78 0.314
75 79 0.916
75 80 0.976
75 81 2.207
75 82 1.463
75 83 1.716
75 84 0.828
75 85 1.298
75 86 1.294
75 87 1.275
75 88 1.358
75 89 1.110
75 90 1.717
75 91 1.133
75 92 1.080
75 93 2.096
75 94 0.914
75 95 0.416
75 96 0.507
75 97 2.218
75 98 0.794
75 99 0.349
76 77 1.091
76 78 0.246
76 79 0.725
76 80 0.788
76 81 2.015
76 82 1.281
76 83 1.537
76 84 0.638
76 85 1.112
76 86 1.104
76 87 1.099
76 88 1.166
76 89 0.921
76 90 1.532
76 91 0.966
76 92 0.908
76 93 1.917
76 94 0.735
76 95 0.588
76 96 0.402
76 97 2.030
76 98 0.984
76 99 0.157
77 78 1.139
77 79 1.815
77 80 1.874
77 81 3.106
77 82 2.349
77 83 2.594
77 84 1.728
77 85 2.192
77 86 2.181
77 87 2.152
77 88 2.252
77 89 2.008
77 90 2.607
77 91 1.994
77 92 1.953
77 93 2.973
77 94 1.799
77 95 0.562
77 96 1.320
77 97 3.114
77 98 0.254
77 99 1.248
78 79 0.753
78 80 0.768
78 81 2.015
78 82 1.215
78 83 1.455
78 84 0.642
78 85 1.069
78 86 1.163
78 87 1.015
78 88 1.203
78 89 0.902
78 90 1.476
78 91 0.856
78 92 0.815
78 93 1.834
78 94 0.670
78 95 0.721
78 96 0.195
78 97 1.989
78 98 0.981
78 99 0.274
79 80 0.154
79 81 1.290
79 82 0.634
79 83 0.897
79 84 0.121
79 85 0.439
79 86 0.416
79 87 0.518
79 88 0.451
79 89 0.236
79 90 0.850
79 91 0.499
79 92 0.416
79 93 1.262
79 94 0.277
79 95 1.293
79 96 0.667
79 97 1.322
79 98 1.701
79 99 0.568
80 81 1.247
80 82 0.510
80 83 0.774
80 84 0.156
80 85 0.327
80 86 0.471
80 87 0.371
80 88 0.467
80 89 0.135
80 90 0.748
80 91 0.346
80 92 0.263
80 93 1.147
80 94 0.157
80 95 1.372
80 96 0.646
80 97 1.242
80 98 1.741
80 99 0.632
81 82 0.883
81 83 0.783
81 84 1.383
81 85 0.963
81 86 0.959
81 87 1.087
81 88 0.865
81 89 1.113
81 90 0.648
81 91 1.271
81 92 1.264
81 93 0.680
81 94 1.357
81 95 2.577
81 96 1.881
81 97 0.335
81 98 2.986
81 99 1.858
82 83 0.264
82 84 0.666
82 85 0.197
82 86 0.622
82 87 0.211
82 88 0.517
82 89 0.398
82 90 0.265
82 91 0.394
82 92 0.406
82 93 0.638
82 94 0.550
82 95 1.869
82 96 1.052
82 97 0.782
82 98 2.194
82 99 1.129
83 84 0.929
83 85 0.458
83 86 0.834
83 87 0.442
83 88 0.718
83 89 0.662
83 90 0.166
83 91 0.606
83 92 0.640
83 93 0.380
83 94 0.802
83 95 2.125
83 96 1.283
83 97 0.595
83 98 2.430
83 99 1.387
84 85 0.482
84 86 0.535
84 87 0.516
84 88 0.562
84 89 0.284
84 90 0.903
84 91 0.454
84 92 0.373
84 93 1.303
84 94 0.200
84 95 1.219
84 96 0.548
84 97 1.393
84 98 1.603
84 99 0.481
85 86 0.465
85 87 0.191
85 88 0.380
85 89 0.204
85 90 0.421
85 91 0.339
85 92 0.310
85 93 0.824
85 94 0.400
85 95 1.697
85 96 0.922
85 97 0.922
85 98 2.049
85 99 0.957
86 87 0.646
86 88 0.121
86 89 0.396
86 90 0.717
86 91 0.740
86 92 0.674
86 93 1.128
86 94 0.628
86 95 1.636
86 96 1.083
86 97 1.074
86 98 2.087
86 99 0.953
87 88 0.569
87 89 0.303
87 90 0.474
87 91 0.185
87 92 0.200
87 93 0.822
87 94 0.364
87 95 1.686
87 96 0.846
87 97 0.992
87 98 1.992
87 99 0.951
88 89 0.363
88 90 0.596
88 91 0.686
88 92 0.629
88 93 1.007
88 94 0.617
88 95 1.715
88 96 1.105
88 97 0.961
88 98 2.148
88 99 1.012
89 90 0.621
89 91 0.349
89 92 0.279
89 93 1.028
89 94 0.261
89 95 1.503
89 96 0.775
89 97 1.109
89 98 1.876
89 99 0.765
90 91 0.656
90 92 0.671
90 93 0.420
90 94 0.808
90 95 2.118
90 96 1.316
90 97 0.518
90 98 2.457
90 99 1.377
91 92 0.083
91 93 0.981
91 94 0.262
91 95 1.548
91 96 0.678
91 97 1.173
91 98 1.825
91 99 0.827
92 93 1.020
92 94 0.186
92 95 1.494
92 96 0.647
92 97 1.189
92 98 1.792
92 99 0.765
93 94 1.183
93 95 2.505
93 96 1.659
93 97 0.369
93 98 2.806
93 99 1.766
94 95 1.323
94 96 0.524
94 97 1.319
94 98 1.651
94 99 0.587
95 96 0.916
95 97 2.611
95 98 0.565
95 99 0.741
96 97 1.833
96 98 1.147
96 99 0.354
97 98 2.970
97 99 1.873
98 99 1.136
