nodei nodej distance
0 1 1.374
0 2 1.754
0 3 2.482
0 4 4.701
0 5 1.668
0 6 2.622
0 7 1.803
0 8 1.776
0 9 3.974
0 10 3.033
0 11 1.616
0 12 2.871
0 13 2.095
0 14 4.004
0 15 3.386
0 16 1.104
0 17 3.005
0 18 2.828
0 19 1.965
0 20 3.382
0 21 2.117
0 22 5.636
0 23 2.219
0 24 5.028
0 25 0.553
0 26 0.946
0 27 2.772
0 28 2.202
0 29 5.080
0 30 2.366
0 31 2.990
0 32 0.807
0 33 3.291
0 34 2.254
0 35 2.326
0 36 2.697
0 37 2.579
0 38 2.601
0 39 3.667
0 40 0.572
0 41 1.567
0 42 4.743
0 43 2.658
0 44 4.886
0 45 1.800
0 46 1.979
0 47 2.802
0 48 1.028
0 49 2.264
0 50 2.350
0 51 3.322
0 52 4.073
0 53 3.576
0 54 1.199
0 55 2.244
0 56 1.280
0 57 1.563
0 58 3.661
0 59 4.391
0 60 4.208
0 61 2.872
0 62 2.449
0 63 2.155
0 64 1.633
0 65 3.525
0 66 4.984
0 67 3.915
0 68 4.226
0 69 1.850
0 70 5.895
0 71 3.179
0 72 3.429
0 73 3.443
0 74 3.271
0 75 4.680
0 76 2.454
0 77 3.145
0 78 4.355
0 79 2.409
0 80 0.823
0 81 2.002
0 82 1.575
0 83 4.949
0 84 1.375
0 85 4.067
0 86 1.784
0 87 4.766
0 88 3.319
0 89 2.910
0 90 4.582
0 91 5.396
0 92 4.580
0 93 1.400
0 94 2.740
0 95 0.573
0 96 2.588
0 97 4.541
0 98 4.755
0 99 1.969
1 2 0.682
1 3 1.331
1 4 3.340
1 5 0.309
1 6 1.249
1 7 0.440
1 8 0.430
1 9 2.622
1 10 1.696
1 11 0.307
1 12 1.536
1 13 0.849
1 14 2.635
1 15 2.012
1 16 0.706
1 17 1.690
1 18 1.545
1 19 0.735
1 20 2.043
1 21 0.878
1 22 4.264
1 23 0.910
1 24 3.672
1 25 1.809
1 26 0.836
1 27 1.458
1 28 0.829
1 29 3.723
1 30 1.052
1 31 1.764
1 32 0.568
1 33 1.965
1 34 0.893
1 35 0.977
1 36 1.429
1 37 1.297
1 38 1.228
1 39 2.307
1 40 0.925
1 41 0.479
1 42 3.371
1 43 1.334
1 44 3.514
1 45 0.545
1 46 0.768
1 47 1.454
1 48 0.665
1 49 0.952
1 50 0.986
1 51 1.961
1 52 2.712
1 53 2.279
1 54 0.190
1 55 0.925
1 56 0.162
1 57 0.272
1 58 2.289
1 59 3.029
1 60 2.903
1 61 1.503
1 62 1.208
1 63 1.120
1 64 0.921
1 65 2.152
1 66 3.613
1 67 2.592
1 68 2.862
1 69 0.610
1 70 4.524
1 71 1.868
1 72 2.065
1 73 2.133
1 74 1.915
1 75 3.307
1 76 1.166
1 77 1.784
1 78 2.988
1 79 1.082
1 80 1.378
1 81 1.073
1 82 0.463
1 83 3.591
1 84 0.667
1 85 2.719
1 86 0.575
1 87 3.426
1 88 2.004
1 89 1.538
1 90 3.227
1 91 4.041
1 92 3.208
1 93 0.436
1 94 1.373
1 95 0.817
1 96 1.309
1 97 3.185
1 98 3.388
1 99 0.597
2 3 0.732
2 4 3.033
2 5 0.527
2 6 1.203
2 7 0.759
2 8 0.809
2 9 2.588
2 10 1.770
2 11 0.833
2 12 1.634
2 13 1.237
2 14 2.521
2 15 1.862
2 16 1.377
2 17 1.820
2 18 1.753
2 19 1.174
2 20 2.086
2 21 1.267
2 22 4.010
2 23 0.578
2 24 3.594
2 25 2.271
2 26 1.484
2 27 1.619
2 28 0.816
2 29 3.641
2 30 1.283
2 31 2.028
2 32 1.058
2 33 2.046
2 34 0.751
2 35 1.132
2 36 1.676
2 37 1.542
2 38 1.118
2 39 2.256
2 40 1.465
2 41 1.101
2 42 3.201
2 43 1.492
2 44 3.336
2 45 1.022
2 46 1.219
2 47 1.526
2 48 1.323
2 49 1.211
2 50 1.073
2 51 1.693
2 52 2.640
2 53 2.396
2 54 0.827
2 55 1.175
2 56 0.839
2 57 0.841
2 58 2.081
2 59 2.943
2 60 2.975
2 61 1.464
2 62 1.525
2 63 1.630
2 64 1.577
2 65 1.979
2 66 3.359
2 67 2.640
2 68 2.770
2 69 1.079
2 70 4.354
2 71 1.990
2 72 2.013
2 73 2.235
2 74 1.909
2 75 3.136
2 76 1.425
2 77 1.766
2 78 2.716
2 79 1.276
2 80 1.988
2 81 1.644
2 82 1.078
2 83 3.509
2 84 1.345
2 85 2.696
2 86 0.194
2 87 3.402
2 88 2.107
2 89 1.385
2 90 2.902
2 91 3.960
2 92 3.041
2 93 0.363
2 94 1.366
2 95 1.301
2 96 1.556
2 97 3.118
2 98 3.267
2 99 0.762
3 4 2.422
3 5 1.066
3 6 1.086
3 7 1.186
3 8 1.251
3 9 2.252
3 10 1.641
3 11 1.357
3 12 1.556
3 13 1.538
3 14 2.107
3 15 1.475
3 16 2.034
3 17 1.743
3 18 1.769
3 19 1.537
3 20 1.877
3 21 1.563
3 22 3.420
3 23 0.555
3 24 3.166
3 25 3.004
3 26 2.166
3 27 1.610
3 28 0.934
3 29 3.206
3 30 1.427
3 31 2.064
3 32 1.783
3 33 1.884
3 34 0.781
3 35 1.252
3 36 1.747
3 37 1.635
3 38 0.962
3 39 1.930
3 40 2.189
3 41 1.635
3 42 2.702
3 43 1.507
3 44 2.825
3 45 1.455
3 46 1.580
3 47 1.444
3 48 1.996
3 49 1.402
3 50 1.150
3 51 1.200
3 52 2.261
3 53 2.235
3 54 1.506
3 55 1.369
3 56 1.492
3 57 1.389
3 58 1.607
3 59 2.533
3 60 2.723
3 61 1.276
3 62 1.695
3 63 1.980
3 64 2.110
3 65 1.552
3 66 2.782
3 67 2.384
3 68 2.364
3 69 1.490
3 70 3.824
3 71 1.879
3 72 1.711
3 73 2.074
3 74 1.672
3 75 2.638
3 76 1.558
3 77 1.537
3 78 2.144
3 79 1.386
3 80 2.695
3 81 2.060
3 82 1.610
3 83 3.079
3 84 1.941
3 85 2.364
3 86 0.761
3 87 3.033
3 88 1.961
3 89 1.087
3 90 2.280
3 91 3.518
3 92 2.549
3 93 1.094
3 94 1.240
3 95 2.031
3 96 1.649
3 97 2.718
3 98 2.809
3 99 1.075
4 5 3.037
4 6 2.136
4 7 2.944
4 8 2.987
4 9 1.330
4 10 1.984
4 11 3.155
4 12 2.109
4 13 2.861
4 14 1.050
4 15 1.399
4 16 3.881
4 17 2.105
4 18 2.328
4 19 2.969
4 20 1.755
4 21 2.858
4 22 1.004
4 23 2.494
4 24 1.274
4 25 5.148
4 26 4.065
4 27 2.260
4 28 2.518
4 29 1.277
4 30 2.552
4 31 2.434
4 32 3.904
4 33 1.884
4 34 2.449
4 35 2.500
4 36 2.449
4 37 2.481
4 38 2.125
4 39 1.391
4 40 4.257
4 41 3.328
4 42 0.703
4 43 2.309
4 44 0.713
4 45 3.056
4 46 2.984
4 47 2.111
4 48 3.895
4 49 2.633
4 50 2.435
4 51 1.379
4 52 1.168
4 53 1.917
4 54 3.526
4 55 2.634
4 56 3.461
4 57 3.209
4 58 1.090
4 59 1.063
4 60 1.745
4 61 1.936
4 62 2.652
4 63 3.140
4 64 3.629
4 65 1.251
4 66 0.415
4 67 1.635
4 68 1.058
4 69 3.034
4 70 1.491
4 71 2.022
4 72 1.522
4 73 1.895
4 74 1.705
4 75 0.683
4 76 2.550
4 77 1.763
4 78 0.378
4 79 2.488
4 80 4.623
4 81 3.328
4 82 3.307
4 83 1.214
4 84 3.656
4 85 1.352
4 86 2.946
4 87 1.431
4 88 1.929
4 89 1.820
4 90 0.154
4 91 1.479
4 92 0.693
4 93 3.340
4 94 2.068
4 95 4.157
4 96 2.482
4 97 1.160
4 98 0.945
4 99 2.767
5 6 0.971
5 7 0.254
5 8 0.291
5 9 2.365
5 10 1.461
5 11 0.312
5 12 1.306
5 13 0.741
5 14 2.359
5 15 1.725
5 16 0.978
5 17 1.475
5 18 1.359
5 19 0.661
5 20 1.804
5 21 0.773
5 22 3.968
5 23 0.606
5 24 3.409
5 25 2.116
5 26 1.127
5 27 1.251
5 28 0.541
5 29 3.460
5 30 0.863
5 31 1.608
5 32 0.868
5 33 1.737
5 34 0.588
5 35 0.751
5 36 1.259
5 37 1.122
5 38 0.936
5 39 2.044
5 40 1.234
5 41 0.590
5 42 3.087
5 43 1.123
5 44 3.229
5 45 0.498
5 46 0.704
5 47 1.214
5 48 0.951
5 49 0.772
5 50 0.735
5 51 1.657
5 52 2.446
5 53 2.067
5 54 0.499
5 55 0.739
5 56 0.453
5 57 0.331
5 58 1.994
5 59 2.762
5 60 2.680
5 61 1.233
5 62 1.068
5 63 1.110
5 64 1.071
5 65 1.862
5 66 3.316
5 67 2.359
5 68 2.593
5 69 0.557
5 70 4.243
5 71 1.653
5 72 1.799
5 73 1.914
5 74 1.660
5 75 3.023
5 76 0.995
5 77 1.523
5 78 2.688
5 79 0.877
5 80 1.678
5 81 1.118
5 82 0.566
5 83 3.327
5 84 0.876
5 85 2.466
5 86 0.358
5 87 3.177
5 88 1.784
5 89 1.245
5 90 2.922
5 91 3.779
5 92 2.924
5 93 0.470
5 94 1.108
5 95 1.121
5 96 1.135
5 97 2.923
5 98 3.114
5 99 0.343
6 7 0.823
6 8 0.859
6 9 1.405
6 10 0.581
6 11 1.027
6 12 0.473
6 13 0.769
6 14 1.388
6 15 0.766
6 16 1.745
6 17 0.663
6 18 0.688
6 19 0.855
6 20 0.883
6 21 0.775
6 22 3.026
6 23 0.660
6 24 2.441
6 25 3.032
6 26 1.930
6 27 0.528
6 28 0.432
6 29 2.491
6 30 0.495
6 31 0.981
6 32 1.815
6 33 0.850
6 34 0.452
6 35 0.381
6 36 0.688
6 37 0.602
6 38 0.126
6 39 1.078
6 40 2.139
6 41 1.193
6 42 2.122
6 43 0.439
6 44 2.265
6 45 0.922
6 46 0.879
6 47 0.360
6 48 1.760
6 49 0.542
6 50 0.300
6 51 0.793
6 52 1.478
6 53 1.205
6 54 1.424
6 55 0.530
6 56 1.349
6 57 1.081
6 58 1.056
6 59 1.792
6 60 1.772
6 61 0.267
6 62 0.718
6 63 1.151
6 64 1.534
6 65 0.910
6 66 2.378
6 67 1.437
6 68 1.622
6 69 0.904
6 70 3.276
6 71 0.814
6 72 0.832
6 73 1.042
6 74 0.710
6 75 2.058
6 76 0.574
6 77 0.567
6 78 1.770
6 79 0.429
6 80 2.487
6 81 1.304
6 82 1.172
6 83 2.358
6 84 1.525
6 85 1.510
6 86 1.035
6 87 2.220
6 88 0.918
6 89 0.322
6 90 2.039
6 91 2.810
6 92 1.959
6 93 1.382
6 94 0.167
6 95 2.058
6 96 0.614
6 97 1.956
6 98 2.143
6 99 0.653
7 8 0.065
7 9 2.182
7 10 1.256
7 11 0.216
7 12 1.097
7 13 0.488
7 14 2.201
7 15 1.590
7 16 0.963
7 17 1.255
7 18 1.123
7 19 0.416
7 20 1.603
7 21 0.519
7 22 3.848
7 23 0.658
7 24 3.233
7 25 2.210
7 26 1.136
7 27 1.025
7 28 0.430
7 29 3.285
7 30 0.625
7 31 1.362
7 32 0.997
7 33 1.527
7 34 0.539
7 35 0.537
7 36 1.016
7 37 0.881
7 38 0.819
7 39 1.868
7 40 1.317
7 41 0.463
7 42 2.942
7 43 0.900
7 44 3.085
7 45 0.277
7 46 0.460
7 47 1.014
7 48 0.961
7 49 0.530
7 50 0.548
7 51 1.572
7 52 2.274
7 53 1.846
7 54 0.604
7 55 0.499
7 56 0.525
7 57 0.267
7 58 1.876
7 59 2.592
7 60 2.467
7 61 1.070
7 62 0.816
7 63 0.873
7 64 0.926
7 65 1.733
7 66 3.200
7 67 2.154
7 68 2.425
7 69 0.325
7 70 4.093
7 71 1.434
7 72 1.628
7 73 1.697
7 74 1.476
7 75 2.879
7 76 0.751
7 77 1.346
7 78 2.584
7 79 0.648
7 80 1.697
7 81 0.903
7 82 0.437
7 83 3.153
7 84 0.794
7 85 2.279
7 86 0.573
7 87 2.986
7 88 1.569
7 89 1.127
7 90 2.838
7 91 3.602
7 92 2.779
7 93 0.719
7 94 0.938
7 95 1.236
7 96 0.893
7 97 2.746
7 98 2.953
7 99 0.178
8 9 2.201
8 10 1.269
8 11 0.168
8 12 1.108
8 13 0.455
8 14 2.229
8 15 1.625
8 16 0.910
8 17 1.260
8 18 1.118
8 19 0.370
8 20 1.617
8 21 0.486
8 22 3.885
8 23 0.722
8 24 3.254
8 25 2.173
8 26 1.085
8 27 1.029
8 28 0.481
8 29 3.306
8 30 0.623
8 31 1.348
8 32 0.973
8 33 1.536
8 34 0.597
8 35 0.552
8 36 1.006
8 37 0.873
8 38 0.863
8 39 1.891
8 40 1.280
8 41 0.400
8 42 2.973
8 43 0.905
8 44 3.116
8 45 0.217
8 46 0.413
8 47 1.030
8 48 0.912
8 49 0.524
8 50 0.575
8 51 1.618
8 52 2.297
8 53 1.850
8 54 0.580
8 55 0.496
8 56 0.496
8 57 0.222
8 58 1.914
8 59 2.615
8 60 2.474
8 61 1.099
8 62 0.797
8 63 0.822
8 64 0.861
8 65 1.769
8 66 3.237
8 67 2.164
8 68 2.450
8 69 0.270
8 70 4.121
8 71 1.439
8 72 1.652
8 73 1.703
8 74 1.496
8 75 2.910
8 76 0.742
8 77 1.369
8 78 2.625
8 79 0.652
8 80 1.647
8 81 0.845
8 82 0.374
8 83 3.174
8 84 0.733
8 85 2.297
8 86 0.626
8 87 3.002
8 88 1.575
8 89 1.168
8 90 2.883
8 91 3.622
8 92 2.810
8 93 0.745
8 94 0.966
8 95 1.207
8 96 0.884
8 97 2.767
8 98 2.979
8 99 0.229
9 10 0.945
9 11 2.358
9 12 1.107
9 13 1.911
9 14 0.309
9 15 0.778
9 16 2.985
9 17 1.003
9 18 1.218
9 19 2.039
9 20 0.605
9 21 1.896
9 22 1.883
9 23 2.016
9 24 1.054
9 25 4.331
9 26 3.176
9 27 1.224
9 28 1.834
9 29 1.107
9 30 1.616
9 31 1.216
9 32 3.173
9 33 0.718
9 34 1.848
9 35 1.649
9 36 1.357
9 37 1.441
9 38 1.473
9 39 0.332
9 40 3.450
9 41 2.439
9 42 0.904
9 43 1.325
9 44 1.043
9 45 2.183
9 46 2.036
9 47 1.172
9 48 3.025
9 49 1.716
9 50 1.636
9 51 1.100
9 52 0.165
9 53 0.609
9 54 2.781
9 55 1.733
9 56 2.695
9 57 2.411
9 58 0.751
9 59 0.441
9 60 0.544
9 61 1.138
9 62 1.602
9 63 2.055
9 64 2.609
9 65 0.727
9 66 1.332
9 67 0.311
9 68 0.314
9 69 2.140
9 70 1.969
9 71 0.854
9 72 0.576
9 73 0.638
9 74 0.707
9 75 0.857
9 76 1.551
9 77 0.842
9 78 1.008
9 79 1.568
9 80 3.699
9 81 2.252
9 82 2.425
9 83 0.976
9 84 2.722
9 85 0.112
9 86 2.433
9 87 0.816
9 88 0.723
9 89 1.210
9 90 1.336
9 91 1.422
9 92 0.770
9 93 2.787
9 94 1.258
9 95 3.402
9 96 1.436
9 97 0.568
9 98 0.821
9 99 2.030
10 11 1.420
10 12 0.162
10 13 0.967
10 14 1.036
10 15 0.638
10 16 2.041
10 17 0.146
10 18 0.348
10 19 1.094
10 20 0.349
10 21 0.954
10 22 2.749
10 23 1.241
10 24 1.998
10 25 3.386
10 26 2.232
10 27 0.289
10 28 0.962
10 29 2.051
10 30 0.671
10 31 0.545
10 32 2.237
10 33 0.278
10 34 1.023
10 35 0.719
10 36 0.465
10 37 0.514
10 38 0.693
10 39 0.665
10 40 2.505
10 41 1.494
10 42 1.787
10 43 0.380
10 44 1.932
10 45 1.239
10 46 1.093
10 47 0.248
10 48 2.080
10 49 0.771
10 50 0.727
10 51 0.908
10 52 1.061
10 53 0.627
10 54 1.846
10 55 0.789
10 56 1.758
10 57 1.472
10 58 0.931
10 59 1.376
10 60 1.220
10 61 0.369
10 62 0.683
10 63 1.165
10 64 1.691
10 65 0.767
10 66 2.133
10 67 0.899
10 68 1.221
10 69 1.194
10 70 2.904
10 71 0.238
10 72 0.467
10 73 0.465
10 74 0.282
10 75 1.729
10 76 0.611
10 77 0.242
10 78 1.607
10 79 0.625
10 80 2.762
10 81 1.358
10 82 1.479
10 83 1.921
10 84 1.782
10 85 1.034
10 86 1.593
10 87 1.734
10 88 0.338
10 89 0.598
10 90 1.923
10 91 2.365
10 92 1.631
10 93 1.910
10 94 0.415
10 95 2.460
10 96 0.512
10 97 1.514
10 98 1.752
10 99 1.119
11 12 1.258
11 13 0.542
11 14 2.392
11 15 1.792
11 16 0.747
11 17 1.403
11 18 1.248
11 19 0.428
11 20 1.769
11 21 0.571
11 22 4.052
11 23 0.851
11 24 3.411
11 25 2.006
11 26 0.920
11 27 1.170
11 28 0.645
11 29 3.464
11 30 0.761
11 31 1.459
11 32 0.817
11 33 1.684
11 34 0.753
11 35 0.710
11 36 1.128
11 37 0.998
11 38 1.031
11 39 2.051
11 40 1.113
11 41 0.281
11 42 3.138
11 43 1.050
11 44 3.282
11 45 0.239
11 46 0.463
11 47 1.186
11 48 0.745
11 49 0.660
11 50 0.741
11 51 1.786
11 52 2.457
11 53 1.988
11 54 0.428
11 55 0.636
11 56 0.338
11 57 0.054
11 58 2.083
11 59 2.775
11 60 2.615
11 61 1.265
11 62 0.902
11 63 0.836
11 64 0.762
11 65 1.937
11 66 3.405
11 67 2.311
11 68 2.611
11 69 0.304
11 70 4.285
11 71 1.580
11 72 1.814
11 73 1.845
11 74 1.655
11 75 3.075
11 76 0.868
11 77 1.530
11 78 2.794
11 79 0.798
11 80 1.482
11 81 0.819
11 82 0.255
11 83 3.332
11 84 0.592
11 85 2.452
11 86 0.670
11 87 3.154
11 88 1.718
11 89 1.336
11 90 3.051
11 91 3.780
11 92 2.975
11 93 0.693
11 94 1.130
11 95 1.045
11 96 1.009
11 97 2.925
11 98 3.141
11 99 0.393
12 13 0.808
12 14 1.188
12 15 0.732
12 16 1.882
12 17 0.191
12 18 0.274
12 19 0.934
12 20 0.511
12 21 0.796
12 22 2.897
12 23 1.122
12 24 2.160
12 25 3.225
12 26 2.073
12 27 0.153
12 28 0.820
12 29 2.213
12 30 0.509
12 31 0.539
12 32 2.075
12 33 0.431
12 34 0.894
12 35 0.560
12 36 0.355
12 37 0.372
12 38 0.595
12 39 0.821
12 40 2.344
12 41 1.333
12 42 1.940
12 43 0.220
12 44 2.085
12 45 1.076
12 46 0.935
12 47 0.114
12 48 1.919
12 49 0.609
12 50 0.576
12 51 0.954
12 52 1.220
12 53 0.767
12 54 1.685
12 55 0.627
12 56 1.597
12 57 1.310
12 58 1.037
12 59 1.536
12 60 1.374
12 61 0.326
12 62 0.543
12 63 1.031
12 64 1.542
12 65 0.872
12 66 2.275
12 67 1.057
12 68 1.379
12 69 1.033
12 70 3.062
12 71 0.356
12 72 0.609
12 73 0.609
12 74 0.427
12 75 1.881
12 76 0.457
12 77 0.347
12 78 1.732
12 79 0.462
12 80 2.605
12 81 1.220
12 82 1.318
12 83 2.083
12 84 1.624
12 85 1.196
12 86 1.453
12 87 1.896
12 88 0.480
12 89 0.574
12 90 2.041
12 91 2.527
12 92 1.783
12 93 1.759
12 94 0.317
12 95 2.298
12 96 0.373
12 97 1.675
12 98 1.911
12 99 0.963
13 14 1.993
13 15 1.463
13 16 1.074
13 17 0.917
13 18 0.732
13 19 0.131
13 20 1.307
13 21 0.031
13 22 3.695
13 23 0.984
13 24 2.960
13 25 2.422
13 26 1.265
13 27 0.688
13 28 0.612
13 29 3.014
13 30 0.311
13 31 0.921
13 32 1.323
13 33 1.206
13 34 0.769
13 35 0.390
13 36 0.603
13 37 0.484
13 38 0.837
13 39 1.629
13 40 1.550
13 41 0.533
13 42 2.746
13 43 0.589
13 44 2.891
13 45 0.310
13 46 0.127
13 47 0.768
13 48 1.115
13 49 0.231
13 50 0.488
13 51 1.558
13 52 2.028
13 53 1.481
13 54 0.953
13 55 0.238
13 56 0.858
13 57 0.582
13 58 1.772
13 59 2.343
13 60 2.112
13 61 0.927
13 62 0.363
13 63 0.442
13 64 0.771
13 65 1.611
13 66 3.063
13 67 1.824
13 68 2.188
13 69 0.250
13 70 3.870
13 71 1.087
13 72 1.410
13 73 1.349
13 74 1.233
13 75 2.686
13 76 0.362
13 77 1.130
13 78 2.487
13 79 0.374
13 80 1.798
13 81 0.553
13 82 0.522
13 83 2.885
13 84 0.817
13 85 1.995
13 86 1.045
13 87 2.682
13 88 1.227
13 89 1.085
13 90 2.776
13 91 3.325
13 92 2.587
13 93 1.199
13 94 0.797
13 95 1.525
13 96 0.492
13 97 2.478
13 98 2.719
13 99 0.492
14 15 0.659
14 16 3.061
14 17 1.129
14 18 1.355
14 19 2.115
14 20 0.742
14 21 1.982
14 22 1.714
14 23 1.943
14 24 1.074
14 25 4.391
14 26 3.251
14 27 1.325
14 28 1.819
14 29 1.120
14 30 1.685
14 31 1.411
14 32 3.198
14 33 0.871
14 34 1.807
14 35 1.686
14 36 1.488
14 37 1.550
14 38 1.432
14 39 0.376
14 40 3.501
14 41 2.507
14 42 0.753
14 43 1.406
14 44 0.898
14 45 2.241
14 46 2.119
14 47 1.227
14 48 3.092
14 49 1.780
14 50 1.654
14 51 0.915
14 52 0.192
14 53 0.867
14 54 2.805
14 55 1.791
14 56 2.724
14 57 2.446
14 58 0.520
14 59 0.427
14 60 0.834
14 61 1.132
14 62 1.719
14 63 2.194
14 64 2.727
14 65 0.557
14 66 1.114
14 67 0.618
14 68 0.257
14 69 2.204
14 70 1.892
14 71 1.012
14 72 0.584
14 73 0.851
14 74 0.761
14 75 0.694
14 76 1.645
14 77 0.867
14 78 0.709
14 79 1.629
14 80 3.790
14 81 2.389
14 82 2.490
14 83 0.989
14 84 2.809
14 85 0.379
14 86 2.381
14 87 0.929
14 88 0.902
14 89 1.138
14 90 1.042
14 91 1.439
14 92 0.595
14 93 2.753
14 94 1.264
14 95 3.436
14 96 1.548
14 97 0.611
14 98 0.755
14 99 2.038
15 16 2.498
15 17 0.780
15 18 0.983
15 19 1.573
15 20 0.581
15 21 1.460
15 22 2.260
15 23 1.285
15 24 1.733
15 25 3.798
15 26 2.685
15 27 0.885
15 28 1.185
15 29 1.779
15 30 1.154
15 31 1.167
15 32 2.579
15 33 0.672
15 34 1.157
15 35 1.109
15 36 1.085
15 37 1.096
15 38 0.789
15 39 0.466
15 40 2.904
15 41 1.942
15 42 1.363
15 43 0.917
15 44 1.504
15 45 1.670
15 46 1.586
15 47 0.717
15 48 2.518
15 49 1.236
15 50 1.055
15 51 0.360
15 52 0.792
15 53 0.927
15 54 2.189
15 55 1.238
15 56 2.115
15 57 1.846
15 58 0.310
15 59 1.084
15 60 1.275
15 61 0.540
15 62 1.265
15 63 1.754
15 64 2.230
15 65 0.148
15 66 1.615
15 67 0.948
15 68 0.911
15 69 1.644
15 70 2.520
15 71 0.770
15 72 0.306
15 73 0.801
15 74 0.410
15 75 1.299
15 76 1.155
15 77 0.396
15 78 1.024
15 79 1.089
15 80 3.238
15 81 1.937
15 82 1.922
15 83 1.648
15 84 2.264
15 85 0.890
15 86 1.725
15 87 1.565
15 88 0.749
15 89 0.485
15 90 1.319
15 91 2.098
15 92 1.200
15 93 2.102
15 94 0.674
15 95 2.824
15 96 1.099
15 97 1.263
15 98 1.407
15 99 1.418
16 17 1.987
16 18 1.789
16 19 0.948
16 20 2.381
16 21 1.089
16 22 4.752
16 23 1.578
16 24 4.033
16 25 1.354
16 26 0.191
16 27 1.761
16 28 1.390
16 29 4.087
16 30 1.376
16 31 1.916
16 32 0.557
16 33 2.276
16 34 1.500
16 35 1.389
16 36 1.652
16 37 1.549
16 38 1.765
16 39 2.701
16 40 0.532
16 41 0.557
16 42 3.814
16 43 1.662
16 44 3.959
16 45 0.828
16 46 0.948
16 47 1.834
16 48 0.095
16 49 1.281
16 50 1.447
16 51 2.523
16 52 3.102
16 53 2.530
16 54 0.552
16 55 1.271
16 56 0.544
16 57 0.698
16 58 2.798
16 59 3.417
16 60 3.159
16 61 1.960
16 62 1.400
16 63 1.056
16 64 0.536
16 65 2.646
16 66 4.112
16 67 2.887
16 68 3.261
16 69 0.858
16 70 4.944
16 71 2.152
16 72 2.477
16 73 2.409
16 74 2.304
16 75 3.753
16 76 1.434
16 77 2.195
16 78 3.514
16 79 1.432
16 80 0.742
16 81 0.898
16 82 0.576
16 83 3.958
16 84 0.277
16 85 3.068
16 86 1.281
16 87 3.748
16 88 2.292
16 89 2.063
16 90 3.783
16 91 4.396
16 92 3.654
16 93 1.069
16 94 1.824
16 95 0.599
16 96 1.555
16 97 3.552
16 98 3.793
16 99 1.138
17 18 0.226
17 19 1.047
17 20 0.400
17 21 0.899
17 22 2.843
17 23 1.313
17 24 2.046
17 25 3.338
17 26 2.177
17 27 0.233
17 28 1.004
17 29 2.100
17 30 0.642
17 31 0.399
17 32 2.217
17 33 0.289
17 34 1.084
17 35 0.724
17 36 0.359
17 37 0.439
17 38 0.783
17 39 0.754
17 40 2.466
17 41 1.449
17 42 1.873
17 43 0.355
17 44 2.016
17 45 1.205
17 46 1.040
17 47 0.305
17 48 2.031
17 49 0.744
17 50 0.754
17 51 1.054
17 52 1.132
17 53 0.592
17 54 1.830
17 55 0.767
17 56 1.740
17 57 1.453
17 58 1.067
17 59 1.442
17 60 1.213
17 61 0.488
17 62 0.599
17 63 1.065
17 64 1.608
17 65 0.905
17 66 2.237
17 67 0.911
17 68 1.295
17 69 1.156
17 70 2.971
17 71 0.179
17 72 0.583
17 73 0.443
17 74 0.401
17 75 1.817
17 76 0.555
17 77 0.386
17 78 1.729
17 79 0.608
17 80 2.696
17 81 1.261
17 82 1.437
17 83 1.972
17 84 1.721
17 85 1.082
17 86 1.637
17 87 1.765
17 88 0.316
17 89 0.728
17 90 2.050
17 91 2.409
17 92 1.720
17 93 1.934
17 94 0.503
17 95 2.432
17 96 0.434
17 97 1.567
17 98 1.821
17 99 1.132
18 19 0.863
18 20 0.620
18 21 0.711
18 22 3.068
18 23 1.292
18 24 2.252
18 25 3.142
18 26 1.978
18 27 0.160
18 28 0.943
18 29 2.306
18 30 0.498
18 31 0.295
18 32 2.052
18 33 0.501
18 34 1.050
18 35 0.623
18 36 0.139
18 37 0.250
18 38 0.814
18 39 0.979
18 40 2.280
18 41 1.263
18 42 2.096
18 43 0.268
18 44 2.240
18 45 1.034
18 46 0.851
18 47 0.357
18 48 1.837
18 49 0.594
18 50 0.683
18 51 1.225
18 52 1.353
18 53 0.748
18 54 1.673
18 55 0.624
18 56 1.579
18 57 1.295
18 58 1.279
18 59 1.658
18 60 1.380
18 61 0.594
18 62 0.389
18 63 0.841
18 64 1.391
18 65 1.115
18 66 2.463
18 67 1.098
18 68 1.515
18 69 0.979
18 70 3.187
18 71 0.367
18 72 0.807
18 73 0.621
18 74 0.623
18 75 2.041
18 76 0.380
18 77 0.587
18 78 1.952
18 79 0.485
18 80 2.488
18 81 1.037
18 82 1.253
18 83 2.180
18 84 1.519
18 85 1.292
18 86 1.563
18 87 1.960
18 88 0.505
18 89 0.842
18 90 2.270
18 91 2.612
18 92 1.944
18 93 1.827
18 94 0.557
18 95 2.257
18 96 0.241
18 97 1.778
18 98 2.039
18 99 1.024
19 20 1.436
19 21 0.153
19 22 3.813
19 23 0.983
19 24 3.089
19 25 2.293
19 26 1.139
19 27 0.817
19 28 0.635
19 29 3.143
19 30 0.430
19 31 1.046
19 32 1.195
19 33 1.335
19 34 0.788
19 35 0.476
19 36 0.733
19 37 0.615
19 38 0.911
19 39 1.754
19 40 1.420
19 41 0.403
19 42 2.868
19 43 0.714
19 44 3.013
19 45 0.190
19 46 0.045
19 47 0.888
19 48 0.986
19 49 0.338
19 50 0.561
19 51 1.649
19 52 2.154
19 53 1.611
19 54 0.829
19 55 0.335
19 56 0.734
19 57 0.464
19 58 1.879
19 59 2.470
19 60 2.243
19 61 1.034
19 62 0.490
19 63 0.461
19 64 0.680
19 65 1.721
19 66 3.178
19 67 1.955
19 68 2.313
19 69 0.126
19 70 3.996
19 71 1.218
19 72 1.531
19 73 1.480
19 74 1.356
19 75 2.808
19 76 0.492
19 77 1.250
19 78 2.596
19 79 0.488
19 80 1.676
19 81 0.524
19 82 0.391
19 83 3.013
19 84 0.695
19 85 2.124
19 86 0.987
19 87 2.812
19 88 1.358
19 89 1.176
19 90 2.880
19 91 3.454
19 92 2.708
19 93 1.106
19 94 0.901
19 95 1.395
19 96 0.623
19 97 2.607
19 98 2.845
19 99 0.465
20 21 1.292
20 22 2.450
20 23 1.536
20 24 1.653
20 25 3.729
20 26 2.572
20 27 0.620
20 28 1.292
20 29 1.707
20 30 1.017
20 31 0.679
20 32 2.586
20 33 0.130
20 34 1.335
20 35 1.066
20 36 0.757
20 37 0.837
20 38 0.978
20 39 0.369
20 40 2.851
20 41 1.837
20 42 1.476
20 43 0.725
20 44 1.620
20 45 1.585
20 46 1.433
20 47 0.591
20 48 2.422
20 49 1.118
20 50 1.069
20 51 0.929
20 52 0.733
20 53 0.367
20 54 2.195
20 55 1.137
20 56 2.107
20 57 1.821
20 58 0.796
20 59 1.042
20 60 0.889
20 61 0.628
20 62 0.999
20 63 1.461
20 64 2.008
20 65 0.657
20 66 1.855
20 67 0.558
20 68 0.895
20 69 1.539
20 70 2.572
20 71 0.271
20 72 0.286
20 73 0.222
20 74 0.209
20 75 1.422
20 76 0.947
20 77 0.341
20 78 1.386
20 79 0.973
20 80 3.095
20 81 1.657
20 82 1.824
20 83 1.577
20 84 2.118
20 85 0.688
20 86 1.915
20 87 1.385
20 88 0.183
20 89 0.791
20 90 1.716
20 91 2.019
20 92 1.326
20 93 2.246
20 94 0.720
20 95 2.809
20 96 0.832
20 97 1.171
20 98 1.422
20 99 1.462
21 22 3.686
21 23 1.009
21 24 2.944
21 25 2.439
21 26 1.280
21 27 0.672
21 28 0.634
21 29 2.998
21 30 0.306
21 31 0.894
21 32 1.348
21 33 1.188
21 34 0.791
21 35 0.398
21 36 0.580
21 37 0.464
21 38 0.847
21 39 1.617
21 40 1.570
21 41 0.553
21 42 2.735
21 43 0.576
21 44 2.880
21 45 0.337
21 46 0.141
21 47 0.759
21 48 1.132
21 49 0.234
21 50 0.499
21 51 1.561
21 52 2.014
21 53 1.459
21 54 0.980
21 55 0.246
21 56 0.885
21 57 0.610
21 58 1.768
21 59 2.329
21 60 2.090
21 61 0.925
21 62 0.337
21 63 0.420
21 64 0.772
21 65 1.608
21 66 3.056
21 67 1.805
21 68 2.174
21 69 0.276
21 70 3.857
21 71 1.068
21 72 1.400
21 73 1.329
21 74 1.221
21 75 2.675
21 76 0.345
21 77 1.122
21 78 2.483
21 79 0.371
21 80 1.809
21 81 0.538
21 82 0.542
21 83 2.869
21 84 0.829
21 85 1.979
21 86 1.075
21 87 2.663
21 88 1.208
21 89 1.089
21 90 2.774
21 91 3.308
21 92 2.576
21 93 1.231
21 94 0.796
21 95 1.547
21 96 0.472
21 97 2.463
21 98 2.706
21 99 0.521
22 23 3.456
22 24 1.148
22 25 6.058
22 26 4.940
22 27 3.038
22 28 3.435
22 29 1.109
22 30 3.384
22 31 3.098
22 32 4.832
22 33 2.576
22 34 3.385
22 35 3.364
22 36 3.202
22 37 3.263
22 38 3.036
22 39 2.089
22 40 5.164
22 41 4.195
22 42 0.979
22 43 3.113
22 44 0.842
22 45 3.925
22 46 3.821
22 47 2.927
22 48 4.776
22 49 3.475
22 50 3.315
22 51 2.326
22 52 1.730
22 53 2.483
22 54 4.445
22 55 3.482
22 56 4.373
22 57 4.107
22 58 1.975
22 59 1.460
22 60 2.066
22 61 2.794
22 62 3.432
22 63 3.908
22 64 4.439
22 65 2.116
22 66 0.654
22 67 2.122
22 68 1.570
22 69 3.894
22 70 0.626
22 71 2.717
22 72 2.288
22 73 2.521
22 74 2.471
22 75 1.030
22 76 3.354
22 77 2.564
22 78 1.294
22 79 3.325
22 80 5.488
22 81 4.103
22 82 4.176
22 83 1.156
22 84 4.508
22 85 1.845
22 86 3.910
22 87 1.483
22 88 2.596
22 89 2.726
22 90 1.152
22 91 1.069
22 92 1.124
22 93 4.302
22 94 2.929
22 95 5.080
22 96 3.261
22 97 1.419
22 98 1.105
22 99 3.675
23 24 3.017
23 25 2.697
23 26 1.732
23 27 1.141
23 28 0.387
23 29 3.063
23 30 0.894
23 31 1.583
23 32 1.444
23 33 1.510
23 34 0.245
23 35 0.719
23 36 1.246
23 37 1.123
23 38 0.558
23 39 1.683
23 40 1.829
23 41 1.119
23 42 2.628
23 43 1.023
23 44 2.764
23 45 0.914
23 46 1.026
23 47 1.009
23 48 1.556
23 49 0.857
23 50 0.626
23 51 1.131
23 52 2.064
23 53 1.865
23 54 1.099
23 55 0.823
23 56 1.059
23 57 0.892
23 58 1.509
23 59 2.366
23 60 2.421
23 61 0.908
23 62 1.161
23 63 1.425
23 64 1.581
23 65 1.402
23 66 2.803
23 67 2.083
23 68 2.193
23 69 0.943
23 70 3.783
23 71 1.472
23 72 1.442
23 73 1.701
23 74 1.349
23 75 2.563
23 76 1.031
23 77 1.206
23 78 2.163
23 79 0.861
23 80 2.284
23 81 1.507
23 82 1.093
23 83 2.931
23 84 1.443
23 85 2.125
23 86 0.454
23 87 2.828
23 88 1.577
23 89 0.809
23 90 2.370
23 91 3.382
23 92 2.467
23 93 0.847
23 94 0.826
23 95 1.700
23 96 1.137
23 97 2.541
23 98 2.690
23 99 0.526
24 25 5.382
24 26 4.224
24 27 2.272
24 28 2.873
24 29 0.055
24 30 2.669
24 31 2.197
24 32 4.226
24 33 1.757
24 34 2.872
24 35 2.702
24 36 2.391
24 37 2.485
24 38 2.496
24 39 1.366
24 40 4.504
24 41 3.491
24 42 0.586
24 43 2.377
24 44 0.563
24 45 3.237
24 46 3.085
24 47 2.226
24 48 4.075
24 49 2.769
24 50 2.686
24 51 1.966
24 52 0.963
24 53 1.548
24 54 3.833
24 55 2.786
24 56 3.749
24 57 3.464
24 58 1.559
24 59 0.652
24 60 1.001
24 61 2.177
24 62 2.640
24 63 3.072
24 64 3.638
24 65 1.627
24 66 0.956
24 67 1.170
24 68 0.824
24 69 3.192
24 70 0.981
24 71 1.885
24 72 1.610
24 73 1.639
24 74 1.758
24 75 0.629
24 76 2.599
24 77 1.888
24 78 1.229
24 79 2.622
24 80 4.739
24 81 3.268
24 82 3.477
24 83 0.086
24 84 3.767
24 85 0.965
24 86 3.451
24 87 0.356
24 88 1.747
24 89 2.210
24 90 1.390
24 91 0.370
24 92 0.680
24 93 3.818
24 94 2.302
24 95 4.455
24 96 2.479
24 97 0.487
24 98 0.380
24 99 3.078
25 26 1.165
25 27 3.110
25 28 2.630
25 29 5.436
25 30 2.716
25 31 3.265
25 32 1.254
25 33 3.627
25 34 2.702
25 35 2.705
25 36 3.006
25 37 2.901
25 38 3.027
25 39 4.039
25 40 0.894
25 41 1.892
25 42 5.140
25 43 3.006
25 44 5.284
25 45 2.151
25 46 2.298
25 47 3.168
25 48 1.307
25 49 2.617
25 50 2.745
25 51 3.770
25 52 4.442
25 53 3.884
25 54 1.622
25 55 2.603
25 56 1.688
25 57 1.952
25 58 4.086
25 59 4.760
25 60 4.512
25 61 3.269
25 62 2.754
25 63 2.388
25 64 1.822
25 65 3.942
25 66 5.410
25 67 4.240
25 68 4.600
25 69 2.192
25 70 6.281
25 71 3.505
25 72 3.808
25 73 3.763
25 74 3.641
25 75 5.078
25 76 2.783
25 77 3.524
25 78 4.792
25 79 2.767
25 80 0.749
25 81 2.211
25 82 1.906
25 83 5.306
25 84 1.627
25 85 4.417
25 86 2.280
25 87 5.101
25 88 3.645
25 89 3.336
25 90 5.036
25 91 5.747
25 92 4.978
25 93 1.911
25 94 3.134
25 95 0.998
25 96 2.908
25 97 4.899
25 98 5.132
25 99 2.385
26 27 1.952
26 28 1.565
26 29 4.278
26 30 1.567
26 31 2.102
26 32 0.543
26 33 2.467
26 34 1.669
26 35 1.577
26 36 1.841
26 37 1.739
26 38 1.946
26 39 2.892
26 40 0.383
26 41 0.746
26 42 4.004
26 43 1.853
26 44 4.149
26 45 1.016
26 46 1.139
26 47 2.024
26 48 0.176
26 49 1.471
26 50 1.632
26 51 2.703
26 52 3.292
26 53 2.719
26 54 0.662
26 55 1.461
26 56 0.677
26 57 0.869
26 58 2.984
26 59 3.608
26 60 3.347
26 61 2.147
26 62 1.590
26 63 1.233
26 64 0.689
26 65 2.832
26 66 4.299
26 67 3.076
26 68 3.452
26 69 1.048
26 70 5.135
26 71 2.343
26 72 2.668
26 73 2.599
26 74 2.495
26 75 3.943
26 76 1.625
26 77 2.385
26 78 3.699
26 79 1.622
26 80 0.562
26 81 1.067
26 82 0.764
26 83 4.149
26 84 0.462
26 85 3.259
26 86 1.406
26 87 3.938
26 88 2.482
26 89 2.246
26 90 3.965
26 91 4.587
26 92 3.843
26 93 1.153
26 94 2.012
26 95 0.500
26 96 1.746
26 97 3.743
26 98 3.984
26 99 1.313
27 28 0.804
27 29 2.326
27 30 0.409
27 31 0.454
27 32 1.984
27 33 0.519
27 34 0.902
27 35 0.502
27 36 0.205
27 37 0.225
27 38 0.653
27 39 0.954
27 40 2.235
27 41 1.219
27 42 2.075
27 43 0.129
27 44 2.220
27 45 0.972
27 46 0.813
27 47 0.206
27 48 1.803
27 49 0.510
27 50 0.546
27 51 1.097
27 52 1.345
27 53 0.821
27 54 1.598
27 55 0.534
27 56 1.507
27 57 1.220
27 58 1.190
27 59 1.659
27 60 1.446
27 61 0.447
27 62 0.396
27 63 0.881
27 64 1.402
27 65 1.025
27 66 2.420
27 67 1.143
27 68 1.507
27 69 0.924
27 70 3.188
27 71 0.411
27 72 0.753
27 73 0.675
27 74 0.568
27 75 2.018
27 76 0.327
27 77 0.498
27 78 1.883
27 79 0.377
27 80 2.477
27 81 1.072
27 82 1.206
27 83 2.197
27 84 1.499
27 85 1.307
27 86 1.432
27 87 1.996
27 88 0.549
27 89 0.693
27 90 2.193
27 91 2.637
27 92 1.919
27 93 1.713
27 94 0.398
27 95 2.199
27 96 0.224
27 97 1.791
27 98 2.037
27 99 0.910
28 29 2.923
28 30 0.510
28 31 1.226
28 32 1.397
28 33 1.240
28 34 0.157
28 35 0.338
28 36 0.880
28 37 0.751
28 38 0.399
28 39 1.509
28 40 1.738
28 41 0.865
28 42 2.547
28 43 0.678
28 44 2.689
28 45 0.615
28 46 0.673
28 47 0.715
28 48 1.391
28 49 0.470
28 50 0.260
28 51 1.143
28 52 1.909
28 53 1.586
28 54 1.011
28 55 0.436
28 56 0.942
28 57 0.697
28 58 1.460
28 59 2.224
28 60 2.179
28 61 0.697
28 62 0.776
28 63 1.054
28 64 1.284
28 65 1.324
28 66 2.784
28 67 1.849
28 68 2.054
28 69 0.625
28 70 3.702
28 71 1.176
28 72 1.263
28 73 1.426
28 74 1.133
28 75 2.483
28 76 0.650
28 77 0.993
28 78 2.162
28 79 0.484
28 80 2.127
28 81 1.154
28 82 0.841
28 83 2.790
28 84 1.204
28 85 1.937
28 86 0.633
28 87 2.648
28 88 1.297
28 89 0.709
28 90 2.410
28 91 3.242
28 92 2.384
28 93 0.956
28 94 0.578
28 95 1.645
28 96 0.765
28 97 2.388
28 98 2.574
28 99 0.253
29 30 2.722
29 31 2.252
29 32 4.278
29 33 1.811
29 34 2.921
29 35 2.754
29 36 2.445
29 37 2.539
29 38 2.545
29 39 1.417
29 40 4.557
29 41 3.544
29 42 0.601
29 43 2.431
29 44 0.564
29 45 3.290
29 46 3.139
29 47 2.278
29 48 4.129
29 49 2.822
29 50 2.737
29 51 2.007
29 52 1.013
29 53 1.603
29 54 3.885
29 55 2.839
29 56 3.801
29 57 3.517
29 58 1.599
29 59 0.700
29 60 1.055
29 61 2.227
29 62 2.695
29 63 3.127
29 64 3.693
29 65 1.671
29 66 0.947
29 67 1.226
29 68 0.872
29 69 3.246
29 70 0.927
29 71 1.939
29 72 1.661
29 73 1.694
29 74 1.809
29 75 0.648
29 76 2.653
29 77 1.940
29 78 1.249
29 79 2.675
29 80 4.794
29 81 3.323
29 82 3.530
29 83 0.133
29 84 3.822
29 85 1.019
29 86 3.499
29 87 0.408
29 88 1.801
29 89 2.257
29 90 1.397
29 91 0.320
29 92 0.705
29 93 3.867
29 94 2.353
29 95 4.508
29 96 2.533
29 97 0.539
29 98 0.409
29 99 3.129
30 31 0.750
30 32 1.575
30 33 0.925
30 34 0.651
30 35 0.176
30 36 0.398
30 37 0.261
30 38 0.588
30 39 1.326
30 40 1.835
30 41 0.824
30 42 2.438
30 43 0.292
30 44 2.583
30 45 0.568
30 46 0.436
30 47 0.459
30 48 1.411
30 49 0.102
30 50 0.279
30 51 1.265
30 52 1.727
30 53 1.228
30 54 1.189
30 55 0.127
30 56 1.098
30 57 0.811
30 58 1.463
30 59 2.044
30 60 1.854
30 61 0.620
30 62 0.268
30 63 0.656
30 64 1.077
30 65 1.302
30 66 2.752
30 67 1.552
30 68 1.886
30 69 0.524
30 70 3.568
30 71 0.819
30 72 1.102
30 73 1.084
30 74 0.928
30 75 2.378
30 76 0.142
30 77 0.821
30 78 2.177
30 79 0.068
30 80 2.106
30 81 0.813
30 82 0.809
30 83 2.592
30 84 1.125
30 85 1.705
30 86 1.090
30 87 2.401
30 88 0.958
30 89 0.796
30 90 2.469
30 91 3.036
30 92 2.279
30 93 1.332
30 94 0.494
30 95 1.793
30 96 0.275
30 97 2.185
30 98 2.418
30 99 0.533
31 32 2.239
31 33 0.551
31 34 1.340
31 35 0.897
31 36 0.352
31 37 0.488
31 38 1.107
31 39 1.046
31 40 2.429
31 41 1.428
31 42 2.119
31 43 0.561
31 44 2.258
31 45 1.231
31 46 1.023
31 47 0.639
31 48 1.976
31 49 0.836
31 50 0.967
31 51 1.452
31 52 1.369
31 53 0.649
31 54 1.874
31 55 0.869
31 56 1.779
31 57 1.502
31 58 1.439
31 59 1.651
31 60 1.256
31 61 0.863
31 62 0.558
31 63 0.889
31 64 1.464
31 65 1.282
31 66 2.523
31 67 1.027
31 68 1.528
31 69 1.170
31 70 3.159
31 71 0.416
31 72 0.933
31 73 0.578
31 74 0.766
31 75 2.069
31 76 0.613
31 77 0.781
31 78 2.064
31 79 0.752
31 80 2.579
31 81 1.081
31 82 1.422
31 83 2.131
31 84 1.640
31 85 1.268
31 86 1.836
31 87 1.879
31 88 0.509
31 89 1.111
31 90 2.393
31 91 2.544
31 92 1.978
31 93 2.077
31 94 0.844
31 95 2.427
31 96 0.475
31 97 1.744
31 98 2.029
31 99 1.283
32 33 2.499
32 34 1.456
32 35 1.525
32 36 1.925
32 37 1.801
32 38 1.796
32 39 2.863
32 40 0.408
32 41 0.817
32 42 3.937
32 43 1.865
32 44 4.080
32 45 1.017
32 46 1.216
32 47 2.001
32 48 0.463
32 49 1.473
32 50 1.545
32 51 2.525
32 52 3.269
32 53 2.797
32 54 0.393
32 55 1.451
32 56 0.479
32 57 0.765
32 58 2.857
32 59 3.587
32 60 3.427
32 61 2.066
32 62 1.685
32 63 1.465
32 64 1.047
32 65 2.720
32 66 4.180
32 67 3.126
32 68 3.421
32 69 1.074
32 70 5.089
32 71 2.393
32 72 2.624
32 73 2.658
32 74 2.469
32 75 3.873
32 76 1.673
32 77 2.341
32 78 3.554
32 79 1.614
32 80 0.948
32 81 1.350
32 82 0.819
32 83 4.146
32 84 0.743
32 85 3.268
32 86 1.037
32 87 3.971
32 88 2.532
32 89 2.106
32 90 3.790
32 91 4.595
32 92 3.774
32 93 0.698
32 94 1.934
32 95 0.256
32 96 1.811
32 97 3.739
32 98 3.949
32 99 1.162
33 34 1.297
33 35 0.990
33 36 0.639
33 37 0.728
33 38 0.955
33 39 0.499
33 40 2.754
33 41 1.738
33 42 1.600
33 43 0.634
33 44 1.743
33 45 1.491
33 46 1.330
33 47 0.526
33 48 2.320
33 49 1.027
33 50 1.004
33 51 1.006
33 52 0.853
33 53 0.356
33 54 2.111
33 55 1.048
33 56 2.021
33 57 1.735
33 58 0.910
33 59 1.158
33 60 0.943
33 61 0.612
33 62 0.885
33 63 1.339
33 64 1.892
33 65 0.763
33 66 1.984
33 67 0.627
33 68 1.016
33 69 1.443
33 70 2.686
33 71 0.142
33 72 0.396
33 73 0.192
33 74 0.267
33 75 1.547
33 76 0.844
33 77 0.361
33 78 1.514
33 79 0.886
33 80 2.984
33 81 1.536
33 82 1.725
33 83 1.683
33 84 2.010
33 85 0.793
33 86 1.870
33 87 1.477
33 88 0.083
33 89 0.807
33 90 1.843
33 91 2.120
33 92 1.452
33 93 2.187
33 94 0.684
33 95 2.718
33 96 0.722
33 97 1.279
33 98 1.538
33 99 1.394
34 35 0.475
34 36 1.001
34 37 0.878
34 38 0.377
34 39 1.518
34 40 1.816
34 41 0.994
34 42 2.519
34 43 0.782
34 44 2.659
34 45 0.755
34 46 0.828
34 47 0.783
34 48 1.493
34 49 0.621
34 50 0.381
34 51 1.070
34 52 1.911
34 53 1.650
34 54 1.081
34 55 0.588
34 56 1.022
34 57 0.802
34 58 1.414
34 59 2.221
34 60 2.224
34 61 0.716
34 62 0.918
34 63 1.211
34 64 1.428
34 65 1.288
34 66 2.732
34 67 1.889
34 68 2.049
34 69 0.771
34 70 3.676
34 71 1.248
34 72 1.273
34 73 1.487
34 74 1.161
34 75 2.454
34 76 0.787
34 77 1.017
34 78 2.101
34 79 0.616
34 80 2.230
34 81 1.310
34 82 0.968
34 83 2.788
34 84 1.330
34 85 1.955
34 86 0.585
34 87 2.664
34 88 1.361
34 89 0.672
34 90 2.335
34 91 3.241
34 92 2.356
34 93 0.947
34 94 0.616
34 95 1.709
34 96 0.892
34 97 2.391
34 98 2.561
34 99 0.372
35 36 0.546
35 37 0.414
35 38 0.449
35 39 1.341
35 40 1.815
35 41 0.833
35 42 2.435
35 43 0.373
35 44 2.579
35 45 0.561
35 46 0.498
35 47 0.477
35 48 1.412
35 49 0.172
35 50 0.109
35 51 1.173
35 52 1.747
35 53 1.317
35 54 1.132
35 55 0.153
35 56 1.047
35 57 0.763
35 58 1.412
35 59 2.065
35 60 1.932
35 61 0.570
35 62 0.444
35 63 0.796
35 64 1.154
35 65 1.257
35 66 2.723
35 67 1.616
35 68 1.901
35 69 0.535
35 70 3.578
35 71 0.903
35 72 1.105
35 73 1.164
35 74 0.945
35 75 2.373
35 76 0.312
35 77 0.821
35 78 2.129
35 79 0.147
35 80 2.129
35 81 0.935
35 82 0.813
35 83 2.622
35 84 1.156
35 85 1.744
35 86 0.940
35 87 2.450
35 88 1.035
35 89 0.701
35 90 2.408
35 91 3.071
35 92 2.273
35 93 1.212
35 94 0.435
35 95 1.755
35 96 0.429
35 97 2.215
35 98 2.432
35 99 0.408
36 37 0.137
36 38 0.811
36 39 1.112
36 40 2.146
36 41 1.131
36 42 2.231
36 43 0.249
36 44 2.375
36 45 0.909
36 46 0.718
36 47 0.406
36 48 1.702
36 49 0.487
36 50 0.623
36 51 1.303
36 52 1.490
36 53 0.881
36 54 1.550
36 55 0.520
36 56 1.456
36 57 1.173
36 58 1.388
36 59 1.796
36 60 1.512
36 61 0.648
36 62 0.251
36 63 0.706
36 64 1.253
36 65 1.223
36 66 2.593
36 67 1.235
36 68 1.652
36 69 0.852
36 70 3.325
36 71 0.506
36 72 0.931
36 73 0.758
36 74 0.745
36 75 2.175
36 76 0.265
36 77 0.693
36 78 2.072
36 79 0.401
36 80 2.349
36 81 0.902
36 82 1.121
36 83 2.318
36 84 1.381
36 85 1.430
36 86 1.484
36 87 2.097
36 88 0.644
36 89 0.890
36 90 2.387
36 91 2.750
36 92 2.079
36 93 1.728
36 94 0.582
36 95 2.127
36 96 0.123
36 97 1.916
36 98 2.177
36 99 0.931
37 38 0.720
37 39 1.178
37 40 2.034
37 41 1.016
37 42 2.300
37 43 0.189
37 44 2.444
37 45 0.784
37 46 0.605
37 47 0.384
37 48 1.594
37 49 0.351
37 50 0.497
37 51 1.279
37 52 1.567
37 53 0.998
37 54 1.422
37 55 0.383
37 56 1.329
37 57 1.045
37 58 1.404
37 59 1.878
37 60 1.629
37 61 0.613
37 62 0.171
37 63 0.660
37 64 1.178
37 65 1.239
37 66 2.645
37 67 1.341
37 68 1.728
37 69 0.730
37 70 3.408
37 71 0.604
37 72 0.978
37 73 0.865
37 74 0.793
37 75 2.242
37 76 0.131
37 77 0.718
37 78 2.103
37 79 0.268
37 80 2.258
37 81 0.849
37 82 1.005
37 83 2.411
37 84 1.283
37 85 1.521
37 86 1.349
37 87 2.200
37 88 0.745
37 89 0.841
37 90 2.411
37 91 2.847
37 92 2.144
37 93 1.592
37 94 0.523
37 95 2.008
37 96 0.014
37 97 2.006
37 98 2.257
37 99 0.795
38 39 1.142
38 40 2.134
38 41 1.221
38 42 2.152
38 43 0.563
38 44 2.293
38 45 0.953
38 46 0.938
38 47 0.482
38 48 1.773
38 49 0.619
38 50 0.350
38 51 0.758
38 52 1.534
38 53 1.311
38 54 1.409
38 55 0.602
38 56 1.339
38 57 1.084
38 58 1.061
38 59 1.845
38 60 1.863
38 61 0.350
38 62 0.827
38 63 1.240
38 64 1.590
38 65 0.926
38 66 2.385
38 67 1.526
38 68 1.673
38 69 0.944
38 70 3.308
38 71 0.929
38 72 0.897
38 73 1.148
38 74 0.793
38 75 2.088
38 76 0.681
38 77 0.649
38 78 1.765
38 79 0.526
38 80 2.506
38 81 1.383
38 82 1.198
38 83 2.412
38 84 1.558
38 85 1.580
38 86 0.960
38 87 2.288
38 88 1.026
38 89 0.310
38 90 2.020
38 91 2.864
38 92 1.989
38 93 1.322
38 94 0.281
38 95 2.044
38 96 0.732
38 97 2.014
38 98 2.187
38 99 0.643
39 40 3.153
39 41 2.150
39 42 1.122
39 43 1.041
39 44 1.267
39 45 1.888
39 46 1.756
39 47 0.871
39 48 2.736
39 49 1.423
39 50 1.320
39 51 0.812
39 52 0.406
39 53 0.572
39 54 2.470
39 55 1.436
39 56 2.387
39 57 2.105
39 58 0.534
39 59 0.724
39 60 0.810
39 61 0.812
39 62 1.345
39 63 1.819
39 64 2.355
39 65 0.452
39 66 1.487
39 67 0.488
39 68 0.561
39 69 1.848
39 70 2.243
39 71 0.640
39 72 0.246
39 73 0.511
39 74 0.398
39 75 1.065
39 76 1.276
39 77 0.523
39 78 1.027
39 79 1.273
39 80 3.426
39 81 2.014
39 82 2.134
39 83 1.285
39 84 2.445
39 85 0.442
39 86 2.102
39 87 1.147
39 88 0.538
39 89 0.878
39 90 1.360
39 91 1.736
39 92 0.967
39 93 2.459
39 94 0.936
39 95 3.096
39 96 1.175
39 97 0.880
39 98 1.093
39 99 1.712
40 41 1.017
40 42 4.249
40 43 2.126
40 44 4.393
40 45 1.267
40 46 1.430
40 47 2.283
40 48 0.457
40 49 1.735
40 50 1.853
40 51 2.880
40 52 3.558
40 53 3.027
40 54 0.736
40 55 1.718
40 56 0.796
40 57 1.058
40 58 3.192
40 59 3.875
40 60 3.658
40 61 2.377
40 62 1.896
40 63 1.584
40 64 1.063
40 65 3.048
40 66 4.516
40 67 3.374
40 68 3.714
40 69 1.312
40 70 5.393
40 71 2.637
40 72 2.920
40 73 2.899
40 74 2.755
40 75 4.186
40 76 1.912
40 77 2.635
40 78 3.900
40 79 1.883
40 80 0.558
40 81 1.430
40 82 1.029
40 83 4.426
40 84 0.803
40 85 3.539
40 86 1.438
40 87 4.231
40 88 2.778
40 89 2.443
40 90 4.147
40 91 4.870
40 92 4.086
40 93 1.106
40 94 2.242
40 95 0.195
40 96 2.042
40 97 4.019
40 98 4.245
40 99 1.492
41 42 3.259
41 43 1.114
41 44 3.404
41 45 0.272
41 46 0.413
41 47 1.280
41 48 0.586
41 49 0.727
41 50 0.893
41 51 1.978
41 52 2.552
41 53 2.011
41 54 0.493
41 55 0.715
41 56 0.403
41 57 0.260
41 58 2.243
41 59 2.869
41 60 2.643
41 61 1.403
41 62 0.883
41 63 0.666
41 64 0.481
41 65 2.089
41 66 3.555
41 67 2.357
41 68 2.710
41 69 0.302
41 70 4.393
41 71 1.620
41 72 1.923
41 73 1.882
41 74 1.752
41 75 3.198
41 76 0.894
41 77 1.640
41 78 2.960
41 79 0.878
41 80 1.296
41 81 0.597
41 82 0.026
41 83 3.414
41 84 0.339
41 85 2.526
41 86 0.946
41 87 3.214
41 88 1.760
41 89 1.513
41 90 3.232
41 91 3.856
41 92 3.098
41 93 0.912
41 94 1.268
41 95 0.999
41 96 1.024
41 97 3.007
41 98 3.242
41 99 0.622
42 43 2.159
42 44 0.145
42 45 2.992
42 46 2.872
42 47 1.980
42 48 3.844
42 49 2.533
42 50 2.397
42 51 1.519
42 52 0.751
42 53 1.507
42 54 3.545
42 55 2.543
42 56 3.467
42 57 3.192
42 58 1.121
42 59 0.493
42 60 1.156
42 61 1.873
42 62 2.467
42 63 2.937
42 64 3.477
42 65 1.231
42 66 0.482
42 67 1.155
42 68 0.591
42 69 2.957
42 70 1.157
42 71 1.741
42 72 1.337
42 73 1.542
42 74 1.513
42 75 0.065
42 76 2.397
42 77 1.619
42 78 0.652
42 79 2.382
42 80 4.543
42 81 3.133
42 82 3.242
42 83 0.518
42 84 3.562
42 85 0.871
42 86 3.077
42 87 0.733
42 88 1.618
42 89 1.847
42 90 0.808
42 91 0.861
42 92 0.163
42 93 3.460
42 94 2.007
42 95 4.178
42 96 2.297
42 97 0.508
42 98 0.242
42 99 2.775
43 44 2.304
43 45 0.860
43 46 0.715
43 47 0.200
43 48 1.700
43 49 0.394
43 50 0.419
43 51 1.091
43 52 1.439
43 53 0.947
43 54 1.477
43 55 0.414
43 56 1.387
43 57 1.101
43 58 1.227
43 59 1.755
43 60 1.569
43 61 0.424
43 62 0.350
43 63 0.837
43 64 1.329
43 65 1.062
43 66 2.488
43 67 1.261
43 68 1.599
43 69 0.815
43 70 3.282
43 71 0.534
43 72 0.825
43 73 0.798
43 74 0.645
43 75 2.100
43 76 0.242
43 77 0.552
43 78 1.932
43 79 0.253
43 80 2.386
43 81 1.020
43 82 1.100
43 83 2.301
43 84 1.405
43 85 1.413
43 86 1.304
43 87 2.108
43 88 0.670
43 89 0.655
43 90 2.235
43 91 2.744
43 92 2.001
43 93 1.585
43 94 0.340
43 95 2.085
43 96 0.196
43 97 1.894
43 98 2.131
43 99 0.781
44 45 3.137
44 46 3.017
44 47 2.125
44 48 3.989
44 49 2.678
44 50 2.541
44 51 1.649
44 52 0.892
44 53 1.641
44 54 3.688
44 55 2.688
44 56 3.610
44 57 3.336
44 58 1.256
44 59 0.620
44 60 1.260
44 61 2.017
44 62 2.611
44 63 3.080
44 64 3.622
44 65 1.370
44 66 0.411
44 67 1.283
44 68 0.730
44 69 3.101
44 70 1.018
44 71 1.884
44 72 1.482
44 73 1.681
44 74 1.658
44 75 0.206
44 76 2.542
44 77 1.764
44 78 0.736
44 79 2.527
44 80 4.688
44 81 3.276
44 82 3.386
44 83 0.511
44 84 3.707
44 85 1.004
44 86 3.215
44 87 0.777
44 88 1.760
44 89 1.987
44 90 0.837
44 91 0.784
44 92 0.306
44 93 3.599
44 94 2.151
44 95 4.322
44 96 2.441
44 97 0.605
44 98 0.300
44 99 2.918
45 46 0.224
45 47 1.017
45 48 0.852
45 49 0.467
45 50 0.622
45 51 1.709
45 52 2.291
45 53 1.781
45 54 0.643
45 55 0.451
45 56 0.549
45 57 0.274
45 58 1.971
45 59 2.609
45 60 2.411
45 61 1.132
45 62 0.673
45 63 0.613
45 64 0.673
45 65 1.818
45 66 3.284
45 67 2.116
45 68 2.449
45 69 0.065
45 70 4.130
45 71 1.380
45 72 1.658
45 73 1.644
45 74 1.489
45 75 2.931
45 76 0.656
45 77 1.374
45 78 2.688
45 79 0.616
45 80 1.568
45 81 0.627
45 82 0.252
45 83 3.159
45 84 0.604
45 85 2.273
45 86 0.842
45 87 2.968
45 88 1.519
45 89 1.242
45 90 2.960
45 91 3.603
45 92 2.831
45 93 0.924
45 94 0.997
45 95 1.227
45 96 0.794
45 97 2.752
45 98 2.981
45 99 0.390
46 47 0.894
46 48 0.991
46 49 0.351
46 50 0.588
46 51 1.671
46 52 2.154
46 53 1.598
46 54 0.855
46 55 0.352
46 56 0.760
46 57 0.496
46 58 1.894
46 59 2.469
46 60 2.230
46 61 1.048
46 62 0.471
46 63 0.416
46 64 0.656
46 65 1.734
46 66 3.188
46 67 1.946
46 68 2.314
46 69 0.159
46 70 3.997
46 71 1.209
46 72 1.536
46 73 1.470
46 74 1.359
46 75 2.812
46 76 0.486
46 77 1.257
46 78 2.610
46 79 0.498
46 80 1.671
46 81 0.482
46 82 0.404
46 83 3.010
46 84 0.690
46 85 2.120
46 86 1.032
46 87 2.804
46 88 1.349
46 89 1.198
46 90 2.897
46 91 3.449
46 92 2.713
46 93 1.145
46 94 0.917
46 95 1.410
46 96 0.612
46 97 2.604
46 98 2.845
46 99 0.509
47 48 1.866
47 49 0.553
47 50 0.479
47 51 0.900
47 52 1.275
47 53 0.871
47 54 1.609
47 55 0.566
47 56 1.523
47 57 1.238
47 58 1.027
47 59 1.593
47 60 1.468
47 61 0.242
47 62 0.549
47 63 1.037
47 64 1.522
47 65 0.863
47 66 2.297
47 67 1.145
47 68 1.432
47 69 0.978
47 70 3.113
47 71 0.465
47 72 0.643
47 73 0.711
47 74 0.472
47 75 1.920
47 76 0.438
47 77 0.362
47 78 1.734
47 79 0.402
47 80 2.564
47 81 1.219
47 82 1.264
47 83 2.147
47 84 1.583
47 85 1.267
47 86 1.347
47 87 1.972
47 88 0.582
47 89 0.487
47 90 2.036
47 91 2.594
47 92 1.820
47 93 1.661
47 94 0.207
47 95 2.230
47 96 0.389
47 97 1.740
47 98 1.964
47 99 0.872
48 49 1.313
48 50 1.464
48 51 2.530
48 52 3.138
48 53 2.582
48 54 0.497
48 55 1.301
48 56 0.505
48 57 0.694
48 58 2.815
48 59 3.455
48 60 3.212
48 61 1.982
48 62 1.451
48 63 1.127
48 64 0.624
48 65 2.665
48 66 4.133
48 67 2.935
48 68 3.297
48 69 0.888
48 70 4.979
48 71 2.199
48 72 2.509
48 73 2.458
48 74 2.338
48 75 3.783
48 76 1.476
48 77 2.225
48 78 3.530
48 79 1.464
48 80 0.737
48 81 0.977
48 82 0.603
48 83 3.999
48 84 0.347
48 85 3.110
48 86 1.238
48 87 3.795
48 88 2.339
48 89 2.075
48 90 3.793
48 91 4.439
48 92 3.683
48 93 1.003
48 94 1.847
48 95 0.508
48 96 1.601
48 97 3.593
48 98 3.829
48 99 1.138
49 50 0.280
49 51 1.328
49 52 1.825
49 53 1.328
49 54 1.087
49 55 0.036
49 56 0.996
49 57 0.709
49 58 1.543
49 59 2.143
49 60 1.956
49 61 0.697
49 62 0.316
49 63 0.624
49 64 1.002
49 65 1.384
49 66 2.840
49 67 1.653
49 68 1.983
49 69 0.425
49 70 3.666
49 71 0.921
49 72 1.196
49 73 1.186
49 74 1.025
49 75 2.472
49 76 0.222
49 77 0.914
49 78 2.259
49 79 0.151
49 80 2.013
49 81 0.765
49 82 0.711
49 83 2.692
49 84 1.033
49 85 1.805
49 86 1.016
49 87 2.502
49 88 1.059
49 89 0.855
49 90 2.546
49 91 3.136
49 92 2.373
49 93 1.242
49 94 0.567
49 95 1.691
49 96 0.363
49 97 2.284
49 98 2.515
49 99 0.452
50 51 1.092
50 52 1.726
50 53 1.342
50 54 1.152
50 55 0.257
50 56 1.071
50 57 0.795
50 58 1.352
50 59 2.043
50 60 1.947
50 61 0.524
50 62 0.546
50 63 0.903
50 64 1.241
50 65 1.201
50 66 2.670
50 67 1.624
50 68 1.877
50 69 0.604
50 70 3.546
50 71 0.930
50 72 1.079
50 73 1.185
50 74 0.930
50 75 2.335
50 76 0.409
50 77 0.798
50 78 2.067
50 79 0.237
50 80 2.188
50 81 1.037
50 82 0.872
50 83 2.605
50 84 1.224
50 85 1.735
50 86 0.886
50 87 2.444
50 88 1.056
50 89 0.622
50 90 2.339
50 91 3.055
50 92 2.235
50 93 1.183
50 94 0.390
50 95 1.782
50 96 0.511
50 97 2.199
50 98 2.405
50 99 0.395
51 52 1.081
51 53 1.283
51 54 2.147
51 55 1.320
51 56 2.084
51 57 1.839
51 58 0.408
51 59 1.336
51 60 1.619
51 61 0.667
51 62 1.435
51 63 1.909
51 64 2.327
51 65 0.373
51 66 1.673
51 67 1.299
51 68 1.170
51 69 1.695
51 70 2.664
51 71 1.084
51 72 0.664
51 73 1.151
51 74 0.739
51 75 1.454
51 76 1.305
51 77 0.676
51 78 1.035
51 79 1.198
51 80 3.264
51 81 2.077
51 82 1.956
51 83 1.880
51 84 2.313
51 85 1.209
51 86 1.585
51 87 1.844
51 88 1.087
51 89 0.473
51 90 1.267
51 91 2.319
51 92 1.361
51 93 1.976
51 94 0.775
51 95 2.778
51 96 1.286
51 97 1.523
51 98 1.611
51 99 1.394
52 53 0.773
52 54 2.876
52 55 1.840
52 56 2.793
52 57 2.510
52 58 0.700
52 59 0.318
52 60 0.647
52 61 1.214
52 62 1.731
52 63 2.192
52 64 2.741
52 65 0.712
52 66 1.169
52 67 0.467
52 68 0.163
52 69 2.251
52 70 1.843
52 71 0.993
52 72 0.647
52 73 0.792
52 74 0.803
52 75 0.700
52 76 1.671
52 77 0.928
52 78 0.856
52 79 1.676
52 80 3.822
52 81 2.389
52 82 2.536
52 83 0.881
52 84 2.843
52 85 0.196
52 86 2.492
52 87 0.773
52 88 0.868
52 89 1.255
52 90 1.180
52 91 1.333
52 92 0.610
52 93 2.856
52 94 1.340
52 95 3.502
52 96 1.563
52 97 0.479
52 98 0.692
52 99 2.116
53 54 2.415
53 55 1.354
53 56 2.323
53 57 2.037
53 58 1.092
53 59 1.024
53 60 0.631
53 61 0.968
53 62 1.131
53 63 1.531
53 64 2.102
53 65 0.977
53 66 1.941
53 67 0.379
53 68 0.922
53 69 1.727
53 70 2.513
53 71 0.414
53 72 0.621
53 73 0.163
53 74 0.576
53 75 1.463
53 76 1.125
53 77 0.700
53 78 1.571
53 79 1.199
53 80 3.214
53 81 1.726
53 82 2.002
53 83 1.483
53 84 2.257
53 85 0.638
53 86 2.218
53 87 1.232
53 88 0.289
53 89 1.152
53 90 1.904
53 91 1.896
53 92 1.378
53 93 2.524
53 94 1.038
53 95 3.005
53 96 0.989
53 97 1.101
53 98 1.395
53 99 1.724
54 55 1.063
54 56 0.096
54 57 0.378
54 58 2.470
54 59 3.194
54 60 3.043
54 61 1.673
54 62 1.317
54 63 1.160
54 64 0.864
54 65 2.331
54 66 3.794
54 67 2.738
54 68 3.028
54 69 0.704
54 70 4.696
54 71 2.008
54 72 2.231
54 73 2.273
54 74 2.076
54 75 3.482
54 76 1.292
54 77 1.948
54 78 3.172
54 79 1.225
54 80 1.194
54 81 1.081
54 82 0.487
54 83 3.754
54 84 0.577
54 85 2.876
54 86 0.745
54 87 3.580
54 88 2.146
54 89 1.719
54 90 3.414
54 91 4.202
54 92 3.382
54 93 0.522
54 94 1.541
54 95 0.635
54 96 1.433
54 97 3.347
54 98 3.556
54 99 0.771
55 56 0.973
55 57 0.686
55 58 1.544
55 59 2.158
55 60 1.980
55 61 0.698
55 62 0.352
55 63 0.647
55 64 1.007
55 65 1.386
55 66 2.845
55 67 1.675
55 68 1.997
55 69 0.413
55 70 3.679
55 71 0.945
55 72 1.208
55 73 1.210
55 74 1.038
55 75 2.482
55 76 0.256
55 77 0.924
55 78 2.261
55 79 0.165
55 80 2.006
55 81 0.782
55 82 0.699
55 83 2.709
55 84 1.027
55 85 1.823
55 86 0.980
55 87 2.522
55 88 1.083
55 89 0.847
55 90 2.545
55 91 3.154
55 92 2.383
55 93 1.209
55 94 0.566
55 95 1.672
55 96 0.396
55 97 2.301
55 98 2.529
55 99 0.417
56 57 0.287
56 58 2.399
56 59 3.111
56 60 2.951
56 61 1.594
56 62 1.222
56 63 1.068
56 64 0.797
56 65 2.257
56 66 3.723
56 67 2.649
56 68 2.946
56 69 0.609
56 70 4.617
56 71 1.917
56 72 2.148
56 73 2.182
56 74 1.991
56 75 3.404
56 76 1.199
56 77 1.865
56 78 3.104
56 79 1.136
56 80 1.225
56 81 0.995
56 82 0.394
56 83 3.669
56 84 0.524
56 85 2.790
56 86 0.737
56 87 3.492
56 88 2.055
56 89 1.648
56 90 3.351
56 91 4.117
56 92 3.304
56 93 0.564
56 94 1.461
56 95 0.711
56 96 1.339
56 97 3.262
56 98 3.475
56 99 0.697
57 58 2.137
57 59 2.828
57 60 2.665
57 61 1.319
57 62 0.944
57 63 0.854
57 64 0.741
57 65 1.991
57 66 3.459
57 67 2.362
57 68 2.664
57 69 0.338
57 70 4.339
57 71 1.630
57 72 1.868
57 73 1.895
57 74 1.708
57 75 3.129
57 76 0.915
57 77 1.584
57 78 2.847
57 79 0.849
57 80 1.430
57 81 0.824
57 82 0.237
57 83 3.385
57 84 0.554
57 85 2.504
57 86 0.686
57 87 3.206
57 88 1.768
57 89 1.390
57 90 3.104
57 91 3.833
57 92 3.029
57 93 0.678
57 94 1.185
57 95 0.992
57 96 1.055
57 97 2.978
57 98 3.194
57 99 0.445
58 59 0.934
58 60 1.293
58 61 0.846
58 62 1.574
58 63 2.063
58 64 2.539
58 65 0.165
58 66 1.324
58 67 1.002
58 68 0.771
58 69 1.947
58 70 2.274
58 71 1.028
58 72 0.514
58 73 0.997
58 74 0.673
58 75 1.056
58 76 1.465
58 77 0.694
58 78 0.717
58 79 1.398
58 80 3.539
58 81 2.246
58 82 2.223
58 83 1.472
58 84 2.568
58 85 0.854
58 86 1.960
58 87 1.447
58 88 0.978
58 89 0.751
58 90 1.009
58 91 1.912
58 92 0.961
58 93 2.346
58 94 0.979
58 95 3.105
58 96 1.407
58 97 1.121
58 98 1.204
58 99 1.701
59 60 0.687
59 61 1.529
59 62 2.040
59 63 2.495
59 64 3.049
59 65 0.984
59 66 0.960
59 67 0.663
59 68 0.173
59 69 2.568
59 70 1.530
59 71 1.294
59 72 0.964
59 73 1.074
59 74 1.121
59 75 0.459
59 76 1.986
59 77 1.246
59 78 0.834
59 79 1.993
59 80 4.136
59 81 2.692
59 82 2.853
59 83 0.567
59 84 3.157
59 85 0.386
59 86 2.800
59 87 0.520
59 88 1.163
59 89 1.558
59 90 1.115
59 91 1.020
59 92 0.394
59 93 3.167
59 94 1.657
59 95 3.820
59 96 1.874
59 97 0.187
59 98 0.381
59 99 2.433
60 61 1.513
60 62 1.762
60 63 2.145
60 64 2.720
60 65 1.251
60 66 1.636
60 67 0.340
60 68 0.700
60 69 2.358
60 70 1.982
60 71 1.035
60 72 1.012
60 73 0.771
60 74 1.072
60 75 1.134
60 76 1.755
60 77 1.215
60 78 1.477
60 79 1.822
60 80 3.834
60 81 2.337
60 82 2.633
60 83 0.954
60 84 2.885
60 85 0.455
60 86 2.804
60 87 0.653
60 88 0.899
60 89 1.645
60 90 1.784
60 91 1.316
60 92 1.080
60 93 3.129
60 94 1.609
60 95 3.636
60 96 1.620
60 97 0.656
60 98 0.968
60 99 2.337
61 62 0.769
61 63 1.247
61 64 1.697
61 65 0.688
61 66 2.152
61 67 1.176
61 68 1.361
61 69 1.104
61 70 3.023
61 71 0.605
61 72 0.567
61 73 0.804
61 74 0.445
61 75 1.811
61 76 0.642
61 77 0.302
61 78 1.563
61 79 0.554
61 80 2.699
61 81 1.421
61 82 1.384
61 83 2.095
61 84 1.724
61 85 1.243
61 86 1.300
61 87 1.954
61 88 0.687
61 89 0.249
61 90 1.850
61 91 2.546
61 92 1.711
61 93 1.649
61 94 0.135
61 95 2.305
61 96 0.620
61 97 1.691
61 98 1.885
61 99 0.906
62 63 0.489
62 64 1.010
62 65 1.409
62 66 2.816
62 67 1.487
62 68 1.893
62 69 0.613
62 70 3.570
62 71 0.755
62 72 1.149
62 73 1.009
62 74 0.964
62 75 2.410
62 76 0.145
62 77 0.889
62 78 2.274
62 79 0.312
62 80 2.100
62 81 0.677
62 82 0.875
62 83 2.567
62 84 1.130
62 85 1.678
62 86 1.330
62 87 2.348
62 88 0.894
62 89 0.985
62 90 2.581
62 91 3.000
62 92 2.312
62 93 1.536
62 94 0.667
62 95 1.881
62 96 0.171
62 97 2.164
62 98 2.420
62 99 0.764
63 64 0.575
63 65 1.898
63 66 3.298
63 67 1.904
63 68 2.355
63 69 0.553
63 70 4.020
63 71 1.201
63 72 1.632
63 73 1.434
63 74 1.447
63 75 2.881
63 76 0.605
63 77 1.378
63 78 2.763
63 79 0.722
63 80 1.690
63 81 0.197
63 82 0.673
63 83 3.003
63 84 0.781
63 85 2.122
63 86 1.445
63 87 2.763
63 88 1.333
63 89 1.447
63 90 3.070
63 91 3.425
63 92 2.785
63 93 1.529
63 94 1.134
63 95 1.613
63 96 0.658
63 97 2.606
63 98 2.876
63 99 0.921
64 65 2.378
64 66 3.816
64 67 2.473
64 68 2.903
64 69 0.660
64 70 4.578
64 71 1.757
64 72 2.152
64 73 1.999
64 74 1.969
64 75 3.420
64 76 1.087
64 77 1.881
64 78 3.253
64 79 1.143
64 80 1.116
64 81 0.389
64 82 0.506
64 83 3.568
64 84 0.305
64 85 2.682
64 86 1.427
64 87 3.334
64 88 1.893
64 89 1.854
64 90 3.546
64 91 3.994
64 92 3.322
64 93 1.355
64 94 1.568
64 95 1.132
64 96 1.180
64 97 3.168
64 98 3.429
64 99 1.063
65 66 1.469
65 67 0.939
65 68 0.813
65 69 1.792
65 70 2.388
65 71 0.875
65 72 0.371
65 73 0.868
65 74 0.516
65 75 1.166
65 76 1.301
65 77 0.529
65 78 0.876
65 79 1.237
65 80 3.386
65 81 2.082
65 82 2.070
65 83 1.541
65 84 2.412
65 85 0.836
65 86 1.848
65 87 1.481
65 88 0.836
65 89 0.618
65 90 1.173
65 91 1.988
65 92 1.068
65 93 2.230
65 94 0.822
65 95 2.966
65 96 1.242
65 97 1.167
65 98 1.289
65 99 1.560
66 67 1.608
66 68 1.022
66 69 3.255
66 70 1.080
66 71 2.126
66 72 1.667
66 73 1.954
66 74 1.852
66 75 0.502
66 76 2.729
66 77 1.936
66 78 0.643
66 79 2.690
66 80 4.850
66 81 3.491
66 82 3.536
66 83 0.914
66 84 3.873
66 85 1.319
66 86 3.257
66 87 1.189
66 88 2.014
66 89 2.075
66 90 0.567
66 91 1.101
66 92 0.570
66 93 3.649
66 94 2.287
66 95 4.429
66 96 2.644
66 97 0.990
66 98 0.704
66 99 3.026
67 68 0.590
67 69 2.066
67 70 2.135
67 71 0.737
67 72 0.674
67 73 0.477
67 74 0.733
67 75 1.116
67 76 1.463
67 77 0.877
67 78 1.319
67 79 1.514
67 80 3.580
67 81 2.100
67 82 2.345
67 83 1.105
67 84 2.616
67 85 0.290
67 86 2.472
67 87 0.863
67 88 0.597
67 89 1.305
67 90 1.646
67 91 1.521
67 92 1.039
67 93 2.803
67 94 1.276
67 95 3.343
67 96 1.334
67 97 0.724
67 98 1.024
67 99 2.017
68 69 2.409
68 70 1.683
68 71 1.156
68 72 0.798
68 73 0.951
68 74 0.959
68 75 0.543
68 76 1.832
68 77 1.081
68 78 0.778
68 79 1.833
68 80 3.983
68 81 2.552
68 82 2.695
68 83 0.739
68 84 3.003
68 85 0.300
68 86 2.627
68 87 0.676
68 88 1.030
68 89 1.386
68 90 1.087
68 91 1.191
68 92 0.456
68 93 2.996
68 94 1.489
68 95 3.656
68 96 1.725
68 97 0.354
68 98 0.532
68 99 2.266
69 70 4.091
69 71 1.329
69 72 1.621
69 73 1.592
69 74 1.450
69 75 2.896
69 76 0.603
69 77 1.337
69 78 2.664
69 79 0.576
69 80 1.595
69 81 0.579
69 82 0.286
69 83 3.115
69 84 0.622
69 85 2.228
69 86 0.896
69 87 2.920
69 88 1.469
69 89 1.226
69 90 2.941
69 91 3.558
69 92 2.796
69 93 0.989
69 94 0.969
69 95 1.279
69 96 0.739
69 97 2.708
69 98 2.941
69 99 0.417
70 71 2.821
70 72 2.473
70 73 2.589
70 74 2.641
70 75 1.222
70 76 3.514
70 77 2.757
70 78 1.688
70 79 3.515
70 80 5.665
70 81 4.217
70 82 4.377
70 83 1.035
70 84 4.686
70 85 1.898
70 86 4.233
70 87 1.332
70 88 2.687
70 89 3.004
70 90 1.645
70 91 0.713
70 92 1.320
70 93 4.617
70 94 3.156
70 95 5.328
70 96 3.404
70 97 1.415
70 98 1.151
70 99 3.927
71 72 0.518
71 73 0.265
71 74 0.361
71 75 1.688
71 76 0.726
71 77 0.412
71 78 1.650
71 79 0.787
71 80 2.855
71 81 1.398
71 82 1.609
71 83 1.813
71 84 1.884
71 85 0.925
71 86 1.809
71 87 1.596
71 88 0.140
71 89 0.827
71 90 1.978
71 91 2.245
71 92 1.593
71 93 2.111
71 94 0.649
71 95 2.607
71 96 0.597
71 97 1.411
71 98 1.675
71 99 1.310
72 73 0.500
72 74 0.186
72 75 1.276
72 76 1.066
72 77 0.284
72 78 1.146
72 79 1.045
72 80 3.207
72 81 1.825
72 82 1.906
72 83 1.528
72 84 2.226
72 85 0.684
72 86 1.857
72 87 1.391
72 88 0.466
72 89 0.642
72 90 1.468
72 91 1.980
72 92 1.177
72 93 2.214
72 94 0.693
72 95 2.859
72 96 0.977
72 97 1.124
72 98 1.327
72 99 1.469
73 74 0.426
73 75 1.493
73 76 0.989
73 77 0.542
73 78 1.536
73 79 1.051
73 80 3.104
73 81 1.631
73 82 1.871
73 83 1.569
73 84 2.139
73 85 0.692
73 86 2.057
73 87 1.339
73 88 0.130
73 89 0.993
73 90 1.869
73 91 1.995
73 92 1.403
73 93 2.368
73 94 0.875
73 95 2.871
73 96 0.857
73 97 1.174
73 98 1.453
73 99 1.571
74 75 1.454
74 76 0.884
74 77 0.144
74 78 1.329
74 79 0.874
74 80 3.031
74 81 1.639
74 82 1.736
74 83 1.678
74 84 2.050
74 85 0.806
74 86 1.745
74 87 1.517
74 88 0.349
74 89 0.585
74 90 1.649
74 91 2.127
74 92 1.355
74 93 2.088
74 94 0.555
74 95 2.700
74 96 0.792
74 97 1.271
74 98 1.491
74 99 1.324
75 76 2.338
75 77 1.558
75 78 0.602
75 79 2.321
75 80 4.484
75 81 3.077
75 82 3.180
75 83 0.556
75 84 3.502
75 85 0.830
75 86 3.013
75 87 0.748
75 88 1.566
75 89 1.782
75 90 0.778
75 91 0.917
75 92 0.100
75 93 3.396
75 94 1.945
75 95 4.115
75 96 2.240
75 97 0.497
75 98 0.266
75 99 2.711
76 77 0.794
76 78 2.173
76 79 0.172
76 80 2.151
76 81 0.783
76 82 0.882
76 83 2.524
76 84 1.172
76 85 1.634
76 86 1.231
76 87 2.320
76 88 0.866
76 89 0.848
76 90 2.474
76 91 2.963
76 92 2.240
76 93 1.464
76 94 0.532
76 95 1.882
76 96 0.143
76 97 2.118
76 98 2.363
76 99 0.671
77 78 1.385
77 79 0.763
77 80 2.926
77 81 1.566
77 82 1.623
77 83 1.807
77 84 1.945
77 85 0.944
77 86 1.602
77 87 1.655
77 88 0.444
77 89 0.452
77 90 1.695
77 91 2.258
77 92 1.459
77 93 1.948
77 94 0.416
77 95 2.575
77 96 0.720
77 97 1.402
77 98 1.611
77 99 1.190
78 79 2.113
78 80 4.256
78 81 2.951
78 82 2.939
78 83 1.153
78 84 3.285
78 85 1.049
78 86 2.617
78 87 1.292
78 88 1.563
78 89 1.458
78 90 0.334
78 91 1.511
78 92 0.555
78 93 3.010
78 94 1.696
78 95 3.805
78 96 2.105
78 97 0.976
78 98 0.855
78 99 2.408
79 80 2.164
79 81 0.881
79 82 0.861
79 83 2.544
79 84 1.184
79 85 1.659
79 86 1.084
79 87 2.358
79 88 0.923
79 89 0.729
79 90 2.403
79 91 2.989
79 92 2.222
79 93 1.343
79 94 0.427
79 95 1.836
79 96 0.282
79 97 2.136
79 98 2.365
79 99 0.539
80 81 1.503
80 82 1.317
80 83 4.667
80 84 0.981
80 85 3.778
80 86 1.935
80 87 4.443
80 88 2.993
80 89 2.805
80 90 4.524
80 91 5.099
80 92 4.384
80 93 1.636
80 94 2.564
80 95 0.753
80 96 2.263
80 97 4.263
80 98 4.514
80 99 1.874
81 82 0.610
81 83 3.200
81 84 0.631
81 85 2.319
81 86 1.468
81 87 2.958
81 88 1.530
81 89 1.610
81 90 3.255
81 91 3.620
81 92 2.981
81 93 1.500
81 94 1.303
81 95 1.476
81 96 0.848
81 97 2.803
81 98 3.073
81 99 0.985
82 83 3.400
82 84 0.363
82 85 2.512
82 86 0.922
82 87 3.202
82 88 1.749
82 89 1.492
82 90 3.210
82 91 3.842
82 92 3.081
82 93 0.894
82 94 1.248
82 95 1.007
82 96 1.014
82 97 2.993
82 98 3.227
82 99 0.597
83 84 3.693
83 85 0.890
83 86 3.367
83 87 0.328
83 88 1.675
83 89 2.125
83 90 1.325
83 91 0.452
83 92 0.601
83 93 3.735
83 94 2.221
83 95 4.377
83 96 2.405
83 97 0.408
83 98 0.300
83 99 2.997
84 85 2.803
84 86 1.216
84 87 3.478
84 88 2.024
84 89 1.846
84 90 3.562
84 91 4.129
84 92 3.403
84 93 1.088
84 94 1.590
84 95 0.846
84 96 1.288
84 97 3.288
84 98 3.534
84 99 0.959
85 86 2.540
85 87 0.711
85 88 0.789
85 89 1.320
85 90 1.370
85 91 1.331
85 92 0.750
85 93 2.892
85 94 1.360
85 95 3.494
85 96 1.515
85 97 0.486
85 98 0.761
85 99 2.129
86 87 3.248
86 88 1.929
86 89 1.242
86 90 2.820
86 91 3.819
86 92 2.915
86 93 0.394
86 94 1.196
86 95 1.290
86 96 1.363
86 97 2.971
86 98 3.132
86 99 0.567
87 88 1.456
87 89 2.020
87 90 1.520
87 91 0.667
87 92 0.751
87 93 3.602
87 94 2.071
87 95 4.193
87 96 2.193
87 97 0.336
87 98 0.492
87 99 2.839
88 89 0.888
88 90 1.894
88 91 2.106
88 92 1.473
88 93 2.239
88 94 0.751
88 95 2.747
88 96 0.738
88 97 1.275
88 98 1.544
88 99 1.441
89 90 1.719
89 91 2.577
89 92 1.684
89 93 1.617
89 94 0.319
89 95 2.354
89 96 0.850
89 97 1.732
89 98 1.891
89 99 0.951
90 91 1.613
90 92 0.770
90 93 3.214
90 94 1.980
90 95 4.043
90 96 2.413
90 97 1.231
90 98 1.044
90 99 2.661
91 92 0.989
91 93 4.187
91 94 2.672
91 95 4.823
91 96 2.841
91 97 0.856
91 98 0.710
91 99 3.447
92 93 3.298
92 94 1.845
92 95 4.015
92 96 2.142
92 97 0.468
92 98 0.301
92 99 2.612
93 94 1.533
93 95 0.939
93 96 1.605
93 97 3.335
93 98 3.507
93 99 0.804
94 95 2.172
94 96 0.533
94 97 1.816
94 98 2.016
94 99 0.777
95 96 2.017
95 97 3.969
95 98 4.185
95 99 1.406
96 97 2.001
96 98 2.253
96 99 0.808
97 98 0.314
97 99 2.591
98 99 2.791
