nodei nodej distance
0 1 1.519
0 2 2.428
0 3 2.155
0 4 0.243
0 5 2.034
0 6 1.739
0 7 1.450
0 8 1.823
0 9 2.467
0 10 1.322
0 11 1.293
0 12 1.364
0 13 0.579
0 14 1.639
0 15 1.670
0 16 0.322
0 17 1.726
0 18 0.834
0 19 2.274
0 20 1.579
0 21 0.538
0 22 1.529
0 23 2.067
0 24 1.935
0 25 0.830
0 26 2.351
0 27 2.081
0 28 1.727
0 29 2.353
1 2 3.677
1 3 2.734
1 4 1.569
1 5 3.542
1 6 3.257
1 7 2.751
1 8 3.312
1 9 2.911
1 10 1.916
1 11 2.717
1 12 2.825
1 13 2.054
1 14 1.762
1 15 2.219
1 16 1.777
1 17 3.147
1 18 1.364
1 19 3.792
1 20 3.094
1 21 1.422
1 22 1.055
1 23 3.462
1 24 2.643
1 25 2.106
1 26 3.854
1 27 3.133
1 28 2.775
1 29 3.422
2 3 1.647
2 4 2.579
2 5 1.380
2 6 1.637
2 7 0.978
2 8 1.195
2 9 1.894
2 10 1.913
2 11 2.410
2 12 2.269
2 13 2.296
2 14 2.378
2 15 1.807
2 16 2.416
2 17 0.896
2 18 3.227
2 19 1.686
2 20 1.852
2 21 2.270
2 22 3.955
2 23 0.633
2 24 1.461
2 25 2.686
2 26 1.373
2 27 0.715
2 28 0.969
2 29 0.564
3 4 2.393
3 5 2.587
3 6 2.622
3 7 1.431
3 8 2.296
3 9 0.350
3 10 0.884
3 11 2.950
3 12 2.892
3 13 2.430
3 14 1.014
3 15 0.531
3 16 2.358
3 17 1.896
3 18 2.944
3 19 2.949
3 20 2.701
3 21 1.684
3 22 3.413
3 23 1.948
3 24 0.274
3 25 2.846
3 26 2.745
3 27 0.941
3 28 0.874
3 29 1.113
4 5 2.056
4 6 1.730
4 7 1.607
4 8 1.873
4 9 2.708
4 10 1.564
4 11 1.162
4 12 1.259
4 13 0.488
4 14 1.874
4 15 1.912
4 16 0.217
4 17 1.826
4 18 0.648
4 19 2.264
4 20 1.541
4 21 0.777
4 22 1.411
4 23 2.173
4 24 2.169
4 25 0.625
4 26 2.376
4 27 2.278
4 28 1.931
4 29 2.543
5 6 0.389
5 7 1.186
5 8 0.298
5 9 2.917
5 10 2.353
5 11 1.314
5 12 1.141
5 13 1.598
5 14 2.886
5 15 2.463
5 16 1.841
5 17 0.692
5 18 2.613
5 19 0.361
5 20 0.654
5 21 2.205
5 22 3.433
5 23 0.759
5 24 2.324
5 25 1.835
5 26 0.321
5 27 1.760
5 28 1.713
5 29 1.811
6 7 1.192
6 8 0.442
6 9 2.965
6 10 2.256
6 11 0.925
6 12 0.752
6 13 1.255
6 14 2.780
6 15 2.420
6 16 1.513
6 17 0.801
6 18 2.256
6 19 0.535
6 20 0.266
6 21 1.981
6 22 3.080
6 23 1.005
6 24 2.350
6 25 1.457
6 26 0.690
6 27 1.886
6 28 1.763
6 29 1.990
7 8 0.888
7 9 1.774
7 10 1.205
7 11 1.657
7 12 1.558
7 13 1.369
7 14 1.736
7 15 1.279
7 16 1.454
7 17 0.519
7 18 2.255
7 19 1.545
7 20 1.287
7 21 1.329
7 22 2.977
7 23 0.742
7 24 1.160
7 25 1.784
7 26 1.399
7 27 0.789
7 28 0.578
7 29 0.997
8 9 2.630
8 10 2.058
8 11 1.298
8 12 1.136
8 13 1.444
8 14 2.592
8 15 2.165
8 16 1.663
8 17 0.405
8 18 2.462
8 19 0.657
8 20 0.675
8 21 1.946
8 22 3.273
8 23 0.563
8 24 2.031
8 25 1.735
8 26 0.558
8 27 1.493
8 28 1.423
8 29 1.570
9 10 1.162
9 11 3.298
9 12 3.242
9 13 2.767
9 14 1.151
9 15 0.802
9 16 2.684
9 17 2.226
9 18 3.237
9 19 3.278
9 20 3.048
9 21 1.975
9 22 3.659
9 23 2.255
9 24 0.624
9 25 3.180
9 26 3.062
9 27 1.218
9 28 1.208
9 29 1.337
10 11 2.323
10 12 2.308
10 13 1.699
10 14 0.534
10 15 0.360
10 16 1.568
10 17 1.721
10 18 2.075
10 19 2.699
10 20 2.250
10 21 0.814
10 22 2.530
10 23 1.925
10 24 0.737
10 25 2.086
10 26 2.594
10 27 1.268
10 28 0.945
10 29 1.548
11 12 0.175
11 13 0.716
11 14 2.776
11 15 2.596
11 16 0.978
11 17 1.514
11 18 1.500
11 19 1.360
11 20 0.660
11 21 1.742
11 22 2.310
11 23 1.818
11 24 2.681
11 25 0.648
11 26 1.603
11 27 2.445
11 28 2.203
11 29 2.629
12 13 0.787
12 14 2.779
12 15 2.563
12 16 1.061
12 17 1.375
12 18 1.645
12 19 1.186
12 20 0.486
12 21 1.779
12 22 2.462
12 23 1.667
12 24 2.620
12 25 0.796
12 26 1.428
12 27 2.341
12 28 2.117
12 29 2.512
13 14 2.108
13 15 2.010
13 16 0.278
13 17 1.467
13 18 1.019
13 19 1.785
13 20 1.056
13 21 1.039
13 22 1.836
13 23 1.815
13 24 2.177
13 25 0.428
13 26 1.919
13 27 2.122
13 28 1.811
13 29 2.359
14 15 0.586
14 16 1.930
14 17 2.254
14 18 2.274
14 19 3.231
14 20 2.761
14 21 1.101
14 22 2.567
14 23 2.447
14 24 1.010
14 25 2.456
14 26 3.128
14 27 1.691
14 28 1.415
14 29 1.949
15 16 1.901
15 17 1.793
15 18 2.435
15 19 2.820
15 20 2.449
15 21 1.173
15 22 2.883
15 23 1.938
15 24 0.437
15 25 2.410
15 26 2.673
15 27 1.110
15 28 0.861
15 29 1.364
16 17 1.636
16 18 0.821
16 19 2.047
16 20 1.326
16 21 0.835
16 22 1.612
16 23 1.984
16 24 2.119
16 25 0.526
16 26 2.162
16 27 2.161
16 28 1.826
16 29 2.417
17 18 2.456
17 19 1.053
17 20 0.979
17 21 1.738
17 22 3.236
17 23 0.349
17 24 1.633
17 25 1.827
17 26 0.881
17 27 1.092
17 28 1.022
17 29 1.190
18 19 2.773
18 20 2.032
18 21 1.262
18 22 0.825
18 23 2.805
18 24 2.742
18 25 0.852
18 26 2.932
18 27 2.914
18 28 2.561
18 29 3.184
19 20 0.742
19 21 2.498
19 22 3.598
19 23 1.088
19 24 2.686
19 25 1.952
19 26 0.352
19 27 2.113
19 28 2.074
19 29 2.148
20 21 1.882
20 22 2.857
20 23 1.229
20 24 2.426
20 25 1.214
20 26 0.947
20 27 2.030
20 28 1.865
20 29 2.162
21 22 1.785
21 23 2.044
21 24 1.492
21 25 1.359
21 26 2.502
21 27 1.790
21 28 1.424
21 29 2.077
22 23 3.582
22 24 3.254
22 25 1.666
22 26 3.754
22 27 3.560
22 28 3.195
22 29 3.842
23 24 1.706
23 25 2.168
23 26 0.817
23 27 1.050
23 28 1.099
23 29 1.060
24 25 2.597
24 26 2.492
24 27 0.746
24 28 0.615
24 29 0.966
25 26 2.147
25 27 2.546
25 28 2.238
25 29 2.778
26 27 1.866
26 28 1.878
26 29 1.867
27 28 0.366
27 29 0.289
28 29 0.654
