nodei nodej distance
0 1 0.079
0 2 0.626
0 3 0.379
0 4 0.593
0 5 0.744
0 6 0.572
0 7 0.275
0 8 1.011
0 9 0.624
0 10 1.849
0 11 0.311
0 12 0.767
0 13 2.962
0 14 1.380
0 15 1.141
0 16 2.232
0 17 1.309
0 18 1.633
0 19 0.111
0 20 0.312
0 21 2.530
0 22 0.572
0 23 0.896
0 24 0.763
0 25 1.770
0 26 4.365
0 27 2.421
0 28 2.260
0 29 0.682
0 30 3.577
0 31 1.520
0 32 0.504
0 33 2.454
0 34 0.040
0 35 0.190
0 36 0.634
0 37 1.740
0 38 0.118
0 39 3.589
0 40 0.069
0 41 0.567
0 42 2.279
0 43 0.721
0 44 4.670
0 45 1.012
0 46 2.206
0 47 0.456
0 48 2.796
0 49 0.506
0 50 0.700
0 51 2.835
0 52 2.356
0 53 0.696
0 54 0.314
0 55 0.798
0 56 0.184
0 57 0.894
0 58 0.338
0 59 1.048
0 60 4.429
0 61 2.842
0 62 0.574
0 63 1.258
0 64 0.815
0 65 0.927
0 66 1.894
0 67 1.254
0 68 2.401
0 69 0.513
0 70 1.506
0 71 3.107
0 72 1.459
0 73 0.552
0 74 1.200
0 75 0.621
0 76 3.891
0 77 0.829
0 78 0.504
0 79 1.820
0 80 1.690
0 81 2.411
0 82 1.889
0 83 0.025
0 84 1.291
0 85 0.368
0 86 2.913
0 87 1.193
0 88 1.130
0 89 2.484
0 90 1.450
0 91 1.361
0 92 1.537
0 93 3.232
0 94 2.224
0 95 0.600
0 96 2.720
0 97 1.113
0 98 1.879
0 99 0.957
1 2 0.703
1 3 0.458
1 4 0.514
1 5 0.823
1 6 0.651
1 7 0.354
1 8 1.090
1 9 0.703
1 10 1.928
1 11 0.235
1 12 0.688
1 13 3.042
1 14 1.460
1 15 1.220
1 16 2.311
1 17 1.230
1 18 1.712
1 19 0.061
1 20 0.234
1 21 2.609
1 22 0.493
1 23 0.975
1 24 0.684
1 25 1.849
1 26 4.444
1 27 2.500
1 28 2.340
1 29 0.761
1 30 3.657
1 31 1.441
1 32 0.583
1 33 2.533
1 34 0.043
1 35 0.270
1 36 0.713
1 37 1.660
1 38 0.066
1 39 3.668
1 40 0.036
1 41 0.645
1 42 2.358
1 43 0.799
1 44 4.749
1 45 1.091
1 46 2.285
1 47 0.535
1 48 2.875
1 49 0.427
1 50 0.778
1 51 2.915
1 52 2.435
1 53 0.617
1 54 0.393
1 55 0.878
1 56 0.106
1 57 0.973
1 58 0.417
1 59 1.127
1 60 4.509
1 61 2.921
1 62 0.653
1 63 1.337
1 64 0.736
1 65 0.848
1 66 1.973
1 67 1.175
1 68 2.480
1 69 0.592
1 70 1.585
1 71 3.187
1 72 1.538
1 73 0.631
1 74 1.121
1 75 0.701
1 76 3.970
1 77 0.908
1 78 0.583
1 79 1.899
1 80 1.769
1 81 2.491
1 82 1.968
1 83 0.054
1 84 1.371
1 85 0.448
1 86 2.992
1 87 1.272
1 88 1.051
1 89 2.564
1 90 1.371
1 91 1.441
1 92 1.616
1 93 3.311
1 94 2.303
1 95 0.679
1 96 2.799
1 97 1.192
1 98 1.958
1 99 1.035
2 3 0.262
2 4 1.201
2 5 0.160
2 6 0.103
2 7 0.358
2 8 0.417
2 9 0.133
2 10 1.257
2 11 0.906
2 12 1.381
2 13 2.366
2 14 0.810
2 15 0.594
2 16 1.643
2 17 1.921
2 18 1.043
2 19 0.705
2 20 0.923
2 21 1.934
2 22 1.179
2 23 0.304
2 24 1.373
2 25 1.172
2 26 3.769
2 27 1.826
2 28 1.662
2 29 0.127
2 30 2.984
2 31 2.130
2 32 0.212
2 33 1.856
2 34 0.660
2 35 0.449
2 36 0.089
2 37 2.352
2 38 0.710
2 39 2.996
2 40 0.678
2 41 0.083
2 42 1.690
2 43 0.138
2 44 4.075
2 45 0.426
2 46 1.612
2 47 0.207
2 48 2.199
2 49 1.117
2 50 0.126
2 51 2.248
2 52 1.760
2 53 1.301
2 54 0.320
2 55 0.285
2 56 0.797
2 57 0.335
2 58 0.313
2 59 0.446
2 60 3.831
2 61 2.250
2 62 0.119
2 63 0.667
2 64 1.425
2 65 1.522
2 66 1.296
2 67 1.860
2 68 1.810
2 69 0.151
2 70 0.923
2 71 2.508
2 72 0.870
2 73 0.095
2 74 1.816
2 75 0.139
2 76 3.293
2 77 0.231
2 78 0.161
2 79 1.229
2 80 1.086
2 81 1.813
2 82 1.297
2 83 0.651
2 84 0.711
2 85 0.287
2 86 2.320
2 87 0.593
2 88 1.744
2 89 1.892
2 90 2.061
2 91 0.772
2 92 0.949
2 93 2.640
2 94 1.619
2 95 0.096
2 96 2.128
2 97 0.524
2 98 1.288
2 99 0.355
3 4 0.969
3 5 0.365
3 6 0.194
3 7 0.104
3 8 0.632
3 9 0.245
3 10 1.472
3 11 0.678
3 12 1.145
3 13 2.585
3 14 1.006
3 15 0.770
3 16 1.856
3 17 1.687
3 18 1.256
3 19 0.472
3 20 0.688
3 21 2.153
3 22 0.947
3 23 0.517
3 24 1.140
3 25 1.392
3 26 3.988
3 27 2.044
3 28 1.883
3 29 0.303
3 30 3.201
3 31 1.898
3 32 0.137
3 33 2.076
3 34 0.416
3 35 0.192
3 36 0.256
3 37 2.118
3 38 0.478
3 39 3.213
3 40 0.438
3 41 0.191
3 42 1.903
3 43 0.342
3 44 4.293
3 45 0.634
3 46 1.829
3 47 0.078
3 48 2.419
3 49 0.882
3 50 0.321
3 51 2.460
3 52 1.979
3 53 1.071
3 54 0.065
3 55 0.427
3 56 0.559
3 57 0.518
3 58 0.051
3 59 0.669
3 60 4.052
3 61 2.466
3 62 0.195
3 63 0.880
3 64 1.192
3 65 1.299
3 66 1.516
3 67 1.631
3 68 2.024
3 69 0.134
3 70 1.130
3 71 2.730
3 72 1.082
3 73 0.177
3 74 1.579
3 75 0.243
3 76 3.513
3 77 0.450
3 78 0.125
3 79 1.443
3 80 1.311
3 81 2.034
3 82 1.512
3 83 0.404
3 84 0.915
3 85 0.032
3 86 2.537
3 87 0.814
3 88 1.508
3 89 2.108
3 90 1.828
3 91 0.984
3 92 1.160
3 93 2.856
3 94 1.846
3 95 0.221
3 96 2.344
3 97 0.735
3 98 1.502
3 99 0.578
4 5 1.331
4 6 1.160
4 7 0.866
4 8 1.600
4 9 1.214
4 10 2.440
4 11 0.295
4 12 0.182
4 13 3.554
4 14 1.973
4 15 1.734
4 16 2.824
4 17 0.720
4 18 2.224
4 19 0.498
4 20 0.281
4 21 3.121
4 22 0.023
4 23 1.485
4 24 0.172
4 25 2.360
4 26 4.957
4 27 3.013
4 28 2.851
4 29 1.271
4 30 4.169
4 31 0.930
4 32 1.096
4 33 3.045
4 34 0.554
4 35 0.783
4 36 1.221
4 37 1.151
4 38 0.492
4 39 4.181
4 40 0.530
4 41 1.151
4 42 2.871
4 43 1.307
4 44 5.262
4 45 1.602
4 46 2.798
4 47 1.046
4 48 3.387
4 49 0.087
4 50 1.287
4 51 3.428
4 52 2.947
4 53 0.103
4 54 0.903
4 55 1.391
4 56 0.410
4 57 1.486
4 58 0.930
4 59 1.635
4 60 5.021
4 61 3.434
4 62 1.163
4 63 1.849
4 64 0.224
4 65 0.337
4 66 2.484
4 67 0.662
4 68 2.993
4 69 1.102
4 70 2.098
4 71 3.699
4 72 2.050
4 73 1.137
4 74 0.616
4 75 1.212
4 76 4.482
4 77 1.416
4 78 1.093
4 79 2.411
4 80 2.279
4 81 3.003
4 82 2.480
4 83 0.568
4 84 1.883
4 85 0.961
4 86 3.505
4 87 1.782
4 88 0.543
4 89 3.077
4 90 0.861
4 91 1.953
4 92 2.129
4 93 3.824
4 94 2.813
4 95 1.187
4 96 3.312
4 97 1.704
4 98 2.470
4 99 1.544
5 6 0.172
5 7 0.469
5 8 0.269
5 9 0.126
5 10 1.113
5 11 1.038
5 12 1.509
5 13 2.225
5 14 0.656
5 15 0.435
5 16 1.499
5 17 2.051
5 18 0.897
5 19 0.833
5 20 1.051
5 21 1.793
5 22 1.309
5 23 0.154
5 24 1.503
5 25 1.030
5 26 3.629
5 27 1.684
5 28 1.521
5 29 0.063
5 30 2.842
5 31 2.261
5 32 0.258
5 33 1.716
5 34 0.781
5 35 0.557
5 36 0.110
5 37 2.482
5 38 0.839
5 39 2.854
5 40 0.802
5 41 0.182
5 42 1.545
5 43 0.024
5 44 3.934
5 45 0.275
5 46 1.470
5 47 0.291
5 48 2.058
5 49 1.245
5 50 0.044
5 51 2.103
5 52 1.618
5 53 1.433
5 54 0.430
5 55 0.138
5 56 0.922
5 57 0.176
5 58 0.409
5 59 0.304
5 60 3.692
5 61 2.107
5 62 0.170
5 63 0.520
5 64 1.555
5 65 1.658
5 66 1.155
5 67 1.993
5 68 1.666
5 69 0.232
5 70 0.774
5 71 2.369
5 72 0.723
5 73 0.195
5 74 1.943
5 75 0.130
5 76 3.153
5 77 0.085
5 78 0.241
5 79 1.084
5 80 0.948
5 81 1.673
5 82 1.153
5 83 0.769
5 84 0.560
5 85 0.379
5 86 2.178
5 87 0.451
5 88 1.872
5 89 1.749
5 90 2.191
5 91 0.625
5 92 0.802
5 93 2.498
5 94 1.482
5 95 0.144
5 96 1.985
5 97 0.375
5 98 1.143
5 99 0.213
6 7 0.297
6 8 0.440
6 9 0.065
6 10 1.283
6 11 0.867
6 12 1.337
6 13 2.396
6 14 0.822
6 15 0.592
6 16 1.668
6 17 1.879
6 18 1.067
6 19 0.662
6 20 0.879
6 21 1.963
6 22 1.138
6 23 0.325
6 24 1.331
6 25 1.201
6 26 3.799
6 27 1.855
6 28 1.692
6 29 0.111
6 30 3.012
6 31 2.089
6 32 0.112
6 33 1.886
6 34 0.609
6 35 0.386
6 36 0.062
6 37 2.310
6 38 0.668
6 39 3.024
6 40 0.630
6 41 0.028
6 42 1.715
6 43 0.148
6 44 4.105
6 45 0.444
6 46 1.640
6 47 0.123
6 48 2.229
6 49 1.074
6 50 0.127
6 51 2.273
6 52 1.789
6 53 1.262
6 54 0.258
6 55 0.255
6 56 0.750
6 57 0.333
6 58 0.240
6 59 0.476
6 60 3.863
6 61 2.277
6 62 0.019
6 63 0.690
6 64 1.383
6 65 1.487
6 66 1.325
6 67 1.821
6 68 1.836
6 69 0.062
6 70 0.943
6 71 2.540
6 72 0.893
6 73 0.031
6 74 1.772
6 75 0.067
6 76 3.324
6 77 0.257
6 78 0.072
6 79 1.254
6 80 1.119
6 81 1.844
6 82 1.323
6 83 0.598
6 84 0.728
6 85 0.211
6 86 2.348
6 87 0.622
6 88 1.701
6 89 1.919
6 90 2.020
6 91 0.795
6 92 0.972
6 93 2.668
6 94 1.654
6 95 0.027
6 96 2.155
6 97 0.545
6 98 1.313
6 99 0.384
7 8 0.736
7 9 0.349
7 10 1.575
7 11 0.576
7 12 1.041
7 13 2.689
7 14 1.108
7 15 0.871
7 16 1.959
7 17 1.584
7 18 1.359
7 19 0.369
7 20 0.585
7 21 2.256
7 22 0.844
7 23 0.621
7 24 1.037
7 25 1.495
7 26 4.091
7 27 2.147
7 28 1.986
7 29 0.407
7 30 3.304
7 31 1.794
7 32 0.234
7 33 2.180
7 34 0.313
7 35 0.091
7 36 0.359
7 37 2.014
7 38 0.375
7 39 3.316
7 40 0.335
7 41 0.293
7 42 2.006
7 43 0.445
7 44 4.397
7 45 0.737
7 46 1.932
7 47 0.181
7 48 2.522
7 49 0.779
7 50 0.424
7 51 2.563
7 52 2.082
7 53 0.968
7 54 0.039
7 55 0.528
7 56 0.455
7 57 0.620
7 58 0.069
7 59 0.772
7 60 4.156
7 61 2.569
7 62 0.299
7 63 0.984
7 64 1.089
7 65 1.197
7 66 1.619
7 67 1.527
7 68 2.127
7 69 0.237
7 70 1.232
7 71 2.833
7 72 1.185
7 73 0.279
7 74 1.475
7 75 0.347
7 76 3.617
7 77 0.554
7 78 0.229
7 79 1.546
7 80 1.415
7 81 2.137
7 82 1.615
7 83 0.301
7 84 1.018
7 85 0.097
7 86 2.640
7 87 0.918
7 88 1.405
7 89 2.211
7 90 1.724
7 91 1.087
7 92 1.263
7 93 2.959
7 94 1.949
7 95 0.325
7 96 2.447
7 97 0.838
7 98 1.605
7 99 0.681
8 9 0.387
8 10 0.844
8 11 1.307
8 12 1.777
8 13 1.956
8 14 0.394
8 15 0.208
8 16 1.230
8 17 2.319
8 18 0.628
8 19 1.102
8 20 1.319
8 21 1.523
8 22 1.578
8 23 0.116
8 24 1.771
8 25 0.761
8 26 3.359
8 27 1.415
8 28 1.252
8 29 0.329
8 30 2.573
8 31 2.529
8 32 0.513
8 33 1.446
8 34 1.048
8 35 0.822
8 36 0.379
8 37 2.750
8 38 1.108
8 39 2.585
8 40 1.070
8 41 0.451
8 42 1.276
8 43 0.294
8 44 3.665
8 45 0.027
8 46 1.200
8 47 0.555
8 48 1.789
8 49 1.514
8 50 0.314
8 51 1.834
8 52 1.349
8 53 1.702
8 54 0.697
8 55 0.239
8 56 1.190
8 57 0.134
8 58 0.674
8 59 0.043
8 60 3.422
8 61 1.838
8 62 0.437
8 63 0.251
8 64 1.824
8 65 1.928
8 66 0.885
8 67 2.262
8 68 1.397
8 69 0.499
8 70 0.507
8 71 2.100
8 72 0.454
8 73 0.464
8 74 2.211
8 75 0.390
8 76 2.884
8 77 0.187
8 78 0.507
8 79 0.815
8 80 0.679
8 81 1.403
8 82 0.883
8 83 1.036
8 84 0.295
8 85 0.643
8 86 1.908
8 87 0.182
8 88 2.140
8 89 1.480
8 90 2.460
8 91 0.356
8 92 0.533
8 93 2.228
8 94 1.214
8 95 0.413
8 96 1.716
8 97 0.107
8 98 0.874
8 99 0.064
9 10 1.227
9 11 0.923
9 12 1.390
9 13 2.340
9 14 0.763
9 15 0.530
9 16 1.611
9 17 1.933
9 18 1.011
9 19 0.717
9 20 0.933
9 21 1.907
9 22 1.193
9 23 0.273
9 24 1.385
9 25 1.147
9 26 3.743
9 27 1.799
9 28 1.637
9 29 0.064
9 30 2.956
9 31 2.143
9 32 0.132
9 33 1.831
9 34 0.661
9 35 0.435
9 36 0.047
9 37 2.363
9 38 0.723
9 39 2.968
9 40 0.684
9 41 0.089
9 42 1.658
9 43 0.106
9 44 4.048
9 45 0.388
9 46 1.584
9 47 0.168
9 48 2.173
9 49 1.128
9 50 0.085
9 51 2.215
9 52 1.733
9 53 1.316
9 54 0.311
9 55 0.191
9 56 0.804
9 57 0.273
9 58 0.287
9 59 0.425
9 60 3.807
9 61 2.221
9 62 0.054
9 63 0.635
9 64 1.437
9 65 1.544
9 66 1.270
9 67 1.876
9 68 1.780
9 69 0.113
9 70 0.885
9 71 2.485
9 72 0.836
9 73 0.096
9 74 1.824
9 75 0.006
9 76 3.268
9 77 0.210
9 78 0.121
9 79 1.198
9 80 1.066
9 81 1.788
9 82 1.266
9 83 0.649
9 84 0.670
9 85 0.256
9 86 2.291
9 87 0.569
9 88 1.754
9 89 1.863
9 90 2.073
9 91 0.739
9 92 0.915
9 93 2.611
9 94 1.600
9 95 0.045
9 96 2.099
9 97 0.490
9 98 1.257
9 99 0.335
10 11 2.149
10 12 2.616
10 13 1.114
10 14 0.474
10 15 0.717
10 16 0.386
10 17 3.158
10 18 0.216
10 19 1.944
10 20 2.160
10 21 0.681
10 22 2.419
10 23 0.959
10 24 2.611
10 25 0.097
10 26 2.517
10 27 0.572
10 28 0.413
10 29 1.172
10 30 1.729
10 31 3.369
10 32 1.346
10 33 0.606
10 34 1.887
10 35 1.659
10 36 1.222
10 37 3.588
10 38 1.949
10 39 1.741
10 40 1.910
10 41 1.295
10 42 0.433
10 43 1.137
10 44 2.822
10 45 0.839
10 46 0.357
10 47 1.394
10 48 0.947
10 49 2.354
10 50 1.157
10 51 0.991
10 52 0.507
10 53 2.543
10 54 1.537
10 55 1.052
10 56 2.030
10 57 0.955
10 58 1.511
10 59 0.811
10 60 2.581
10 61 0.994
10 62 1.278
10 63 0.593
10 64 2.664
10 65 2.770
10 66 0.063
10 67 3.102
10 68 0.554
10 69 1.339
10 70 0.344
10 71 1.259
10 72 0.390
10 73 1.307
10 74 3.048
10 75 1.229
10 76 2.042
10 77 1.030
10 78 1.347
10 79 0.030
10 80 0.193
10 81 0.564
10 82 0.040
10 83 1.874
10 84 0.558
10 85 1.480
10 86 1.065
10 87 0.664
10 88 2.978
10 89 0.636
10 90 3.299
10 91 0.488
10 92 0.312
10 93 1.385
10 94 0.391
10 95 1.256
10 96 0.872
10 97 0.738
10 98 0.032
10 99 0.903
11 12 0.477
11 13 3.263
11 14 1.684
11 15 1.447
11 16 2.534
11 17 1.015
11 18 1.934
11 19 0.207
11 20 0.052
11 21 2.830
11 22 0.273
11 23 1.192
11 24 0.467
11 25 2.068
11 26 4.666
11 27 2.721
11 28 2.559
11 29 0.978
11 30 3.879
11 31 1.224
11 32 0.809
11 33 2.753
11 34 0.271
11 35 0.498
11 36 0.928
11 37 1.446
11 38 0.201
11 39 3.891
11 40 0.244
11 41 0.857
11 42 2.581
11 43 1.014
11 44 4.971
11 45 1.310
11 46 2.507
11 47 0.756
11 48 3.096
11 49 0.214
11 50 0.994
11 51 3.138
11 52 2.656
11 53 0.396
11 54 0.613
11 55 1.103
11 56 0.130
11 57 1.196
11 58 0.642
11 59 1.342
11 60 4.730
11 61 3.144
11 62 0.871
11 63 1.557
11 64 0.519
11 65 0.621
11 66 2.192
11 67 0.955
11 68 2.703
11 69 0.810
11 70 1.808
11 71 3.407
11 72 1.759
11 73 0.844
11 74 0.912
11 75 0.921
11 76 4.191
11 77 1.122
11 78 0.802
11 79 2.120
11 80 1.986
11 81 2.711
11 82 2.189
11 83 0.288
11 84 1.593
11 85 0.672
11 86 3.214
11 87 1.489
11 88 0.839
11 89 2.786
11 90 1.155
11 91 1.661
11 92 1.838
11 93 3.534
11 94 2.520
11 95 0.894
11 96 3.022
11 97 1.412
11 98 2.180
11 99 1.250
12 13 3.729
12 14 2.147
12 15 1.906
12 16 2.999
12 17 0.542
12 18 2.400
12 19 0.676
12 20 0.458
12 21 3.297
12 22 0.205
12 23 1.662
12 24 0.030
12 25 2.537
12 26 5.132
12 27 3.188
12 28 3.027
12 29 1.448
12 30 4.344
12 31 0.753
12 32 1.270
12 33 3.221
12 34 0.729
12 35 0.957
12 36 1.399
12 37 0.973
12 38 0.671
12 39 4.356
12 40 0.707
12 41 1.329
12 42 3.045
12 43 1.485
12 44 5.436
12 45 1.779
12 46 2.973
12 47 1.222
12 48 3.563
12 49 0.264
12 50 1.464
12 51 3.602
12 52 3.123
12 53 0.095
12 54 1.080
12 55 1.565
12 56 0.587
12 57 1.661
12 58 1.105
12 59 1.813
12 60 5.196
12 61 3.609
12 62 1.340
12 63 2.025
12 64 0.057
12 65 0.200
12 66 2.661
12 67 0.489
12 68 3.167
12 69 1.278
12 70 2.272
12 71 3.874
12 72 2.226
12 73 1.315
12 74 0.435
12 75 1.388
12 76 4.658
12 77 1.594
12 78 1.270
12 79 2.587
12 80 2.456
12 81 3.178
12 82 2.656
12 83 0.742
12 84 2.058
12 85 1.135
12 86 3.680
12 87 1.959
12 88 0.363
12 89 3.251
12 90 0.683
12 91 2.128
12 92 2.304
12 93 3.998
12 94 2.991
12 95 1.365
12 96 3.487
12 97 1.880
12 98 2.646
12 99 1.721
13 14 1.584
13 15 1.827
13 16 0.732
13 17 4.271
13 18 1.330
13 19 3.057
13 20 3.273
13 21 0.433
13 22 3.533
13 23 2.071
13 24 3.725
13 25 1.195
13 26 1.404
13 27 0.541
13 28 0.704
13 29 2.284
13 30 0.618
13 31 4.482
13 32 2.459
13 33 0.510
13 34 3.001
13 35 2.772
13 36 2.335
13 37 4.701
13 38 3.063
13 39 0.631
13 40 3.024
13 41 2.407
13 42 0.686
13 43 2.249
13 44 1.710
13 45 1.952
13 46 0.756
13 47 2.508
13 48 0.167
13 49 3.468
13 50 2.269
13 51 0.166
13 52 0.607
13 53 3.656
13 54 2.651
13 55 2.165
13 56 3.144
13 57 2.068
13 58 2.624
13 59 1.922
13 60 1.467
13 61 0.130
13 62 2.391
13 63 1.705
13 64 3.777
13 65 3.883
13 66 1.071
13 67 4.216
13 68 0.564
13 69 2.453
13 70 1.457
13 71 0.148
13 72 1.504
13 73 2.420
13 74 4.161
13 75 2.342
13 76 0.928
13 77 2.142
13 78 2.461
13 79 1.143
13 80 1.281
13 81 0.553
13 82 1.074
13 83 2.988
13 84 1.671
13 85 2.594
13 86 0.066
13 87 1.775
13 88 4.092
13 89 0.479
13 90 4.412
13 91 1.601
13 92 1.425
13 93 0.281
13 94 0.752
13 95 2.368
13 96 0.246
13 97 1.851
13 98 1.084
13 99 2.014
14 15 0.243
14 16 0.853
14 17 2.688
14 18 0.263
14 19 1.478
14 20 1.692
14 21 1.153
14 22 1.952
14 23 0.506
14 24 2.143
14 25 0.408
14 26 2.985
14 27 1.043
14 28 0.887
14 29 0.712
14 30 2.198
14 31 2.900
14 32 0.877
14 33 1.079
14 34 1.419
14 35 1.190
14 36 0.764
14 37 3.118
14 38 1.484
14 39 2.209
14 40 1.443
14 41 0.836
14 42 0.899
14 43 0.681
14 44 3.290
14 45 0.383
14 46 0.829
14 47 0.928
14 48 1.418
14 49 1.886
14 50 0.699
14 51 1.455
14 52 0.980
14 53 2.076
14 54 1.071
14 55 0.582
14 56 1.563
14 57 0.489
14 58 1.043
14 59 0.371
14 60 3.051
14 61 1.463
14 62 0.815
14 63 0.158
14 64 2.195
14 65 2.305
14 66 0.525
14 67 2.634
14 68 1.021
14 69 0.876
14 70 0.132
14 71 1.731
14 72 0.111
14 73 0.849
14 74 2.577
14 75 0.764
14 76 2.512
14 77 0.578
14 78 0.883
14 79 0.444
14 80 0.351
14 81 1.037
14 82 0.514
14 83 1.405
14 84 0.102
14 85 1.013
14 86 1.534
14 87 0.241
14 88 2.508
14 89 1.106
14 90 2.829
14 91 0.086
14 92 0.171
14 93 1.852
14 94 0.862
14 95 0.795
14 96 1.341
14 97 0.288
14 98 0.502
14 99 0.458
15 16 1.095
15 17 2.447
15 18 0.505
15 19 1.240
15 20 1.453
15 21 1.395
15 22 1.713
15 23 0.297
15 24 1.903
15 25 0.649
15 26 3.227
15 27 1.286
15 28 1.131
15 29 0.485
15 30 2.439
15 31 2.659
15 32 0.638
15 33 1.323
15 34 1.180
15 35 0.951
15 36 0.537
15 37 2.877
15 38 1.247
15 39 2.451
15 40 1.205
15 41 0.610
15 42 1.141
15 43 0.459
15 44 3.531
15 45 0.186
15 46 1.073
15 47 0.692
15 48 1.661
15 49 1.647
15 50 0.475
15 51 1.696
15 52 1.223
15 53 1.837
15 54 0.835
15 55 0.344
15 56 1.324
15 57 0.261
15 58 0.805
15 59 0.210
15 60 3.293
15 61 1.705
15 62 0.584
15 63 0.177
15 64 1.955
15 65 2.067
15 66 0.768
15 67 2.394
15 68 1.263
15 69 0.643
15 70 0.374
15 71 1.973
15 72 0.339
15 73 0.621
15 74 2.336
15 75 0.531
15 76 2.754
15 77 0.367
15 78 0.649
15 79 0.688
15 80 0.584
15 81 1.280
15 82 0.757
15 83 1.166
15 84 0.174
15 85 0.775
15 86 1.776
15 87 0.186
15 88 2.267
15 89 1.348
15 90 2.588
15 91 0.251
15 92 0.411
15 93 2.093
15 94 1.104
15 95 0.566
15 96 1.583
15 97 0.140
15 98 0.746
15 99 0.269
16 17 3.541
16 18 0.601
16 19 2.328
16 20 2.544
16 21 0.302
16 22 2.803
16 23 1.345
16 24 2.995
16 25 0.475
16 26 2.133
16 27 0.194
16 28 0.099
16 29 1.557
16 30 1.345
16 31 3.752
16 32 1.728
16 33 0.238
16 34 2.271
16 35 2.042
16 36 1.608
16 37 3.971
16 38 2.334
16 39 1.357
16 40 2.294
16 41 1.680
16 42 0.047
16 43 1.523
16 44 2.437
16 45 1.225
16 46 0.056
16 47 1.778
16 48 0.567
16 49 2.738
16 50 1.543
16 51 0.605
16 52 0.141
16 53 2.927
16 54 1.921
16 55 1.434
16 56 2.414
16 57 1.339
16 58 1.894
16 59 1.197
16 60 2.198
16 61 0.610
16 62 1.663
16 63 0.978
16 64 3.047
16 65 3.155
16 66 0.352
16 67 3.486
16 68 0.169
16 69 1.724
16 70 0.727
16 71 0.879
16 72 0.776
16 73 1.693
16 74 3.430
16 75 1.613
16 76 1.659
16 77 1.416
16 78 1.732
16 79 0.415
16 80 0.567
16 81 0.200
16 82 0.347
16 83 2.257
16 84 0.941
16 85 1.864
16 86 0.681
16 87 1.051
16 88 3.361
16 89 0.253
16 90 3.682
16 91 0.874
16 92 0.697
16 93 1.000
16 94 0.173
16 95 1.641
16 96 0.488
16 97 1.124
16 98 0.355
16 99 1.290
17 18 2.942
17 19 1.218
17 20 1.000
17 21 3.839
17 22 0.742
17 23 2.204
17 24 0.548
17 25 3.079
17 26 5.673
17 27 3.730
17 28 3.570
17 29 1.990
17 30 4.886
17 31 0.212
17 32 1.812
17 33 3.763
17 34 1.271
17 35 1.499
17 36 1.941
17 37 0.431
17 38 1.212
17 39 4.897
17 40 1.249
17 41 1.871
17 42 3.587
17 43 2.027
17 44 5.978
17 45 2.321
17 46 3.515
17 47 1.764
17 48 4.105
17 49 0.805
17 50 2.006
17 51 4.143
17 52 3.665
17 53 0.620
17 54 1.622
17 55 2.107
17 56 1.129
17 57 2.203
17 58 1.647
17 59 2.355
17 60 5.738
17 61 4.151
17 62 1.882
17 63 2.567
17 64 0.496
17 65 0.415
17 66 3.203
17 67 0.081
17 68 3.709
17 69 1.820
17 70 2.815
17 71 4.417
17 72 2.768
17 73 1.857
17 74 0.119
17 75 1.930
17 76 5.200
17 77 2.135
17 78 1.812
17 79 3.129
17 80 2.998
17 81 3.721
17 82 3.198
17 83 1.284
17 84 2.600
17 85 1.678
17 86 4.222
17 87 2.501
17 88 0.180
17 89 3.793
17 90 0.141
17 91 2.671
17 92 2.846
17 93 4.540
17 94 3.533
17 95 1.907
17 96 4.029
17 97 2.422
17 98 3.188
17 99 2.263
18 19 1.728
18 20 1.944
18 21 0.897
18 22 2.203
18 23 0.744
18 24 2.395
18 25 0.145
18 26 2.733
18 27 0.788
18 28 0.628
18 29 0.956
18 30 1.945
18 31 3.153
18 32 1.130
18 33 0.822
18 34 1.671
18 35 1.443
18 36 1.007
18 37 3.372
18 38 1.733
18 39 1.957
18 40 1.694
18 41 1.079
18 42 0.648
18 43 0.922
18 44 3.038
18 45 0.623
18 46 0.573
18 47 1.178
18 48 1.163
18 49 2.138
18 50 0.941
18 51 1.206
18 52 0.723
18 53 2.327
18 54 1.321
18 55 0.837
18 56 1.814
18 57 0.739
18 58 1.295
18 59 0.597
18 60 2.797
18 61 1.210
18 62 1.062
18 63 0.377
18 64 2.448
18 65 2.554
18 66 0.263
18 67 2.886
18 68 0.769
18 69 1.124
18 70 0.131
18 71 1.475
18 72 0.174
18 73 1.092
18 74 2.832
18 75 1.013
18 76 2.258
18 77 0.815
18 78 1.131
18 79 0.187
18 80 0.115
18 81 0.779
18 82 0.256
18 83 1.658
18 84 0.342
18 85 1.264
18 86 1.281
18 87 0.450
18 88 2.763
18 89 0.852
18 90 3.083
18 91 0.272
18 92 0.096
18 93 1.600
18 94 0.600
18 95 1.040
18 96 1.088
18 97 0.522
18 98 0.246
18 99 0.689
19 20 0.218
19 21 2.624
19 22 0.476
19 23 0.987
19 24 0.670
19 25 1.863
19 26 4.460
19 27 2.516
19 28 2.354
19 29 0.773
19 30 3.673
19 31 1.427
19 32 0.602
19 33 2.548
19 34 0.074
19 35 0.292
19 36 0.723
19 37 1.648
19 38 0.007
19 39 3.685
19 40 0.044
19 41 0.653
19 42 2.375
19 43 0.810
19 44 4.765
19 45 1.105
19 46 2.301
19 47 0.550
19 48 2.890
19 49 0.412
19 50 0.789
19 51 2.932
19 52 2.450
19 53 0.600
19 54 0.407
19 55 0.897
19 56 0.093
19 57 0.990
19 58 0.436
19 59 1.138
19 60 4.524
19 61 2.938
19 62 0.666
19 63 1.352
19 64 0.722
19 65 0.827
19 66 1.987
19 67 1.159
19 68 2.496
19 69 0.604
19 70 1.602
19 71 3.201
19 72 1.553
19 73 0.639
19 74 1.111
19 75 0.715
19 76 3.985
19 77 0.918
19 78 0.596
19 79 1.915
19 80 1.781
19 81 2.505
19 82 1.983
19 83 0.093
19 84 1.387
19 85 0.466
19 86 3.008
19 87 1.284
19 88 1.040
19 89 2.580
19 90 1.358
19 91 1.456
19 92 1.632
19 93 3.328
19 94 2.316
19 95 0.689
19 96 2.816
19 97 1.206
19 98 1.974
19 99 1.046
20 21 2.841
20 22 0.260
20 23 1.204
20 24 0.452
20 25 2.080
20 26 4.676
20 27 2.732
20 28 2.570
20 29 0.990
20 30 3.889
20 31 1.210
20 32 0.816
20 33 2.764
20 34 0.273
20 35 0.502
20 36 0.941
20 37 1.431
20 38 0.213
20 39 3.900
20 40 0.250
20 41 0.871
20 42 2.590
20 43 1.027
20 44 4.981
20 45 1.321
20 46 2.517
20 47 0.765
20 48 3.106
20 49 0.195
20 50 1.007
20 51 3.147
20 52 2.666
20 53 0.384
20 54 0.623
20 55 1.110
20 56 0.129
20 57 1.205
20 58 0.649
20 59 1.355
20 60 4.740
20 61 3.153
20 62 0.883
20 63 1.568
20 64 0.504
20 65 0.615
20 66 2.204
20 67 0.943
20 68 2.712
20 69 0.821
20 70 1.817
20 71 3.418
20 72 1.769
20 73 0.857
20 74 0.893
20 75 0.931
20 76 4.201
20 77 1.136
20 78 0.813
20 79 2.130
20 80 1.998
20 81 2.722
20 82 2.199
20 83 0.288
20 84 1.602
20 85 0.680
20 86 3.224
20 87 1.501
20 88 0.822
20 89 2.796
20 90 1.140
20 91 1.672
20 92 1.848
20 93 3.543
20 94 2.533
20 95 0.907
20 96 3.031
20 97 1.423
20 98 2.190
20 99 1.264
21 22 3.100
21 23 1.639
21 24 3.292
21 25 0.763
21 26 1.836
21 27 0.109
21 28 0.273
21 29 1.852
21 30 1.049
21 31 4.050
21 32 2.026
21 33 0.084
21 34 2.568
21 35 2.340
21 36 1.903
21 37 4.269
21 38 2.630
21 39 1.062
21 40 2.591
21 41 1.974
21 42 0.257
21 43 1.817
21 44 2.142
21 45 1.520
21 46 0.324
21 47 2.075
21 48 0.266
21 49 3.035
21 50 1.837
21 51 0.322
21 52 0.175
21 53 3.224
21 54 2.218
21 55 1.733
21 56 2.711
21 57 1.636
21 58 2.192
21 59 1.490
21 60 1.900
21 61 0.316
21 62 1.959
21 63 1.273
21 64 3.344
21 65 3.451
21 66 0.638
21 67 3.783
21 68 0.139
21 69 2.020
21 70 1.025
21 71 0.578
21 72 1.071
21 73 1.987
21 74 3.729
21 75 1.910
21 76 1.361
21 77 1.710
21 78 2.028
21 79 0.710
21 80 0.850
21 81 0.125
21 82 0.641
21 83 2.555
21 84 1.239
21 85 2.161
21 86 0.386
21 87 1.343
21 88 3.659
21 89 0.056
21 90 3.980
21 91 1.169
21 92 0.993
21 93 0.706
21 94 0.332
21 95 1.936
21 96 0.195
21 97 1.418
21 98 0.651
21 99 1.582
22 23 1.463
22 24 0.195
22 25 2.339
22 26 4.936
22 27 2.991
22 28 2.830
22 29 1.249
22 30 4.148
22 31 0.952
22 32 1.076
22 33 3.024
22 34 0.533
22 35 0.762
22 36 1.199
22 37 1.173
22 38 0.470
22 39 4.160
22 40 0.509
22 41 1.129
22 42 2.850
22 43 1.286
22 44 5.241
22 45 1.581
22 46 2.776
22 47 1.025
22 48 3.366
22 49 0.069
22 50 1.265
22 51 3.407
22 52 2.926
22 53 0.124
22 54 0.882
22 55 1.370
22 56 0.389
22 57 1.465
22 58 0.909
22 59 1.614
22 60 5.000
22 61 3.413
22 62 1.142
22 63 1.827
22 64 0.246
22 65 0.356
22 66 2.463
22 67 0.683
22 68 2.972
22 69 1.080
22 70 2.077
22 71 3.677
22 72 2.029
22 73 1.115
22 74 0.639
22 75 1.191
22 76 4.461
22 77 1.394
22 78 1.072
22 79 2.390
22 80 2.257
22 81 2.981
22 82 2.459
22 83 0.547
22 84 1.862
22 85 0.940
22 86 3.484
22 87 1.760
22 88 0.566
22 89 3.055
22 90 0.883
22 91 1.931
22 92 2.107
22 93 3.803
22 94 2.792
22 95 1.165
22 96 3.291
22 97 1.682
22 98 2.449
22 99 1.522
23 24 1.656
23 25 0.876
23 26 3.475
23 27 1.530
23 28 1.367
23 29 0.214
23 30 2.688
23 31 2.414
23 32 0.401
23 33 1.562
23 34 0.934
23 35 0.708
23 36 0.264
23 37 2.635
23 38 0.993
23 39 2.700
23 40 0.955
23 41 0.336
23 42 1.391
23 43 0.178
23 44 3.780
23 45 0.122
23 46 1.316
23 47 0.441
23 48 1.904
23 49 1.399
23 50 0.198
23 51 1.949
23 52 1.464
23 53 1.587
23 54 0.582
23 55 0.151
23 56 1.075
23 57 0.075
23 58 0.560
23 59 0.152
23 60 3.538
23 61 1.953
23 62 0.322
23 63 0.367
23 64 1.708
23 65 1.812
23 66 1.001
23 67 2.146
23 68 1.513
23 69 0.384
23 70 0.621
23 71 2.215
23 72 0.569
23 73 0.349
23 74 2.096
23 75 0.276
23 76 2.999
23 77 0.073
23 78 0.392
23 79 0.930
23 80 0.794
23 81 1.519
23 82 0.999
23 83 0.922
23 84 0.408
23 85 0.530
23 86 2.024
23 87 0.297
23 88 2.025
23 89 1.595
23 90 2.345
23 91 0.472
23 92 0.648
23 93 2.344
23 94 1.329
23 95 0.298
23 96 1.831
23 97 0.221
23 98 0.990
23 99 0.063
24 25 2.532
24 26 5.128
24 27 3.184
24 28 3.023
24 29 1.442
24 30 4.340
24 31 0.758
24 32 1.267
24 33 3.216
24 34 0.724
24 35 0.953
24 36 1.393
24 37 0.979
24 38 0.664
24 39 4.352
24 40 0.702
24 41 1.323
24 42 3.042
24 43 1.479
24 44 5.433
24 45 1.774
24 46 2.969
24 47 1.217
24 48 3.558
24 49 0.258
24 50 1.458
24 51 3.598
24 52 3.118
24 53 0.075
24 54 1.075
24 55 1.561
24 56 0.581
24 57 1.657
24 58 1.101
24 59 1.807
24 60 5.192
24 61 3.605
24 62 1.335
24 63 2.020
24 64 0.052
24 65 0.186
24 66 2.656
24 67 0.491
24 68 3.163
24 69 1.273
24 70 2.268
24 71 3.870
24 72 2.221
24 73 1.309
24 74 0.445
24 75 1.383
24 76 4.653
24 77 1.587
24 78 1.265
24 79 2.582
24 80 2.451
24 81 3.174
24 82 2.651
24 83 0.738
24 84 2.054
24 85 1.131
24 86 3.676
24 87 1.953
24 88 0.371
24 89 3.247
24 90 0.689
24 91 2.124
24 92 2.300
24 93 3.995
24 94 2.985
24 95 1.359
24 96 3.483
24 97 1.875
24 98 2.641
24 99 1.715
25 26 2.599
25 27 0.655
25 28 0.491
25 29 1.090
25 30 1.812
25 31 3.290
25 32 1.268
25 33 0.685
25 34 1.808
25 35 1.580
25 36 1.140
25 37 3.510
25 38 1.869
25 39 1.825
25 40 1.830
25 41 1.212
25 42 0.521
25 43 1.054
25 44 2.904
25 45 0.758
25 46 0.441
25 47 1.315
25 48 1.028
25 49 2.274
25 50 1.075
25 51 1.077
25 52 0.588
25 53 2.463
25 54 1.457
25 55 0.976
25 56 1.951
25 57 0.877
25 58 1.432
25 59 0.727
25 60 2.661
25 61 1.078
25 62 1.197
25 63 0.512
25 64 2.584
25 65 2.689
25 66 0.124
25 67 3.022
25 68 0.640
25 69 1.259
25 70 0.276
25 71 1.339
25 72 0.313
25 73 1.225
25 74 2.970
25 75 1.149
25 76 2.123
25 77 0.947
25 78 1.267
25 79 0.079
25 80 0.097
25 81 0.642
25 82 0.132
25 83 1.795
25 84 0.482
25 85 1.402
25 86 1.148
25 87 0.580
25 88 2.900
25 89 0.721
25 90 3.220
25 91 0.409
25 92 0.238
25 93 1.469
25 94 0.457
25 95 1.174
25 96 0.956
25 97 0.657
25 98 0.128
25 99 0.819
26 27 1.945
26 28 2.108
26 29 3.688
26 30 0.788
26 31 5.885
26 32 3.861
26 33 1.914
26 34 4.403
26 35 4.175
26 36 3.739
26 37 6.103
26 38 4.466
26 39 0.776
26 40 4.426
26 41 3.810
26 42 2.086
26 43 3.653
26 44 0.306
26 45 3.356
26 46 2.159
26 47 3.911
26 48 1.571
26 49 4.870
26 50 3.673
26 51 1.531
26 52 2.010
26 53 5.059
26 54 4.054
26 55 3.567
26 56 4.547
26 57 3.471
26 58 4.027
26 59 3.326
26 60 0.085
26 61 1.523
26 62 3.795
26 63 3.109
26 64 5.180
26 65 5.287
26 66 2.474
26 67 5.619
26 68 1.964
26 69 3.856
26 70 2.859
26 71 1.261
26 72 2.907
26 73 3.823
26 74 5.563
26 75 3.745
26 76 0.478
26 77 3.545
26 78 3.864
26 79 2.546
26 80 2.684
26 81 1.956
26 82 2.477
26 83 4.390
26 84 3.074
26 85 3.996
26 86 1.452
26 87 3.179
26 88 5.494
26 89 1.880
26 90 5.814
26 91 3.005
26 92 2.828
26 93 1.134
26 94 2.153
26 95 3.772
26 96 1.645
26 97 3.254
26 98 2.486
26 99 3.418
27 28 0.169
27 29 1.743
27 30 1.158
27 31 3.941
27 32 1.918
27 33 0.054
27 34 2.459
27 35 2.231
27 36 1.794
27 37 4.160
27 38 2.521
27 39 1.170
27 40 2.482
27 41 1.866
27 42 0.150
27 43 1.708
27 44 2.250
27 45 1.411
27 46 0.215
27 47 1.966
27 48 0.375
27 49 2.926
27 50 1.728
27 51 0.425
27 52 0.069
27 53 3.115
27 54 2.109
27 55 1.624
27 56 2.602
27 57 1.527
27 58 2.083
27 59 1.382
27 60 2.008
27 61 0.423
27 62 1.850
27 63 1.164
27 64 3.236
27 65 3.342
27 66 0.531
27 67 3.674
27 68 0.047
27 69 1.912
27 70 0.916
27 71 0.687
27 72 0.962
27 73 1.879
27 74 3.620
27 75 1.801
27 76 1.470
27 77 1.601
27 78 1.919
27 79 0.601
27 80 0.743
27 81 0.046
27 82 0.532
27 83 2.446
27 84 1.130
27 85 2.052
27 86 0.493
27 87 1.235
27 88 3.550
27 89 0.068
27 90 3.871
27 91 1.060
27 92 0.884
27 93 0.814
27 94 0.238
27 95 1.827
27 96 0.301
27 97 1.310
27 98 0.542
27 99 1.474
28 29 1.581
28 30 1.322
28 31 3.780
28 32 1.758
28 33 0.194
28 34 2.298
28 35 2.070
28 36 1.631
28 37 4.000
28 38 2.360
28 39 1.335
28 40 2.321
28 41 1.703
28 42 0.098
28 43 1.545
28 44 2.414
28 45 1.249
28 46 0.070
28 47 1.805
28 48 0.537
28 49 2.765
28 50 1.566
28 51 0.593
28 52 0.100
28 53 2.953
28 54 1.948
28 55 1.465
28 56 2.441
28 57 1.367
28 58 1.922
28 59 1.218
28 60 2.170
28 61 0.590
28 62 1.688
28 63 1.002
28 64 3.075
28 65 3.180
28 66 0.367
28 67 3.513
28 68 0.169
28 69 1.750
28 70 0.758
28 71 0.848
28 72 0.802
28 73 1.716
28 74 3.460
28 75 1.639
28 76 1.632
28 77 1.438
28 78 1.758
28 79 0.443
28 80 0.577
28 81 0.151
28 82 0.374
28 83 2.286
28 84 0.970
28 85 1.892
28 86 0.659
28 87 1.071
28 88 3.390
28 89 0.237
28 90 3.710
28 91 0.899
28 92 0.724
28 93 0.980
28 94 0.087
28 95 1.665
28 96 0.468
28 97 1.148
28 98 0.385
28 99 1.310
29 30 2.901
29 31 2.200
29 32 0.196
29 33 1.775
29 34 0.720
29 35 0.495
29 36 0.053
29 37 2.421
29 38 0.779
29 39 2.913
29 40 0.741
29 41 0.125
29 42 1.604
29 43 0.042
29 44 3.993
29 45 0.332
29 46 1.528
29 47 0.228
29 48 2.118
29 49 1.185
29 50 0.022
29 51 2.161
29 52 1.678
29 53 1.373
29 54 0.368
29 55 0.159
29 56 0.861
29 57 0.224
29 58 0.347
29 59 0.365
29 60 3.751
29 61 2.166
29 62 0.108
29 63 0.579
29 64 1.494
29 65 1.599
29 66 1.214
29 67 1.933
29 68 1.725
29 69 0.170
29 70 0.831
29 71 2.429
29 72 0.781
29 73 0.137
29 74 1.882
29 75 0.069
29 76 3.212
29 77 0.148
29 78 0.179
29 79 1.143
29 80 1.008
29 81 1.732
29 82 1.211
29 83 0.708
29 84 0.617
29 85 0.317
29 86 2.236
29 87 0.511
29 88 1.811
29 89 1.808
29 90 2.131
29 91 0.684
29 92 0.860
29 93 2.556
29 94 1.543
29 95 0.084
29 96 2.044
29 97 0.434
29 98 1.202
29 99 0.274
30 31 5.097
30 32 3.074
30 33 1.128
30 34 3.616
30 35 3.387
30 36 2.952
30 37 5.315
30 38 3.679
30 39 0.017
30 40 3.639
30 41 3.024
30 42 1.299
30 43 2.866
30 44 1.092
30 45 2.569
30 46 1.372
30 47 3.123
30 48 0.785
30 49 4.083
30 50 2.886
30 51 0.744
30 52 1.224
30 53 4.272
30 54 3.266
30 55 2.779
30 56 3.759
30 57 2.684
30 58 3.239
30 59 2.539
30 60 0.854
30 61 0.735
30 62 3.007
30 63 2.322
30 64 4.392
30 65 4.500
30 66 1.688
30 67 4.831
30 68 1.177
30 69 3.069
30 70 2.072
30 71 0.480
30 72 2.120
30 73 3.037
30 74 4.775
30 75 2.958
30 76 0.320
30 77 2.759
30 78 3.077
30 79 1.758
30 80 1.899
30 81 1.171
30 82 1.690
30 83 3.602
30 84 2.286
30 85 3.209
30 86 0.665
30 87 2.392
30 88 4.706
30 89 1.093
30 90 5.027
30 91 2.218
30 92 2.041
30 93 0.346
30 94 1.370
30 95 2.985
30 96 0.857
30 97 2.467
30 98 1.699
30 99 2.631
31 32 2.024
31 33 3.974
31 34 1.482
31 35 1.710
31 36 2.151
31 37 0.224
31 38 1.422
31 39 5.109
31 40 1.459
31 41 2.080
31 42 3.799
31 43 2.237
31 44 6.189
31 45 2.531
31 46 3.726
31 47 1.975
31 48 4.316
31 49 1.015
31 50 2.216
31 51 4.355
31 52 3.876
31 53 0.828
31 54 1.833
31 55 2.318
31 56 1.339
31 57 2.414
31 58 1.858
31 59 2.565
31 60 5.949
31 61 4.362
31 62 2.093
31 63 2.778
31 64 0.706
31 65 0.614
31 66 3.413
31 67 0.270
31 68 3.921
31 69 2.031
31 70 3.026
31 71 4.627
31 72 2.979
31 73 2.067
31 74 0.327
31 75 2.141
31 76 5.411
31 77 2.345
31 78 2.023
31 79 3.340
31 80 3.209
31 81 3.931
31 82 3.409
31 83 1.495
31 84 2.811
31 85 1.889
31 86 4.433
31 87 2.711
31 88 0.392
31 89 4.005
31 90 0.072
31 91 2.881
31 92 3.057
31 93 4.751
31 94 3.743
31 95 2.117
31 96 4.240
31 97 2.633
31 98 3.399
31 99 2.473
32 33 1.951
32 34 0.543
32 35 0.314
32 36 0.162
32 37 2.243
32 38 0.609
32 39 3.085
32 40 0.567
32 41 0.129
32 42 1.775
32 43 0.238
32 44 4.166
32 45 0.511
32 46 1.703
32 47 0.065
32 48 2.292
32 49 1.010
32 50 0.216
32 51 2.332
32 52 1.853
32 53 1.199
32 54 0.199
32 55 0.295
32 56 0.686
32 57 0.391
32 58 0.167
32 59 0.552
32 60 3.926
32 61 2.338
32 62 0.100
32 63 0.756
32 64 1.319
32 65 1.429
32 66 1.391
32 67 1.758
32 68 1.897
32 69 0.069
32 70 1.002
32 71 2.604
32 72 0.956
32 73 0.120
32 74 1.703
32 75 0.127
32 76 3.387
32 77 0.341
32 78 0.062
32 79 1.316
32 80 1.190
32 81 1.909
32 82 1.385
32 83 0.529
32 84 0.788
32 85 0.137
32 86 2.409
32 87 0.695
32 88 1.633
32 89 1.981
32 90 1.953
32 91 0.859
32 92 1.034
32 93 2.728
32 94 1.723
32 95 0.130
32 96 2.216
32 97 0.612
32 98 1.375
32 99 0.464
33 34 2.492
33 35 2.264
33 36 1.825
33 37 4.194
33 38 2.554
33 39 1.141
33 40 2.515
33 41 1.897
33 42 0.196
33 43 1.740
33 44 2.220
33 45 1.443
33 46 0.250
33 47 1.999
33 48 0.343
33 49 2.959
33 50 1.760
33 51 0.406
33 52 0.100
33 53 3.147
33 54 2.142
33 55 1.658
33 56 2.635
33 57 1.560
33 58 2.116
33 59 1.412
33 60 1.976
33 61 0.398
33 62 1.882
33 63 1.196
33 64 3.269
33 65 3.374
33 66 0.561
33 67 3.707
33 68 0.100
33 69 1.944
33 70 0.950
33 71 0.653
33 72 0.995
33 73 1.910
33 74 3.654
33 75 1.833
33 76 1.438
33 77 1.632
33 78 1.952
33 79 0.636
33 80 0.771
33 81 0.043
33 82 0.566
33 83 2.479
33 84 1.164
33 85 2.086
33 86 0.466
33 87 1.265
33 88 3.584
33 89 0.074
33 90 3.904
33 91 1.093
33 92 0.917
33 93 0.787
33 94 0.249
33 95 1.859
33 96 0.278
33 97 1.342
33 98 0.577
33 99 1.504
34 35 0.229
34 36 0.671
34 37 1.702
34 38 0.080
34 39 3.628
34 40 0.030
34 41 0.603
34 42 2.317
34 43 0.757
34 44 4.708
34 45 1.050
34 46 2.244
34 47 0.493
34 48 2.834
34 49 0.467
34 50 0.736
34 51 2.874
34 52 2.394
34 53 0.657
34 54 0.351
34 55 0.837
34 56 0.144
34 57 0.932
34 58 0.377
34 59 1.085
34 60 4.468
34 61 2.881
34 62 0.612
34 63 1.296
34 64 0.776
34 65 0.888
34 66 1.932
34 67 1.215
34 68 2.439
34 69 0.550
34 70 1.544
34 71 3.146
34 72 1.497
34 73 0.589
34 74 1.163
34 75 0.659
34 76 3.929
34 77 0.866
34 78 0.541
34 79 1.858
34 80 1.728
34 81 2.450
34 82 1.927
34 83 0.020
34 84 1.330
34 85 0.407
34 86 2.951
34 87 1.231
34 88 1.092
34 89 2.523
34 90 1.412
34 91 1.400
34 92 1.575
34 93 3.270
34 94 2.262
34 95 0.637
34 96 2.759
34 97 1.151
34 98 1.917
34 99 0.994
35 36 0.448
35 37 1.929
35 38 0.298
35 39 3.399
35 40 0.254
35 41 0.383
35 42 2.089
35 43 0.534
35 44 4.479
35 45 0.822
35 46 2.016
35 47 0.267
35 48 2.606
35 49 0.696
35 50 0.513
35 51 2.645
35 52 2.166
35 53 0.886
35 54 0.129
35 55 0.608
35 56 0.373
35 57 0.704
35 58 0.148
35 59 0.859
35 60 4.239
35 61 2.652
35 62 0.386
35 63 1.068
35 64 1.005
35 65 1.117
35 66 1.704
35 67 1.444
35 68 2.210
35 69 0.325
35 70 1.315
35 71 2.917
35 72 1.269
35 73 0.368
35 74 1.390
35 75 0.432
35 76 3.700
35 77 0.642
35 78 0.316
35 79 1.629
35 80 1.501
35 81 2.222
35 82 1.699
35 83 0.215
35 84 1.101
35 85 0.179
35 86 2.723
35 87 1.004
35 88 1.320
35 89 2.294
35 90 1.640
35 91 1.171
35 92 1.347
35 93 3.041
35 94 2.035
35 95 0.413
35 96 2.530
35 97 0.924
35 98 1.688
35 99 0.769
36 37 2.372
36 38 0.729
36 39 2.964
36 40 0.692
36 41 0.073
36 42 1.655
36 43 0.086
36 44 4.044
36 45 0.384
36 46 1.579
36 47 0.184
36 48 2.168
36 49 1.135
36 50 0.066
36 51 2.213
36 52 1.728
36 53 1.323
36 54 0.320
36 55 0.208
36 56 0.812
36 57 0.277
36 58 0.302
36 59 0.414
36 60 3.802
36 61 2.217
36 62 0.064
36 63 0.630
36 64 1.445
36 65 1.548
36 66 1.265
36 67 1.883
36 68 1.776
36 69 0.124
36 70 0.883
36 71 2.479
36 72 0.833
36 73 0.085
36 74 1.833
36 75 0.053
36 76 3.263
36 77 0.195
36 78 0.133
36 79 1.194
36 80 1.058
36 81 1.783
36 82 1.262
36 83 0.660
36 84 0.669
36 85 0.272
36 86 2.287
36 87 0.561
36 88 1.762
36 89 1.859
36 90 2.081
36 91 0.735
36 92 0.911
36 93 2.607
36 94 1.592
36 95 0.035
36 96 2.095
36 97 0.485
36 98 1.253
36 99 0.323
37 38 1.643
37 39 5.327
37 40 1.680
37 41 2.302
37 42 4.017
37 43 2.458
37 44 6.407
37 45 2.751
37 46 3.945
37 47 2.195
37 48 4.535
37 49 1.236
37 50 2.437
37 51 4.573
37 52 4.095
37 53 1.050
37 54 2.053
37 55 2.536
37 56 1.560
37 57 2.633
37 58 2.078
37 59 2.786
37 60 6.168
37 61 4.581
37 62 2.313
37 63 2.998
37 64 0.927
37 65 0.838
37 66 3.633
37 67 0.494
37 68 4.139
37 69 2.251
37 70 3.244
37 71 4.847
37 72 3.198
37 73 2.288
37 74 0.541
37 75 2.361
37 76 5.630
37 77 2.566
37 78 2.243
37 79 3.559
37 80 3.429
37 81 4.151
37 82 3.628
37 83 1.714
37 84 3.030
37 85 2.108
37 86 4.651
37 87 2.932
37 88 0.610
37 89 4.223
37 90 0.291
37 91 3.101
37 92 3.276
37 93 4.970
37 94 3.963
37 95 2.337
37 96 4.459
37 97 2.853
37 98 3.618
37 99 2.694
38 39 3.691
38 40 0.050
38 41 0.659
38 42 2.381
38 43 0.815
38 44 4.771
38 45 1.111
38 46 2.307
38 47 0.556
38 48 2.896
38 49 0.407
38 50 0.795
38 51 2.938
38 52 2.456
38 53 0.594
38 54 0.413
38 55 0.903
38 56 0.089
38 57 0.995
38 58 0.442
38 59 1.143
38 60 4.530
38 61 2.944
38 62 0.672
38 63 1.357
38 64 0.716
38 65 0.821
38 66 1.993
38 67 1.154
38 68 2.502
38 69 0.610
38 70 1.607
38 71 3.207
38 72 1.559
38 73 0.645
38 74 1.106
38 75 0.721
38 76 3.991
38 77 0.923
38 78 0.602
38 79 1.920
38 80 1.787
38 81 2.511
38 82 1.989
38 83 0.100
38 84 1.393
38 85 0.472
38 86 3.014
38 87 1.290
38 88 1.034
38 89 2.586
38 90 1.353
38 91 1.461
38 92 1.638
38 93 3.334
38 94 2.321
38 95 0.695
38 96 2.821
38 97 1.212
38 98 1.980
38 99 1.051
39 40 3.651
39 41 3.036
39 42 1.310
39 43 2.878
39 44 1.081
39 45 2.581
39 46 1.385
39 47 3.135
39 48 0.798
39 49 4.095
39 50 2.898
39 51 0.755
39 52 1.236
39 53 4.284
39 54 3.278
39 55 2.791
39 56 3.771
39 57 2.695
39 58 3.251
39 59 2.551
39 60 0.844
39 61 0.747
39 62 3.019
39 63 2.334
39 64 4.404
39 65 4.512
39 66 1.700
39 67 4.843
39 68 1.188
39 69 3.081
39 70 2.083
39 71 0.494
39 72 2.132
39 73 3.049
39 74 4.786
39 75 2.970
39 76 0.312
39 77 2.771
39 78 3.089
39 79 1.770
39 80 1.911
39 81 1.184
39 82 1.702
39 83 3.614
39 84 2.298
39 85 3.221
39 86 0.677
39 87 2.404
39 88 4.718
39 89 1.105
39 90 5.038
39 91 2.230
39 92 2.053
39 93 0.357
39 94 1.383
39 95 2.997
39 96 0.869
39 97 2.479
39 98 1.711
39 99 2.644
40 41 0.623
40 42 2.341
40 43 0.778
40 44 4.732
40 45 1.072
40 46 2.267
40 47 0.516
40 48 2.857
40 49 0.444
40 50 0.758
40 51 2.898
40 52 2.417
40 53 0.633
40 54 0.373
40 55 0.861
40 56 0.120
40 57 0.955
40 58 0.400
40 59 1.106
40 60 4.491
40 61 2.904
40 62 0.633
40 63 1.319
40 64 0.754
40 65 0.863
40 66 1.954
40 67 1.192
40 68 2.462
40 69 0.572
40 70 1.567
40 71 3.168
40 72 1.520
40 73 0.609
40 74 1.141
40 75 0.682
40 76 3.952
40 77 0.887
40 78 0.563
40 79 1.881
40 80 1.749
40 81 2.472
40 82 1.950
40 83 0.050
40 84 1.353
40 85 0.430
40 86 2.975
40 87 1.252
40 88 1.070
40 89 2.546
40 90 1.390
40 91 1.422
40 92 1.598
40 93 3.294
40 94 2.284
40 95 0.658
40 96 2.782
40 97 1.173
40 98 1.940
40 99 1.015
41 42 1.727
41 43 0.158
41 44 4.116
41 45 0.456
41 46 1.651
41 47 0.127
41 48 2.240
41 49 1.065
41 50 0.138
41 51 2.285
41 52 1.800
41 53 1.252
41 54 0.254
41 55 0.277
41 56 0.742
41 57 0.350
41 58 0.240
41 59 0.485
41 60 3.873
41 61 2.289
41 62 0.047
41 63 0.702
41 64 1.375
41 65 1.477
41 66 1.336
41 67 1.812
41 68 1.848
41 69 0.068
41 70 0.955
41 71 2.550
41 72 0.905
41 73 0.014
41 74 1.764
41 75 0.092
41 76 3.335
41 77 0.265
41 78 0.078
41 79 1.266
41 80 1.129
41 81 1.854
41 82 1.334
41 83 0.592
41 84 0.741
41 85 0.212
41 86 2.359
41 87 0.632
41 88 1.692
41 89 1.931
41 90 2.011
41 91 0.807
41 92 0.984
41 93 2.679
41 94 1.663
41 95 0.045
41 96 2.167
41 97 0.557
41 98 1.325
41 99 0.393
42 43 1.569
42 44 2.391
42 45 1.271
42 46 0.089
42 47 1.825
42 48 0.521
42 49 2.784
42 50 1.589
42 51 0.558
42 52 0.104
42 53 2.974
42 54 1.968
42 55 1.481
42 56 2.461
42 57 1.385
42 58 1.941
42 59 1.244
42 60 2.151
42 61 0.563
42 62 1.710
42 63 1.025
42 64 3.094
42 65 3.202
42 66 0.398
42 67 3.533
42 68 0.122
42 69 1.771
42 70 0.773
42 71 0.833
42 72 0.822
42 73 1.740
42 74 3.477
42 75 1.660
42 76 1.613
42 77 1.463
42 78 1.779
42 79 0.461
42 80 0.613
42 81 0.161
42 82 0.393
42 83 2.304
42 84 0.988
42 85 1.911
42 86 0.634
42 87 1.097
42 88 3.408
42 89 0.207
42 90 3.728
42 91 0.920
42 92 0.743
42 93 0.953
42 94 0.184
42 95 1.688
42 96 0.442
42 97 1.170
42 98 0.402
42 99 1.336
43 44 3.958
43 45 0.299
43 46 1.494
43 47 0.268
43 48 2.082
43 49 1.222
43 50 0.021
43 51 2.127
43 52 1.642
43 53 1.409
43 54 0.406
43 55 0.153
43 56 0.898
43 57 0.199
43 58 0.387
43 59 0.328
43 60 3.716
43 61 2.131
43 62 0.148
43 63 0.545
43 64 1.531
43 65 1.634
43 66 1.179
43 67 1.969
43 68 1.691
43 69 0.209
43 70 0.798
43 71 2.393
43 72 0.747
43 73 0.171
43 74 1.920
43 75 0.111
43 76 3.177
43 77 0.108
43 78 0.218
43 79 1.108
43 80 0.972
43 81 1.697
43 82 1.177
43 83 0.746
43 84 0.585
43 85 0.357
43 86 2.202
43 87 0.475
43 88 1.849
43 89 1.773
43 90 2.168
43 91 0.649
43 92 0.826
43 93 2.522
43 94 1.506
43 95 0.121
43 96 2.009
43 97 0.399
43 98 1.168
43 99 0.236
44 45 3.661
44 46 2.465
44 47 4.216
44 48 1.876
44 49 5.175
44 50 3.978
44 51 1.835
44 52 2.316
44 53 5.364
44 54 4.359
44 55 3.872
44 56 4.852
44 57 3.776
44 58 4.332
44 59 3.631
44 60 0.256
44 61 1.828
44 62 4.100
44 63 3.414
44 64 5.485
44 65 5.592
44 66 2.780
44 67 5.924
44 68 2.269
44 69 4.161
44 70 3.164
44 71 1.567
44 72 3.212
44 73 4.129
44 74 5.867
44 75 4.050
44 76 0.784
44 77 3.851
44 78 4.169
44 79 2.851
44 80 2.990
44 81 2.262
44 82 2.782
44 83 4.695
44 84 3.379
44 85 4.301
44 86 1.757
44 87 3.484
44 88 5.798
44 89 2.186
44 90 6.119
44 91 3.310
44 92 3.134
44 93 1.438
44 94 2.459
44 95 4.077
44 96 1.950
44 97 3.560
44 98 2.792
44 99 3.724
45 46 1.196
45 47 0.556
45 48 1.785
45 49 1.516
45 50 0.318
45 51 1.829
45 52 1.345
45 53 1.704
45 54 0.699
45 55 0.230
45 56 1.192
45 57 0.125
45 58 0.674
45 59 0.061
45 60 3.419
45 61 1.833
45 62 0.439
45 63 0.247
45 64 1.826
45 65 1.931
45 66 0.882
45 67 2.264
45 68 1.393
45 69 0.501
45 70 0.499
45 71 2.097
45 72 0.449
45 73 0.469
45 74 2.212
45 75 0.391
45 76 2.880
45 77 0.195
45 78 0.509
45 79 0.810
45 80 0.679
45 81 1.400
45 82 0.879
45 83 1.037
45 84 0.286
45 85 0.644
45 86 1.904
45 87 0.184
45 88 2.142
45 89 1.475
45 90 2.462
45 91 0.351
45 92 0.528
45 93 2.224
45 94 1.213
45 95 0.416
45 96 1.711
45 97 0.101
45 98 0.870
45 99 0.083
46 47 1.751
46 48 0.590
46 49 2.711
46 50 1.514
46 51 0.636
46 52 0.151
46 53 2.900
46 54 1.894
46 55 1.409
46 56 2.388
46 57 1.312
46 58 1.868
46 59 1.167
46 60 2.223
46 61 0.638
46 62 1.635
46 63 0.949
46 64 3.021
46 65 3.127
46 66 0.317
46 67 3.460
46 68 0.200
46 69 1.697
46 70 0.701
46 71 0.902
46 72 0.747
46 73 1.664
46 74 3.405
46 75 1.586
46 76 1.685
46 77 1.387
46 78 1.705
46 79 0.387
46 80 0.531
46 81 0.209
46 82 0.317
46 83 2.231
46 84 0.915
46 85 1.838
46 86 0.708
46 87 1.020
46 88 3.336
46 89 0.280
46 90 3.656
46 91 0.845
46 92 0.669
46 93 1.028
46 94 0.124
46 95 1.613
46 96 0.516
46 97 1.095
46 98 0.328
46 99 1.259
47 48 2.341
47 49 0.960
47 50 0.247
47 51 2.382
47 52 1.901
47 53 1.149
47 54 0.143
47 55 0.348
47 56 0.636
47 57 0.440
47 58 0.119
47 59 0.593
47 60 3.975
47 61 2.388
47 62 0.120
47 63 0.803
47 64 1.270
47 65 1.377
47 66 1.438
47 67 1.708
47 68 1.947
47 69 0.061
47 70 1.052
47 71 2.652
47 72 1.004
47 73 0.113
47 74 1.656
47 75 0.166
47 76 3.436
47 77 0.376
47 78 0.051
47 79 1.365
47 80 1.234
47 81 1.956
47 82 1.434
47 83 0.481
47 84 0.837
47 85 0.089
47 86 2.459
47 87 0.738
47 88 1.585
47 89 2.030
47 90 1.905
47 91 0.906
47 92 1.082
47 93 2.778
47 94 1.769
47 95 0.149
47 96 2.266
47 97 0.658
47 98 1.424
47 99 0.502
48 49 3.301
48 50 2.102
48 51 0.118
48 52 0.440
48 53 3.490
48 54 2.484
48 55 1.999
48 56 2.977
48 57 1.902
48 58 2.458
48 59 1.755
48 60 1.634
48 61 0.073
48 62 2.224
48 63 1.539
48 64 3.610
48 65 3.716
48 66 0.904
48 67 4.049
48 68 0.399
48 69 2.286
48 70 1.291
48 71 0.312
48 72 1.337
48 73 2.253
48 74 3.995
48 75 2.175
48 76 1.095
48 77 1.975
48 78 2.294
48 79 0.976
48 80 1.114
48 81 0.386
48 82 0.907
48 83 2.821
48 84 1.505
48 85 2.427
48 86 0.128
48 87 1.608
48 88 3.925
48 89 0.313
48 90 4.246
48 91 1.435
48 92 1.259
48 93 0.445
48 94 0.587
48 95 2.202
48 96 0.090
48 97 1.684
48 98 0.917
48 99 1.847
49 50 1.201
49 51 3.341
49 52 2.861
49 53 0.190
49 54 0.817
49 55 1.304
49 56 0.324
49 57 1.399
49 58 0.844
49 59 1.550
49 60 4.935
49 61 3.348
49 62 1.077
49 63 1.763
49 64 0.310
49 65 0.425
49 66 2.398
49 67 0.748
49 68 2.906
49 69 1.015
49 70 2.011
49 71 3.612
49 72 1.964
49 73 1.052
49 74 0.699
49 75 1.126
49 76 4.396
49 77 1.330
49 78 1.007
49 79 2.325
49 80 2.193
49 81 2.916
49 82 2.394
49 83 0.481
49 84 1.797
49 85 0.874
49 86 3.418
49 87 1.696
49 88 0.627
49 89 2.990
49 90 0.946
49 91 1.866
49 92 2.042
49 93 3.737
49 94 2.728
49 95 1.101
49 96 3.226
49 97 1.617
49 98 2.384
49 99 1.458
50 51 2.147
50 52 1.662
50 53 1.389
50 54 0.385
50 55 0.159
50 56 0.878
50 57 0.215
50 58 0.366
50 59 0.349
50 60 3.736
50 61 2.151
50 62 0.126
50 63 0.564
50 64 1.511
50 65 1.614
50 66 1.199
50 67 1.948
50 68 1.710
50 69 0.187
50 70 0.818
50 71 2.413
50 72 0.767
50 73 0.151
50 74 1.899
50 75 0.090
50 76 3.197
50 77 0.129
50 78 0.197
50 79 1.128
50 80 0.992
50 81 1.717
50 82 1.197
50 83 0.725
50 84 0.604
50 85 0.336
50 86 2.222
50 87 0.495
50 88 1.828
50 89 1.793
50 90 2.147
50 91 0.669
50 92 0.846
50 93 2.542
50 94 1.527
50 95 0.100
50 96 2.029
50 97 0.419
50 98 1.187
50 99 0.257
51 52 0.493
51 53 3.531
51 54 2.525
51 55 2.037
51 56 3.018
51 57 1.943
51 58 2.498
51 59 1.802
51 60 1.598
51 61 0.055
51 62 2.267
51 63 1.583
51 64 3.650
51 65 3.759
51 66 0.953
51 67 4.089
51 68 0.437
51 69 2.329
51 70 1.331
51 71 0.305
51 72 1.380
51 73 2.298
51 74 4.032
51 75 2.217
51 76 1.061
51 77 2.021
51 78 2.336
51 79 1.019
51 80 1.167
51 81 0.447
51 82 0.951
51 83 2.861
51 84 1.545
51 85 2.467
51 86 0.100
51 87 1.655
51 88 3.963
51 89 0.357
51 90 4.284
51 91 1.478
51 92 1.301
51 93 0.398
51 94 0.654
51 95 2.245
51 96 0.130
51 97 1.728
51 98 0.960
51 99 1.894
52 53 3.050
52 54 2.044
52 55 1.560
52 56 2.537
52 57 1.462
52 58 2.018
52 59 1.315
52 60 2.074
52 61 0.491
52 62 1.784
52 63 1.099
52 64 3.171
52 65 3.276
52 66 0.464
52 67 3.609
52 68 0.079
52 69 1.846
52 70 0.851
52 71 0.751
52 72 0.897
52 73 1.813
52 74 3.555
52 75 1.735
52 76 1.535
52 77 1.535
52 78 1.854
52 79 0.537
52 80 0.675
52 81 0.059
52 82 0.467
52 83 2.381
52 84 1.065
52 85 1.987
52 86 0.560
52 87 1.168
52 88 3.486
52 89 0.137
52 90 3.806
52 91 0.995
52 92 0.819
52 93 0.881
52 94 0.172
52 95 1.762
52 96 0.369
52 97 1.244
52 98 0.478
52 99 1.407
53 54 1.006
53 55 1.494
53 56 0.513
53 57 1.588
53 58 1.033
53 59 1.737
53 60 5.123
53 61 3.537
53 62 1.265
53 63 1.951
53 64 0.125
53 65 0.236
53 66 2.587
53 67 0.560
53 68 3.095
53 69 1.204
53 70 2.200
53 71 3.801
53 72 2.153
53 73 1.239
53 74 0.518
53 75 1.314
53 76 4.585
53 77 1.517
53 78 1.196
53 79 2.514
53 80 2.381
53 81 3.105
53 82 2.583
53 83 0.671
53 84 1.986
53 85 1.063
53 86 3.608
53 87 1.884
53 88 0.444
53 89 3.179
53 90 0.760
53 91 2.055
53 92 2.231
53 93 3.927
53 94 2.915
53 95 1.289
53 96 3.415
53 97 1.806
53 98 2.573
53 99 1.645
54 55 0.491
54 56 0.493
54 57 0.583
54 58 0.043
54 59 0.734
54 60 4.118
54 61 2.531
54 62 0.260
54 63 0.945
54 64 1.127
54 65 1.234
54 66 1.581
54 67 1.565
54 68 2.090
54 69 0.199
54 70 1.195
54 71 2.795
54 72 1.147
54 73 0.239
54 74 1.514
54 75 0.309
54 76 3.579
54 77 0.515
54 78 0.190
54 79 1.508
54 80 1.376
54 81 2.099
54 82 1.577
54 83 0.340
54 84 0.980
54 85 0.065
54 86 2.602
54 87 0.879
54 88 1.443
54 89 2.173
54 90 1.763
54 91 1.049
54 92 1.225
54 93 2.921
54 94 1.911
54 95 0.286
54 96 2.409
54 97 0.800
54 98 1.567
54 99 0.642
55 56 0.981
55 57 0.105
55 58 0.461
55 59 0.281
55 60 3.632
55 61 2.044
55 62 0.244
55 63 0.467
55 64 1.613
55 65 1.724
55 66 1.099
55 67 2.052
55 68 1.603
55 69 0.301
55 70 0.708
55 71 2.311
55 72 0.664
55 73 0.286
55 74 1.996
55 75 0.191
55 76 3.093
55 77 0.141
55 78 0.307
55 79 1.023
55 80 0.901
55 81 1.616
55 82 1.092
55 83 0.823
55 84 0.495
55 85 0.431
55 86 2.115
55 87 0.413
55 88 1.927
55 89 1.687
55 90 2.247
55 91 0.567
55 92 0.741
55 93 2.434
55 94 1.433
55 95 0.231
55 96 1.922
55 97 0.327
55 98 1.082
55 99 0.209
56 57 1.075
56 58 0.520
56 59 1.226
56 60 4.611
56 61 3.024
56 62 0.753
56 63 1.439
56 64 0.633
56 65 0.744
56 66 2.074
56 67 1.072
56 68 2.583
56 69 0.692
56 70 1.688
56 71 3.289
56 72 1.640
56 73 0.729
56 74 1.021
56 75 0.802
56 76 4.072
56 77 1.007
56 78 0.684
56 79 2.001
56 80 1.869
56 81 2.592
56 82 2.070
56 83 0.159
56 84 1.473
56 85 0.550
56 86 3.095
56 87 1.372
56 88 0.950
56 89 2.666
56 90 1.269
56 91 1.542
56 92 1.718
56 93 3.414
56 94 2.404
56 95 0.778
56 96 2.902
56 97 1.294
56 98 2.060
56 99 1.135
57 58 0.556
57 59 0.177
57 60 3.535
57 61 1.949
57 62 0.326
57 63 0.365
57 64 1.709
57 65 1.817
57 66 1.000
57 67 2.148
57 68 1.507
57 69 0.387
57 70 0.612
57 71 2.213
57 72 0.565
57 73 0.361
57 74 2.094
57 75 0.275
57 76 2.997
57 77 0.120
57 78 0.394
57 79 0.926
57 80 0.799
57 81 1.518
57 82 0.995
57 83 0.919
57 84 0.397
57 85 0.525
57 86 2.019
57 87 0.308
57 88 2.024
57 89 1.591
57 90 2.344
57 91 0.468
57 92 0.643
57 93 2.338
57 94 1.332
57 95 0.307
57 96 1.826
57 97 0.223
57 98 0.985
57 99 0.115
58 59 0.711
58 60 4.091
58 61 2.504
58 62 0.239
58 63 0.920
58 64 1.153
58 65 1.263
58 66 1.556
58 67 1.592
58 68 2.063
58 69 0.178
58 70 1.168
58 71 2.769
58 72 1.121
58 73 0.226
58 74 1.538
58 75 0.284
58 76 3.553
58 77 0.495
58 78 0.169
58 79 1.481
58 80 1.353
58 81 2.073
58 82 1.551
58 83 0.363
58 84 0.953
58 85 0.030
58 86 2.575
58 87 0.856
58 88 1.468
58 89 2.146
58 90 1.788
58 91 1.023
58 92 1.199
58 93 2.894
58 94 1.887
58 95 0.267
58 96 2.382
58 97 0.775
58 98 1.541
58 99 0.621
59 60 3.388
59 61 1.805
59 62 0.473
59 63 0.222
59 64 1.859
59 65 1.962
59 66 0.851
59 67 2.297
59 68 1.365
59 69 0.535
59 70 0.478
59 71 2.065
59 72 0.424
59 73 0.499
59 74 2.248
59 75 0.428
59 76 2.849
59 77 0.220
59 78 0.544
59 79 0.783
59 80 0.643
59 81 1.369
59 82 0.851
59 83 1.073
59 84 0.270
59 85 0.681
59 86 1.875
59 87 0.147
59 88 2.177
59 89 1.447
59 90 2.496
59 91 0.327
59 92 0.503
59 93 2.195
59 94 1.178
59 95 0.449
59 96 1.683
59 97 0.085
59 98 0.842
59 99 0.092
60 61 1.588
60 62 3.858
60 63 3.172
60 64 5.244
60 65 5.350
60 66 2.537
60 67 5.683
60 68 2.029
60 69 3.920
60 70 2.924
60 71 1.323
60 72 2.971
60 73 3.887
60 74 5.628
60 75 3.809
60 76 0.539
60 77 3.608
60 78 3.928
60 79 2.610
60 80 2.746
60 81 2.019
60 82 2.541
60 83 4.455
60 84 3.138
60 85 4.061
60 86 1.517
60 87 3.241
60 88 5.559
60 89 1.945
60 90 5.879
60 91 3.068
60 92 2.892
60 93 1.201
60 94 2.213
60 95 3.835
60 96 1.710
60 97 3.318
60 98 2.551
60 99 3.481
61 62 2.272
61 63 1.587
61 64 3.657
61 65 3.765
61 66 0.954
61 67 4.096
61 68 0.442
61 69 2.334
61 70 1.336
61 71 0.277
61 72 1.385
61 73 2.302
61 74 4.040
61 75 2.223
61 76 1.050
61 77 2.024
61 78 2.342
61 79 1.023
61 80 1.166
61 81 0.440
61 82 0.955
61 83 2.867
61 84 1.551
61 85 2.474
61 86 0.071
61 87 1.658
61 88 3.971
61 89 0.358
61 90 4.292
61 91 1.482
61 92 1.306
61 93 0.391
61 94 0.645
61 95 2.250
61 96 0.122
61 97 1.732
61 98 0.964
61 99 1.897
62 63 0.686
62 64 1.387
62 65 1.492
62 66 1.321
62 67 1.825
62 68 1.831
62 69 0.062
62 70 0.937
62 71 2.536
62 72 0.888
62 73 0.048
62 74 1.774
62 75 0.054
62 76 3.319
62 77 0.255
62 78 0.070
62 79 1.249
62 80 1.116
62 81 1.839
62 82 1.318
62 83 0.600
62 84 0.722
62 85 0.209
62 86 2.343
62 87 0.619
62 88 1.703
62 89 1.914
62 90 2.023
62 91 0.790
62 92 0.966
62 93 2.663
62 94 1.651
62 95 0.031
62 96 2.150
62 97 0.540
62 98 1.308
62 99 0.382
63 64 2.072
63 65 2.178
63 66 0.636
63 67 2.511
63 68 1.146
63 69 0.747
63 70 0.256
63 71 1.850
63 72 0.203
63 73 0.715
63 74 2.458
63 75 0.637
63 76 2.634
63 77 0.438
63 78 0.755
63 79 0.564
63 80 0.434
63 81 1.154
63 82 0.632
63 83 1.283
63 84 0.060
63 85 0.890
63 86 1.657
63 87 0.083
63 88 2.388
63 89 1.229
63 90 2.708
63 91 0.105
63 92 0.282
63 93 1.977
63 94 0.967
63 95 0.663
63 96 1.465
63 97 0.145
63 98 0.623
63 99 0.313
64 65 0.144
64 66 2.708
64 67 0.439
64 68 3.216
64 69 1.325
64 70 2.321
64 71 3.922
64 72 2.273
64 73 1.361
64 74 0.394
64 75 1.435
64 76 4.705
64 77 1.639
64 78 1.317
64 79 2.634
64 80 2.503
64 81 3.226
64 82 2.703
64 83 0.790
64 84 2.106
64 85 1.183
64 86 3.728
64 87 2.005
64 88 0.320
64 89 3.299
64 90 0.637
64 91 2.176
64 92 2.352
64 93 4.047
64 94 3.037
64 95 1.411
64 96 3.535
64 97 1.927
64 98 2.693
64 99 1.767
65 66 2.813
65 67 0.345
65 68 3.323
65 69 1.431
65 70 2.429
65 71 4.027
65 72 2.380
65 73 1.464
65 74 0.336
65 75 1.542
65 76 4.811
65 77 1.742
65 78 1.423
65 79 2.741
65 80 2.605
65 81 3.331
65 82 2.810
65 83 0.902
65 84 2.214
65 85 1.293
65 86 3.835
65 87 2.109
65 88 0.263
65 89 3.407
65 90 0.550
65 91 2.282
65 92 2.459
65 93 4.155
65 94 3.140
65 95 1.515
65 96 3.642
65 97 2.032
65 98 2.801
65 99 1.870
66 67 3.146
66 68 0.516
66 69 1.383
66 70 0.394
66 71 1.214
66 72 0.435
66 73 1.349
66 74 3.094
66 75 1.273
66 76 1.998
66 77 1.071
66 78 1.391
66 79 0.090
66 80 0.215
66 81 0.518
66 82 0.046
66 83 1.919
66 84 0.605
66 85 1.525
66 86 1.024
66 87 0.704
66 88 3.024
66 89 0.597
66 90 3.344
66 91 0.532
66 92 0.359
66 93 1.344
66 94 0.336
66 95 1.298
66 96 0.832
66 97 0.781
66 98 0.059
66 99 0.944
67 68 3.655
67 69 1.763
67 70 2.759
67 71 4.361
67 72 2.712
67 73 1.799
67 74 0.117
67 75 1.874
67 76 5.144
67 77 2.077
67 78 1.755
67 79 3.073
67 80 2.941
67 81 3.664
67 82 3.142
67 83 1.229
67 84 2.545
67 85 1.622
67 86 4.167
67 87 2.444
67 88 0.144
67 89 3.738
67 90 0.205
67 91 2.614
67 92 2.790
67 93 4.486
67 94 3.475
67 95 1.849
67 96 3.974
67 97 2.365
67 98 3.132
67 99 2.205
68 69 1.893
68 70 0.895
68 71 0.711
68 72 0.944
68 73 1.861
68 74 3.599
68 75 1.781
68 76 1.491
68 77 1.584
68 78 1.900
68 79 0.582
68 80 0.730
68 81 0.088
68 82 0.514
68 83 2.426
68 84 1.110
68 85 2.032
68 86 0.512
68 87 1.218
68 88 3.530
68 89 0.086
68 90 3.850
68 91 1.041
68 92 0.865
68 93 0.831
68 94 0.248
68 95 1.809
68 96 0.320
68 97 1.292
68 98 0.523
68 99 1.457
69 70 0.998
69 71 2.597
69 72 0.949
69 73 0.056
69 74 1.712
69 75 0.112
69 76 3.381
69 77 0.317
69 78 0.010
69 79 1.311
69 80 1.178
69 81 1.901
69 82 1.379
69 83 0.538
69 84 0.783
69 85 0.149
69 86 2.404
69 87 0.681
69 88 1.642
69 89 1.976
69 90 1.961
69 91 0.851
69 92 1.028
69 93 2.724
69 94 1.712
69 95 0.088
69 96 2.212
69 97 0.602
69 98 1.370
69 99 0.444
70 71 1.603
70 72 0.061
70 73 0.968
70 74 2.704
70 75 0.887
70 76 2.385
70 77 0.693
70 78 1.006
70 79 0.315
70 80 0.223
70 81 0.908
70 82 0.384
70 83 1.531
70 84 0.215
70 85 1.137
70 86 1.407
70 87 0.335
70 88 2.635
70 89 0.979
70 90 2.955
70 91 0.152
70 92 0.042
70 93 1.726
70 94 0.730
70 95 0.915
70 96 1.214
70 97 0.400
70 98 0.373
70 99 0.569
71 72 1.649
71 73 2.564
71 74 4.307
71 75 2.487
71 76 0.784
71 77 2.285
71 78 2.605
71 79 1.288
71 80 1.423
71 81 0.696
71 82 1.219
71 83 3.133
71 84 1.816
71 85 2.739
71 86 0.208
71 87 1.918
71 88 4.237
71 89 0.626
71 90 4.557
71 91 1.746
71 92 1.570
71 93 0.169
71 94 0.892
71 95 2.512
71 96 0.394
71 97 1.995
71 98 1.229
71 99 2.158
72 73 0.918
72 74 2.659
72 75 0.838
72 76 2.432
72 77 0.641
72 78 0.957
72 79 0.361
72 80 0.245
72 81 0.953
72 82 0.430
72 83 1.484
72 84 0.170
72 85 1.090
72 86 1.455
72 87 0.278
72 88 2.589
72 89 1.027
72 90 2.909
72 91 0.098
72 92 0.079
72 93 1.775
72 94 0.770
72 95 0.865
72 96 1.262
72 97 0.348
72 98 0.421
72 99 0.515
73 74 1.750
73 75 0.098
73 76 3.348
73 77 0.279
73 78 0.065
73 79 1.279
73 80 1.142
73 81 1.867
73 82 1.347
73 83 0.578
73 84 0.754
73 85 0.198
73 86 2.372
73 87 0.645
73 88 1.679
73 89 1.944
73 90 1.998
73 91 0.820
73 92 0.997
73 93 2.692
73 94 1.677
73 95 0.055
73 96 2.180
73 97 0.570
73 98 1.338
73 99 0.407
74 75 1.822
74 76 5.089
74 77 2.028
74 78 1.704
74 79 3.019
74 80 2.890
74 81 3.611
74 82 3.088
74 83 1.175
74 84 2.490
74 85 1.568
74 86 4.111
74 87 2.393
74 88 0.075
74 89 3.683
74 90 0.255
74 91 2.561
74 92 2.736
74 93 4.429
74 94 3.425
74 95 1.799
74 96 3.918
74 97 2.313
74 98 3.078
74 99 2.156
75 76 3.270
75 77 0.214
75 78 0.119
75 79 1.200
75 80 1.069
75 81 1.791
75 82 1.268
75 83 0.647
75 84 0.672
75 85 0.254
75 86 2.293
75 87 0.572
75 88 1.751
75 89 1.865
75 90 2.071
75 91 0.741
75 92 0.917
75 93 2.613
75 94 1.603
75 95 0.049
75 96 2.101
75 97 0.492
75 98 1.259
75 99 0.338
76 77 3.069
76 78 3.389
76 79 2.071
76 80 2.207
76 81 1.480
76 82 2.002
76 83 3.916
76 84 2.599
76 85 3.522
76 86 0.979
76 87 2.703
76 88 5.020
76 89 1.406
76 90 5.340
76 91 2.530
76 92 2.354
76 93 0.664
76 94 1.675
76 95 3.296
76 96 1.171
76 97 2.779
76 98 2.012
76 99 2.942
77 78 0.326
77 79 1.002
77 80 0.863
77 81 1.589
77 82 1.070
77 83 0.855
77 84 0.481
77 85 0.464
77 86 2.095
77 87 0.367
77 88 1.957
77 89 1.666
77 90 2.276
77 91 0.543
77 92 0.720
77 93 2.415
77 94 1.398
77 95 0.229
77 96 1.902
77 97 0.294
77 98 1.061
77 99 0.128
78 79 1.318
78 80 1.186
78 81 1.909
78 82 1.387
78 83 0.529
78 84 0.791
78 85 0.139
78 86 2.412
78 87 0.689
78 88 1.633
78 89 1.984
78 90 1.953
78 91 0.859
78 92 1.036
78 93 2.732
78 94 1.721
78 95 0.098
78 96 2.219
78 97 0.610
78 98 1.378
78 99 0.453
79 80 0.173
79 81 0.593
79 82 0.069
79 83 1.845
79 84 0.528
79 85 1.451
79 86 1.094
79 87 0.636
79 88 2.949
79 89 0.665
79 90 3.269
79 91 0.459
79 92 0.283
79 93 1.413
79 94 0.421
79 95 1.227
79 96 0.901
79 97 0.709
79 98 0.059
79 99 0.875
80 81 0.728
80 82 0.228
80 83 1.715
80 84 0.412
80 85 1.322
80 86 1.236
80 87 0.497
80 88 2.819
80 89 0.810
80 90 3.139
80 91 0.336
80 92 0.182
80 93 1.556
80 94 0.535
80 95 1.092
80 96 1.044
80 97 0.577
80 98 0.225
80 99 0.735
81 82 0.524
81 83 2.437
81 84 1.121
81 85 2.043
81 86 0.509
81 87 1.222
81 88 3.541
81 89 0.101
81 90 3.861
81 91 1.050
81 92 0.875
81 93 0.829
81 94 0.208
81 95 1.816
81 96 0.320
81 97 1.299
81 98 0.535
81 99 1.462
82 83 1.914
82 84 0.598
82 85 1.520
82 86 1.025
82 87 0.704
82 88 3.018
82 89 0.597
82 90 3.339
82 91 0.528
82 92 0.352
82 93 1.345
82 94 0.354
82 95 1.295
82 96 0.832
82 97 0.778
82 98 0.015
82 99 0.943
83 84 1.316
83 85 0.394
83 86 2.938
83 87 1.219
83 88 1.105
83 89 2.510
83 90 1.425
83 91 1.387
83 92 1.562
83 93 3.257
83 94 2.250
83 95 0.625
83 96 2.745
83 97 1.139
83 98 1.904
83 99 0.982
84 85 0.923
84 86 1.622
84 87 0.141
84 88 2.421
84 89 1.193
84 90 2.741
84 91 0.077
84 92 0.246
84 93 1.941
84 94 0.939
84 95 0.701
84 96 1.429
84 97 0.188
84 98 0.587
84 99 0.358
85 86 2.545
85 87 0.826
85 88 1.498
85 89 2.116
85 90 1.818
85 91 0.993
85 92 1.168
85 93 2.864
85 94 1.856
85 95 0.237
85 96 2.352
85 97 0.745
85 98 1.510
85 99 0.591
86 87 1.728
86 88 4.042
86 89 0.429
86 90 4.363
86 91 1.553
86 92 1.377
86 93 0.321
86 94 0.712
86 95 2.320
86 96 0.193
86 97 1.803
86 98 1.035
86 99 1.967
87 88 2.322
87 89 1.300
87 90 2.642
87 91 0.183
87 92 0.357
87 93 2.048
87 94 1.032
87 95 0.595
87 96 1.536
87 97 0.087
87 98 0.696
87 99 0.239
88 89 3.614
88 90 0.321
88 91 2.491
88 92 2.667
88 93 4.360
88 94 3.354
88 95 1.728
88 96 3.849
88 97 2.243
88 98 3.008
88 99 2.085
89 90 3.934
89 91 1.124
89 92 0.948
89 93 0.748
89 94 0.305
89 95 1.892
89 96 0.236
89 97 1.374
89 98 0.606
89 99 1.539
90 91 2.811
90 92 2.987
90 93 4.681
90 94 3.673
90 95 2.047
90 96 4.170
90 97 2.563
90 98 3.328
90 99 2.404
91 92 0.177
91 93 1.873
91 94 0.866
91 95 0.768
91 96 1.360
91 97 0.250
91 98 0.518
91 99 0.418
92 93 1.696
92 94 0.694
92 95 0.944
92 96 1.184
92 97 0.427
92 98 0.342
92 99 0.594
93 94 1.032
93 95 2.640
93 96 0.513
93 97 2.123
93 98 1.354
93 99 2.287
94 95 1.626
94 96 0.526
94 97 1.111
94 98 0.367
94 99 1.270
95 96 2.128
95 97 0.518
95 98 1.286
95 99 0.357
96 97 1.610
96 98 0.842
96 99 1.775
97 98 0.769
97 99 0.170
98 99 0.934
