nodei nodej distance
0 1 1.044
0 2 0.731
0 3 1.415
0 4 1.726
0 5 3.617
0 6 3.537
0 7 4.388
0 8 4.087
0 9 4.486
0 10 2.716
0 11 4.465
0 12 3.058
0 13 3.379
0 14 3.727
0 15 4.745
0 16 2.392
0 17 3.074
0 18 2.728
0 19 3.510
0 20 3.635
0 21 4.639
0 22 4.451
0 23 5.521
0 24 3.924
0 25 3.946
0 26 5.103
0 27 4.571
0 28 5.320
0 29 4.190
0 30 4.989
0 31 4.472
0 32 4.987
0 33 3.926
0 34 4.662
0 35 3.922
0 36 3.765
0 37 4.381
0 38 6.047
0 39 4.132
0 40 2.877
0 41 3.161
0 42 3.972
0 43 4.243
0 44 2.478
0 45 3.822
0 46 3.832
0 47 5.030
0 48 4.967
0 49 4.301
0 50 4.814
0 51 4.483
0 52 4.451
0 53 3.823
0 54 3.976
0 55 4.241
0 56 4.641
0 57 3.105
0 58 3.172
0 59 4.349
0 60 4.213
0 61 2.803
0 62 4.380
0 63 3.766
0 64 2.553
0 65 3.614
0 66 4.039
0 67 4.531
0 68 3.802
0 69 2.562
0 70 3.595
0 71 5.163
0 72 3.835
0 73 4.702
0 74 4.557
0 75 3.421
0 76 4.156
0 77 4.124
0 78 4.442
0 79 5.651
0 80 4.269
0 81 3.240
0 82 4.741
0 83 3.056
0 84 4.634
0 85 4.274
0 86 4.660
0 87 3.404
0 88 4.865
0 89 3.550
0 90 6.018
0 91 3.964
0 92 3.727
0 93 3.235
0 94 3.556
0 95 3.582
0 96 3.960
0 97 3.964
0 98 5.034
0 99 3.658
1 2 1.223
1 3 0.794
1 4 1.373
1 5 3.734
1 6 3.651
1 7 4.715
1 8 4.281
1 9 4.770
1 10 2.951
1 11 4.747
1 12 3.197
1 13 3.428
1 14 3.967
1 15 5.116
1 16 2.314
1 17 2.966
1 18 2.918
1 19 3.938
1 20 3.958
1 21 4.844
1 22 4.937
1 23 5.885
1 24 4.159
1 25 4.180
1 26 5.414
1 27 4.985
1 28 5.688
1 29 4.470
1 30 5.366
1 31 4.731
1 32 5.359
1 33 4.239
1 34 4.946
1 35 4.256
1 36 3.978
1 37 4.559
1 38 6.419
1 39 4.220
1 40 3.142
1 41 2.806
1 42 4.080
1 43 4.484
1 44 2.510
1 45 3.993
1 46 4.055
1 47 5.387
1 48 5.228
1 49 4.598
1 50 5.166
1 51 4.467
1 52 4.815
1 53 4.148
1 54 4.194
1 55 4.381
1 56 4.975
1 57 3.316
1 58 3.068
1 59 4.688
1 60 4.333
1 61 2.933
1 62 4.440
1 63 3.943
1 64 2.515
1 65 3.938
1 66 4.223
1 67 4.695
1 68 4.168
1 69 2.579
1 70 3.753
1 71 5.405
1 72 4.116
1 73 4.907
1 74 4.987
1 75 3.634
1 76 4.287
1 77 4.447
1 78 4.757
1 79 5.991
1 80 4.505
1 81 3.297
1 82 4.982
1 83 3.155
1 84 5.041
1 85 4.546
1 86 4.905
1 87 3.252
1 88 5.042
1 89 3.878
1 90 6.380
1 91 4.276
1 92 4.125
1 93 3.407
1 94 3.870
1 95 3.775
1 96 4.333
1 97 4.319
1 98 5.336
1 99 3.751
2 3 1.118
2 4 1.176
2 5 4.344
2 6 4.264
2 7 5.114
2 8 4.818
2 9 5.216
2 10 3.447
2 11 5.195
2 12 3.785
2 13 4.099
2 14 4.458
2 15 5.467
2 16 3.083
2 17 3.768
2 18 3.457
2 19 4.229
2 20 4.364
2 21 5.371
2 22 5.155
2 23 6.241
2 24 4.656
2 25 4.677
2 26 5.830
2 27 5.287
2 28 6.041
2 29 4.920
2 30 5.710
2 31 5.203
2 32 5.707
2 33 4.654
2 34 5.391
2 35 4.649
2 36 4.497
2 37 5.112
2 38 6.766
2 39 4.859
2 40 3.609
2 41 3.790
2 42 4.700
2 43 4.974
2 44 3.190
2 45 4.552
2 46 4.563
2 47 5.753
2 48 5.697
2 49 5.031
2 50 5.537
2 51 5.199
2 52 5.174
2 53 4.552
2 54 4.707
2 55 4.971
2 56 5.367
2 57 3.836
2 58 3.867
2 59 5.075
2 60 4.942
2 61 3.529
2 62 5.105
2 63 4.496
2 64 3.254
2 65 4.343
2 66 4.770
2 67 5.262
2 68 4.527
2 69 3.273
2 70 4.325
2 71 5.894
2 72 4.565
2 73 5.433
2 74 5.271
2 75 4.152
2 76 4.886
2 77 4.851
2 78 5.170
2 79 6.375
2 80 5.001
2 81 3.960
2 82 5.472
2 83 3.780
2 84 5.351
2 85 5.004
2 86 5.391
2 87 4.091
2 88 5.596
2 89 4.279
2 90 6.738
2 91 4.693
2 92 4.448
2 93 3.965
2 94 4.285
2 95 4.313
2 96 4.684
2 97 4.689
2 98 5.761
2 99 4.384
3 4 0.605
3 5 4.525
3 6 4.443
3 7 5.487
3 8 5.069
3 9 5.549
3 10 3.728
3 11 5.526
3 12 3.985
3 13 4.222
3 14 4.749
3 15 5.882
3 16 3.108
3 17 3.757
3 18 3.700
3 19 4.686
3 20 4.728
3 21 5.632
3 22 5.674
3 23 6.654
3 24 4.942
3 25 4.964
3 26 6.190
3 27 5.741
3 28 6.455
3 29 5.248
3 30 6.131
3 31 5.513
3 32 6.125
3 33 5.011
3 34 5.725
3 35 5.025
3 36 4.763
3 37 5.349
3 38 7.188
3 39 5.013
3 40 3.916
3 41 3.562
3 42 4.872
3 43 5.268
3 44 3.302
3 45 4.782
3 46 4.839
3 47 6.156
3 48 6.011
3 49 5.375
3 50 5.935
3 51 5.259
3 52 5.581
3 53 4.918
3 54 4.979
3 55 5.173
3 56 5.747
3 57 4.098
3 58 3.858
3 59 5.458
3 60 5.126
3 61 3.721
3 62 5.234
3 63 4.731
3 64 3.309
3 65 4.707
3 66 5.011
3 67 5.486
3 68 4.930
3 69 3.372
3 70 4.542
3 71 6.190
3 72 4.893
3 73 5.695
3 74 5.740
3 75 4.418
3 76 5.079
3 77 5.219
3 78 5.531
3 79 6.764
3 80 5.289
3 81 4.090
3 82 5.767
3 83 3.947
3 84 5.799
3 85 5.326
3 86 5.689
3 87 4.037
3 88 5.832
3 89 4.646
3 90 7.150
3 91 5.048
3 92 4.881
3 93 4.194
3 94 4.640
3 95 4.562
3 96 5.095
3 97 5.084
3 98 6.114
3 99 4.544
4 5 5.075
4 6 4.992
4 7 5.992
4 8 5.605
4 9 6.066
4 10 4.248
4 11 6.044
4 12 4.527
4 13 4.781
4 14 5.274
4 15 6.376
4 16 3.678
4 17 4.337
4 18 4.230
4 19 5.161
4 20 5.232
4 21 6.168
4 22 6.132
4 23 7.151
4 24 5.469
4 25 5.490
4 26 6.702
4 27 6.222
4 28 6.952
4 29 5.765
4 30 6.624
4 31 6.036
4 32 6.619
4 33 5.519
4 34 6.243
4 35 5.528
4 36 5.294
4 37 5.889
4 38 7.684
4 39 5.571
4 40 4.431
4 41 4.164
4 42 5.425
4 43 5.794
4 44 3.857
4 45 5.322
4 46 5.368
4 47 6.655
4 48 6.535
4 49 5.888
4 50 6.435
4 51 5.835
4 52 6.077
4 53 5.423
4 54 5.509
4 55 5.721
4 56 6.251
4 57 4.626
4 58 4.438
4 59 5.960
4 60 5.677
4 61 4.263
4 62 5.797
4 63 5.269
4 64 3.875
4 65 5.211
4 66 5.550
4 67 6.030
4 68 5.424
4 69 3.930
4 70 5.083
4 71 6.719
4 72 5.409
4 73 6.231
4 74 6.216
4 75 4.947
4 76 5.628
4 77 5.725
4 78 6.040
4 79 7.269
4 80 5.817
4 81 4.648
4 82 6.295
4 83 4.496
4 84 6.282
4 85 5.845
4 86 6.216
4 87 4.624
4 88 6.375
4 89 5.149
4 90 7.649
4 91 5.557
4 92 5.365
4 93 4.730
4 94 5.147
4 95 5.096
4 96 5.587
4 97 5.581
4 98 6.627
4 99 5.098
5 6 0.082
5 7 1.222
5 8 0.593
5 9 1.174
5 10 0.930
5 11 1.150
5 12 0.560
5 13 0.358
5 14 0.484
5 15 1.655
5 16 1.450
5 17 0.976
5 18 0.893
5 19 1.144
5 20 0.767
5 21 1.133
5 22 1.850
5 23 2.326
5 24 0.578
5 25 0.592
5 26 1.799
5 27 1.662
5 28 2.151
5 29 0.916
5 30 1.882
5 31 1.095
5 32 1.865
5 33 0.850
5 34 1.328
5 35 0.928
5 36 0.404
5 37 0.837
5 38 2.841
5 39 0.516
5 40 0.827
5 41 1.660
5 42 0.355
5 43 0.848
5 44 1.224
5 45 0.308
5 46 0.478
5 47 1.857
5 48 1.556
5 49 1.057
5 50 1.653
5 51 0.956
5 52 1.394
5 53 0.843
5 54 0.562
5 55 0.648
5 56 1.452
5 57 0.567
5 58 0.910
5 59 1.231
5 60 0.603
5 61 0.819
5 62 0.773
5 63 0.285
5 64 1.243
5 65 0.763
5 66 0.526
5 67 0.964
5 68 0.990
5 69 1.159
5 70 0.145
5 71 1.707
5 72 0.686
5 73 1.194
5 74 1.709
5 75 0.371
5 76 0.554
5 77 1.014
5 78 1.227
5 79 2.384
5 80 0.855
5 81 0.456
5 82 1.301
5 83 0.579
5 84 1.687
5 85 0.960
5 86 1.233
5 87 0.968
5 88 1.312
5 89 0.766
5 90 2.789
5 91 0.868
5 92 1.090
5 93 0.404
5 94 0.715
5 95 0.275
5 96 1.095
5 97 1.029
5 98 1.714
5 99 0.091
6 7 1.283
6 8 0.668
6 9 1.243
6 10 0.857
6 11 1.219
6 12 0.480
6 13 0.291
6 14 0.523
6 15 1.718
6 16 1.370
6 17 0.910
6 18 0.816
6 19 1.147
6 20 0.785
6 21 1.213
6 22 1.891
6 23 2.398
6 24 0.636
6 25 0.652
6 26 1.873
6 27 1.715
6 28 2.221
6 29 0.979
6 30 1.947
6 31 1.167
6 32 1.931
6 33 0.894
6 34 1.401
6 35 0.968
6 36 0.454
6 37 0.918
6 38 2.915
6 39 0.595
6 40 0.764
6 41 1.605
6 42 0.436
6 43 0.918
6 44 1.142
6 45 0.378
6 46 0.532
6 47 1.926
6 48 1.634
6 49 1.120
6 50 1.719
6 51 1.018
6 52 1.451
6 53 0.877
6 54 0.628
6 55 0.730
6 56 1.518
6 57 0.504
6 58 0.848
6 59 1.289
6 60 0.685
6 61 0.737
6 62 0.848
6 63 0.347
6 64 1.162
6 65 0.779
6 66 0.602
6 67 1.046
6 68 1.018
6 69 1.077
6 70 0.173
6 71 1.786
6 72 0.729
6 73 1.274
6 74 1.760
6 75 0.351
6 76 0.636
6 77 1.067
6 78 1.291
6 79 2.459
6 80 0.928
6 81 0.379
6 82 1.378
6 83 0.497
6 84 1.743
6 85 1.027
6 86 1.309
6 87 0.923
6 88 1.394
6 89 0.775
6 90 2.863
6 91 0.914
6 92 1.109
6 93 0.337
6 94 0.725
6 95 0.294
6 96 1.132
6 97 1.069
6 98 1.788
6 99 0.135
7 8 0.681
7 9 0.213
7 10 1.766
7 11 0.215
7 12 1.597
7 13 1.574
7 14 0.797
7 15 0.436
7 16 2.566
7 17 2.192
7 18 1.812
7 19 0.935
7 20 0.760
7 21 0.594
7 22 0.779
7 23 1.173
7 24 0.647
7 25 0.631
7 26 0.716
7 27 0.474
7 28 0.979
7 29 0.307
7 30 0.675
7 31 0.315
7 32 0.663
7 33 0.476
7 34 0.325
7 35 0.466
7 36 0.834
7 37 0.668
7 38 1.707
7 39 1.087
7 40 1.573
7 41 2.881
7 42 1.062
7 43 0.424
7 44 2.296
7 45 0.918
7 46 0.753
7 47 0.676
7 48 0.635
7 49 0.171
7 50 0.457
7 51 1.501
7 52 0.190
7 53 0.569
7 54 0.663
7 55 0.848
7 56 0.261
7 57 1.422
7 58 2.131
7 59 0.064
7 60 0.939
7 61 1.839
7 62 1.178
7 63 0.937
7 64 2.366
7 65 0.781
7 66 0.744
7 67 0.739
7 68 0.594
7 69 2.254
7 70 1.118
7 71 0.846
7 72 0.611
7 73 0.620
7 74 0.540
7 75 1.126
7 76 0.909
7 77 0.268
7 78 0.075
7 79 1.277
7 80 0.439
7 81 1.644
7 82 0.509
7 83 1.682
7 84 0.481
7 85 0.285
7 86 0.447
7 87 2.179
7 88 0.810
7 89 0.843
7 90 1.666
7 91 0.440
7 92 0.701
7 93 1.377
7 94 0.847
7 95 1.032
7 96 0.454
7 97 0.430
7 98 0.649
7 99 1.272
8 9 0.591
8 10 1.373
8 11 0.568
8 12 1.085
8 13 0.950
8 14 0.384
8 15 1.096
8 16 2.029
8 17 1.564
8 18 1.377
8 19 1.033
8 20 0.640
8 21 0.563
8 22 1.408
8 23 1.735
8 24 0.216
8 25 0.203
8 26 1.207
8 27 1.150
8 28 1.563
8 29 0.385
8 30 1.308
8 31 0.504
8 32 1.290
8 33 0.493
8 34 0.738
8 35 0.579
8 36 0.323
8 37 0.296
8 38 2.248
8 39 0.431
8 40 1.211
8 41 2.226
8 42 0.381
8 43 0.267
8 44 1.786
8 45 0.294
8 46 0.268
8 47 1.275
8 48 0.967
8 49 0.510
8 50 1.079
8 51 0.922
8 52 0.868
8 53 0.563
8 54 0.137
8 55 0.257
8 56 0.883
8 57 0.985
8 58 1.493
8 59 0.708
8 60 0.319
8 61 1.349
8 62 0.605
8 63 0.340
8 64 1.822
8 65 0.653
8 66 0.068
8 67 0.451
8 68 0.723
8 69 1.728
8 70 0.534
8 71 1.128
8 72 0.407
8 73 0.626
8 74 1.211
8 75 0.666
8 76 0.264
8 77 0.550
8 78 0.668
8 79 1.791
8 80 0.267
8 81 1.047
8 82 0.712
8 83 1.139
8 84 1.162
8 85 0.398
8 86 0.642
8 87 1.513
8 88 0.778
8 89 0.702
8 90 2.196
8 91 0.484
8 92 0.866
8 93 0.875
8 94 0.664
8 95 0.510
8 96 0.739
8 97 0.664
8 98 1.122
8 99 0.621
9 10 1.821
9 11 0.024
9 12 1.608
9 13 1.532
9 14 0.808
9 15 0.518
9 16 2.574
9 17 2.149
9 18 1.854
9 19 1.094
9 20 0.853
9 21 0.382
9 22 0.975
9 23 1.157
9 24 0.627
9 25 0.607
9 26 0.647
9 27 0.639
9 28 0.978
9 29 0.301
9 30 0.717
9 31 0.117
9 32 0.699
9 33 0.564
9 34 0.177
9 35 0.585
9 36 0.818
9 37 0.499
9 38 1.681
9 39 0.954
9 40 1.635
9 41 2.817
9 42 0.959
9 43 0.327
9 44 2.313
9 45 0.866
9 46 0.736
9 47 0.684
9 48 0.485
9 49 0.188
9 50 0.489
9 51 1.326
9 52 0.373
9 53 0.670
9 54 0.616
9 55 0.704
9 56 0.299
9 57 1.457
9 58 2.081
9 59 0.276
9 60 0.797
9 61 1.861
9 62 1.009
9 63 0.897
9 64 2.370
9 65 0.874
9 66 0.659
9 67 0.543
9 68 0.738
9 69 2.265
9 70 1.089
9 71 0.691
9 72 0.657
9 73 0.407
9 74 0.714
9 75 1.144
9 76 0.779
9 77 0.388
9 78 0.145
9 79 1.233
9 80 0.324
9 81 1.617
9 82 0.308
9 83 1.681
9 84 0.629
9 85 0.226
9 86 0.239
9 87 2.104
9 88 0.599
9 89 0.938
9 90 1.633
9 91 0.526
9 92 0.863
9 93 1.388
9 94 0.930
9 95 1.025
9 96 0.623
9 97 0.581
9 98 0.567
9 99 1.210
10 11 1.799
10 12 0.407
10 13 0.804
10 14 1.026
10 15 2.177
10 16 0.917
10 17 0.980
10 18 0.125
10 19 1.101
10 20 1.017
10 21 1.930
10 22 2.099
10 23 2.939
10 24 1.223
10 25 1.244
10 26 2.463
10 27 2.072
10 28 2.743
10 29 1.520
10 30 2.426
10 31 1.789
10 32 2.418
10 33 1.290
10 34 1.998
10 35 1.314
10 36 1.054
10 37 1.666
10 38 3.473
10 39 1.443
10 40 0.198
10 41 1.652
10 42 1.277
10 43 1.547
10 44 0.626
10 45 1.107
10 46 1.124
10 47 2.441
10 48 2.287
10 49 1.648
10 50 2.220
10 51 1.868
10 52 1.877
10 53 1.204
10 54 1.267
10 55 1.528
10 56 2.027
10 57 0.389
10 58 1.010
10 59 1.742
10 60 1.507
10 61 0.294
10 62 1.703
10 63 1.050
10 64 0.765
10 65 0.997
10 66 1.323
10 67 1.815
10 68 1.245
10 69 0.629
10 70 0.886
10 71 2.472
10 72 1.166
10 73 1.993
10 74 2.087
10 75 0.707
10 76 1.447
10 77 1.500
10 78 1.807
10 79 3.041
10 80 1.571
10 81 0.684
10 82 2.048
10 83 0.477
10 84 2.123
10 85 1.598
10 86 1.968
10 87 1.246
10 88 2.150
10 89 0.941
10 90 3.432
10 91 1.327
10 92 1.234
10 93 0.530
10 94 0.926
10 95 0.866
10 96 1.410
10 97 1.385
10 98 2.386
10 99 0.989
11 12 1.584
11 13 1.508
11 14 0.785
11 15 0.538
11 16 2.550
11 17 2.126
11 18 1.831
11 19 1.080
11 20 0.834
11 21 0.380
11 22 0.984
11 23 1.181
11 24 0.603
11 25 0.583
11 26 0.670
11 27 0.653
11 28 1.001
11 29 0.279
11 30 0.740
11 31 0.104
11 32 0.722
11 33 0.544
11 34 0.199
11 35 0.568
11 36 0.794
11 37 0.482
11 38 1.705
11 39 0.934
11 40 1.613
11 41 2.794
11 42 0.937
11 43 0.303
11 44 2.290
11 45 0.842
11 46 0.713
11 47 0.708
11 48 0.504
11 49 0.171
11 50 0.512
11 51 1.311
11 52 0.383
11 53 0.651
11 54 0.592
11 55 0.684
11 56 0.320
11 57 1.434
11 58 2.057
11 59 0.277
11 60 0.777
11 61 1.837
11 62 0.993
11 63 0.873
11 64 2.346
11 65 0.854
11 66 0.636
11 67 0.532
11 68 0.723
11 69 2.241
11 70 1.065
11 71 0.709
11 72 0.635
11 73 0.408
11 74 0.727
11 75 1.121
11 76 0.758
11 77 0.373
11 78 0.151
11 79 1.256
11 80 0.301
11 81 1.593
11 82 0.319
11 83 1.657
11 84 0.645
11 85 0.203
11 86 0.247
11 87 2.081
11 88 0.602
11 89 0.919
11 90 1.657
11 91 0.507
11 92 0.850
11 93 1.364
11 94 0.910
11 95 1.001
11 96 0.612
11 97 0.568
11 98 0.590
11 99 1.186
12 13 0.398
12 14 0.804
12 15 2.029
12 16 0.969
12 17 0.735
12 18 0.342
12 19 1.151
12 20 0.920
12 21 1.648
12 22 2.070
12 23 2.759
12 24 0.982
12 25 1.002
12 26 2.254
12 27 1.972
12 28 2.571
12 29 1.316
12 30 2.273
12 31 1.553
12 32 2.260
12 33 1.141
12 34 1.778
12 35 1.190
12 36 0.793
12 37 1.363
12 38 3.288
12 39 1.075
12 40 0.394
12 41 1.461
12 42 0.915
12 43 1.302
12 44 0.706
12 45 0.796
12 46 0.873
12 47 2.269
12 48 2.043
12 49 1.454
12 50 2.052
12 51 1.470
12 52 1.739
12 53 1.081
12 54 1.006
12 55 1.196
12 56 1.852
12 57 0.238
12 58 0.728
12 59 1.587
12 60 1.160
12 61 0.264
12 62 1.326
12 63 0.746
12 64 0.769
12 65 0.905
12 66 1.027
12 67 1.503
12 68 1.173
12 69 0.658
12 70 0.557
12 71 2.212
12 72 0.988
12 73 1.710
12 74 2.002
12 75 0.472
12 76 1.106
12 77 1.345
12 78 1.624
12 79 2.841
12 80 1.319
12 81 0.289
12 82 1.792
12 83 0.120
12 84 2.012
12 85 1.382
12 86 1.717
12 87 0.924
12 88 1.848
12 89 0.867
12 90 3.241
12 91 1.172
12 92 1.210
12 93 0.221
12 94 0.832
12 95 0.586
12 96 1.324
12 97 1.279
12 98 2.172
12 99 0.604
13 14 0.805
13 15 2.009
13 16 1.122
13 17 0.619
13 18 0.724
13 19 1.367
13 20 1.040
13 21 1.479
13 22 2.169
13 23 2.685
13 24 0.928
13 25 0.944
13 26 2.157
13 27 2.004
13 28 2.509
13 29 1.270
13 30 2.238
13 31 1.453
13 32 2.222
13 33 1.177
13 34 1.687
13 35 1.247
13 36 0.744
13 37 1.181
13 38 3.198
13 39 0.793
13 40 0.779
13 41 1.317
13 42 0.662
13 43 1.206
13 44 0.926
13 45 0.666
13 46 0.823
13 47 2.215
13 48 1.909
13 49 1.412
13 50 2.010
13 51 1.107
13 52 1.742
13 53 1.152
13 54 0.919
13 55 0.976
13 56 1.809
13 57 0.554
13 58 0.557
13 59 1.580
13 60 0.916
13 61 0.594
13 62 1.016
13 63 0.638
13 64 0.916
13 65 1.031
13 66 0.883
13 67 1.297
13 68 1.283
13 69 0.851
13 70 0.460
13 71 2.053
13 72 1.012
13 73 1.539
13 74 2.048
13 75 0.566
13 76 0.878
13 77 1.356
13 78 1.582
13 79 2.741
13 80 1.214
13 81 0.140
13 82 1.654
13 83 0.341
13 84 2.033
13 85 1.317
13 86 1.587
13 87 0.655
13 88 1.643
13 89 1.016
13 90 3.145
13 91 1.200
13 92 1.361
13 93 0.406
13 94 0.968
13 95 0.567
13 96 1.407
13 97 1.348
13 98 2.072
13 99 0.339
14 15 1.232
14 16 1.773
14 17 1.412
14 18 1.049
14 19 0.728
14 20 0.320
14 21 0.913
14 22 1.369
14 23 1.956
14 24 0.198
14 25 0.219
14 26 1.455
14 27 1.202
14 28 1.768
14 29 0.512
14 30 1.472
14 31 0.765
14 32 1.459
14 33 0.372
14 34 0.982
14 35 0.445
14 36 0.107
14 37 0.676
14 38 2.485
14 39 0.677
14 40 0.851
14 41 2.122
14 42 0.537
14 43 0.521
14 44 1.507
14 45 0.268
14 46 0.117
14 47 1.466
14 48 1.262
14 49 0.650
14 50 1.250
14 51 1.202
14 52 0.949
14 53 0.359
14 54 0.255
14 55 0.612
14 56 1.049
14 57 0.651
14 58 1.360
14 59 0.792
14 60 0.639
14 61 1.053
14 62 0.916
14 63 0.237
14 64 1.571
14 65 0.325
14 66 0.360
14 67 0.833
14 68 0.512
14 69 1.461
14 70 0.350
14 71 1.446
14 72 0.206
14 73 0.975
14 74 1.243
14 75 0.336
14 76 0.572
14 77 0.557
14 78 0.820
14 79 2.040
14 80 0.545
14 81 0.857
14 82 1.022
14 83 0.885
14 84 1.235
14 85 0.582
14 86 0.942
14 87 1.446
14 88 1.146
14 89 0.356
14 90 2.439
14 91 0.395
14 92 0.625
14 93 0.583
14 94 0.308
14 95 0.241
14 96 0.611
14 97 0.547
14 98 1.374
14 99 0.560
15 16 2.997
15 17 2.627
15 18 2.231
15 19 1.240
15 20 1.161
15 21 0.823
15 22 0.629
15 23 0.777
15 24 1.082
15 25 1.065
15 26 0.454
15 27 0.265
15 28 0.576
15 29 0.739
15 30 0.250
15 31 0.630
15 32 0.243
15 33 0.894
15 34 0.446
15 35 0.863
15 36 1.270
15 37 1.011
15 38 1.308
15 39 1.472
15 40 1.981
15 41 3.312
15 42 1.471
15 43 0.829
15 44 2.723
15 45 1.349
15 46 1.189
15 47 0.289
15 48 0.580
15 49 0.598
15 50 0.115
15 51 1.825
15 52 0.301
15 53 0.973
15 54 1.093
15 55 1.222
15 56 0.220
15 57 1.846
15 58 2.565
15 59 0.442
15 60 1.314
15 61 2.266
15 62 1.516
15 63 1.371
15 64 2.798
15 65 1.181
15 66 1.162
15 67 1.029
15 68 0.952
15 69 2.684
15 70 1.553
15 71 0.750
15 72 1.041
15 73 0.815
15 74 0.336
15 75 1.558
15 76 1.297
15 77 0.685
15 78 0.430
15 79 0.911
15 80 0.834
15 81 2.081
15 82 0.640
15 83 2.116
15 84 0.206
15 85 0.700
15 86 0.631
15 87 2.605
15 88 0.951
15 89 1.239
15 90 1.274
15 91 0.860
15 92 1.019
15 93 1.809
15 94 1.251
15 95 1.468
15 96 0.789
15 97 0.797
15 98 0.435
15 99 1.702
16 17 0.684
16 18 0.817
16 19 2.012
16 20 1.866
16 21 2.582
16 22 2.994
16 23 3.728
16 24 1.947
16 25 1.967
16 26 3.218
16 27 2.929
16 28 3.540
16 29 2.284
16 30 3.242
16 31 2.514
16 32 3.229
16 33 2.106
16 34 2.742
16 35 2.149
16 36 1.756
16 37 2.288
16 38 4.255
16 39 1.914
16 40 1.102
16 41 0.964
16 42 1.783
16 43 2.262
16 44 0.292
16 45 1.735
16 46 1.838
16 47 3.239
16 48 2.996
16 49 2.423
16 50 3.022
16 51 2.158
16 52 2.705
16 53 2.039
16 54 1.964
16 55 2.093
16 56 2.821
16 57 1.159
16 58 0.784
16 59 2.555
16 60 2.037
16 61 0.737
16 62 2.127
16 63 1.692
16 64 0.208
16 65 1.849
16 66 1.966
16 67 2.413
16 68 2.113
16 69 0.314
16 70 1.497
16 71 3.154
16 72 1.956
16 73 2.643
16 74 2.954
16 75 1.440
16 76 1.996
16 77 2.312
16 78 2.593
16 79 3.805
16 80 2.277
16 81 0.998
16 82 2.742
16 83 0.894
16 84 2.973
16 85 2.349
16 86 2.670
16 87 1.012
16 88 2.760
16 89 1.802
16 90 4.207
16 91 2.139
16 92 2.125
16 93 1.190
16 94 1.775
16 95 1.549
16 96 2.271
16 97 2.234
16 98 3.135
16 99 1.455
17 18 0.857
17 19 1.882
17 20 1.611
17 21 2.076
17 22 2.759
17 23 3.300
17 24 1.545
17 25 1.562
17 26 2.769
17 27 2.615
17 28 3.126
17 29 1.888
17 30 2.857
17 31 2.068
17 32 2.840
17 33 1.782
17 34 2.302
17 35 1.846
17 36 1.359
17 37 1.778
17 38 3.810
17 39 1.345
17 40 1.078
17 41 0.729
17 42 1.246
17 43 1.823
17 44 0.649
17 45 1.284
17 46 1.439
17 47 2.833
17 48 2.514
17 49 2.030
17 50 2.629
17 51 1.505
17 52 2.357
17 53 1.745
17 54 1.537
17 55 1.562
17 56 2.427
17 57 0.973
17 58 0.102
17 59 2.196
17 60 1.490
17 61 0.687
17 62 1.521
17 63 1.257
17 64 0.529
17 65 1.598
17 66 1.496
17 67 1.880
17 68 1.862
17 69 0.565
17 70 1.075
17 71 2.648
17 72 1.617
17 73 2.133
17 74 2.655
17 75 1.130
17 76 1.463
17 77 1.968
17 78 2.201
17 79 3.351
17 80 1.830
17 81 0.557
17 82 2.259
17 83 0.615
17 84 2.646
17 85 1.936
17 86 2.196
17 87 0.341
17 88 2.219
17 89 1.571
17 90 3.755
17 91 1.807
17 92 1.920
17 93 0.901
17 94 1.529
17 95 1.172
17 96 1.999
17 97 1.944
17 98 2.684
17 99 0.944
18 19 1.195
18 20 1.076
18 21 1.939
18 22 2.182
18 23 2.985
18 24 1.242
18 25 1.263
18 26 2.499
18 27 2.139
18 28 2.791
18 29 1.554
18 30 2.479
18 31 1.814
18 32 2.469
18 33 1.338
18 34 2.029
18 35 1.369
18 36 1.064
18 37 1.665
18 38 3.518
18 39 1.410
18 40 0.285
18 41 1.528
18 42 1.246
18 43 1.567
18 44 0.526
18 45 1.099
18 46 1.139
18 47 2.488
18 48 2.310
18 49 1.686
18 50 2.268
18 51 1.811
18 52 1.932
18 53 1.259
18 54 1.280
18 55 1.514
18 56 2.072
18 57 0.398
18 58 0.889
18 59 1.792
18 60 1.485
18 61 0.173
18 62 1.664
18 63 1.045
18 64 0.654
18 65 1.057
18 66 1.323
18 67 1.811
18 68 1.313
18 69 0.518
18 70 0.868
18 71 2.491
18 72 1.205
18 73 2.002
18 74 2.157
18 75 0.718
18 76 1.428
18 77 1.548
18 78 1.849
18 79 3.081
18 80 1.589
18 81 0.596
18 82 2.067
18 83 0.386
18 84 2.186
18 85 1.629
18 86 1.989
18 87 1.129
18 88 2.151
18 89 1.004
18 90 3.475
18 91 1.374
18 92 1.314
18 93 0.508
18 94 0.984
18 95 0.867
18 96 1.476
18 97 1.446
18 98 2.420
18 99 0.944
19 20 0.409
19 21 1.391
19 22 1.011
19 23 2.013
19 24 0.820
19 25 0.831
19 26 1.632
19 27 1.063
19 28 1.812
19 29 0.859
19 30 1.481
19 31 1.132
19 32 1.479
19 33 0.583
19 34 1.251
19 35 0.525
19 36 0.835
19 37 1.266
19 38 2.537
19 39 1.400
19 40 0.911
19 41 2.610
19 42 1.266
19 43 0.995
19 44 1.721
19 45 0.996
19 46 0.820
19 47 1.528
19 48 1.566
19 49 0.911
19 50 1.318
19 51 1.924
19 52 0.955
19 53 0.484
19 54 0.900
19 55 1.289
19 56 1.165
19 57 0.914
19 58 1.862
19 59 0.883
19 60 1.338
19 61 1.299
19 62 1.624
19 63 0.959
19 64 1.843
19 65 0.403
19 66 1.041
19 67 1.411
19 68 0.360
19 69 1.710
19 70 0.999
19 71 1.777
19 72 0.626
19 73 1.441
19 74 1.055
19 75 0.805
19 76 1.274
19 77 0.708
19 78 1.003
19 79 2.150
19 80 1.030
19 81 1.354
19 82 1.397
19 83 1.269
19 84 1.124
19 85 0.942
19 86 1.320
19 87 2.015
19 88 1.640
19 89 0.381
19 90 2.509
19 91 0.613
19 92 0.234
19 93 0.988
19 94 0.433
19 95 0.870
19 96 0.481
19 97 0.513
19 98 1.574
19 99 1.232
20 21 1.074
20 22 1.152
20 23 1.927
20 24 0.424
20 25 0.437
20 26 1.472
20 27 1.064
20 28 1.730
20 29 0.565
20 30 1.410
20 31 0.854
20 32 1.402
20 33 0.291
20 34 1.028
20 35 0.298
20 36 0.427
20 37 0.899
20 38 2.461
20 39 0.992
20 40 0.821
20 41 2.336
20 42 0.857
20 43 0.660
20 44 1.583
20 45 0.589
20 46 0.412
20 47 1.428
20 48 1.338
20 49 0.667
20 50 1.207
20 51 1.516
20 52 0.860
20 53 0.191
20 54 0.504
20 55 0.892
20 56 1.020
20 57 0.708
20 58 1.574
20 59 0.730
20 60 0.935
20 61 1.130
20 62 1.220
20 63 0.555
20 64 1.676
20 65 0.021
20 66 0.640
20 67 1.052
20 68 0.253
20 69 1.553
20 70 0.622
20 71 1.540
20 72 0.243
20 73 1.131
20 74 1.087
20 75 0.481
20 76 0.870
20 77 0.493
20 78 0.810
20 79 2.037
20 80 0.693
20 81 1.057
20 82 1.128
20 83 1.025
20 84 1.111
20 85 0.652
20 86 1.047
20 87 1.694
20 88 1.321
20 89 0.085
20 90 2.423
20 91 0.329
20 92 0.324
20 93 0.716
20 94 0.092
20 95 0.493
20 96 0.405
20 97 0.370
20 98 1.400
20 99 0.852
21 22 1.350
21 23 1.270
21 24 0.716
21 25 0.695
21 26 0.736
21 27 0.999
21 28 1.128
21 29 0.532
21 30 0.955
21 31 0.285
21 32 0.931
21 33 0.813
21 34 0.376
21 35 0.866
21 36 0.877
21 37 0.299
21 38 1.751
21 39 0.760
21 40 1.762
21 41 2.691
21 42 0.831
21 43 0.414
21 44 2.345
21 45 0.852
21 46 0.808
21 47 0.884
21 48 0.448
21 49 0.509
21 50 0.752
21 51 1.013
21 52 0.750
21 53 0.920
21 54 0.664
21 55 0.518
21 56 0.616
21 57 1.545
21 58 1.995
21 59 0.656
21 60 0.600
21 61 1.911
21 62 0.724
21 63 0.902
21 64 2.375
21 65 1.092
21 66 0.621
21 67 0.226
21 68 1.032
21 69 2.286
21 70 1.093
21 71 0.574
21 72 0.838
21 73 0.063
21 74 1.077
21 75 1.224
21 76 0.615
21 77 0.701
21 78 0.527
21 79 1.291
21 80 0.382
21 81 1.589
21 82 0.209
21 83 1.697
21 84 0.977
21 85 0.450
21 86 0.191
21 87 1.971
21 88 0.249
21 89 1.154
21 90 1.692
21 91 0.781
21 92 1.172
21 93 1.439
21 94 1.131
21 95 1.072
21 96 0.953
21 97 0.896
21 98 0.652
21 99 1.141
22 23 1.210
22 24 1.297
22 25 1.289
22 26 1.069
22 27 0.373
22 28 1.031
22 29 1.027
22 30 0.748
22 31 1.088
22 32 0.763
22 33 1.000
22 34 0.997
22 35 0.923
22 36 1.448
22 37 1.445
22 38 1.676
22 39 1.835
22 40 1.903
22 41 3.481
22 42 1.780
22 43 1.181
22 44 2.705
22 45 1.578
22 46 1.380
22 47 0.848
22 48 1.203
22 49 0.929
22 50 0.744
22 51 2.276
22 52 0.602
22 53 1.017
22 54 1.345
22 55 1.611
22 56 0.762
22 57 1.848
22 58 2.717
22 59 0.729
22 60 1.698
22 61 2.263
22 62 1.951
22 63 1.577
22 64 2.813
22 65 1.167
22 66 1.462
22 67 1.515
22 68 0.899
22 69 2.685
22 70 1.718
22 71 1.380
22 72 1.164
22 73 1.362
22 74 0.295
22 75 1.630
22 76 1.660
22 77 0.862
22 78 0.833
22 79 1.387
22 80 1.203
22 81 2.203
22 82 1.209
22 83 2.177
22 84 0.424
22 85 1.043
22 86 1.174
22 87 2.814
22 88 1.529
22 89 1.203
22 90 1.666
22 91 0.984
22 92 0.869
22 93 1.869
22 94 1.239
22 95 1.602
22 96 0.762
22 97 0.822
22 98 1.062
22 99 1.919
23 24 1.782
23 25 1.763
23 26 0.537
23 27 0.967
23 28 0.201
23 29 1.444
23 30 0.532
23 31 1.232
23 32 0.534
23 33 1.649
23 34 0.998
23 35 1.629
23 36 1.974
23 37 1.551
23 38 0.534
23 39 2.027
23 40 2.745
23 41 3.948
23 42 2.076
23 43 1.480
23 44 3.463
23 45 2.020
23 46 1.892
23 47 0.499
23 48 0.827
23 49 1.306
23 50 0.720
23 51 2.237
23 52 1.075
23 53 1.737
23 54 1.773
23 55 1.778
23 56 0.913
23 57 2.594
23 58 3.227
23 59 1.197
23 60 1.865
23 61 3.007
23 62 1.982
23 63 2.054
23 64 3.525
23 65 1.948
23 66 1.803
23 67 1.495
23 68 1.727
23 69 3.417
23 70 2.247
23 71 0.794
23 72 1.782
23 73 1.227
23 74 1.000
23 75 2.291
23 76 1.870
23 77 1.439
23 78 1.138
23 79 0.188
23 80 1.471
23 81 2.774
23 82 1.065
23 83 2.836
23 84 0.900
23 85 1.380
23 86 1.116
23 87 3.229
23 88 1.241
23 89 2.008
23 90 0.498
23 91 1.613
23 92 1.794
23 93 2.539
23 94 2.016
23 95 2.180
23 96 1.565
23 97 1.570
23 98 0.622
23 99 2.356
24 25 0.021
24 26 1.272
24 27 1.086
24 28 1.598
24 29 0.344
24 30 1.314
24 31 0.573
24 32 1.299
24 33 0.317
24 34 0.796
24 35 0.405
24 36 0.192
24 37 0.491
24 38 2.308
24 39 0.600
24 40 1.049
24 41 2.238
24 42 0.499
24 43 0.325
24 44 1.688
24 45 0.282
24 46 0.110
24 47 1.299
24 48 1.069
24 49 0.486
24 50 1.088
24 51 1.115
24 52 0.816
24 53 0.364
24 54 0.080
24 55 0.470
24 56 0.886
24 57 0.844
24 58 1.484
24 59 0.654
24 60 0.519
24 61 1.238
24 62 0.806
24 63 0.293
24 64 1.743
24 65 0.437
24 66 0.221
24 67 0.648
24 68 0.529
24 69 1.638
24 70 0.472
24 71 1.250
24 72 0.197
24 73 0.778
24 74 1.136
24 75 0.525
24 76 0.456
24 77 0.442
24 78 0.658
24 79 1.859
24 80 0.348
24 81 1.000
24 82 0.825
24 83 1.054
24 84 1.110
24 85 0.402
24 86 0.747
24 87 1.542
24 88 0.951
24 89 0.487
24 90 2.260
24 91 0.321
24 92 0.666
24 93 0.763
24 94 0.450
24 95 0.398
24 96 0.575
24 97 0.501
24 98 1.190
24 99 0.634
25 26 1.252
25 27 1.073
25 28 1.579
25 29 0.327
25 30 1.297
25 31 0.552
25 32 1.282
25 33 0.316
25 34 0.776
25 35 0.404
25 36 0.211
25 37 0.473
25 38 2.288
25 39 0.597
25 40 1.070
25 41 2.252
25 42 0.501
25 43 0.304
25 44 1.709
25 45 0.294
25 46 0.130
25 47 1.281
25 48 1.047
25 49 0.469
25 50 1.070
25 51 1.109
25 52 0.802
25 53 0.369
25 54 0.071
25 55 0.458
25 56 0.868
25 57 0.865
25 58 1.500
25 59 0.639
25 60 0.511
25 61 1.258
25 62 0.798
25 63 0.307
25 64 1.763
25 65 0.451
25 66 0.214
25 67 0.629
25 68 0.533
25 69 1.658
25 70 0.489
25 71 1.229
25 72 0.205
25 73 0.757
25 74 1.124
25 75 0.546
25 76 0.449
25 77 0.432
25 78 0.640
25 79 1.839
25 80 0.327
25 81 1.018
25 82 0.804
25 83 1.074
25 84 1.096
25 85 0.383
25 86 0.726
25 87 1.555
25 88 0.931
25 89 0.503
25 90 2.240
25 91 0.317
25 92 0.672
25 93 0.783
25 94 0.467
25 95 0.418
25 96 0.573
25 97 0.499
25 98 1.170
25 99 0.647
26 27 0.717
26 28 0.397
26 29 0.945
26 30 0.359
26 31 0.706
26 32 0.336
26 33 1.183
26 34 0.476
26 35 1.181
26 36 1.462
26 37 1.014
26 38 1.042
26 39 1.490
26 40 2.275
26 41 3.411
26 42 1.540
26 43 0.958
26 44 2.960
26 45 1.495
26 46 1.381
26 47 0.248
26 48 0.303
26 49 0.816
26 50 0.344
26 51 1.722
26 52 0.683
26 53 1.282
26 54 1.255
26 55 1.241
26 56 0.468
26 57 2.103
26 58 2.695
26 59 0.757
26 60 1.328
26 61 2.508
26 62 1.453
26 63 1.532
26 64 3.013
26 65 1.493
26 66 1.274
26 67 0.961
26 68 1.306
26 69 2.910
26 70 1.727
26 71 0.361
26 72 1.297
26 73 0.695
26 74 0.784
26 75 1.791
26 76 1.333
26 77 0.980
26 78 0.662
26 79 0.587
26 80 0.946
26 81 2.251
26 82 0.529
26 83 2.324
26 84 0.654
26 85 0.873
26 86 0.579
26 87 2.692
26 88 0.736
26 89 1.556
26 90 0.990
26 91 1.145
26 92 1.401
26 93 2.034
26 94 1.556
26 95 1.669
26 96 1.156
26 97 1.143
26 98 0.086
26 99 1.825
27 28 0.769
27 29 0.767
27 30 0.445
27 31 0.756
27 32 0.451
27 33 0.836
27 34 0.634
27 35 0.782
27 36 1.261
27 37 1.132
27 38 1.480
27 39 1.560
27 40 1.874
27 41 3.320
27 42 1.531
27 43 0.898
27 44 2.647
27 45 1.366
27 46 1.184
27 47 0.524
27 48 0.830
27 49 0.642
27 50 0.379
27 51 1.964
27 52 0.283
27 53 0.891
27 54 1.116
27 55 1.321
27 56 0.394
27 57 1.770
27 58 2.561
27 59 0.442
27 60 1.412
27 61 2.193
27 62 1.644
27 63 1.378
27 64 2.736
27 65 1.083
27 66 1.211
27 67 1.182
27 68 0.827
27 69 2.615
27 70 1.544
27 71 1.010
27 72 0.998
27 73 1.005
27 74 0.080
27 75 1.507
27 76 1.382
27 77 0.648
27 78 0.508
27 79 1.123
27 80 0.912
27 81 2.059
27 82 0.844
27 83 2.068
27 84 0.068
27 85 0.757
27 86 0.816
27 87 2.627
27 88 1.164
27 89 1.134
27 90 1.456
27 91 0.809
27 92 0.860
27 93 1.757
27 94 1.156
27 95 1.443
27 96 0.663
27 97 0.695
27 98 0.699
27 99 1.720
28 29 1.257
28 30 0.331
28 31 1.060
28 32 0.334
28 33 1.454
28 34 0.826
28 35 1.432
28 36 1.790
28 37 1.396
28 38 0.732
28 39 1.875
28 40 2.549
28 41 3.784
28 42 1.914
28 43 1.303
28 44 3.273
28 45 1.843
28 46 1.708
28 47 0.303
28 48 0.700
28 49 1.117
28 50 0.523
28 51 2.119
28 52 0.875
28 53 1.540
28 54 1.593
28 55 1.623
28 56 0.720
28 57 2.401
28 58 3.056
28 59 1.001
28 60 1.712
28 61 2.816
28 62 1.849
28 63 1.875
28 64 3.338
28 65 1.750
28 66 1.631
28 67 1.354
28 68 1.528
28 69 3.229
28 70 2.066
28 71 0.715
28 72 1.590
28 73 1.090
28 74 0.806
28 75 2.101
28 76 1.713
28 77 1.244
28 78 0.948
28 79 0.357
28 80 1.297
28 81 2.594
28 82 0.919
28 83 2.650
28 84 0.702
28 85 1.197
28 86 0.961
28 87 3.067
28 88 1.131
28 89 1.810
28 90 0.698
28 91 1.418
28 92 1.594
28 93 2.350
28 94 1.819
28 95 1.995
28 96 1.365
28 97 1.371
28 98 0.477
28 99 2.184
29 30 0.970
29 31 0.289
29 32 0.955
29 33 0.285
29 34 0.477
29 35 0.334
29 36 0.535
29 37 0.461
29 38 1.973
29 39 0.808
29 40 1.335
29 41 2.575
29 42 0.765
29 43 0.168
29 44 2.020
29 45 0.611
29 46 0.453
29 47 0.957
29 48 0.777
29 49 0.142
29 50 0.744
29 51 1.264
29 52 0.487
29 53 0.394
29 54 0.356
29 55 0.589
29 56 0.542
29 57 1.158
29 58 1.826
29 59 0.325
29 60 0.673
29 61 1.565
29 62 0.938
29 63 0.632
29 64 2.081
29 65 0.586
29 66 0.445
29 67 0.581
29 68 0.500
29 69 1.973
29 70 0.816
29 71 0.976
29 72 0.357
29 73 0.583
29 74 0.826
29 75 0.848
29 76 0.632
29 77 0.195
29 78 0.313
29 79 1.529
29 80 0.199
29 81 1.344
29 82 0.563
29 83 1.393
29 84 0.783
29 85 0.087
29 86 0.482
29 87 1.872
29 88 0.781
29 89 0.650
29 90 1.927
29 91 0.251
29 92 0.641
29 93 1.095
29 94 0.637
29 95 0.738
29 96 0.438
29 97 0.372
29 98 0.867
29 99 0.965
30 31 0.817
30 32 0.025
30 33 1.141
30 34 0.599
30 35 1.113
30 36 1.505
30 37 1.186
30 38 1.060
30 39 1.660
30 40 2.231
30 41 3.533
30 42 1.676
30 43 1.042
30 44 2.969
30 45 1.574
30 46 1.423
30 47 0.111
30 48 0.604
30 49 0.828
30 50 0.229
30 51 1.968
30 52 0.551
30 53 1.222
30 54 1.319
30 55 1.406
30 56 0.429
30 57 2.093
30 58 2.791
30 59 0.688
30 60 1.498
30 61 2.512
30 62 1.674
30 63 1.600
30 64 3.042
30 65 1.430
30 66 1.375
30 67 1.176
30 68 1.201
30 69 2.929
30 70 1.786
30 71 0.715
30 72 1.285
30 73 0.932
30 74 0.492
30 75 1.801
30 76 1.488
30 77 0.932
30 78 0.657
30 79 0.679
30 80 1.042
30 81 2.315
30 82 0.751
30 83 2.357
30 84 0.377
30 85 0.921
30 86 0.768
30 87 2.821
30 88 1.028
30 89 1.489
30 90 1.029
30 91 1.107
30 92 1.263
30 93 2.052
30 94 1.501
30 95 1.706
30 96 1.037
30 97 1.047
30 98 0.390
30 99 1.923
31 32 0.797
31 33 0.572
31 34 0.234
31 35 0.610
31 36 0.760
31 37 0.383
31 38 1.748
31 39 0.845
31 40 1.608
31 41 2.726
31 42 0.860
31 43 0.252
31 44 2.259
31 45 0.789
31 46 0.681
31 47 0.775
31 48 0.498
31 49 0.228
31 50 0.591
31 51 1.209
31 52 0.487
31 53 0.681
31 54 0.550
31 55 0.593
31 56 0.410
31 57 1.416
31 58 1.996
31 59 0.375
31 60 0.686
31 61 1.810
31 62 0.892
31 63 0.826
31 64 2.308
31 65 0.874
31 66 0.572
31 67 0.428
31 68 0.772
31 69 2.207
31 70 1.021
31 71 0.691
31 72 0.638
31 73 0.322
31 74 0.831
31 75 1.098
31 76 0.672
31 77 0.428
31 78 0.255
31 79 1.293
31 80 0.240
31 81 1.544
31 82 0.274
31 83 1.620
31 84 0.747
31 85 0.202
31 86 0.193
31 87 2.010
31 88 0.520
31 89 0.938
31 90 1.697
31 91 0.536
31 92 0.906
31 93 1.335
31 94 0.924
31 95 0.967
31 96 0.678
31 97 0.625
31 98 0.622
31 99 1.125
32 33 1.131
32 34 0.578
32 35 1.104
32 36 1.490
32 37 1.164
32 38 1.065
32 39 1.639
32 40 2.222
32 41 3.515
32 42 1.656
32 43 1.024
32 44 2.958
32 45 1.557
32 46 1.408
32 47 0.090
32 48 0.579
32 49 0.813
32 50 0.212
32 51 1.945
32 52 0.544
32 53 1.213
32 54 1.303
32 55 1.385
32 56 0.413
32 57 2.082
32 58 2.775
32 59 0.677
32 60 1.477
32 61 2.501
32 62 1.651
32 63 1.584
32 64 3.029
32 65 1.422
32 66 1.357
32 67 1.153
32 68 1.195
32 69 2.916
32 70 1.771
32 71 0.691
32 72 1.273
32 73 0.908
32 74 0.501
32 75 1.789
32 76 1.468
32 77 0.921
32 78 0.642
32 79 0.676
32 80 1.023
32 81 2.299
32 82 0.727
32 83 2.344
32 84 0.383
32 85 0.905
32 86 0.745
32 87 2.803
32 88 1.003
32 89 1.481
32 90 1.032
32 91 1.096
32 92 1.260
32 93 2.040
32 94 1.492
32 95 1.692
32 96 1.032
32 97 1.040
32 98 0.366
32 99 1.906
33 34 0.738
33 35 0.088
33 36 0.448
33 37 0.688
33 38 2.183
33 39 0.911
33 40 1.097
33 41 2.494
33 42 0.816
33 43 0.412
33 44 1.830
33 45 0.585
33 46 0.384
33 47 1.151
33 48 1.048
33 49 0.377
33 50 0.930
33 51 1.415
33 52 0.599
33 53 0.109
33 54 0.384
33 55 0.746
33 56 0.737
33 57 0.953
33 58 1.732
33 59 0.454
33 60 0.812
33 61 1.373
33 62 1.097
33 63 0.578
33 64 1.909
33 65 0.312
33 66 0.523
33 67 0.830
33 68 0.237
33 69 1.792
33 70 0.721
33 71 1.253
33 72 0.165
33 73 0.866
33 74 0.874
33 75 0.672
33 76 0.755
33 77 0.210
33 78 0.521
33 79 1.753
33 80 0.447
33 81 1.225
33 82 0.846
33 83 1.234
33 84 0.873
33 85 0.372
33 86 0.765
33 87 1.816
33 88 1.062
33 89 0.376
33 90 2.142
33 91 0.038
33 92 0.383
33 93 0.924
33 94 0.373
33 95 0.611
33 96 0.258
33 97 0.185
33 98 1.110
33 99 0.920
34 35 0.753
34 36 0.986
34 37 0.587
34 38 1.516
34 39 1.062
34 40 1.812
34 41 2.958
34 42 1.089
34 43 0.483
34 44 2.485
34 45 1.022
34 46 0.905
34 47 0.546
34 48 0.316
34 49 0.361
34 50 0.382
34 51 1.382
34 52 0.418
34 53 0.843
34 54 0.779
34 55 0.809
34 56 0.242
34 57 1.631
34 58 2.230
34 59 0.386
34 60 0.900
34 61 2.033
34 62 1.078
34 63 1.058
34 64 2.537
34 65 1.049
34 66 0.806
34 67 0.585
34 68 0.900
34 69 2.434
34 70 1.252
34 71 0.526
34 72 0.834
34 73 0.373
34 74 0.714
34 75 1.317
34 76 0.894
34 77 0.552
34 78 0.251
34 79 1.063
34 80 0.473
34 81 1.777
34 82 0.211
34 83 1.848
34 84 0.606
34 85 0.400
34 86 0.186
34 87 2.241
34 88 0.532
34 89 1.113
34 90 1.466
34 91 0.699
34 92 1.018
34 93 1.559
34 94 1.106
34 95 1.194
34 96 0.773
34 97 0.739
34 98 0.394
34 99 1.359
35 36 0.528
35 37 0.762
35 38 2.163
35 39 0.999
35 40 1.118
35 41 2.562
35 42 0.903
35 43 0.478
35 44 1.870
35 45 0.669
35 46 0.467
35 47 1.131
35 48 1.068
35 49 0.397
35 50 0.910
35 51 1.502
35 52 0.563
35 53 0.111
35 54 0.472
35 55 0.831
35 56 0.724
35 57 0.991
35 58 1.799
35 59 0.433
35 60 0.898
35 61 1.414
35 62 1.183
35 63 0.660
35 64 1.955
35 65 0.319
35 66 0.611
35 67 0.899
35 68 0.167
35 69 1.835
35 70 0.795
35 71 1.276
35 72 0.242
35 73 0.916
35 74 0.814
35 75 0.726
35 76 0.842
35 77 0.202
35 78 0.521
35 79 1.741
35 80 0.512
35 81 1.289
35 82 0.880
35 83 1.287
35 84 0.824
35 85 0.417
35 86 0.801
35 87 1.891
35 88 1.115
35 89 0.379
35 90 2.125
35 91 0.098
35 92 0.311
35 93 0.976
35 94 0.388
35 95 0.680
35 96 0.172
35 97 0.102
35 98 1.112
35 99 1.000
36 37 0.619
36 38 2.500
36 39 0.574
36 40 0.889
36 41 2.059
36 42 0.431
36 43 0.509
36 44 1.499
36 45 0.161
36 46 0.082
36 47 1.491
36 48 1.252
36 49 0.677
36 50 1.279
36 51 1.097
36 52 0.998
36 53 0.452
36 54 0.216
36 55 0.527
36 56 1.077
36 57 0.668
36 58 1.301
36 59 0.837
36 60 0.545
36 61 1.051
36 62 0.817
36 63 0.135
36 64 1.551
36 65 0.432
36 66 0.284
36 67 0.773
36 68 0.611
36 69 1.448
36 70 0.284
36 71 1.427
36 72 0.286
36 73 0.940
36 74 1.307
36 75 0.347
36 76 0.478
36 77 0.613
36 78 0.849
36 79 2.049
36 80 0.528
36 81 0.810
36 82 1.004
36 83 0.862
36 84 1.289
36 85 0.594
36 86 0.927
36 87 1.371
36 88 1.099
36 89 0.461
36 90 2.451
36 91 0.464
36 92 0.729
36 93 0.575
36 94 0.412
36 95 0.207
36 96 0.698
36 97 0.630
36 98 1.380
36 99 0.472
37 38 2.042
37 39 0.479
37 40 1.507
37 41 2.400
37 42 0.533
37 43 0.294
37 44 2.055
37 45 0.568
37 46 0.562
37 47 1.130
37 48 0.740
37 49 0.520
37 50 0.965
37 51 0.833
37 52 0.854
37 53 0.782
37 54 0.422
37 55 0.227
37 56 0.791
37 57 1.277
37 58 1.697
37 59 0.717
37 60 0.316
37 61 1.628
37 62 0.512
37 63 0.621
37 64 2.080
37 65 0.915
37 66 0.343
37 67 0.157
37 68 0.925
37 69 1.994
37 70 0.807
37 71 0.872
37 72 0.656
37 73 0.357
37 74 1.204
37 75 0.960
37 76 0.321
37 77 0.655
37 78 0.624
37 79 1.582
37 80 0.262
37 81 1.292
37 82 0.488
37 83 1.407
37 84 1.127
37 85 0.413
37 86 0.436
37 87 1.680
37 88 0.486
37 89 0.970
37 90 1.985
37 91 0.665
37 92 1.071
37 93 1.160
37 94 0.938
37 95 0.800
37 96 0.893
37 97 0.823
37 98 0.928
37 99 0.843
38 39 2.511
38 40 3.279
38 41 4.441
38 42 2.574
38 43 1.999
38 44 3.992
38 45 2.537
38 46 2.418
38 47 1.033
38 48 1.303
38 49 1.836
38 50 1.254
38 51 2.662
38 52 1.607
38 53 2.271
38 54 2.295
38 55 2.267
38 56 1.446
38 57 3.126
38 58 3.734
38 59 1.732
38 60 2.351
38 61 3.537
38 62 2.436
38 63 2.574
38 64 4.051
38 65 2.482
38 66 2.316
38 67 1.967
38 68 2.260
38 69 3.945
38 70 2.768
38 71 1.213
38 72 2.314
38 73 1.700
38 74 1.503
38 75 2.821
38 76 2.363
38 77 1.973
38 78 1.670
38 79 0.460
38 80 1.988
38 81 3.292
38 82 1.555
38 83 3.362
38 84 1.415
38 85 1.906
38 86 1.615
38 87 3.722
38 88 1.676
38 89 2.542
38 90 0.072
38 91 2.146
38 92 2.322
38 93 3.067
38 94 2.550
38 95 2.706
38 96 2.096
38 97 2.104
38 98 1.127
38 99 2.866
39 40 1.326
39 41 1.933
39 42 0.170
39 43 0.663
39 44 1.713
39 45 0.422
39 46 0.580
39 47 1.608
39 48 1.208
39 49 0.919
39 50 1.436
39 51 0.524
39 52 1.277
39 53 0.964
39 54 0.527
39 55 0.254
39 56 1.253
39 57 1.069
39 58 1.257
39 59 1.122
39 60 0.163
39 61 1.330
39 62 0.263
39 63 0.473
39 64 1.709
39 65 0.999
39 66 0.389
39 67 0.546
39 68 1.129
39 69 1.642
39 70 0.570
39 71 1.317
39 72 0.793
39 73 0.811
39 74 1.626
39 75 0.804
39 76 0.178
39 77 0.981
39 78 1.060
39 79 2.051
39 80 0.649
39 81 0.923
39 82 0.962
39 83 1.083
39 84 1.565
39 85 0.803
39 86 0.914
39 87 1.214
39 88 0.875
39 89 1.033
39 90 2.451
39 91 0.907
39 92 1.264
39 93 0.914
39 94 0.986
39 95 0.642
39 96 1.164
39 97 1.089
39 98 1.405
39 99 0.476
40 41 1.780
40 42 1.157
40 43 1.370
40 44 0.810
40 45 0.961
40 46 0.954
40 47 2.247
40 48 2.106
40 49 1.459
40 50 2.026
40 51 1.781
40 52 1.680
40 53 1.009
40 54 1.099
40 55 1.385
40 56 1.834
40 57 0.260
40 58 1.091
40 59 1.548
40 60 1.373
40 61 0.412
40 62 1.589
40 63 0.903
40 64 0.938
40 65 0.800
40 66 1.167
40 67 1.660
40 68 1.047
40 69 0.803
40 70 0.757
40 71 2.295
40 72 0.979
40 73 1.825
40 74 1.889
40 75 0.549
40 76 1.310
40 77 1.306
40 78 1.616
40 79 2.849
40 80 1.395
40 81 0.682
40 82 1.871
40 83 0.499
40 84 1.925
40 85 1.414
40 86 1.791
40 87 1.307
40 88 1.989
40 89 0.744
40 90 3.239
40 91 1.134
40 92 1.037
40 93 0.427
40 94 0.730
40 95 0.715
40 96 1.212
40 97 1.188
40 98 2.198
40 99 0.898
41 42 1.872
41 43 2.491
41 44 1.137
41 45 1.964
41 46 2.136
41 47 3.500
41 48 3.138
41 49 2.715
41 50 3.304
41 51 1.930
41 52 3.054
41 53 2.464
41 54 2.219
41 55 2.174
41 56 3.105
41 57 1.699
41 58 0.764
41 59 2.892
41 60 2.091
41 61 1.371
41 62 2.048
41 63 1.945
41 64 0.966
41 65 2.325
41 66 2.158
41 67 2.478
41 68 2.587
41 69 1.083
41 70 1.776
41 71 3.248
41 72 2.328
41 73 2.743
41 74 3.364
41 75 1.855
41 76 2.079
41 77 2.671
41 78 2.883
41 79 3.981
41 80 2.493
41 81 1.279
41 82 2.888
41 83 1.342
41 84 3.347
41 85 2.613
41 86 2.832
41 87 0.720
41 88 2.797
41 89 2.299
41 90 4.383
41 91 2.516
41 92 2.648
41 93 1.630
41 94 2.257
41 95 1.883
41 96 2.719
41 97 2.662
41 98 3.326
41 99 1.611
42 43 0.643
42 44 1.570
42 45 0.271
42 46 0.454
42 47 1.634
42 48 1.273
42 49 0.891
42 50 1.448
42 51 0.675
42 52 1.249
42 53 0.854
42 54 0.438
42 55 0.316
42 56 1.255
42 57 0.900
42 58 1.164
42 59 1.089
42 60 0.254
42 61 1.174
42 62 0.433
42 63 0.316
42 64 1.576
42 65 0.862
42 66 0.320
42 67 0.637
42 68 1.018
42 69 1.501
42 70 0.400
42 71 1.402
42 72 0.680
42 73 0.887
42 74 1.591
42 75 0.635
42 76 0.218
42 77 0.917
42 78 1.046
42 79 2.114
42 80 0.637
42 81 0.785
42 82 1.019
42 83 0.931
42 84 1.543
42 85 0.778
42 86 0.961
42 87 1.153
42 88 0.981
42 89 0.891
42 90 2.517
42 91 0.818
42 92 1.147
42 93 0.747
42 94 0.841
42 95 0.475
42 96 1.074
42 97 1.000
42 98 1.454
42 99 0.329
43 44 2.008
43 45 0.540
43 46 0.430
43 47 1.011
43 48 0.744
43 49 0.256
43 50 0.813
43 51 1.100
43 52 0.614
43 53 0.514
43 54 0.297
43 55 0.430
43 56 0.616
43 57 1.169
43 58 1.754
43 59 0.460
43 60 0.518
43 61 1.560
43 62 0.774
43 63 0.575
43 64 2.056
43 65 0.679
43 66 0.334
43 67 0.422
43 68 0.644
43 69 1.955
43 70 0.769
43 71 0.926
43 72 0.424
43 73 0.473
43 74 0.963
43 75 0.850
43 76 0.485
43 77 0.362
43 78 0.404
43 79 1.545
43 80 0.035
43 81 1.294
43 82 0.501
43 83 1.368
43 84 0.905
43 85 0.141
43 86 0.422
43 87 1.779
43 88 0.661
43 89 0.740
43 90 1.948
43 91 0.384
43 92 0.789
43 93 1.084
43 94 0.717
43 95 0.716
43 96 0.601
43 97 0.532
43 98 0.874
43 99 0.883
44 45 1.493
44 46 1.579
44 47 2.970
44 48 2.747
44 49 2.157
44 50 2.752
44 51 2.011
44 52 2.428
44 53 1.759
44 54 1.711
44 55 1.872
44 56 2.553
44 57 0.879
44 58 0.733
44 59 2.282
44 60 1.823
44 61 0.457
44 62 1.942
44 63 1.446
44 64 0.171
44 65 1.565
44 66 1.725
44 67 2.188
44 68 1.827
44 69 0.086
44 70 1.253
44 71 2.914
44 72 1.684
44 73 2.407
44 74 2.670
44 75 1.172
44 76 1.777
44 77 2.038
44 78 2.325
44 79 3.546
44 80 2.025
44 81 0.791
44 82 2.496
44 83 0.649
44 84 2.692
44 85 2.088
44 86 2.422
44 87 0.989
44 88 2.535
44 89 1.517
44 90 3.946
44 91 1.863
44 92 1.836
44 93 0.926
44 94 1.492
44 95 1.292
44 96 1.987
44 97 1.952
44 98 2.878
44 99 1.242
45 46 0.202
45 47 1.549
45 48 1.261
45 49 0.751
45 50 1.345
45 51 0.943
45 52 1.094
45 53 0.604
45 54 0.255
45 55 0.425
45 56 1.145
45 57 0.718
45 58 1.217
45 59 0.931
45 60 0.420
45 61 1.060
45 62 0.675
45 63 0.058
45 64 1.528
45 65 0.593
45 66 0.231
45 67 0.712
45 68 0.766
45 69 1.435
45 70 0.241
45 71 1.421
45 72 0.433
45 73 0.915
45 74 1.418
45 75 0.413
45 76 0.355
45 77 0.724
45 78 0.920
45 79 2.082
45 80 0.550
45 81 0.755
45 82 1.006
45 83 0.845
45 84 1.389
45 85 0.652
45 86 0.935
45 87 1.262
45 88 1.053
45 89 0.620
45 90 2.485
45 91 0.595
45 92 0.888
45 93 0.593
45 94 0.570
45 95 0.246
45 96 0.841
45 97 0.770
45 98 1.411
45 99 0.354
46 47 1.409
46 48 1.174
46 49 0.595
46 50 1.197
46 51 1.103
46 52 0.919
46 53 0.403
46 54 0.144
46 55 0.497
46 56 0.995
46 57 0.742
46 58 1.380
46 59 0.757
46 60 0.528
46 61 1.130
46 62 0.810
46 63 0.197
46 64 1.633
46 65 0.421
46 66 0.243
46 67 0.718
46 68 0.567
46 69 1.529
46 70 0.365
46 71 1.352
46 72 0.231
46 73 0.871
46 74 1.232
46 75 0.421
46 76 0.462
46 77 0.537
46 78 0.767
46 79 1.968
46 80 0.451
46 81 0.892
46 82 0.928
46 83 0.944
46 84 1.211
46 85 0.512
46 86 0.850
46 87 1.445
46 88 1.036
46 89 0.460
46 90 2.370
46 91 0.396
46 92 0.693
46 93 0.654
46 94 0.415
46 95 0.288
46 96 0.639
46 97 0.568
46 98 1.299
46 99 0.540
47 48 0.506
47 49 0.816
47 50 0.221
47 51 1.894
47 52 0.579
47 53 1.238
47 54 1.297
47 55 1.354
47 56 0.418
47 57 2.098
47 58 2.765
47 59 0.699
47 60 1.446
47 61 2.514
47 62 1.607
47 63 1.579
47 64 3.037
47 65 1.449
47 66 1.343
47 67 1.108
47 68 1.232
47 69 2.927
47 70 1.768
47 71 0.606
47 72 1.287
47 73 0.856
47 74 0.579
47 75 1.799
47 76 1.440
47 77 0.941
47 78 0.646
47 79 0.622
47 80 1.007
47 81 2.297
47 82 0.676
47 83 2.350
47 84 0.457
47 85 0.900
47 86 0.702
47 87 2.785
47 88 0.937
47 89 1.509
47 90 0.995
47 91 1.115
47 92 1.305
47 93 2.048
47 94 1.517
47 95 1.695
47 96 1.070
47 97 1.073
47 98 0.285
47 99 1.894
48 49 0.673
48 50 0.472
48 51 1.419
48 52 0.686
48 53 1.155
48 54 1.037
48 55 0.964
48 56 0.465
48 57 1.912
48 58 2.436
48 59 0.693
48 60 1.048
48 61 2.302
48 62 1.155
48 63 1.304
48 64 2.789
48 65 1.358
48 66 1.032
48 67 0.669
48 68 1.216
48 69 2.693
48 70 1.499
48 71 0.211
48 72 1.133
48 73 0.400
48 74 0.908
48 75 1.593
48 76 1.060
48 77 0.868
48 78 0.564
48 79 0.843
48 80 0.724
48 81 2.012
48 82 0.256
48 83 2.103
48 84 0.781
48 85 0.694
48 86 0.326
48 87 2.419
48 88 0.436
48 89 1.422
48 90 1.245
48 91 1.010
48 92 1.333
48 93 1.826
48 94 1.413
48 95 1.457
48 96 1.087
48 97 1.055
48 98 0.229
48 99 1.573
49 50 0.602
49 51 1.348
49 52 0.359
49 53 0.482
49 54 0.496
49 55 0.685
49 56 0.400
49 57 1.291
49 58 1.967
49 59 0.203
49 60 0.774
49 61 1.702
49 62 1.022
49 63 0.773
49 64 2.221
49 65 0.688
49 66 0.573
49 67 0.612
49 68 0.553
49 69 2.112
49 70 0.958
49 71 0.879
49 72 0.482
49 73 0.549
49 74 0.706
49 75 0.985
49 76 0.741
49 77 0.203
49 78 0.172
49 79 1.395
49 80 0.275
49 81 1.486
49 82 0.486
49 83 1.534
49 84 0.652
49 85 0.116
49 86 0.410
49 87 2.010
49 88 0.748
49 89 0.752
49 90 1.791
49 91 0.338
49 92 0.682
49 93 1.233
49 94 0.746
49 95 0.879
49 96 0.450
49 97 0.400
49 98 0.740
49 99 1.104
50 51 1.763
50 52 0.364
50 53 1.017
50 54 1.091
50 55 1.183
50 56 0.202
50 57 1.879
50 58 2.563
50 59 0.478
50 60 1.275
50 61 2.295
50 62 1.461
50 63 1.372
50 64 2.821
50 65 1.228
50 66 1.147
50 67 0.967
50 68 1.013
50 69 2.709
50 70 1.559
50 71 0.637
50 72 1.068
50 73 0.737
50 74 0.451
50 75 1.581
50 76 1.263
50 77 0.720
50 78 0.431
50 79 0.837
50 80 0.813
50 81 2.088
50 82 0.558
50 83 2.135
50 84 0.321
50 85 0.693
50 86 0.561
50 87 2.592
50 88 0.859
50 89 1.288
50 90 1.216
50 91 0.894
50 92 1.091
50 93 1.832
50 94 1.296
50 95 1.482
50 96 0.854
50 97 0.854
50 98 0.321
50 99 1.694
51 52 1.687
51 53 1.478
51 54 1.038
51 55 0.678
51 56 1.608
51 57 1.521
51 58 1.405
51 59 1.548
51 60 0.604
51 61 1.699
51 62 0.326
51 63 0.991
51 64 1.966
51 65 1.523
51 66 0.895
51 67 0.796
51 68 1.641
51 69 1.930
51 70 1.051
51 71 1.455
51 72 1.310
51 73 1.039
51 74 2.036
51 75 1.296
51 76 0.661
51 77 1.452
51 78 1.456
51 79 2.218
51 80 1.076
51 81 1.247
51 82 1.219
51 83 1.443
51 84 1.955
51 85 1.235
51 86 1.202
51 87 1.264
51 88 0.997
51 89 1.558
51 90 2.596
51 91 1.406
51 92 1.781
51 93 1.355
51 94 1.510
51 95 1.145
51 96 1.660
51 97 1.585
51 98 1.644
51 99 0.883
52 53 0.673
52 54 0.841
52 55 1.038
52 56 0.227
52 57 1.550
52 58 2.299
52 59 0.163
52 60 1.129
52 61 1.971
52 62 1.365
52 63 1.109
52 64 2.507
52 65 0.880
52 66 0.930
52 67 0.915
52 68 0.653
52 69 2.391
52 70 1.283
52 71 0.891
52 72 0.752
52 73 0.766
52 74 0.351
52 75 1.268
52 76 1.099
52 77 0.394
52 78 0.233
52 79 1.200
52 80 0.629
52 81 1.805
52 82 0.626
52 83 1.829
52 84 0.295
52 85 0.474
52 86 0.581
52 87 2.356
52 88 0.943
52 89 0.938
52 90 1.573
52 91 0.566
52 92 0.728
52 93 1.520
52 94 0.951
52 95 1.189
52 96 0.491
52 97 0.496
52 98 0.633
52 99 1.448
53 54 0.440
53 55 0.820
53 56 0.829
53 57 0.881
53 58 1.700
53 59 0.540
53 60 0.878
53 61 1.303
53 62 1.166
53 63 0.587
53 64 1.845
53 65 0.212
53 66 0.583
53 67 0.928
53 68 0.165
53 69 1.725
53 70 0.705
53 71 1.360
53 72 0.173
53 73 0.974
53 74 0.921
53 75 0.620
53 76 0.818
53 77 0.302
53 78 0.620
53 79 1.846
53 80 0.549
53 81 1.188
53 82 0.954
53 83 1.180
53 84 0.934
53 85 0.481
53 86 0.874
53 87 1.799
53 88 1.169
53 89 0.274
53 90 2.232
53 91 0.145
53 92 0.303
53 93 0.868
53 94 0.279
53 95 0.586
53 96 0.256
53 97 0.200
53 98 1.211
53 99 0.919
54 55 0.390
54 56 0.890
54 57 0.883
54 58 1.472
54 59 0.677
54 60 0.440
54 61 1.265
54 62 0.727
54 63 0.281
54 64 1.759
54 65 0.516
54 66 0.143
54 67 0.579
54 68 0.604
54 69 1.658
54 70 0.473
54 71 1.212
54 72 0.276
54 73 0.727
54 74 1.170
54 75 0.562
54 76 0.378
54 77 0.484
54 78 0.665
54 79 1.842
54 80 0.314
54 81 1.001
54 82 0.789
54 83 1.070
54 84 1.136
54 85 0.398
54 86 0.712
54 87 1.516
54 88 0.892
54 89 0.565
54 90 2.245
54 91 0.382
54 92 0.743
54 93 0.789
54 94 0.527
54 95 0.420
54 96 0.640
54 97 0.565
54 98 1.172
54 99 0.609
55 56 1.002
55 57 1.140
55 58 1.479
55 59 0.888
55 60 0.093
55 61 1.459
55 62 0.354
55 63 0.483
55 64 1.886
55 65 0.904
55 66 0.255
55 67 0.321
55 68 0.979
55 69 1.806
55 70 0.646
55 71 1.086
55 72 0.663
55 73 0.573
55 74 1.388
55 75 0.837
55 76 0.099
55 77 0.774
55 78 0.815
55 79 1.807
55 80 0.410
55 81 1.095
55 82 0.714
55 83 1.226
55 84 1.322
55 85 0.570
55 86 0.663
55 87 1.455
55 88 0.667
55 89 0.951
55 90 2.209
55 91 0.733
55 92 1.122
55 93 1.006
55 94 0.909
55 95 0.670
55 96 0.985
55 97 0.910
55 98 1.155
55 99 0.639
56 57 1.681
56 58 2.362
56 59 0.293
56 60 1.095
56 61 2.096
56 62 1.297
56 63 1.171
56 64 2.620
56 65 1.040
56 66 0.950
56 67 0.814
56 68 0.841
56 69 2.509
56 70 1.357
56 71 0.666
56 72 0.869
56 73 0.615
56 74 0.474
56 75 1.381
56 76 1.078
56 77 0.528
56 78 0.229
56 79 1.018
56 80 0.618
56 81 1.886
56 82 0.450
56 83 1.933
56 84 0.363
56 85 0.492
56 86 0.427
56 87 2.395
56 88 0.770
56 89 1.102
56 90 1.405
56 91 0.700
56 92 0.933
56 93 1.631
56 94 1.107
56 95 1.280
56 96 0.688
56 97 0.678
56 98 0.411
56 99 1.495
57 58 0.962
57 59 1.405
57 60 1.122
57 61 0.423
57 62 1.331
57 63 0.661
57 64 0.969
57 65 0.691
57 66 0.935
57 67 1.427
57 68 0.956
57 69 0.845
57 70 0.502
57 71 2.093
57 72 0.812
57 73 1.608
57 74 1.795
57 75 0.321
57 76 1.061
57 77 1.161
57 78 1.456
57 79 2.685
57 80 1.191
57 81 0.485
57 82 1.669
57 83 0.357
57 84 1.814
57 85 1.231
57 86 1.591
57 87 1.146
57 88 1.762
57 89 0.647
57 90 3.082
57 91 0.987
57 92 0.983
57 93 0.169
57 94 0.617
57 95 0.477
57 96 1.113
57 97 1.075
57 98 2.023
57 99 0.638
58 59 2.137
58 60 1.404
58 61 0.716
58 62 1.427
58 63 1.194
58 64 0.623
58 65 1.562
58 66 1.424
58 67 1.796
58 68 1.823
58 69 0.647
58 70 1.017
58 71 2.565
58 72 1.566
58 73 2.051
58 74 2.604
58 75 1.092
58 76 1.380
58 77 1.913
58 78 2.137
58 79 3.275
58 80 1.759
58 81 0.516
58 82 2.181
58 83 0.608
58 84 2.590
58 85 1.870
58 86 2.119
58 87 0.259
58 88 2.132
58 89 1.539
58 90 3.679
58 91 1.755
58 92 1.888
58 93 0.874
58 94 1.495
58 95 1.120
58 96 1.955
58 97 1.898
58 98 2.609
58 99 0.871
59 60 0.977
59 61 1.825
59 62 1.223
59 63 0.946
59 64 2.356
59 65 0.751
59 66 0.769
59 67 0.795
59 68 0.549
59 69 2.242
59 70 1.122
59 71 0.904
59 72 0.599
59 73 0.683
59 74 0.504
59 75 1.116
59 76 0.944
59 77 0.244
59 78 0.139
59 79 1.309
59 80 0.478
59 81 1.646
59 82 0.573
59 83 1.675
59 84 0.459
59 85 0.319
59 86 0.511
59 87 2.193
59 88 0.874
59 89 0.812
59 90 1.693
59 91 0.419
59 92 0.649
59 93 1.368
59 94 0.818
59 95 1.030
59 96 0.402
59 97 0.386
59 98 0.694
59 99 1.285
60 61 1.421
60 62 0.288
60 63 0.478
60 64 1.830
60 65 0.945
60 66 0.298
60 67 0.391
60 68 1.040
60 69 1.755
60 70 0.621
60 71 1.162
60 72 0.715
60 73 0.652
60 74 1.479
60 75 0.831
60 76 0.068
60 77 0.855
60 78 0.907
60 79 1.891
60 80 0.500
60 81 1.039
60 82 0.800
60 83 1.182
60 84 1.414
60 85 0.658
60 86 0.752
60 87 1.372
60 88 0.730
60 89 0.988
60 90 2.292
60 91 0.802
60 92 1.182
60 93 0.979
60 94 0.944
60 95 0.663
60 96 1.057
60 97 0.982
60 98 1.243
60 99 0.583
61 62 1.577
61 63 1.010
61 64 0.550
61 65 1.112
61 66 1.290
61 67 1.767
61 68 1.377
61 69 0.423
61 70 0.821
61 71 2.474
61 72 1.228
61 73 1.974
61 74 2.217
61 75 0.717
61 76 1.369
61 77 1.581
61 78 1.869
61 79 3.093
61 80 1.578
61 81 0.458
61 82 2.053
61 83 0.256
61 84 2.237
61 85 1.635
61 86 1.977
61 87 0.956
61 88 2.112
61 89 1.066
61 90 3.492
61 91 1.406
61 92 1.394
61 93 0.476
61 94 1.039
61 95 0.845
61 96 1.535
61 97 1.498
61 98 2.427
61 99 0.855
62 63 0.729
62 64 1.925
62 65 1.229
62 66 0.585
62 67 0.499
62 68 1.327
62 69 1.867
62 70 0.833
62 71 1.224
62 72 1.003
62 73 0.759
62 74 1.715
62 75 1.066
62 76 0.351
62 77 1.126
62 78 1.136
62 79 1.982
62 80 0.750
62 81 1.152
62 82 0.933
62 83 1.325
62 84 1.638
62 85 0.910
62 86 0.906
62 87 1.342
62 88 0.762
62 89 1.269
62 90 2.373
62 91 1.086
62 92 1.469
62 93 1.174
62 94 1.224
62 95 0.903
62 96 1.338
62 97 1.264
62 98 1.372
62 99 0.723
63 64 1.485
63 65 0.558
63 66 0.281
63 67 0.767
63 68 0.746
63 69 1.390
63 70 0.195
63 71 1.467
63 72 0.420
63 73 0.964
63 74 1.427
63 75 0.355
63 76 0.413
63 77 0.732
63 78 0.944
63 79 2.119
63 80 0.587
63 81 0.720
63 82 1.050
63 83 0.800
63 84 1.403
63 85 0.679
63 86 0.978
63 87 1.250
63 88 1.107
63 89 0.580
63 90 2.523
63 91 0.592
63 92 0.862
63 93 0.539
63 94 0.530
63 95 0.187
63 96 0.831
63 97 0.762
63 98 1.448
63 99 0.344
64 65 1.659
64 66 1.759
64 67 2.205
64 68 1.925
64 69 0.137
64 70 1.290
64 71 2.947
64 72 1.757
64 73 2.436
64 74 2.763
64 75 1.241
64 76 1.789
64 77 2.114
64 78 2.391
64 79 3.600
64 80 2.071
64 81 0.791
64 82 2.535
64 83 0.689
64 84 2.779
64 85 2.145
64 86 2.463
64 87 0.869
64 88 2.553
64 89 1.615
64 90 4.003
64 91 1.941
64 92 1.944
64 93 0.989
64 94 1.586
64 95 1.345
64 96 2.082
64 97 2.042
64 98 2.930
64 99 1.248
65 66 0.651
65 67 1.068
65 68 0.268
65 69 1.536
65 70 0.618
65 71 1.561
65 72 0.259
65 73 1.150
65 74 1.105
65 75 0.470
65 76 0.880
65 77 0.513
65 78 0.831
65 79 2.058
65 80 0.711
65 81 1.046
65 82 1.148
65 83 1.011
65 84 1.130
65 85 0.672
65 86 1.067
65 87 1.685
65 88 1.340
65 89 0.064
65 90 2.443
65 91 0.350
65 92 0.331
65 93 0.703
65 94 0.074
65 95 0.489
65 96 0.423
65 97 0.389
65 98 1.421
65 99 0.849
66 67 0.493
66 68 0.746
66 69 1.666
66 70 0.472
66 71 1.189
66 72 0.418
66 73 0.684
66 74 1.270
66 75 0.619
66 76 0.235
66 77 0.600
66 78 0.733
66 79 1.858
66 80 0.335
66 81 0.981
66 82 0.777
66 83 1.077
66 84 1.225
66 85 0.463
66 86 0.707
66 87 1.446
66 88 0.828
66 89 0.696
66 90 2.263
66 91 0.518
66 92 0.886
66 93 0.819
66 94 0.655
66 95 0.458
66 96 0.776
66 97 0.701
66 98 1.189
66 99 0.553
67 68 1.065
67 69 2.124
67 70 0.947
67 71 0.771
67 72 0.809
67 73 0.269
67 74 1.257
67 75 1.112
67 76 0.419
67 77 0.773
67 78 0.683
67 79 1.509
67 80 0.388
67 81 1.415
67 82 0.436
67 83 1.540
67 84 1.167
67 85 0.519
67 86 0.408
67 87 1.759
67 88 0.347
67 89 1.125
67 90 1.907
67 91 0.804
67 92 1.210
67 93 1.304
67 94 1.093
67 95 0.949
67 96 1.019
67 97 0.952
67 98 0.878
67 99 0.960
68 69 1.800
68 70 0.849
68 71 1.426
68 72 0.338
68 73 1.082
68 74 0.844
68 75 0.732
68 76 0.981
68 77 0.350
68 78 0.658
68 79 1.850
68 80 0.678
68 81 1.308
68 82 1.039
68 83 1.279
68 84 0.879
68 85 0.582
68 86 0.961
68 87 1.936
68 88 1.280
68 89 0.311
68 90 2.225
68 91 0.260
68 92 0.146
68 93 0.970
68 94 0.341
68 95 0.724
68 96 0.166
68 97 0.164
68 98 1.242
68 99 1.070
69 70 1.195
69 71 2.856
69 72 1.643
69 73 2.347
69 74 2.640
69 75 1.128
69 76 1.711
69 77 1.999
69 78 2.281
69 79 3.497
69 80 1.971
69 81 0.719
69 82 2.440
69 83 0.590
69 84 2.659
69 85 2.039
69 86 2.367
69 87 0.904
69 88 2.471
69 89 1.489
69 90 3.898
69 91 1.825
69 92 1.815
69 93 0.879
69 94 1.462
69 95 1.241
69 96 1.958
69 97 1.920
69 98 2.828
69 99 1.172
70 71 1.661
70 72 0.556
70 73 1.155
70 74 1.589
70 75 0.247
70 76 0.562
70 77 0.896
70 78 1.129
70 79 2.314
70 80 0.782
70 81 0.529
70 82 1.245
70 83 0.605
70 84 1.573
70 85 0.869
70 86 1.173
70 87 1.096
70 88 1.291
70 89 0.621
70 90 2.717
70 91 0.742
70 92 0.945
70 93 0.360
70 94 0.569
70 95 0.130
70 96 0.960
70 97 0.896
70 98 1.643
70 99 0.233
71 72 1.329
71 73 0.515
71 74 1.086
71 75 1.773
71 76 1.185
71 77 1.076
71 78 0.775
71 79 0.763
71 80 0.902
71 81 2.163
71 82 0.425
71 83 2.266
71 84 0.956
71 85 0.891
71 86 0.504
71 87 2.530
71 88 0.463
71 89 1.625
71 90 1.149
71 91 1.215
71 92 1.544
71 93 1.999
71 94 1.613
71 95 1.630
71 96 1.298
71 97 1.265
71 98 0.329
71 99 1.715
72 73 0.897
72 74 1.038
72 75 0.517
72 76 0.653
72 77 0.358
72 78 0.644
72 79 1.876
72 80 0.456
72 81 1.061
72 82 0.909
72 83 1.077
72 84 1.033
72 85 0.439
72 86 0.827
72 87 1.651
72 88 1.084
72 89 0.318
72 90 2.271
72 91 0.189
72 92 0.471
72 93 0.769
72 94 0.293
72 95 0.446
72 96 0.412
72 97 0.343
72 98 1.220
72 99 0.758
73 74 1.084
73 75 1.287
73 76 0.671
73 77 0.746
73 78 0.550
73 79 1.241
73 80 0.442
73 81 1.649
73 82 0.181
73 83 1.759
73 84 0.978
73 85 0.500
73 86 0.189
73 87 2.024
73 88 0.200
73 89 1.212
73 90 1.640
73 91 0.833
73 92 1.220
73 93 1.502
73 94 1.190
73 95 1.135
73 96 0.997
73 97 0.942
73 98 0.613
73 99 1.200
74 75 1.540
74 76 1.448
74 77 0.695
74 78 0.580
74 79 1.162
74 80 0.979
74 81 2.099
74 82 0.924
74 83 2.101
74 84 0.131
74 85 0.822
74 86 0.895
74 87 2.677
74 88 1.244
74 89 1.154
74 90 1.482
74 91 0.849
74 92 0.863
74 93 1.789
74 94 1.179
74 95 1.484
74 96 0.683
74 97 0.722
74 98 0.771
74 99 1.770
75 76 0.766
75 77 0.874
75 78 1.154
75 79 2.376
75 80 0.871
75 81 0.576
75 82 1.349
75 83 0.562
75 84 1.545
75 85 0.918
75 86 1.271
75 87 1.220
75 88 1.444
75 89 0.451
75 90 2.775
75 91 0.702
75 92 0.798
75 93 0.252
75 94 0.404
75 95 0.168
75 96 0.871
75 97 0.820
75 98 1.711
75 99 0.461
76 77 0.809
76 78 0.882
76 79 1.903
76 80 0.470
76 81 0.998
76 82 0.808
76 83 1.133
76 84 1.387
76 85 0.625
76 86 0.754
76 87 1.360
76 88 0.765
76 89 0.921
76 90 2.305
76 91 0.747
76 92 1.121
76 93 0.921
76 94 0.877
76 95 0.598
76 96 1.003
76 97 0.928
76 98 1.248
76 99 0.542
77 78 0.319
77 79 1.545
77 80 0.393
77 81 1.414
77 82 0.690
77 83 1.435
77 84 0.678
77 85 0.257
77 86 0.613
77 87 1.981
77 88 0.946
77 89 0.576
77 90 1.933
77 91 0.175
77 92 0.479
77 93 1.126
77 94 0.579
77 95 0.797
77 96 0.252
77 97 0.197
77 98 0.910
77 99 1.075
78 79 1.234
78 80 0.413
78 81 1.658
78 82 0.434
78 83 1.704
78 84 0.507
78 85 0.271
78 86 0.374
78 87 2.176
78 88 0.738
78 89 0.894
78 90 1.627
78 91 0.483
78 92 0.769
78 93 1.403
78 94 0.894
78 95 1.051
78 96 0.523
78 97 0.495
78 98 0.591
78 99 1.272
79 80 1.533
79 81 2.837
79 82 1.095
79 83 2.911
79 84 1.055
79 85 1.459
79 86 1.156
79 87 3.262
79 88 1.225
79 89 2.120
79 90 0.404
79 91 1.716
79 92 1.927
79 93 2.620
79 94 2.124
79 95 2.256
79 96 1.691
79 97 1.690
79 98 0.671
79 99 2.407
80 81 1.305
80 82 0.478
80 83 1.383
80 84 0.917
80 85 0.160
80 86 0.400
80 87 1.779
80 88 0.628
80 89 0.772
80 90 1.936
80 91 0.419
80 92 0.823
80 93 1.102
80 94 0.749
80 95 0.733
80 96 0.634
80 97 0.565
80 98 0.862
80 99 0.888
81 82 1.757
81 83 0.210
81 84 2.092
81 85 1.398
81 86 1.688
81 87 0.667
81 88 1.762
81 89 1.023
81 90 3.241
81 91 1.251
81 92 1.372
81 93 0.366
81 94 0.979
81 95 0.617
81 96 1.442
81 97 1.387
81 98 2.166
81 99 0.456
82 83 1.850
82 84 0.812
82 85 0.476
82 86 0.081
82 87 2.168
82 88 0.321
82 89 1.212
82 90 1.498
82 91 0.809
82 92 1.168
82 93 1.577
82 94 1.197
82 95 1.208
82 96 0.931
82 97 0.886
82 98 0.444
82 99 1.317
83 84 2.107
83 85 1.456
83 86 1.777
83 87 0.810
83 88 1.887
83 89 0.976
83 90 3.313
83 91 1.264
83 92 1.322
83 93 0.311
83 94 0.939
83 95 0.656
83 96 1.426
83 97 1.379
83 98 2.241
83 99 0.607
84 85 0.766
84 86 0.790
84 87 2.651
84 88 1.131
84 89 1.183
84 90 1.391
84 91 0.844
84 92 0.918
84 93 1.796
84 94 1.203
84 95 1.475
84 96 0.713
84 97 0.741
84 98 0.641
84 99 1.743
85 86 0.395
85 87 1.905
85 88 0.698
85 89 0.736
85 90 1.859
85 91 0.337
85 92 0.722
85 93 1.162
85 94 0.723
85 95 0.800
85 96 0.508
85 97 0.447
85 98 0.792
85 99 1.003
86 87 2.113
86 88 0.365
86 89 1.131
86 90 1.560
86 91 0.729
86 92 1.092
86 93 1.501
86 94 1.115
86 95 1.132
86 96 0.857
86 97 0.810
86 98 0.494
86 99 1.252
87 88 2.082
87 89 1.670
87 90 3.663
87 91 1.835
87 92 2.016
87 93 1.032
87 94 1.623
87 95 1.214
87 96 2.055
87 97 1.992
87 98 2.607
87 99 0.908
88 89 1.401
88 90 1.612
88 91 1.030
88 92 1.419
88 93 1.646
88 94 1.376
88 95 1.286
88 96 1.197
88 97 1.142
88 98 0.665
88 99 1.306
89 90 2.504
89 91 0.414
89 92 0.349
89 93 0.671
89 94 0.052
89 95 0.491
89 96 0.472
89 97 0.444
89 98 1.485
89 99 0.854
90 91 2.105
90 92 2.292
90 93 3.020
90 94 2.511
90 95 2.658
90 96 2.063
90 97 2.068
90 98 1.075
90 99 2.812
91 92 0.406
91 93 0.954
91 94 0.411
91 95 0.635
91 96 0.258
91 97 0.183
91 98 1.072
91 99 0.935
92 93 1.020
92 94 0.394
92 95 0.817
92 96 0.247
92 97 0.282
92 98 1.341
92 99 1.173
93 94 0.632
93 95 0.369
93 96 1.115
93 97 1.068
93 98 1.952
93 99 0.471
94 95 0.440
94 96 0.496
94 97 0.462
94 98 1.483
94 99 0.802
95 96 0.841
95 97 0.780
95 98 1.587
95 99 0.363
96 97 0.075
96 98 1.095
96 99 1.169
97 98 1.078
97 99 1.101
98 99 1.740
