nodei nodej distance
0 1 0.957
0 2 0.216
0 3 0.461
0 4 0.220
0 5 5.867
0 6 4.821
0 7 6.288
0 8 6.160
0 9 6.239
0 10 6.860
0 11 6.369
0 12 5.867
0 13 5.616
0 14 6.621
0 15 5.763
0 16 5.862
0 17 5.320
0 18 5.414
0 19 6.446
0 20 6.718
0 21 6.094
0 22 4.804
0 23 5.314
0 24 6.547
0 25 5.716
0 26 5.789
0 27 6.220
0 28 6.264
0 29 6.073
0 30 5.524
0 31 5.259
0 32 6.030
0 33 6.776
0 34 6.178
0 35 5.174
0 36 6.670
0 37 5.634
0 38 6.751
0 39 5.093
0 40 6.599
0 41 6.453
0 42 5.976
0 43 4.869
0 44 6.514
0 45 5.915
0 46 5.644
0 47 6.273
0 48 5.888
0 49 6.501
0 50 5.192
0 51 6.389
0 52 6.544
0 53 7.381
0 54 7.104
0 55 4.942
0 56 6.533
0 57 5.656
0 58 7.007
0 59 6.678
0 60 6.367
0 61 6.233
0 62 6.540
0 63 5.374
0 64 6.841
0 65 6.761
0 66 6.292
0 67 5.911
0 68 5.031
0 69 5.088
0 70 6.567
0 71 5.646
0 72 6.189
0 73 5.900
0 74 5.296
0 75 5.178
0 76 7.051
0 77 6.386
0 78 5.921
0 79 6.557
0 80 6.371
0 81 5.718
0 82 5.863
0 83 6.797
0 84 6.201
0 85 6.961
0 86 6.334
0 87 5.992
0 88 5.682
0 89 7.361
0 90 7.013
0 91 6.352
0 92 6.416
0 93 6.612
0 94 5.325
0 95 5.870
0 96 5.659
0 97 6.381
0 98 5.725
0 99 5.223
1 2 0.750
1 3 0.513
1 4 1.078
1 5 4.911
1 6 3.864
1 7 5.330
1 8 5.204
1 9 5.285
1 10 5.905
1 11 5.412
1 12 4.910
1 13 4.659
1 14 5.665
1 15 4.806
1 16 4.913
1 17 4.366
1 18 4.457
1 19 5.490
1 20 5.761
1 21 5.137
1 22 3.849
1 23 4.357
1 24 5.591
1 25 4.760
1 26 4.831
1 27 5.265
1 28 5.307
1 29 5.116
1 30 4.567
1 31 4.303
1 32 5.077
1 33 5.819
1 34 5.223
1 35 4.217
1 36 5.714
1 37 4.678
1 38 5.794
1 39 4.141
1 40 5.642
1 41 5.496
1 42 5.020
1 43 3.912
1 44 5.558
1 45 4.958
1 46 4.687
1 47 5.316
1 48 4.935
1 49 5.544
1 50 4.234
1 51 5.434
1 52 5.587
1 53 6.425
1 54 6.147
1 55 3.985
1 56 5.576
1 57 4.699
1 58 6.050
1 59 5.721
1 60 5.410
1 61 5.276
1 62 5.587
1 63 4.417
1 64 5.884
1 65 5.804
1 66 5.337
1 67 4.955
1 68 4.074
1 69 4.131
1 70 5.610
1 71 4.690
1 72 5.231
1 73 4.943
1 74 4.339
1 75 4.223
1 76 6.094
1 77 5.430
1 78 4.964
1 79 5.600
1 80 5.414
1 81 4.761
1 82 4.906
1 83 5.840
1 84 5.244
1 85 6.003
1 86 5.377
1 87 5.035
1 88 4.725
1 89 6.404
1 90 6.056
1 91 5.395
1 92 5.459
1 93 5.654
1 94 4.374
1 95 4.913
1 96 4.702
1 97 5.424
1 98 4.769
1 99 4.269
2 3 0.281
2 4 0.344
2 5 5.660
2 6 4.612
2 7 6.079
2 8 5.954
2 9 6.034
2 10 6.655
2 11 6.161
2 12 5.659
2 13 5.409
2 14 6.415
2 15 5.553
2 16 5.661
2 17 5.116
2 18 5.205
2 19 6.240
2 20 6.509
2 21 5.885
2 22 4.598
2 23 5.104
2 24 6.340
2 25 5.509
2 26 5.580
2 27 6.014
2 28 6.056
2 29 5.865
2 30 5.316
2 31 5.053
2 32 5.826
2 33 6.569
2 34 5.972
2 35 4.965
2 36 6.464
2 37 5.427
2 38 6.542
2 39 4.890
2 40 6.389
2 41 6.244
2 42 5.770
2 43 4.661
2 44 6.307
2 45 5.704
2 46 5.436
2 47 6.064
2 48 5.675
2 49 6.290
2 50 4.982
2 51 6.184
2 52 6.336
2 53 7.170
2 54 6.894
2 55 4.732
2 56 6.322
2 57 5.449
2 58 6.799
2 59 6.470
2 60 6.159
2 61 6.025
2 62 6.336
2 63 5.166
2 64 6.633
2 65 6.551
2 66 6.079
2 67 5.704
2 68 4.823
2 69 4.879
2 70 6.356
2 71 5.439
2 72 5.979
2 73 5.692
2 74 5.087
2 75 4.973
2 76 6.841
2 77 6.180
2 78 5.712
2 79 6.346
2 80 6.163
2 81 5.507
2 82 5.654
2 83 6.588
2 84 5.993
2 85 6.752
2 86 6.124
2 87 5.784
2 88 5.475
2 89 7.153
2 90 6.805
2 91 6.143
2 92 6.207
2 93 6.402
2 94 5.123
2 95 5.661
2 96 5.451
2 97 6.173
2 98 5.519
2 99 5.018
3 4 0.624
3 5 5.413
3 6 4.369
3 7 5.835
3 8 5.703
3 9 5.781
3 10 6.404
3 11 5.915
3 12 5.414
3 13 5.161
3 14 6.165
3 15 5.313
3 16 5.402
3 17 4.863
3 18 4.961
3 19 5.990
3 20 6.265
3 21 5.640
3 22 4.348
3 23 4.864
3 24 6.092
3 25 5.262
3 26 5.336
3 27 5.764
3 28 5.811
3 29 5.619
3 30 5.071
3 31 4.803
3 32 5.572
3 33 6.322
3 34 5.722
3 35 4.723
3 36 6.214
3 37 5.179
3 38 6.298
3 39 4.635
3 40 6.149
3 41 6.002
3 42 5.520
3 43 4.416
3 44 6.060
3 45 5.467
3 46 5.191
3 47 5.822
3 48 5.447
3 49 6.051
3 50 4.741
3 51 5.932
3 52 6.089
3 53 6.934
3 54 6.655
3 55 4.494
3 56 6.084
3 57 5.202
3 58 6.552
3 59 6.224
3 60 5.912
3 61 5.781
3 62 6.082
3 63 4.921
3 64 6.388
3 65 6.311
3 66 5.849
3 67 5.455
3 68 4.577
3 69 4.638
3 70 6.119
3 71 5.192
3 72 5.738
3 73 5.446
3 74 4.845
3 75 4.722
3 76 6.601
3 77 5.931
3 78 5.469
3 79 6.108
3 80 5.918
3 81 5.271
3 82 5.411
3 83 6.346
3 84 5.746
3 85 6.508
3 86 5.884
3 87 5.539
3 88 5.226
3 89 6.906
3 90 6.560
3 91 5.901
3 92 5.965
3 93 6.160
3 94 4.867
3 95 5.419
3 96 5.206
3 97 5.927
3 98 5.268
3 99 4.765
4 5 5.981
4 6 4.931
4 7 6.396
4 8 6.278
4 9 6.361
4 10 6.978
4 11 6.480
4 12 5.977
4 13 5.730
4 14 6.737
4 15 5.868
4 16 5.991
4 17 5.442
4 18 5.523
4 19 6.562
4 20 6.826
4 21 6.204
4 22 4.923
4 23 5.419
4 24 6.661
4 25 5.829
4 26 5.898
4 27 6.338
4 28 6.374
4 29 6.185
4 30 5.634
4 31 5.376
4 32 6.153
4 33 6.889
4 34 6.295
4 35 5.281
4 36 6.786
4 37 5.749
4 38 6.860
4 39 5.217
4 40 6.704
4 41 6.559
4 42 6.092
4 43 4.980
4 44 6.626
4 45 6.014
4 46 5.754
4 47 6.379
4 48 5.978
4 49 6.603
4 50 5.298
4 51 6.508
4 52 6.656
4 53 7.479
4 54 7.206
4 55 5.045
4 56 6.634
4 57 5.770
4 58 7.119
4 59 6.790
4 60 6.479
4 61 6.343
4 62 6.662
4 63 5.484
4 64 6.951
4 65 6.865
4 66 6.385
4 67 6.027
4 68 5.144
4 69 5.194
4 70 6.666
4 71 5.759
4 72 6.294
4 73 6.012
4 74 5.403
4 75 5.296
4 76 7.154
4 77 6.502
4 78 6.029
4 79 6.659
4 80 6.481
4 81 5.818
4 82 5.970
4 83 6.904
4 84 6.313
4 85 7.069
4 86 6.437
4 87 6.103
4 88 5.797
4 89 7.472
4 90 7.123
4 91 6.459
4 92 6.522
4 93 6.719
4 94 5.451
4 95 5.977
4 96 5.770
4 97 6.493
4 98 5.842
4 99 5.344
5 6 1.055
5 7 0.455
5 8 0.324
5 9 0.462
5 10 1.004
5 11 0.507
5 12 0.130
5 13 0.252
5 14 0.759
5 15 0.300
5 16 0.509
5 17 0.589
5 18 0.474
5 19 0.586
5 20 0.867
5 21 0.252
5 22 1.070
5 23 0.619
5 24 0.680
5 25 0.152
5 26 0.164
5 27 0.371
5 28 0.415
5 29 0.216
5 30 0.366
5 31 0.616
5 32 0.351
5 33 0.909
5 34 0.325
5 35 0.723
5 36 0.808
5 37 0.237
5 38 0.892
5 39 0.820
5 40 0.793
5 41 0.641
5 42 0.138
5 43 1.003
5 44 0.649
5 45 0.446
5 46 0.249
5 47 0.483
5 48 0.743
5 49 0.727
5 50 0.716
5 51 0.552
5 52 0.677
5 53 1.600
5 54 1.292
5 55 0.982
5 56 0.780
5 57 0.212
5 58 1.140
5 59 0.813
5 60 0.502
5 61 0.391
5 62 0.737
5 63 0.507
5 64 0.980
5 65 0.946
5 66 0.785
5 67 0.095
5 68 0.838
5 69 0.822
5 70 0.834
5 71 0.222
5 72 0.422
5 73 0.069
5 74 0.615
5 75 0.698
5 76 1.238
5 77 0.524
5 78 0.192
5 79 0.787
5 80 0.518
5 81 0.457
5 82 0.210
5 83 0.960
5 84 0.335
5 85 1.108
5 86 0.584
5 87 0.151
5 88 0.189
5 89 1.494
5 90 1.153
5 91 0.537
5 92 0.598
5 93 0.772
5 94 0.649
5 95 0.235
5 96 0.234
5 97 0.517
5 98 0.180
5 99 0.683
6 7 1.467
6 8 1.365
6 9 1.470
6 10 2.059
6 11 1.550
6 12 1.046
6 13 0.805
6 14 1.814
6 15 0.949
6 16 1.200
6 17 0.597
6 18 0.593
6 19 1.641
6 20 1.897
6 21 1.273
6 22 0.235
6 23 0.508
6 24 1.733
6 25 0.903
6 26 0.968
6 27 1.421
6 28 1.443
6 29 1.254
6 30 0.703
6 31 0.489
6 32 1.280
6 33 1.959
6 34 1.376
6 35 0.358
6 36 1.863
6 37 0.831
6 38 1.930
6 39 0.460
6 40 1.783
6 41 1.635
6 42 1.175
6 43 0.063
6 44 1.696
6 45 1.125
6 46 0.824
6 47 1.455
6 48 1.194
6 49 1.689
6 50 0.380
6 51 1.598
6 52 1.727
6 53 2.580
6 54 2.291
6 55 0.212
6 56 1.726
6 57 0.844
6 58 2.188
6 59 1.859
6 60 1.549
6 61 1.412
6 62 1.769
6 63 0.553
6 64 2.021
6 65 1.945
6 66 1.540
6 67 1.110
6 68 0.228
6 69 0.289
6 70 1.766
6 71 0.833
6 72 1.372
6 73 1.082
6 74 0.481
6 75 0.423
6 76 2.237
6 77 1.579
6 78 1.100
6 79 1.747
6 80 1.551
6 81 0.933
6 82 1.043
6 83 1.978
6 84 1.384
6 85 2.139
6 86 1.523
6 87 1.173
6 88 0.876
6 89 2.542
6 90 2.192
6 91 1.533
6 92 1.597
6 93 1.791
6 94 0.678
6 95 1.052
6 96 0.839
6 97 1.562
6 98 0.933
6 99 0.521
7 8 0.349
7 9 0.469
7 10 0.668
7 11 0.136
7 12 0.423
7 13 0.691
7 14 0.437
7 15 0.538
7 16 0.821
7 17 1.044
7 18 0.874
7 19 0.322
7 20 0.430
7 21 0.205
7 22 1.511
7 23 0.981
7 24 0.321
7 25 0.592
7 26 0.500
7 27 0.307
7 28 0.061
7 29 0.241
7 30 0.764
7 31 1.063
7 32 0.562
7 33 0.513
7 34 0.299
7 35 1.115
7 36 0.478
7 37 0.688
7 38 0.467
7 39 1.273
7 40 0.338
7 41 0.186
7 42 0.409
7 43 1.420
7 44 0.263
7 45 0.468
7 46 0.646
7 47 0.091
7 48 0.715
7 49 0.282
7 50 1.099
7 51 0.384
7 52 0.301
7 53 1.145
7 54 0.839
7 55 1.357
7 56 0.340
7 57 0.651
7 58 0.734
7 59 0.410
7 60 0.153
7 61 0.067
7 62 0.557
7 63 0.915
7 64 0.559
7 65 0.492
7 66 0.502
7 67 0.460
7 68 1.263
7 69 1.204
7 70 0.399
7 71 0.658
7 72 0.143
7 73 0.404
7 74 0.994
7 75 1.143
7 76 0.785
7 77 0.277
7 78 0.367
7 79 0.340
7 80 0.102
7 81 0.632
7 82 0.427
7 83 0.513
7 84 0.166
7 85 0.673
7 86 0.186
7 87 0.309
7 88 0.641
7 89 1.082
7 90 0.728
7 91 0.086
7 92 0.143
7 93 0.325
7 94 1.102
7 95 0.423
7 96 0.631
7 97 0.155
7 98 0.632
7 99 1.137
8 9 0.159
8 10 0.701
8 11 0.302
8 12 0.400
8 13 0.563
8 14 0.464
8 15 0.583
8 16 0.484
8 17 0.844
8 18 0.795
8 19 0.290
8 20 0.645
8 21 0.264
8 22 1.356
8 23 0.943
8 24 0.413
8 25 0.471
8 26 0.469
8 27 0.066
8 28 0.288
8 29 0.228
8 30 0.689
8 31 0.901
8 32 0.219
8 33 0.643
8 34 0.050
8 35 1.043
8 36 0.513
8 37 0.534
8 38 0.653
8 39 1.076
8 40 0.637
8 41 0.507
8 42 0.192
8 43 1.310
8 44 0.406
8 45 0.643
8 46 0.573
8 47 0.428
8 48 0.941
8 49 0.615
8 50 1.037
8 51 0.233
8 52 0.422
8 53 1.402
8 54 1.087
8 55 1.304
8 56 0.676
8 57 0.526
8 58 0.869
8 59 0.560
8 60 0.285
8 61 0.293
8 62 0.413
8 63 0.826
8 64 0.730
8 65 0.763
8 66 0.832
8 67 0.255
8 68 1.142
8 69 1.143
8 70 0.736
8 71 0.538
8 72 0.425
8 73 0.329
8 74 0.937
8 75 0.981
8 76 1.034
8 77 0.237
8 78 0.406
8 79 0.668
8 80 0.342
8 81 0.729
8 82 0.462
8 83 0.750
8 84 0.187
8 85 0.868
8 86 0.533
8 87 0.283
8 88 0.489
8 89 1.219
8 90 0.899
8 91 0.428
8 92 0.467
8 93 0.577
8 94 0.866
8 95 0.478
8 96 0.558
8 97 0.301
8 98 0.436
8 99 0.942
9 10 0.638
9 11 0.383
9 12 0.553
9 13 0.682
9 14 0.429
9 15 0.737
9 16 0.452
9 17 0.919
9 18 0.919
9 19 0.283
9 20 0.671
9 21 0.420
9 22 1.440
9 23 1.075
9 24 0.421
9 25 0.598
9 26 0.617
9 27 0.166
9 28 0.410
9 29 0.387
9 30 0.818
9 31 0.993
9 32 0.213
9 33 0.630
9 34 0.195
9 35 1.164
9 36 0.473
9 37 0.646
9 38 0.665
9 39 1.145
9 40 0.706
9 41 0.597
9 42 0.325
9 43 1.413
9 44 0.439
9 45 0.802
9 46 0.708
9 47 0.556
9 48 1.099
9 49 0.708
9 50 1.161
9 51 0.181
9 52 0.441
9 53 1.420
9 54 1.106
9 55 1.426
9 56 0.768
9 57 0.649
9 58 0.842
9 59 0.566
9 60 0.362
9 61 0.425
9 62 0.302
9 63 0.947
9 64 0.728
9 65 0.809
9 66 0.967
9 67 0.379
9 68 1.244
9 69 1.265
9 70 0.828
9 71 0.662
9 72 0.567
9 73 0.479
9 74 1.065
9 75 1.070
9 76 1.056
9 77 0.258
9 78 0.564
9 79 0.753
9 80 0.432
9 81 0.886
9 82 0.619
9 83 0.779
9 84 0.325
9 85 0.869
9 86 0.654
9 87 0.442
9 88 0.605
9 89 1.179
9 90 0.887
9 91 0.537
9 92 0.563
9 93 0.628
9 94 0.919
9 95 0.635
9 96 0.694
9 97 0.374
9 98 0.538
9 99 1.016
10 11 0.543
10 12 1.034
10 13 1.254
10 14 0.246
10 15 1.187
10 16 1.076
10 17 1.543
10 18 1.475
10 19 0.418
10 20 0.370
10 21 0.813
10 22 2.056
10 23 1.608
10 24 0.348
10 25 1.156
10 26 1.114
10 27 0.640
10 28 0.661
10 29 0.818
10 30 1.365
10 31 1.602
10 32 0.851
10 33 0.211
10 34 0.684
10 35 1.724
10 36 0.198
10 37 1.231
10 38 0.314
10 39 1.774
10 40 0.553
10 41 0.597
10 42 0.886
10 43 2.005
10 44 0.404
10 45 1.135
10 46 1.245
10 47 0.732
10 48 1.360
10 49 0.650
10 50 1.715
10 51 0.473
10 52 0.367
10 53 0.895
10 54 0.618
10 55 1.980
10 56 0.679
10 57 1.215
10 58 0.254
10 59 0.288
10 60 0.536
10 61 0.695
10 62 0.363
10 63 1.511
10 64 0.278
10 65 0.507
10 66 1.037
10 67 0.951
10 68 1.838
10 69 1.821
10 70 0.712
10 71 1.226
10 72 0.807
10 73 0.984
10 74 1.611
10 75 1.682
10 76 0.586
10 77 0.480
10 78 1.001
10 79 0.643
10 80 0.566
10 81 1.296
10 82 1.065
10 83 0.422
10 84 0.687
10 85 0.368
10 86 0.749
10 87 0.901
10 88 1.184
10 89 0.548
10 90 0.336
10 91 0.649
10 92 0.607
10 93 0.454
10 94 1.554
10 95 1.069
10 96 1.229
10 97 0.526
10 98 1.136
10 99 1.641
11 12 0.506
11 13 0.755
11 14 0.306
11 15 0.646
11 16 0.786
11 17 1.089
11 18 0.958
11 19 0.188
11 20 0.363
11 21 0.279
11 22 1.577
11 23 1.078
11 24 0.195
11 25 0.655
11 26 0.586
11 27 0.244
11 28 0.118
11 29 0.296
11 30 0.847
11 31 1.123
11 32 0.521
11 33 0.409
11 34 0.256
11 35 1.204
11 36 0.349
11 37 0.744
11 38 0.386
11 39 1.322
11 40 0.335
11 41 0.214
11 42 0.425
11 43 1.501
11 44 0.147
11 45 0.599
11 46 0.727
11 47 0.222
11 48 0.852
11 49 0.325
11 50 1.191
11 51 0.264
11 52 0.181
11 53 1.112
11 54 0.799
11 55 1.454
11 56 0.385
11 57 0.715
11 58 0.639
11 59 0.309
11 60 0.022
11 61 0.152
11 62 0.425
11 63 0.997
11 64 0.474
11 65 0.464
11 66 0.620
11 67 0.485
11 68 1.338
11 69 1.297
11 70 0.445
11 71 0.724
11 72 0.278
11 73 0.469
11 74 1.086
11 75 1.204
11 76 0.745
11 77 0.152
11 78 0.464
11 79 0.372
11 80 0.051
11 81 0.754
11 82 0.527
11 83 0.462
11 84 0.172
11 85 0.601
11 86 0.294
11 87 0.377
11 88 0.695
11 89 0.992
11 90 0.646
11 91 0.168
11 92 0.180
11 93 0.280
11 94 1.132
11 95 0.528
11 96 0.711
11 97 0.019
11 98 0.670
11 99 1.185
12 13 0.278
12 14 0.789
12 15 0.185
12 16 0.638
12 17 0.645
12 18 0.453
12 19 0.623
12 20 0.851
12 21 0.228
12 22 1.090
12 23 0.574
12 24 0.695
12 25 0.186
12 26 0.080
12 27 0.432
12 28 0.397
12 29 0.216
12 30 0.343
12 31 0.647
12 32 0.471
12 33 0.915
12 34 0.386
12 35 0.698
12 36 0.837
12 37 0.288
12 38 0.884
12 39 0.867
12 40 0.751
12 41 0.599
12 42 0.242
12 43 0.999
12 44 0.653
12 45 0.317
12 46 0.224
12 47 0.426
12 48 0.613
12 49 0.670
12 50 0.685
12 51 0.611
12 52 0.686
12 53 1.559
12 54 1.258
12 55 0.949
12 56 0.718
12 57 0.240
12 58 1.144
12 59 0.815
12 60 0.507
12 61 0.366
12 62 0.803
12 63 0.493
12 64 0.975
12 65 0.910
12 66 0.676
12 67 0.219
12 68 0.840
12 69 0.791
12 70 0.768
12 71 0.244
12 72 0.351
12 73 0.077
12 74 0.580
12 75 0.726
12 76 1.204
12 77 0.560
12 78 0.076
12 79 0.731
12 80 0.504
12 81 0.338
12 82 0.080
12 83 0.936
12 84 0.347
12 85 1.094
12 86 0.514
12 87 0.133
12 88 0.246
12 89 1.496
12 90 1.146
12 91 0.494
12 92 0.558
12 93 0.747
12 94 0.724
12 95 0.105
12 96 0.209
12 97 0.520
12 98 0.277
12 99 0.732
13 14 1.010
13 15 0.304
13 16 0.563
13 17 0.369
13 18 0.237
13 19 0.836
13 20 1.113
13 21 0.488
13 22 0.822
13 23 0.401
13 24 0.931
13 25 0.101
13 26 0.217
13 27 0.617
13 28 0.657
13 29 0.461
13 30 0.147
13 31 0.372
13 32 0.519
13 33 1.160
13 34 0.571
13 35 0.482
13 36 1.059
13 37 0.052
13 38 1.140
13 39 0.589
13 40 1.025
13 41 0.873
13 42 0.371
13 43 0.752
13 44 0.899
13 45 0.519
13 46 0.102
13 47 0.702
13 48 0.767
13 49 0.947
13 50 0.479
13 51 0.795
13 52 0.928
13 53 1.834
13 54 1.530
13 55 0.744
13 56 0.996
13 57 0.040
13 58 1.391
13 59 1.063
13 60 0.752
13 61 0.630
13 62 0.973
13 63 0.264
13 64 1.229
13 65 1.182
13 66 0.929
13 67 0.309
13 68 0.586
13 69 0.583
13 70 1.046
13 71 0.034
13 72 0.628
13 73 0.288
13 74 0.384
13 75 0.452
13 76 1.476
13 77 0.775
13 78 0.350
13 79 1.008
13 80 0.763
13 81 0.426
13 82 0.315
13 83 1.202
13 84 0.585
13 85 1.355
13 86 0.792
13 87 0.383
13 88 0.078
13 89 1.745
13 90 1.402
13 91 0.767
13 92 0.831
13 93 1.014
13 94 0.461
13 95 0.337
13 96 0.106
13 97 0.766
13 98 0.159
13 99 0.454
14 15 0.943
14 16 0.880
14 17 1.308
14 18 1.230
14 19 0.175
14 20 0.296
14 21 0.568
14 22 1.817
14 23 1.362
14 24 0.120
14 25 0.912
14 26 0.868
14 27 0.401
14 28 0.422
14 29 0.573
14 30 1.120
14 31 1.362
14 32 0.636
14 33 0.206
14 34 0.443
14 35 1.479
14 36 0.049
14 37 0.988
14 38 0.267
14 39 1.540
14 40 0.425
14 41 0.410
14 42 0.645
14 43 1.762
14 44 0.185
14 45 0.904
14 46 0.999
14 47 0.512
14 48 1.147
14 49 0.492
14 50 1.469
14 51 0.250
14 52 0.149
14 53 1.005
14 54 0.696
14 55 1.734
14 56 0.537
14 57 0.971
14 58 0.413
14 59 0.174
14 60 0.296
14 61 0.457
14 62 0.236
14 63 1.265
14 64 0.309
14 65 0.454
14 66 0.864
14 67 0.710
14 68 1.595
14 69 1.576
14 70 0.585
14 71 0.982
14 72 0.580
14 73 0.738
14 74 1.365
14 75 1.443
14 76 0.650
14 77 0.235
14 78 0.757
14 79 0.507
14 80 0.336
14 81 1.058
14 82 0.821
14 83 0.396
14 84 0.442
14 85 0.448
14 86 0.551
14 87 0.655
14 88 0.941
14 89 0.757
14 90 0.458
14 91 0.436
14 92 0.407
14 93 0.319
14 94 1.327
14 95 0.825
14 96 0.983
14 97 0.287
14 98 0.896
14 99 1.406
15 16 0.791
15 17 0.656
15 18 0.374
15 19 0.785
15 20 0.964
15 21 0.376
15 22 1.030
15 23 0.449
15 24 0.840
15 25 0.263
15 26 0.139
15 27 0.610
15 28 0.529
15 29 0.380
15 30 0.281
15 31 0.621
15 32 0.651
15 33 1.049
15 34 0.565
15 35 0.592
15 36 0.990
15 37 0.342
15 38 1.004
15 39 0.853
15 40 0.836
15 41 0.691
15 42 0.426
15 43 0.910
15 44 0.791
15 45 0.218
15 46 0.205
15 47 0.511
15 48 0.471
15 49 0.740
15 50 0.572
15 51 0.785
15 52 0.826
15 53 1.630
15 54 1.343
15 55 0.823
15 56 0.777
15 57 0.283
15 58 1.272
15 59 0.946
15 60 0.651
15 61 0.495
15 62 0.979
15 63 0.418
15 64 1.096
15 65 0.998
15 66 0.642
15 67 0.395
15 68 0.765
15 69 0.675
15 70 0.818
15 71 0.278
15 72 0.426
15 73 0.261
15 74 0.469
15 75 0.693
15 76 1.289
15 77 0.723
15 78 0.188
15 79 0.798
15 80 0.633
15 81 0.156
15 82 0.124
15 83 1.037
15 84 0.505
15 85 1.205
15 86 0.574
15 87 0.304
15 88 0.321
15 89 1.619
15 90 1.263
15 91 0.593
15 92 0.656
15 93 0.854
15 94 0.760
15 95 0.118
15 96 0.199
15 97 0.662
15 98 0.388
15 99 0.728
16 17 0.604
16 18 0.769
16 19 0.731
16 20 1.114
16 21 0.670
16 22 1.111
16 23 0.939
16 24 0.868
16 25 0.541
16 26 0.653
16 27 0.544
16 28 0.761
16 29 0.621
16 30 0.706
16 31 0.715
16 32 0.265
16 33 1.082
16 34 0.532
16 35 0.969
16 36 0.923
16 37 0.511
16 38 1.113
16 39 0.795
16 40 1.121
16 41 0.989
16 42 0.443
16 43 1.137
16 44 0.876
16 45 0.954
16 46 0.646
16 47 0.889
16 48 1.250
16 49 1.096
16 50 0.979
16 51 0.633
16 52 0.885
16 53 1.869
16 54 1.554
16 55 1.217
16 56 1.156
16 57 0.553
16 58 1.291
16 59 1.015
16 60 0.768
16 61 0.758
16 62 0.718
16 63 0.777
16 64 1.179
16 65 1.242
16 66 1.261
16 67 0.429
16 68 0.976
16 69 1.067
16 70 1.217
16 71 0.566
16 72 0.860
16 73 0.572
16 74 0.907
16 75 0.777
16 76 1.503
16 77 0.695
16 78 0.697
16 79 1.150
16 80 0.826
16 81 0.944
16 82 0.718
16 83 1.222
16 84 0.655
16 85 1.320
16 86 0.997
16 87 0.613
16 88 0.501
16 89 1.623
16 90 1.338
16 91 0.904
16 92 0.948
16 93 1.057
16 94 0.552
16 95 0.743
16 96 0.640
16 97 0.784
16 98 0.416
16 99 0.689
17 18 0.352
17 19 1.134
17 20 1.452
17 21 0.839
17 22 0.523
17 23 0.473
17 24 1.248
17 25 0.460
17 26 0.587
17 27 0.907
17 28 1.003
17 29 0.805
17 30 0.390
17 31 0.129
17 32 0.713
17 33 1.480
17 34 0.868
17 35 0.426
17 36 1.357
17 37 0.359
17 38 1.473
17 39 0.233
17 40 1.381
17 41 1.229
17 42 0.670
17 43 0.534
17 44 1.226
17 45 0.874
17 46 0.454
17 47 1.065
17 48 1.085
17 49 1.310
17 50 0.447
17 51 1.070
17 52 1.250
17 53 2.189
17 54 1.881
17 55 0.638
17 56 1.360
17 57 0.405
17 58 1.709
17 59 1.388
17 60 1.082
17 61 0.980
17 62 1.221
17 63 0.325
17 64 1.558
17 65 1.535
17 66 1.294
17 67 0.606
17 68 0.376
17 69 0.509
17 70 1.412
17 71 0.403
17 72 0.994
17 73 0.642
17 74 0.423
17 75 0.174
17 76 1.826
17 77 1.077
17 78 0.718
17 79 1.371
17 80 1.105
17 81 0.742
17 82 0.684
17 83 1.547
17 84 0.918
17 85 1.690
17 86 1.158
17 87 0.736
17 88 0.405
17 89 2.061
17 90 1.730
17 91 1.124
17 92 1.186
17 93 1.360
17 94 0.132
17 95 0.705
17 96 0.464
17 97 1.097
17 98 0.419
17 99 0.098
18 19 1.058
18 20 1.304
18 21 0.681
18 22 0.655
18 23 0.170
18 24 1.143
18 25 0.324
18 26 0.375
18 27 0.845
18 28 0.851
18 29 0.663
18 30 0.111
18 31 0.271
18 32 0.755
18 33 1.367
18 34 0.798
18 35 0.250
18 36 1.278
18 37 0.280
18 38 1.337
18 39 0.501
18 40 1.195
18 41 1.045
18 42 0.603
18 43 0.546
18 44 1.105
18 45 0.578
18 46 0.232
18 47 0.867
18 48 0.747
18 49 1.105
18 50 0.243
18 51 1.025
18 52 1.136
18 53 1.997
18 54 1.703
18 55 0.509
18 56 1.146
18 57 0.270
18 58 1.597
18 59 1.267
18 60 0.957
18 61 0.820
18 62 1.206
18 63 0.044
18 64 1.428
18 65 1.356
18 66 1.007
18 67 0.542
18 68 0.393
18 69 0.349
18 70 1.190
18 71 0.257
18 72 0.785
18 73 0.492
18 74 0.147
18 75 0.331
18 76 1.649
18 77 0.995
18 78 0.509
18 79 1.164
18 80 0.958
18 81 0.414
18 82 0.454
18 83 1.386
18 84 0.794
18 85 1.547
18 86 0.941
18 87 0.581
18 88 0.315
18 89 1.950
18 90 1.599
18 91 0.942
18 92 1.006
18 93 1.199
18 94 0.481
18 95 0.465
18 96 0.247
18 97 0.971
18 98 0.392
18 99 0.393
19 20 0.389
19 21 0.410
19 22 1.642
19 23 1.194
19 24 0.139
19 25 0.738
19 26 0.701
19 27 0.227
19 28 0.288
19 29 0.408
19 30 0.948
19 31 1.187
19 32 0.476
19 33 0.357
19 34 0.268
19 35 1.307
19 36 0.224
19 37 0.813
19 38 0.383
19 39 1.366
19 40 0.447
19 41 0.371
19 42 0.470
19 43 1.587
19 44 0.165
19 45 0.771
19 46 0.828
19 47 0.410
19 48 1.035
19 49 0.475
19 50 1.298
19 51 0.108
19 52 0.160
19 53 1.138
19 54 0.824
19 55 1.564
19 56 0.531
19 57 0.797
19 58 0.580
19 59 0.284
19 60 0.169
19 61 0.320
19 62 0.237
19 63 1.093
19 64 0.450
19 65 0.531
19 66 0.804
19 67 0.535
19 68 1.421
19 69 1.405
19 70 0.588
19 71 0.808
19 72 0.461
19 73 0.568
19 74 1.195
19 75 1.268
19 76 0.774
19 77 0.063
19 78 0.598
19 79 0.509
19 80 0.236
19 81 0.909
19 82 0.662
19 83 0.497
19 84 0.280
19 85 0.590
19 86 0.478
19 87 0.489
19 88 0.766
19 89 0.929
19 90 0.614
19 91 0.352
19 92 0.349
19 93 0.356
19 94 1.156
19 95 0.668
19 96 0.813
19 97 0.170
19 98 0.721
19 99 1.232
20 21 0.627
20 22 1.935
20 23 1.410
20 24 0.250
20 25 1.012
20 26 0.929
20 27 0.580
20 28 0.456
20 29 0.653
20 30 1.194
20 31 1.483
20 32 0.853
20 33 0.159
20 34 0.606
20 35 1.545
20 36 0.288
20 37 1.104
20 38 0.058
20 39 1.685
20 40 0.190
20 41 0.283
20 42 0.787
20 43 1.850
20 44 0.239
20 45 0.859
20 46 1.075
20 47 0.457
20 48 1.039
20 49 0.298
20 50 1.529
20 51 0.495
20 52 0.230
20 53 0.757
20 54 0.442
20 55 1.787
20 56 0.316
20 57 1.072
20 58 0.321
20 59 0.122
20 60 0.372
20 61 0.485
20 62 0.532
20 63 1.344
20 64 0.140
20 65 0.158
20 66 0.681
20 67 0.848
20 68 1.691
20 69 1.634
20 70 0.343
20 71 1.081
20 72 0.542
20 73 0.825
20 74 1.424
20 75 1.564
20 76 0.389
20 77 0.419
20 78 0.797
20 79 0.279
20 80 0.350
20 81 1.043
20 82 0.857
20 83 0.108
20 84 0.534
20 85 0.243
20 86 0.433
20 87 0.730
20 88 1.056
20 89 0.656
20 90 0.299
20 91 0.373
20 92 0.312
20 93 0.114
20 94 1.495
20 95 0.852
20 96 1.060
20 97 0.356
20 98 1.033
20 99 1.548
21 22 1.309
21 23 0.800
21 24 0.469
21 25 0.388
21 26 0.307
21 27 0.263
21 28 0.171
21 29 0.048
21 30 0.570
21 31 0.859
21 32 0.433
21 33 0.688
21 34 0.226
21 35 0.926
21 36 0.615
21 37 0.483
21 38 0.657
21 39 1.069
21 40 0.542
21 41 0.390
21 42 0.230
21 43 1.225
21 44 0.426
21 45 0.385
21 46 0.450
21 47 0.236
21 48 0.679
21 49 0.476
21 50 0.912
21 51 0.421
21 52 0.459
21 53 1.350
21 54 1.043
21 55 1.175
21 56 0.531
21 57 0.447
21 58 0.916
21 59 0.587
21 60 0.280
21 61 0.142
21 62 0.615
21 63 0.720
21 64 0.748
21 65 0.697
21 66 0.593
21 67 0.268
21 68 1.064
21 69 1.019
21 70 0.587
21 71 0.455
21 72 0.191
21 73 0.200
21 74 0.807
21 75 0.940
21 76 0.989
21 77 0.349
21 78 0.189
21 79 0.537
21 80 0.278
21 81 0.501
21 82 0.253
21 83 0.715
21 84 0.130
21 85 0.869
21 86 0.342
21 87 0.104
21 88 0.436
21 89 1.269
21 90 0.919
21 91 0.286
21 92 0.347
21 93 0.526
21 94 0.900
21 95 0.258
21 96 0.434
21 97 0.293
21 98 0.430
21 99 0.932
22 23 0.629
22 24 1.748
22 25 0.923
22 26 1.016
22 27 1.417
22 28 1.479
22 29 1.282
22 30 0.757
22 31 0.456
22 32 1.236
22 33 1.979
22 34 1.375
22 35 0.477
22 36 1.866
22 37 0.834
22 38 1.962
22 39 0.317
22 40 1.841
22 41 1.689
22 42 1.173
22 43 0.204
22 44 1.719
22 45 1.228
22 46 0.868
22 47 1.514
22 48 1.344
22 49 1.755
22 50 0.507
22 51 1.585
22 52 1.746
22 53 2.647
22 54 2.348
22 55 0.433
22 56 1.799
22 57 0.862
22 58 2.209
22 59 1.883
22 60 1.572
22 61 1.451
22 62 1.742
22 63 0.612
22 64 2.050
22 65 2.000
22 66 1.655
22 67 1.108
22 68 0.272
22 69 0.452
22 70 1.844
22 71 0.854
22 72 1.434
22 73 1.110
22 74 0.587
22 75 0.375
22 76 2.294
22 77 1.583
22 78 1.154
22 79 1.815
22 80 1.585
22 81 1.047
22 82 1.104
22 83 2.023
22 84 1.406
22 85 2.176
22 86 1.593
22 87 1.205
22 88 0.882
22 89 2.563
22 90 2.223
22 91 1.584
22 92 1.648
22 93 1.835
22 94 0.561
22 95 1.117
22 96 0.883
22 97 1.587
22 98 0.921
22 99 0.428
23 24 1.269
23 25 0.477
23 26 0.494
23 27 0.989
23 28 0.965
23 29 0.790
23 30 0.258
23 31 0.361
23 32 0.920
23 33 1.486
23 34 0.942
23 35 0.155
23 36 1.410
23 37 0.447
23 38 1.448
23 39 0.561
23 40 1.285
23 41 1.140
23 42 0.754
23 43 0.476
23 44 1.225
23 45 0.617
23 46 0.370
23 47 0.960
23 48 0.715
23 49 1.187
23 50 0.129
23 51 1.170
23 52 1.258
23 53 2.075
23 54 1.790
23 55 0.377
23 56 1.222
23 57 0.430
23 58 1.713
23 59 1.385
23 60 1.080
23 61 0.932
23 62 1.356
23 63 0.166
23 64 1.540
23 65 1.446
23 66 1.035
23 67 0.697
23 68 0.359
23 69 0.226
23 70 1.260
23 71 0.416
23 72 0.875
23 73 0.626
23 74 0.053
23 75 0.390
23 76 1.737
23 77 1.131
23 78 0.616
23 79 1.244
23 80 1.072
23 81 0.426
23 82 0.554
23 83 1.485
23 84 0.921
23 85 1.652
23 86 1.020
23 87 0.707
23 88 0.478
23 89 2.063
23 90 1.709
23 91 1.040
23 92 1.103
23 93 1.301
23 94 0.605
23 95 0.559
23 96 0.385
23 97 1.093
23 98 0.559
23 99 0.485
24 25 0.831
24 26 0.775
24 27 0.347
24 28 0.313
24 29 0.480
24 30 1.032
24 31 1.292
24 32 0.611
24 33 0.232
24 34 0.381
24 35 1.391
24 36 0.157
24 37 0.914
24 38 0.245
24 39 1.481
24 40 0.332
24 41 0.294
24 42 0.578
24 43 1.682
24 44 0.065
24 45 0.790
24 46 0.911
24 47 0.393
24 48 1.028
24 49 0.384
24 50 1.379
24 51 0.245
24 52 0.033
24 53 1.001
24 54 0.686
24 55 1.643
24 56 0.433
24 57 0.891
24 58 0.462
24 59 0.147
24 60 0.189
24 61 0.347
24 62 0.314
24 63 1.180
24 64 0.317
24 65 0.397
24 66 0.747
24 67 0.642
24 68 1.517
24 69 1.486
24 70 0.485
24 71 0.902
24 72 0.463
24 73 0.651
24 74 1.275
24 75 1.373
24 76 0.635
24 77 0.177
24 78 0.657
24 79 0.406
24 80 0.220
24 81 0.948
24 82 0.720
24 83 0.358
24 84 0.350
24 85 0.456
24 86 0.431
24 87 0.563
24 88 0.866
24 89 0.816
24 90 0.486
24 91 0.316
24 92 0.288
24 93 0.231
24 94 1.278
24 95 0.722
24 96 0.896
24 97 0.178
24 98 0.830
24 99 1.345
25 26 0.143
25 27 0.522
25 28 0.557
25 29 0.360
25 30 0.219
25 31 0.471
25 32 0.453
25 33 1.060
25 34 0.476
25 35 0.573
25 36 0.961
25 37 0.102
25 38 1.040
25 39 0.684
25 40 0.927
25 41 0.774
25 42 0.279
25 43 0.851
25 44 0.799
25 45 0.463
25 46 0.115
25 47 0.606
25 48 0.734
25 49 0.852
25 50 0.567
25 51 0.702
25 52 0.828
25 53 1.736
25 54 1.431
25 55 0.833
25 56 0.901
25 57 0.060
25 58 1.291
25 59 0.963
25 60 0.651
25 61 0.530
25 62 0.883
25 63 0.356
25 64 1.128
25 65 1.083
25 66 0.855
25 67 0.220
25 68 0.686
25 69 0.672
25 70 0.952
25 71 0.070
25 72 0.535
25 73 0.188
25 74 0.467
25 75 0.552
25 76 1.376
25 77 0.676
25 78 0.261
25 79 0.912
25 80 0.662
25 81 0.407
25 82 0.238
25 83 1.102
25 84 0.485
25 85 1.254
25 86 0.698
25 87 0.283
25 88 0.063
25 89 1.645
25 90 1.301
25 91 0.669
25 92 0.732
25 93 0.914
25 94 0.539
25 95 0.262
25 96 0.104
25 97 0.666
25 98 0.127
25 99 0.549
26 27 0.505
26 28 0.476
26 29 0.295
26 30 0.265
26 31 0.579
26 32 0.515
26 33 0.995
26 34 0.458
26 35 0.618
26 36 0.916
26 37 0.239
26 38 0.963
26 39 0.803
26 40 0.825
26 41 0.673
26 42 0.296
26 43 0.921
26 44 0.733
26 45 0.322
26 46 0.148
26 47 0.497
26 48 0.602
26 49 0.740
26 50 0.605
26 51 0.685
26 52 0.765
26 53 1.631
26 54 1.333
26 55 0.869
26 56 0.786
26 57 0.184
26 58 1.224
26 59 0.894
26 60 0.587
26 61 0.445
26 62 0.876
26 63 0.415
26 64 1.054
26 65 0.985
26 66 0.714
26 67 0.259
26 68 0.763
26 69 0.712
26 70 0.834
26 71 0.184
26 72 0.419
26 73 0.139
26 74 0.500
26 75 0.657
26 76 1.278
26 77 0.638
26 78 0.138
26 79 0.801
26 80 0.584
26 81 0.295
26 82 0.098
26 83 1.012
26 84 0.427
26 85 1.172
26 86 0.580
26 87 0.212
26 88 0.205
26 89 1.576
26 90 1.225
26 91 0.569
26 92 0.633
26 93 0.825
26 94 0.675
26 95 0.121
26 96 0.134
26 97 0.600
26 98 0.259
26 99 0.670
27 28 0.248
27 29 0.237
27 30 0.737
27 31 0.962
27 32 0.279
27 33 0.577
27 34 0.047
27 35 1.094
27 36 0.450
27 37 0.591
27 38 0.587
27 39 1.140
27 40 0.578
27 41 0.453
27 42 0.246
27 43 1.366
27 44 0.341
27 45 0.649
27 46 0.619
27 47 0.393
27 48 0.941
27 49 0.563
27 50 1.087
27 51 0.181
27 52 0.356
27 53 1.337
27 54 1.021
27 55 1.354
27 56 0.623
27 57 0.579
27 58 0.804
27 59 0.494
27 60 0.225
27 61 0.260
27 62 0.371
27 63 0.878
27 64 0.664
27 65 0.700
27 66 0.802
27 67 0.311
27 68 1.199
27 69 1.193
27 70 0.684
27 71 0.590
27 72 0.401
27 73 0.367
27 74 0.986
27 75 1.042
27 76 0.969
27 77 0.172
27 78 0.427
27 79 0.613
27 80 0.287
27 81 0.751
27 82 0.487
27 83 0.685
27 84 0.159
27 85 0.802
27 86 0.494
27 87 0.306
27 88 0.545
27 89 1.155
27 90 0.833
27 91 0.381
27 92 0.415
27 93 0.514
27 94 0.931
27 95 0.500
27 96 0.604
27 97 0.240
27 98 0.496
27 99 1.005
28 29 0.198
28 30 0.740
28 31 1.028
28 32 0.502
28 33 0.521
28 34 0.238
28 35 1.094
28 36 0.466
28 37 0.650
28 38 0.487
28 39 1.234
28 40 0.384
28 41 0.237
28 42 0.357
28 43 1.395
28 44 0.262
28 45 0.485
28 46 0.620
28 47 0.146
28 48 0.748
28 49 0.338
28 50 1.080
28 51 0.338
28 52 0.297
28 53 1.187
28 54 0.878
28 55 1.342
28 56 0.397
28 57 0.617
28 58 0.748
28 59 0.419
28 60 0.127
28 61 0.035
28 62 0.519
28 63 0.890
28 64 0.578
28 65 0.533
28 66 0.558
28 67 0.410
28 68 1.235
28 69 1.186
28 70 0.456
28 71 0.625
28 72 0.175
28 73 0.369
28 74 0.975
28 75 1.109
28 76 0.823
28 77 0.237
28 78 0.350
28 79 0.395
28 80 0.107
28 81 0.636
28 82 0.412
28 83 0.546
28 84 0.106
28 85 0.699
28 86 0.246
28 87 0.274
28 88 0.602
28 89 1.100
28 90 0.749
28 91 0.143
28 92 0.193
28 93 0.358
28 94 1.056
28 95 0.412
28 96 0.605
28 97 0.135
28 98 0.587
28 99 1.097
29 30 0.553
29 31 0.830
29 32 0.386
29 33 0.704
29 34 0.196
29 35 0.911
29 36 0.620
29 37 0.452
29 38 0.680
29 39 1.036
29 40 0.579
29 41 0.427
29 42 0.182
29 43 1.205
29 44 0.442
29 45 0.415
29 46 0.432
29 47 0.281
29 48 0.713
29 49 0.518
29 50 0.899
29 51 0.406
29 52 0.473
29 53 1.384
29 54 1.076
29 55 1.164
29 56 0.573
29 57 0.420
29 58 0.934
29 59 0.605
29 60 0.294
29 61 0.175
29 62 0.600
29 63 0.701
29 64 0.769
29 65 0.730
29 66 0.641
29 67 0.223
29 68 1.042
29 69 1.006
29 70 0.630
29 71 0.429
29 72 0.239
29 73 0.173
29 74 0.795
29 75 0.911
29 76 1.021
29 77 0.345
29 78 0.194
29 79 0.578
29 80 0.303
29 81 0.515
29 82 0.256
29 83 0.744
29 84 0.131
29 85 0.894
29 86 0.388
29 87 0.083
29 88 0.404
29 89 1.288
29 90 0.942
29 91 0.325
29 92 0.384
29 93 0.556
29 94 0.861
29 95 0.266
29 96 0.416
29 97 0.308
29 98 0.391
29 99 0.899
30 31 0.341
30 32 0.664
30 33 1.256
30 34 0.691
30 35 0.359
30 36 1.168
30 37 0.197
30 38 1.227
30 39 0.574
30 40 1.087
30 41 0.937
30 42 0.498
30 43 0.656
30 44 0.994
30 45 0.494
30 46 0.121
30 47 0.759
30 48 0.696
30 49 0.999
30 50 0.350
30 51 0.918
30 52 1.025
30 53 1.892
30 54 1.596
30 55 0.617
30 56 1.042
30 57 0.172
30 58 1.486
30 59 1.156
30 60 0.847
30 61 0.709
30 62 1.101
30 63 0.150
30 64 1.317
30 65 1.248
30 66 0.921
30 67 0.439
30 68 0.500
30 69 0.457
30 70 1.087
30 71 0.158
30 72 0.678
30 73 0.382
30 74 0.249
30 75 0.412
30 76 1.541
30 77 0.886
30 78 0.400
30 79 1.059
30 80 0.847
30 81 0.352
30 82 0.347
30 83 1.277
30 84 0.683
30 85 1.437
30 86 0.836
30 87 0.470
30 88 0.222
30 89 1.839
30 90 1.489
30 91 0.833
30 92 0.897
30 93 1.089
30 94 0.507
30 95 0.361
30 96 0.137
30 97 0.860
30 98 0.306
30 99 0.452
31 32 0.795
31 33 1.523
31 34 0.919
31 35 0.298
31 36 1.411
31 37 0.379
31 38 1.508
31 39 0.234
31 40 1.397
31 41 1.244
31 42 0.717
31 43 0.427
31 44 1.264
31 45 0.835
31 46 0.433
31 47 1.073
31 48 1.018
31 49 1.317
31 50 0.321
31 51 1.132
31 52 1.291
31 53 2.205
31 54 1.902
31 55 0.511
31 56 1.364
31 57 0.412
31 58 1.754
31 59 1.428
31 60 1.117
31 61 1.001
31 62 1.294
31 63 0.234
31 64 1.596
31 65 1.554
31 66 1.262
31 67 0.652
31 68 0.262
31 69 0.379
31 70 1.412
31 71 0.405
31 72 0.996
31 73 0.659
31 74 0.308
31 75 0.081
31 76 1.847
31 77 1.128
31 78 0.716
31 79 1.378
31 80 1.133
31 81 0.682
31 82 0.672
31 83 1.573
31 84 0.951
31 85 1.724
31 86 1.159
31 87 0.755
31 88 0.427
31 89 2.108
31 90 1.769
31 91 1.139
31 92 1.202
31 93 1.385
31 94 0.254
31 95 0.690
31 96 0.446
31 97 1.133
31 98 0.466
31 99 0.126
32 33 0.831
32 34 0.268
32 35 0.991
32 36 0.681
32 37 0.475
32 38 0.855
32 39 0.937
32 40 0.856
32 41 0.726
32 42 0.234
32 43 1.220
32 44 0.614
32 45 0.770
32 46 0.568
32 47 0.636
32 48 1.073
32 49 0.834
32 50 0.992
32 51 0.386
32 52 0.625
32 53 1.609
32 54 1.294
32 55 1.252
32 56 0.894
32 57 0.492
32 58 1.049
32 59 0.758
32 60 0.503
32 61 0.502
32 62 0.510
32 63 0.777
32 64 0.925
32 65 0.978
32 66 1.025
32 67 0.256
32 68 1.052
32 69 1.093
32 70 0.955
32 71 0.506
32 72 0.617
32 73 0.395
32 74 0.902
32 75 0.871
32 76 1.242
32 77 0.435
32 78 0.510
32 79 0.887
32 80 0.561
32 81 0.807
32 82 0.549
32 83 0.960
32 84 0.397
32 85 1.066
32 86 0.743
32 87 0.402
32 88 0.442
32 89 1.390
32 90 1.089
32 91 0.644
32 92 0.686
32 93 0.793
32 94 0.708
32 95 0.571
32 96 0.556
32 97 0.518
32 98 0.363
32 99 0.810
33 34 0.613
33 35 1.613
33 36 0.174
33 37 1.145
33 38 0.103
33 39 1.713
33 40 0.344
33 41 0.406
33 42 0.810
33 43 1.909
33 44 0.262
33 45 0.969
33 46 1.136
33 47 0.561
33 48 1.173
33 49 0.445
33 50 1.600
33 51 0.449
33 52 0.232
33 53 0.799
33 54 0.492
33 55 1.863
33 56 0.470
33 57 1.120
33 58 0.231
33 59 0.103
33 60 0.410
33 61 0.555
33 62 0.429
33 63 1.406
33 64 0.104
33 65 0.302
33 66 0.832
33 67 0.874
33 68 1.745
33 69 1.707
33 70 0.501
33 71 1.130
33 72 0.643
33 73 0.877
33 74 1.495
33 75 1.604
33 76 0.448
33 77 0.406
33 78 0.871
33 79 0.434
33 80 0.416
33 81 1.143
33 82 0.933
33 83 0.223
33 84 0.576
33 85 0.242
33 86 0.560
33 87 0.786
33 88 1.097
33 89 0.585
33 90 0.258
33 91 0.476
33 92 0.424
33 93 0.249
33 94 1.509
33 95 0.932
33 96 1.120
33 97 0.396
33 98 1.062
33 99 1.577
34 35 1.048
34 36 0.492
34 37 0.547
34 38 0.617
34 39 1.101
34 40 0.591
34 41 0.458
34 42 0.203
34 43 1.322
34 44 0.368
34 45 0.610
34 46 0.572
34 47 0.379
34 48 0.904
34 49 0.566
34 50 1.040
34 51 0.228
34 52 0.387
34 53 1.362
34 54 1.047
34 55 1.307
34 56 0.626
34 57 0.533
34 58 0.841
34 59 0.526
34 60 0.241
34 61 0.244
34 62 0.418
34 63 0.832
34 64 0.696
34 65 0.719
34 66 0.784
34 67 0.268
34 68 1.155
34 69 1.147
34 70 0.687
34 71 0.545
34 72 0.378
34 73 0.320
34 74 0.939
34 75 1.000
34 76 0.994
34 77 0.209
34 78 0.383
34 79 0.619
34 80 0.294
34 81 0.707
34 82 0.442
34 83 0.710
34 84 0.138
34 85 0.833
34 86 0.484
34 87 0.261
34 88 0.500
34 89 1.193
34 90 0.867
34 91 0.378
34 92 0.418
34 93 0.534
34 94 0.896
34 95 0.455
34 96 0.557
34 97 0.256
34 98 0.454
34 99 0.966
35 36 1.528
35 37 0.519
35 38 1.580
35 39 0.451
35 40 1.427
35 41 1.280
35 42 0.852
35 43 0.322
35 44 1.351
35 45 0.770
35 46 0.480
35 47 1.100
35 48 0.867
35 49 1.332
35 50 0.032
35 51 1.274
35 52 1.383
35 53 2.222
35 54 1.934
35 55 0.262
35 56 1.369
35 57 0.517
35 58 1.842
35 59 1.513
35 60 1.204
35 61 1.063
35 62 1.454
35 63 0.218
35 64 1.671
35 65 1.588
35 66 1.190
35 67 0.790
35 68 0.209
35 69 0.102
35 70 1.408
35 71 0.505
35 72 1.016
35 73 0.741
35 74 0.123
35 75 0.295
35 76 1.880
35 77 1.245
35 78 0.748
35 79 1.390
35 80 1.201
35 81 0.580
35 82 0.689
35 83 1.623
35 84 1.041
35 85 1.787
35 86 1.166
35 87 0.828
35 88 0.559
35 89 2.194
35 90 1.842
35 91 1.178
35 92 1.242
35 93 1.438
35 94 0.552
35 95 0.696
35 96 0.496
35 97 1.217
35 98 0.630
35 99 0.407
36 37 1.037
36 38 0.250
36 39 1.589
36 40 0.434
36 41 0.436
36 42 0.694
36 43 1.811
36 44 0.219
36 45 0.946
36 46 1.048
36 47 0.549
36 48 1.184
36 49 0.511
36 50 1.517
36 51 0.296
36 52 0.182
36 53 0.972
36 54 0.666
36 55 1.783
36 56 0.552
36 57 1.020
36 58 0.369
36 59 0.168
36 60 0.340
36 61 0.501
36 62 0.255
36 63 1.314
36 64 0.278
36 65 0.446
36 66 0.889
36 67 0.759
36 68 1.644
36 69 1.624
36 70 0.596
36 71 1.031
36 72 0.620
36 73 0.787
36 74 1.414
36 75 1.492
36 76 0.622
36 77 0.285
36 78 0.804
36 79 0.519
36 80 0.376
36 81 1.102
36 82 0.868
36 83 0.380
36 84 0.490
36 85 0.414
36 86 0.581
36 87 0.704
36 88 0.990
36 89 0.710
36 90 0.419
36 91 0.471
36 92 0.437
36 93 0.327
36 94 1.375
36 95 0.872
36 96 1.032
36 97 0.331
36 98 0.946
36 99 1.455
37 38 1.129
37 39 0.586
37 40 1.025
37 41 0.872
37 42 0.344
37 43 0.776
37 44 0.885
37 45 0.552
37 46 0.148
37 47 0.706
37 48 0.810
37 49 0.951
37 50 0.518
37 51 0.767
37 52 0.912
37 53 1.833
37 54 1.527
37 55 0.780
37 56 1.001
37 57 0.058
37 58 1.375
37 59 1.049
37 60 0.738
37 61 0.625
37 62 0.940
37 63 0.302
37 64 1.217
37 65 1.180
37 66 0.953
37 67 0.280
37 68 0.608
37 69 0.620
37 70 1.053
37 71 0.065
37 72 0.636
37 73 0.284
37 74 0.427
37 75 0.461
37 76 1.472
37 77 0.753
37 78 0.363
37 79 1.012
37 80 0.755
37 81 0.471
37 82 0.336
37 83 1.196
37 84 0.572
37 85 1.345
37 86 0.799
37 87 0.379
37 88 0.048
37 89 1.729
37 90 1.389
37 91 0.767
37 92 0.829
37 93 1.008
37 94 0.438
37 95 0.360
37 96 0.148
37 97 0.753
37 98 0.113
37 99 0.449
38 39 1.706
38 40 0.247
38 41 0.332
38 42 0.805
38 43 1.882
38 44 0.249
38 45 0.906
38 46 1.107
38 47 0.501
38 48 1.093
38 49 0.354
38 50 1.565
38 51 0.486
38 52 0.231
38 53 0.756
38 54 0.441
38 55 1.824
38 56 0.374
38 57 1.100
38 58 0.272
38 59 0.100
38 60 0.392
38 61 0.518
38 62 0.502
38 63 1.377
38 64 0.092
38 65 0.201
38 66 0.739
38 67 0.867
38 68 1.721
38 69 1.671
38 70 0.400
38 71 1.109
38 72 0.586
38 73 0.853
38 74 1.460
38 75 1.590
38 76 0.391
38 77 0.420
38 78 0.833
38 79 0.337
38 80 0.379
38 81 1.087
38 82 0.893
38 83 0.130
38 84 0.557
38 85 0.217
38 86 0.484
38 87 0.759
38 88 1.081
38 89 0.616
38 90 0.262
38 91 0.416
38 92 0.357
38 93 0.165
38 94 1.511
38 95 0.890
38 96 1.091
38 97 0.376
38 98 1.054
38 99 1.570
39 40 1.610
39 41 1.458
39 42 0.903
39 43 0.399
39 44 1.459
39 45 1.068
39 46 0.661
39 47 1.290
39 48 1.247
39 49 1.536
39 50 0.482
39 51 1.301
39 52 1.483
39 53 2.419
39 54 2.112
39 55 0.575
39 56 1.585
39 57 0.627
39 58 1.942
39 59 1.621
39 60 1.314
39 61 1.210
39 62 1.446
39 63 0.462
39 64 1.791
39 65 1.765
39 66 1.495
39 67 0.840
39 68 0.294
39 69 0.495
39 70 1.635
39 71 0.623
39 72 1.217
39 73 0.870
39 74 0.509
39 75 0.174
39 76 2.057
39 77 1.310
39 78 0.938
39 79 1.597
39 80 1.337
39 81 0.914
39 82 0.899
39 83 1.779
39 84 1.150
39 85 1.923
39 86 1.381
39 87 0.965
39 88 0.633
39 89 2.294
39 90 1.963
39 91 1.353
39 92 1.415
39 93 1.591
39 94 0.244
39 95 0.917
39 96 0.673
39 97 1.330
39 98 0.652
39 99 0.137
40 41 0.153
40 42 0.740
40 43 1.740
40 44 0.283
40 45 0.704
40 46 0.973
40 47 0.328
40 48 0.859
40 49 0.114
40 50 1.408
40 51 0.553
40 52 0.300
40 53 0.809
40 54 0.508
40 55 1.659
40 56 0.127
40 57 0.985
40 58 0.500
40 59 0.274
40 60 0.353
40 61 0.404
40 62 0.645
40 63 1.237
40 64 0.324
40 65 0.161
40 66 0.492
40 67 0.795
40 68 1.587
40 69 1.511
40 70 0.162
40 71 0.992
40 72 0.411
40 73 0.740
40 74 1.304
40 75 1.477
40 76 0.454
40 77 0.451
40 78 0.687
40 79 0.090
40 80 0.298
40 81 0.895
40 82 0.741
40 83 0.212
40 84 0.484
40 85 0.389
40 86 0.271
40 87 0.645
40 88 0.978
40 89 0.814
40 90 0.459
40 91 0.258
40 92 0.195
40 93 0.107
40 94 1.439
40 95 0.731
40 96 0.958
40 97 0.339
40 98 0.969
40 99 1.474
41 42 0.593
41 43 1.591
41 44 0.231
41 45 0.576
41 46 0.821
41 47 0.180
41 48 0.767
41 49 0.111
41 50 1.262
41 51 0.466
41 52 0.263
41 53 0.962
41 54 0.659
41 55 1.515
41 56 0.171
41 57 0.833
41 58 0.603
41 59 0.310
41 60 0.235
41 61 0.253
41 62 0.597
41 63 1.087
41 64 0.423
41 65 0.311
41 66 0.453
41 67 0.645
41 68 1.436
41 69 1.365
41 70 0.231
41 71 0.839
41 72 0.265
41 73 0.588
41 74 1.157
41 75 1.324
41 76 0.605
41 77 0.355
41 78 0.537
41 79 0.161
41 80 0.167
41 81 0.761
41 82 0.592
41 83 0.345
41 84 0.340
41 85 0.516
41 86 0.154
41 87 0.493
41 88 0.825
41 89 0.938
41 90 0.580
41 91 0.105
41 92 0.043
41 93 0.169
41 94 1.288
41 95 0.583
41 96 0.807
41 97 0.224
41 98 0.818
41 99 1.321
42 43 1.120
42 44 0.556
42 45 0.536
42 46 0.385
42 47 0.461
42 48 0.839
42 49 0.691
42 50 0.846
42 51 0.424
42 52 0.580
42 53 1.536
42 54 1.223
42 55 1.112
42 56 0.748
42 57 0.334
42 58 1.040
42 59 0.718
42 60 0.415
42 61 0.342
42 62 0.603
42 63 0.634
42 64 0.888
42 65 0.884
42 66 0.818
42 67 0.065
42 68 0.952
42 69 0.952
42 70 0.806
42 71 0.347
42 72 0.421
42 73 0.165
42 74 0.747
42 75 0.798
42 76 1.169
42 77 0.411
42 78 0.276
42 79 0.749
42 80 0.448
42 81 0.580
42 82 0.317
42 83 0.886
42 84 0.258
42 85 1.022
42 86 0.569
42 87 0.173
42 88 0.298
42 89 1.393
42 90 1.061
42 91 0.495
42 92 0.550
42 93 0.702
42 94 0.708
42 95 0.339
42 96 0.370
42 97 0.431
42 98 0.253
42 99 0.767
43 44 1.647
43 45 1.092
43 46 0.775
43 47 1.412
43 48 1.175
43 49 1.648
43 50 0.347
43 51 1.542
43 52 1.677
43 53 2.540
43 54 2.248
43 55 0.229
43 56 1.687
43 57 0.791
43 58 2.139
43 59 1.810
43 60 1.499
43 61 1.365
43 62 1.712
43 63 0.506
43 64 1.973
43 65 1.901
43 66 1.511
43 67 1.055
43 68 0.169
43 69 0.268
43 70 1.728
43 71 0.780
43 72 1.329
43 73 1.032
43 74 0.444
43 75 0.361
43 76 2.194
43 77 1.526
43 78 1.055
43 79 1.707
43 80 1.503
43 81 0.902
43 82 0.999
43 83 1.932
43 84 1.333
43 85 2.093
43 86 1.482
43 87 1.124
43 88 0.822
43 89 2.493
43 90 2.144
43 91 1.488
43 92 1.552
43 93 1.745
43 94 0.615
43 95 1.009
43 96 0.791
43 97 1.513
43 98 0.877
43 99 0.457
44 45 0.731
44 46 0.873
44 47 0.330
44 48 0.964
44 49 0.324
44 50 1.338
44 51 0.273
44 52 0.038
44 53 0.996
44 54 0.681
44 55 1.601
44 56 0.376
44 57 0.859
44 58 0.492
44 59 0.164
44 60 0.148
44 61 0.296
44 62 0.371
44 63 1.143
44 64 0.332
44 65 0.370
44 66 0.682
44 67 0.619
44 68 1.484
44 69 1.445
44 70 0.430
44 71 0.868
44 72 0.403
44 73 0.615
44 74 1.233
44 75 1.346
44 76 0.628
44 77 0.182
44 78 0.611
44 79 0.351
44 80 0.162
44 81 0.894
44 82 0.674
44 83 0.345
44 84 0.314
44 85 0.466
44 86 0.366
44 87 0.524
44 88 0.837
44 89 0.846
44 90 0.505
44 91 0.252
44 92 0.223
44 93 0.191
44 94 1.262
44 95 0.674
44 96 0.858
44 97 0.134
44 98 0.807
44 99 1.322
45 46 0.423
45 47 0.408
45 48 0.303
45 49 0.596
45 50 0.746
45 51 0.800
45 52 0.768
45 53 1.467
45 54 1.195
45 55 0.975
45 56 0.621
45 57 0.494
45 58 1.178
45 59 0.868
45 60 0.611
45 61 0.452
45 62 0.992
45 63 0.622
45 64 0.998
45 65 0.862
45 66 0.429
45 67 0.529
45 68 0.958
45 69 0.840
45 70 0.652
45 71 0.491
45 72 0.328
45 73 0.384
45 74 0.648
45 75 0.905
45 76 1.143
45 77 0.714
45 78 0.261
45 79 0.648
45 80 0.570
45 81 0.197
45 82 0.239
45 83 0.914
45 84 0.506
45 85 1.089
45 86 0.433
45 87 0.371
45 88 0.525
45 89 1.513
45 90 1.155
45 91 0.494
45 92 0.549
45 93 0.745
45 94 0.978
45 95 0.213
45 96 0.415
45 97 0.618
45 98 0.580
45 99 0.945
46 47 0.646
46 48 0.665
46 49 0.888
46 50 0.470
46 51 0.801
46 52 0.904
46 53 1.780
46 54 1.481
46 55 0.736
46 56 0.933
46 57 0.095
46 58 1.365
46 59 1.036
46 60 0.726
46 61 0.590
46 62 0.986
46 63 0.270
46 64 1.197
46 65 1.133
46 66 0.840
46 67 0.329
46 68 0.616
46 69 0.577
46 70 0.980
46 71 0.084
46 72 0.567
46 73 0.261
46 74 0.367
46 75 0.511
46 76 1.427
46 77 0.766
46 78 0.286
46 79 0.948
46 80 0.727
46 81 0.324
46 82 0.239
46 83 1.159
46 84 0.562
46 85 1.318
46 86 0.727
46 87 0.349
46 88 0.146
46 89 1.718
46 90 1.369
46 91 0.717
46 92 0.781
46 93 0.971
46 94 0.555
46 95 0.256
46 96 0.016
46 97 0.739
46 98 0.230
46 99 0.531
47 48 0.636
47 49 0.245
47 50 1.082
47 51 0.475
47 52 0.368
47 53 1.134
47 54 0.837
47 55 1.335
47 56 0.296
47 57 0.663
47 58 0.773
47 59 0.459
47 60 0.241
47 61 0.135
47 62 0.646
47 63 0.909
47 64 0.593
47 65 0.489
47 66 0.412
47 67 0.504
47 68 1.259
47 69 1.185
47 70 0.351
47 71 0.669
47 72 0.086
47 73 0.424
47 74 0.977
47 75 1.152
47 76 0.783
47 77 0.368
47 78 0.360
47 79 0.306
47 80 0.178
47 81 0.586
47 82 0.413
47 83 0.525
47 84 0.242
47 85 0.695
47 86 0.108
47 87 0.332
47 88 0.660
47 89 1.113
47 90 0.756
47 91 0.086
47 92 0.145
47 93 0.345
47 94 1.132
47 95 0.404
47 96 0.631
47 97 0.240
47 98 0.663
47 99 1.155
48 49 0.746
48 50 0.837
48 51 1.079
48 52 1.002
48 53 1.526
48 54 1.294
48 55 1.009
48 56 0.747
48 57 0.752
48 58 1.358
48 59 1.077
48 60 0.868
48 61 0.717
48 62 1.266
48 63 0.785
48 64 1.179
48 65 0.999
48 66 0.418
48 67 0.830
48 68 1.074
48 69 0.908
48 70 0.755
48 71 0.745
48 72 0.574
48 73 0.684
48 74 0.762
48 75 1.074
48 76 1.248
48 77 0.984
48 78 0.563
48 79 0.782
48 80 0.813
48 81 0.346
48 82 0.533
48 83 1.068
48 84 0.790
48 85 1.244
48 86 0.613
48 87 0.673
48 88 0.792
48 89 1.666
48 90 1.317
48 91 0.713
48 92 0.754
48 93 0.929
48 94 1.204
48 95 0.508
48 96 0.662
48 97 0.871
48 98 0.859
48 99 1.139
49 50 1.312
49 51 0.573
49 52 0.351
49 53 0.893
49 54 0.603
49 55 1.558
49 56 0.061
49 57 0.909
49 58 0.613
49 59 0.363
49 60 0.346
49 61 0.348
49 62 0.694
49 63 1.148
49 64 0.435
49 65 0.266
49 66 0.388
49 67 0.740
49 68 1.498
49 69 1.413
49 70 0.121
49 71 0.914
49 72 0.322
49 73 0.669
49 74 1.209
49 75 1.397
49 76 0.550
49 77 0.464
49 78 0.602
49 79 0.061
49 80 0.277
49 81 0.789
49 82 0.652
49 83 0.325
49 84 0.443
49 85 0.502
49 86 0.167
49 87 0.576
49 88 0.905
49 89 0.926
49 90 0.573
49 91 0.196
49 92 0.148
49 93 0.196
49 94 1.376
49 95 0.640
49 96 0.874
49 97 0.334
49 98 0.906
49 99 1.400
50 51 1.268
50 52 1.370
50 53 2.201
50 54 1.915
50 55 0.267
50 56 1.348
50 57 0.513
50 58 1.828
50 59 1.499
50 60 1.192
50 61 1.048
50 62 1.449
50 63 0.215
50 64 1.657
50 65 1.570
50 66 1.164
50 67 0.785
50 68 0.241
50 69 0.107
50 70 1.387
50 71 0.500
50 72 0.997
50 73 0.730
50 74 0.105
50 75 0.323
50 76 1.861
50 77 1.235
50 78 0.732
50 79 1.370
50 80 1.187
50 81 0.555
50 82 0.673
50 83 1.606
50 84 1.030
50 85 1.771
50 86 1.146
50 87 0.816
50 88 0.556
50 89 2.180
50 90 1.827
50 91 1.161
50 92 1.225
50 93 1.421
50 94 0.575
50 95 0.679
50 96 0.485
50 97 1.205
50 98 0.630
50 99 0.433
51 52 0.268
51 53 1.240
51 54 0.927
51 55 1.534
51 56 0.631
51 57 0.758
51 58 0.663
51 59 0.386
51 60 0.242
51 61 0.364
51 62 0.195
51 63 1.058
51 64 0.547
51 65 0.639
51 66 0.882
51 67 0.488
51 68 1.374
51 69 1.374
51 70 0.689
51 71 0.770
51 72 0.512
51 73 0.547
51 74 1.167
51 75 1.212
51 76 0.878
51 77 0.112
51 78 0.599
51 79 0.611
51 80 0.315
51 81 0.920
51 82 0.661
51 83 0.603
51 84 0.294
51 85 0.688
51 86 0.557
51 87 0.481
51 88 0.722
51 89 1.005
51 90 0.706
51 91 0.432
51 92 0.439
51 93 0.464
51 94 1.082
51 95 0.671
51 96 0.785
51 97 0.248
51 98 0.668
51 99 1.168
52 53 0.985
52 54 0.669
52 55 1.634
52 56 0.400
52 57 0.888
52 58 0.463
52 59 0.139
52 60 0.179
52 61 0.331
52 62 0.347
52 63 1.174
52 64 0.309
52 65 0.371
52 66 0.716
52 67 0.644
52 68 1.513
52 69 1.477
52 70 0.452
52 71 0.897
52 72 0.441
52 73 0.645
52 74 1.266
52 75 1.373
52 76 0.618
52 77 0.190
52 78 0.645
52 79 0.373
52 80 0.199
52 81 0.931
52 82 0.708
52 83 0.338
52 84 0.343
52 85 0.446
52 86 0.401
52 87 0.555
52 88 0.864
52 89 0.817
52 90 0.481
52 91 0.289
52 92 0.258
52 93 0.201
52 94 1.283
52 95 0.709
52 96 0.889
52 97 0.166
52 98 0.831
52 99 1.347
53 54 0.316
53 55 2.441
53 56 0.853
53 57 1.794
53 58 0.641
53 59 0.855
53 60 1.124
53 61 1.209
53 62 1.222
53 63 2.040
53 64 0.696
53 65 0.654
53 66 1.108
53 67 1.594
53 68 2.390
53 69 2.300
53 70 0.815
53 71 1.800
53 72 1.214
53 73 1.549
53 74 2.099
53 75 2.285
53 76 0.368
53 77 1.175
53 78 1.494
53 79 0.833
53 80 1.088
53 81 1.663
53 82 1.544
53 83 0.652
53 84 1.279
53 85 0.557
53 86 1.057
53 87 1.454
53 88 1.786
53 89 0.523
53 90 0.563
53 91 1.067
53 92 1.004
53 93 0.833
53 94 2.242
53 95 1.532
53 96 1.765
53 97 1.108
53 98 1.774
53 99 2.282
54 55 2.162
54 56 0.573
54 57 1.490
54 58 0.376
54 59 0.541
54 60 0.810
54 61 0.902
54 62 0.920
54 63 1.745
54 64 0.388
54 65 0.348
54 66 0.880
54 67 1.282
54 68 2.095
54 69 2.017
54 70 0.547
54 71 1.497
54 72 0.919
54 73 1.243
54 74 1.811
54 75 1.983
54 76 0.054
54 77 0.859
54 78 1.196
54 79 0.548
54 80 0.777
54 81 1.390
54 82 1.249
54 83 0.337
54 84 0.966
54 85 0.256
54 86 0.770
54 87 1.148
54 88 1.479
54 89 0.444
54 90 0.285
54 91 0.764
54 92 0.700
54 93 0.521
54 94 1.930
54 95 1.239
54 96 1.466
54 97 0.794
54 98 1.464
54 99 1.975
55 56 1.591
55 57 0.779
55 58 2.089
55 59 1.761
55 60 1.455
55 61 1.309
55 62 1.715
55 63 0.479
55 64 1.916
55 65 1.820
55 66 1.375
55 67 1.051
55 68 0.283
55 69 0.161
55 70 1.626
55 71 0.766
55 72 1.249
55 73 0.996
55 74 0.369
55 75 0.473
55 76 2.109
55 77 1.502
55 78 0.992
55 79 1.615
55 80 1.448
55 81 0.779
55 82 0.931
55 83 1.860
55 84 1.295
55 85 2.028
55 86 1.392
55 87 1.080
55 88 0.820
55 89 2.440
55 90 2.085
55 91 1.416
55 92 1.479
55 93 1.677
55 94 0.747
55 95 0.935
55 96 0.752
55 97 1.468
55 98 0.891
55 99 0.588
56 57 0.957
56 58 0.620
56 59 0.397
56 60 0.406
56 61 0.406
56 62 0.746
56 63 1.189
56 64 0.448
56 65 0.252
56 66 0.367
56 67 0.796
56 68 1.539
56 69 1.448
56 70 0.061
56 71 0.962
56 72 0.367
56 73 0.720
56 74 1.246
56 75 1.443
56 76 0.522
56 77 0.522
56 78 0.648
56 79 0.037
56 80 0.337
56 81 0.817
56 82 0.695
56 83 0.323
56 84 0.503
56 85 0.497
56 86 0.206
56 87 0.628
56 88 0.956
56 89 0.919
56 90 0.572
56 91 0.254
56 92 0.209
56 93 0.228
56 94 1.428
56 95 0.681
56 96 0.919
56 97 0.394
56 98 0.959
56 99 1.449
57 58 1.351
57 59 1.023
57 60 0.711
57 61 0.590
57 62 0.937
57 63 0.300
57 64 1.189
57 65 1.143
57 66 0.898
57 67 0.272
57 68 0.626
57 69 0.618
57 70 1.008
57 71 0.014
57 72 0.590
57 73 0.248
57 74 0.416
57 75 0.493
57 76 1.436
57 77 0.735
57 78 0.313
57 79 0.969
57 80 0.723
57 81 0.415
57 82 0.282
57 83 1.162
57 84 0.545
57 85 1.314
57 86 0.754
57 87 0.343
57 88 0.053
57 89 1.705
57 90 1.361
57 91 0.728
57 92 0.791
57 93 0.974
57 94 0.492
57 95 0.304
57 96 0.092
57 97 0.726
57 98 0.139
57 99 0.492
58 59 0.329
58 60 0.640
58 61 0.781
58 62 0.598
58 63 1.635
58 64 0.181
58 65 0.385
58 66 0.986
58 67 1.104
58 68 1.976
58 69 1.934
58 70 0.631
58 71 1.361
58 72 0.857
58 73 1.107
58 74 1.723
58 75 1.835
58 76 0.352
58 77 0.633
58 78 1.097
58 79 0.583
58 80 0.641
58 81 1.359
58 82 1.159
58 83 0.300
58 84 0.806
58 85 0.156
58 86 0.754
58 87 1.016
58 88 1.327
58 89 0.354
58 90 0.093
58 91 0.687
58 92 0.629
58 93 0.434
58 94 1.735
58 95 1.157
58 96 1.350
58 97 0.626
58 98 1.292
58 99 1.807
59 60 0.312
59 61 0.452
59 62 0.409
59 63 1.306
59 64 0.171
59 65 0.281
59 66 0.749
59 67 0.782
59 68 1.647
59 69 1.605
59 70 0.435
59 71 1.032
59 72 0.541
59 73 0.778
59 74 1.394
59 75 1.510
59 76 0.491
59 77 0.324
59 78 0.769
59 79 0.362
59 80 0.314
59 81 1.040
59 82 0.831
59 83 0.224
59 84 0.478
59 85 0.309
59 86 0.464
59 87 0.687
59 88 1.001
59 89 0.683
59 90 0.342
59 91 0.374
59 92 0.324
59 93 0.169
59 94 1.422
59 95 0.830
59 96 1.020
59 97 0.297
59 98 0.970
59 99 1.485
60 61 0.161
60 62 0.405
60 63 0.996
60 64 0.478
60 65 0.479
60 66 0.641
60 67 0.476
60 68 1.336
60 69 1.298
60 70 0.466
60 71 0.721
60 72 0.294
60 73 0.467
60 74 1.087
60 75 1.199
60 76 0.757
60 77 0.130
60 78 0.467
60 79 0.392
60 80 0.074
60 81 0.762
60 82 0.531
60 83 0.473
60 84 0.166
60 85 0.608
60 86 0.315
60 87 0.376
60 88 0.690
60 89 0.994
60 90 0.651
60 91 0.190
60 92 0.202
60 93 0.293
60 94 1.122
60 95 0.533
60 96 0.710
60 97 0.016
60 98 0.662
60 99 1.178
61 62 0.548
61 63 0.860
61 64 0.609
61 65 0.556
61 66 0.543
61 67 0.393
61 68 1.206
61 69 1.154
61 70 0.465
61 71 0.597
61 72 0.149
61 73 0.342
61 74 0.943
61 75 1.082
61 76 0.847
61 77 0.267
61 78 0.317
61 79 0.407
61 80 0.139
61 81 0.602
61 82 0.379
61 83 0.573
61 84 0.107
61 85 0.728
61 86 0.241
61 87 0.246
61 88 0.577
61 89 1.132
61 90 0.780
61 91 0.153
61 92 0.210
61 93 0.384
61 94 1.036
61 95 0.378
61 96 0.575
61 97 0.170
61 98 0.566
61 99 1.073
62 63 1.237
62 64 0.533
62 65 0.689
62 66 1.039
62 67 0.664
62 68 1.543
62 69 1.555
62 70 0.799
62 71 0.949
62 72 0.694
62 73 0.737
62 74 1.350
62 75 1.372
62 76 0.877
62 77 0.282
62 78 0.793
62 79 0.720
62 80 0.472
62 81 1.115
62 82 0.855
62 83 0.631
62 84 0.487
62 85 0.666
62 86 0.713
62 87 0.675
62 88 0.897
62 89 0.910
62 90 0.662
62 91 0.588
62 92 0.580
62 93 0.542
62 94 1.218
62 95 0.866
62 96 0.971
62 97 0.407
62 98 0.835
62 99 1.318
63 64 1.468
63 65 1.398
63 66 1.050
63 67 0.572
63 68 0.350
63 69 0.319
63 70 1.233
63 71 0.288
63 72 0.827
63 73 0.529
63 74 0.131
63 75 0.290
63 76 1.691
63 77 1.031
63 78 0.550
63 79 1.207
63 80 0.997
63 81 0.455
63 82 0.496
63 83 1.427
63 84 0.831
63 85 1.587
63 86 0.983
63 87 0.619
63 88 0.341
63 89 1.988
63 90 1.639
63 91 0.983
63 92 1.047
63 93 1.240
63 94 0.456
63 95 0.508
63 96 0.286
63 97 1.009
63 98 0.414
63 99 0.359
64 65 0.235
64 66 0.815
64 67 0.952
64 68 1.811
64 69 1.762
64 70 0.466
64 71 1.198
64 72 0.678
64 73 0.942
64 74 1.552
64 75 1.677
64 76 0.344
64 77 0.494
64 78 0.925
64 79 0.410
64 80 0.470
64 81 1.179
64 82 0.985
64 83 0.148
64 84 0.644
64 85 0.141
64 86 0.573
64 87 0.849
64 88 1.168
64 89 0.523
64 90 0.173
64 91 0.508
64 92 0.449
64 93 0.254
64 94 1.593
64 95 0.982
64 96 1.182
64 97 0.463
64 98 1.139
64 99 1.655
65 66 0.608
65 67 0.941
65 68 1.747
65 69 1.673
65 70 0.250
65 71 1.149
65 72 0.573
65 73 0.896
65 74 1.466
65 75 1.635
65 76 0.294
65 77 0.552
65 78 0.848
65 79 0.218
65 80 0.436
65 81 1.054
65 82 0.902
65 83 0.088
65 84 0.626
65 85 0.249
65 86 0.430
65 87 0.801
65 88 1.133
65 89 0.668
65 90 0.325
65 91 0.416
65 92 0.352
65 93 0.186
65 94 1.588
65 95 0.893
65 96 1.118
65 97 0.463
65 98 1.120
65 99 1.628
66 67 0.841
66 68 1.384
66 69 1.252
66 70 0.357
66 71 0.897
66 72 0.409
66 73 0.716
66 74 1.071
66 75 1.333
66 76 0.836
66 77 0.771
66 78 0.601
66 79 0.404
66 80 0.569
66 81 0.609
66 82 0.617
66 83 0.686
66 84 0.646
66 85 0.856
66 86 0.326
66 87 0.652
66 88 0.917
66 89 1.270
66 90 0.932
66 91 0.452
66 92 0.461
66 93 0.584
66 94 1.389
66 95 0.594
66 96 0.830
66 97 0.636
66 98 0.953
66 99 1.369
67 68 0.888
67 69 0.890
67 70 0.853
67 71 0.285
67 72 0.456
67 73 0.146
67 74 0.687
67 75 0.733
67 76 1.228
67 77 0.476
67 78 0.269
67 79 0.799
67 80 0.506
67 81 0.551
67 82 0.298
67 83 0.946
67 84 0.316
67 85 1.084
67 86 0.610
67 87 0.189
67 88 0.234
67 89 1.457
67 90 1.124
67 91 0.545
67 92 0.602
67 93 0.761
67 94 0.648
67 95 0.322
67 96 0.316
67 97 0.492
67 98 0.188
67 99 0.703
68 69 0.213
68 70 1.582
68 71 0.616
68 72 1.177
68 73 0.869
68 74 0.316
68 75 0.202
68 76 2.041
68 77 1.360
68 78 0.900
68 79 1.557
68 80 1.342
68 81 0.776
68 82 0.846
68 83 1.775
68 84 1.170
68 85 1.933
68 86 1.333
68 87 0.962
68 88 0.655
68 89 2.330
68 90 1.984
68 91 1.332
68 92 1.397
68 93 1.588
68 94 0.472
68 95 0.858
68 96 0.631
68 97 1.350
68 98 0.708
68 99 0.311
69 70 1.486
69 71 0.605
69 72 1.100
69 73 0.837
69 74 0.211
69 75 0.359
69 76 1.963
69 77 1.342
69 78 0.838
69 79 1.471
69 80 1.293
69 81 0.646
69 82 0.778
69 83 1.710
69 84 1.137
69 85 1.876
69 86 1.247
69 87 0.923
69 88 0.660
69 89 2.285
69 90 1.932
69 91 1.265
69 92 1.329
69 93 1.526
69 94 0.628
69 95 0.783
69 96 0.592
69 97 1.311
69 98 0.731
69 99 0.475
70 71 1.012
70 72 0.418
70 73 0.774
70 74 1.285
70 75 1.491
70 76 0.498
70 77 0.581
70 78 0.697
70 79 0.079
70 80 0.398
70 81 0.849
70 82 0.741
70 83 0.331
70 84 0.563
70 85 0.499
70 86 0.254
70 87 0.683
70 88 1.008
70 89 0.914
70 90 0.575
70 91 0.313
70 92 0.269
70 93 0.268
70 94 1.482
70 95 0.726
70 96 0.966
70 97 0.454
70 98 1.014
70 99 1.500
71 72 0.595
71 73 0.256
71 74 0.403
71 75 0.486
71 76 1.443
71 77 0.746
71 78 0.316
71 79 0.974
71 80 0.731
71 81 0.406
71 82 0.282
71 83 1.170
71 84 0.554
71 85 1.323
71 86 0.758
71 87 0.351
71 88 0.067
71 89 1.715
71 90 1.370
71 91 0.734
71 92 0.797
71 93 0.981
71 94 0.492
71 95 0.304
71 96 0.083
71 97 0.735
71 98 0.153
71 99 0.488
72 73 0.358
72 74 0.893
72 75 1.075
72 76 0.865
72 77 0.412
72 78 0.281
72 79 0.382
72 80 0.244
72 81 0.502
72 82 0.331
72 83 0.611
72 84 0.243
72 85 0.780
72 86 0.164
72 87 0.272
72 88 0.591
72 89 1.199
72 90 0.842
72 91 0.170
72 92 0.231
72 93 0.430
72 94 1.067
72 95 0.320
72 96 0.552
72 97 0.297
72 98 0.601
72 99 1.082
73 74 0.627
73 75 0.740
73 76 1.189
73 77 0.505
73 78 0.125
73 79 0.730
73 80 0.475
73 81 0.415
73 82 0.154
73 83 0.914
73 84 0.302
73 85 1.067
73 86 0.521
73 87 0.096
73 88 0.237
73 89 1.461
73 90 1.115
73 91 0.483
73 92 0.545
73 93 0.726
73 94 0.709
73 95 0.177
73 96 0.245
73 97 0.481
73 98 0.244
73 99 0.733
74 75 0.337
74 76 1.757
74 77 1.132
74 78 0.627
74 79 1.267
74 80 1.082
74 81 0.461
74 82 0.568
74 83 1.501
74 84 0.926
74 85 1.666
74 86 1.042
74 87 0.712
74 88 0.462
74 89 2.075
74 90 1.722
74 91 1.056
74 92 1.120
74 93 1.316
74 94 0.555
74 95 0.574
74 96 0.382
74 97 1.100
74 98 0.539
74 99 0.432
75 76 1.928
75 77 1.209
75 78 0.795
75 79 1.457
75 80 1.214
75 81 0.745
75 82 0.750
75 83 1.655
75 84 1.033
75 85 1.805
75 86 1.237
75 87 0.836
75 88 0.509
75 89 2.189
75 90 1.850
75 91 1.219
75 92 1.283
75 93 1.466
75 94 0.274
75 95 0.766
75 96 0.524
75 97 1.214
75 98 0.546
75 99 0.116
76 77 0.807
76 78 1.141
76 79 0.495
76 80 0.723
76 81 1.338
76 82 1.195
76 83 0.284
76 84 0.912
76 85 0.218
76 86 0.717
76 87 1.093
76 88 1.425
76 89 0.466
76 90 0.259
76 91 0.710
76 92 0.646
76 93 0.467
76 94 1.876
76 95 1.185
76 96 1.412
76 97 0.740
76 98 1.410
76 99 1.920
77 78 0.536
77 79 0.504
77 80 0.203
77 81 0.849
77 82 0.599
77 83 0.526
77 84 0.219
77 85 0.633
77 86 0.445
77 87 0.427
77 88 0.706
77 89 0.984
77 90 0.662
77 91 0.320
77 92 0.327
77 93 0.370
77 94 1.103
77 95 0.606
77 96 0.750
77 97 0.136
77 98 0.663
77 99 1.175
78 79 0.663
78 80 0.456
78 81 0.324
78 82 0.064
78 83 0.877
78 84 0.318
78 85 1.040
78 86 0.443
78 87 0.123
78 88 0.322
78 89 1.448
78 90 1.094
78 91 0.433
78 92 0.497
78 93 0.690
78 94 0.800
78 95 0.073
78 96 0.272
78 97 0.479
78 98 0.352
78 99 0.804
79 80 0.327
79 81 0.843
79 82 0.712
79 83 0.287
79 84 0.500
79 85 0.462
79 86 0.224
79 87 0.636
79 88 0.966
79 89 0.885
79 90 0.536
79 91 0.254
79 92 0.202
79 93 0.193
79 94 1.436
79 95 0.699
79 96 0.934
79 97 0.379
79 98 0.966
79 99 1.461
80 81 0.733
80 82 0.518
80 83 0.442
80 84 0.190
80 85 0.592
80 86 0.243
80 87 0.381
80 88 0.707
80 89 0.993
80 90 0.642
80 91 0.118
80 92 0.131
80 93 0.255
80 94 1.153
80 95 0.516
80 96 0.712
80 97 0.067
80 98 0.687
80 99 1.200
81 82 0.268
81 83 1.104
81 84 0.631
81 85 1.277
81 86 0.624
81 87 0.446
81 88 0.459
81 89 1.699
81 90 1.341
81 91 0.672
81 92 0.731
81 93 0.929
81 94 0.858
81 95 0.251
81 96 0.323
81 97 0.771
81 98 0.534
81 99 0.800
82 83 0.935
82 84 0.381
82 85 1.099
82 86 0.489
82 87 0.181
82 88 0.301
82 89 1.509
82 90 1.155
82 91 0.489
82 92 0.553
82 93 0.749
82 94 0.773
82 95 0.026
82 96 0.226
82 97 0.543
82 98 0.345
82 99 0.767
83 84 0.631
83 85 0.177
83 86 0.481
83 87 0.819
83 88 1.148
83 89 0.601
83 90 0.249
83 91 0.445
83 92 0.382
83 93 0.189
83 94 1.594
83 95 0.927
83 96 1.144
83 97 0.457
83 98 1.129
83 99 1.642
84 85 0.773
84 86 0.347
84 87 0.214
84 88 0.524
84 89 1.160
84 90 0.817
84 91 0.250
84 92 0.298
84 93 0.445
84 94 0.964
84 95 0.388
84 96 0.546
84 97 0.181
84 98 0.499
84 99 1.014
85 86 0.657
85 87 0.972
85 88 1.296
85 89 0.425
85 90 0.077
85 91 0.612
85 92 0.550
85 93 0.351
85 94 1.728
85 95 1.093
85 96 1.302
85 97 0.593
85 98 1.271
85 99 1.786
86 87 0.433
86 88 0.755
86 89 1.081
86 90 0.724
86 91 0.126
86 92 0.144
86 93 0.320
86 94 1.230
86 95 0.476
86 96 0.713
86 97 0.310
86 98 0.763
86 99 1.246
87 88 0.332
87 89 1.369
87 90 1.021
87 91 0.388
87 92 0.450
87 93 0.630
87 94 0.800
87 95 0.195
87 96 0.334
87 97 0.390
87 98 0.331
87 99 0.828
88 89 1.681
88 90 1.341
88 91 0.720
88 92 0.782
88 93 0.960
88 94 0.478
88 95 0.325
88 96 0.141
88 97 0.705
88 98 0.086
88 99 0.496
89 90 0.358
89 91 1.029
89 92 0.968
89 93 0.769
89 94 2.084
89 95 1.505
89 96 1.703
89 97 0.980
89 98 1.645
89 99 2.159
90 91 0.672
90 92 0.611
90 93 0.412
90 94 1.763
90 95 1.150
90 96 1.354
90 97 0.636
90 98 1.311
90 99 1.827
91 92 0.064
91 93 0.261
91 94 1.185
91 95 0.482
91 96 0.702
91 97 0.184
91 98 0.715
91 99 1.216
92 93 0.199
92 94 1.245
92 95 0.546
92 96 0.766
92 97 0.193
92 98 0.775
92 99 1.279
93 94 1.409
93 95 0.743
93 96 0.956
93 97 0.278
93 98 0.943
93 99 1.454
94 95 0.796
94 96 0.563
94 97 1.138
94 98 0.470
94 99 0.161
95 96 0.244
95 97 0.544
95 98 0.371
95 99 0.786
96 97 0.724
96 98 0.224
96 99 0.542
97 98 0.678
97 99 1.193
98 99 0.516
