nodei nodej distance
0 1 0.508
0 2 1.024
0 3 1.500
0 4 1.564
0 5 1.690
0 6 0.905
0 7 2.145
0 8 0.626
0 9 1.357
0 10 1.428
0 11 2.629
0 12 1.871
0 13 2.156
0 14 1.180
0 15 1.229
0 16 2.343
0 17 1.361
0 18 0.881
0 19 1.446
0 20 1.747
0 21 1.959
0 22 2.795
0 23 0.654
0 24 1.936
0 25 1.514
0 26 0.878
0 27 1.363
0 28 0.940
0 29 0.946
0 30 1.686
0 31 2.410
0 32 1.159
0 33 0.223
0 34 0.532
0 35 0.552
0 36 1.575
0 37 0.715
0 38 0.439
0 39 2.087
0 40 0.629
0 41 0.278
0 42 2.099
0 43 1.866
0 44 1.365
0 45 0.253
0 46 0.667
0 47 0.811
0 48 1.346
0 49 1.762
0 50 2.142
0 51 2.471
0 52 0.808
0 53 0.944
0 54 0.590
0 55 2.180
0 56 1.860
0 57 0.596
0 58 0.973
0 59 1.752
0 60 2.692
0 61 0.137
0 62 2.143
0 63 0.600
0 64 1.221
0 65 0.518
0 66 0.867
0 67 2.137
0 68 1.978
0 69 0.720
0 70 2.195
0 71 1.092
0 72 0.615
0 73 0.882
0 74 0.843
0 75 1.791
0 76 0.453
0 77 2.115
0 78 0.875
0 79 0.747
0 80 1.060
0 81 2.214
0 82 1.435
0 83 1.827
0 84 1.053
0 85 2.366
0 86 2.788
0 87 2.181
0 88 1.435
0 89 0.662
0 90 0.895
0 91 0.476
0 92 2.859
0 93 1.346
0 94 1.443
0 95 1.069
0 96 1.969
0 97 0.483
0 98 1.288
0 99 1.787
1 2 0.845
1 3 0.992
1 4 1.693
1 5 1.968
1 6 0.411
1 7 1.803
1 8 0.541
1 9 1.589
1 10 1.037
1 11 2.157
1 12 1.621
1 13 2.259
1 14 0.885
1 15 0.853
1 16 1.933
1 17 1.112
1 18 0.841
1 19 1.225
1 20 1.296
1 21 1.656
1 22 3.161
1 23 0.153
1 24 1.862
1 25 1.286
1 26 0.614
1 27 1.043
1 28 0.449
1 29 1.230
1 30 1.286
1 31 2.534
1 32 1.413
1 33 0.719
1 34 0.074
1 35 0.050
1 36 1.612
1 37 0.229
1 38 0.193
1 39 2.314
1 40 0.279
1 41 0.348
1 42 2.201
1 43 1.559
1 44 1.742
1 45 0.445
1 46 1.148
1 47 0.893
1 48 0.851
1 49 2.108
1 50 2.435
1 51 1.999
1 52 0.317
1 53 1.348
1 54 0.952
1 55 1.676
1 56 2.090
1 57 1.059
1 58 1.004
1 59 1.402
1 60 2.325
1 61 0.596
1 62 2.415
1 63 0.446
1 64 0.768
1 65 0.085
1 66 1.216
1 67 2.383
1 68 1.506
1 69 0.297
1 70 1.747
1 71 1.270
1 72 0.872
1 73 0.387
1 74 0.875
1 75 2.035
1 76 0.333
1 77 1.703
1 78 0.390
1 79 1.254
1 80 0.558
1 81 1.777
1 82 1.573
1 83 2.162
1 84 1.047
1 85 2.741
1 86 2.483
1 87 1.783
1 88 1.085
1 89 0.175
1 90 0.387
1 91 0.917
1 92 2.546
1 93 0.864
1 94 0.970
1 95 0.846
1 96 2.129
1 97 0.690
1 98 1.592
1 99 2.100
2 3 1.241
2 4 1.032
2 5 1.492
2 6 1.029
2 7 1.169
2 8 0.398
2 9 1.100
2 10 0.624
2 11 2.556
2 12 2.403
2 13 1.520
2 14 1.678
2 15 1.582
2 16 2.516
2 17 0.349
2 18 0.263
2 19 0.422
2 20 1.841
2 21 2.397
2 22 2.759
2 23 0.792
2 24 1.022
2 25 2.093
2 26 1.442
2 27 0.433
2 28 1.064
2 29 0.941
2 30 1.935
2 31 1.805
2 32 1.005
2 33 1.093
2 34 0.772
2 35 0.817
2 36 0.854
2 37 0.965
2 38 0.700
2 39 1.723
2 40 1.114
2 41 0.759
2 42 1.465
2 43 0.868
2 44 1.495
2 45 1.159
2 46 1.635
2 47 0.470
2 48 0.955
2 49 1.742
2 50 1.938
2 51 2.414
2 52 0.991
2 53 1.253
2 54 0.941
2 55 1.908
2 56 1.523
2 57 1.203
2 58 0.405
2 59 2.109
2 60 2.964
2 61 1.161
2 62 1.883
2 63 1.288
2 64 1.390
2 65 0.929
2 66 1.053
2 67 1.815
2 68 1.957
2 69 1.088
2 70 2.254
2 71 0.782
2 72 0.745
2 73 1.012
2 74 0.385
2 75 1.496
2 76 0.599
2 77 1.247
2 78 1.049
2 79 1.537
2 80 1.067
2 81 2.313
2 82 0.942
2 83 1.768
2 84 1.887
2 85 2.381
2 86 3.195
2 87 2.397
2 88 1.816
2 89 0.751
2 90 0.921
2 91 1.069
2 92 3.247
2 93 1.381
2 94 1.498
2 95 0.092
2 96 1.461
2 97 0.673
2 98 1.227
2 99 1.669
3 4 2.273
3 5 2.709
3 6 0.623
3 7 1.446
3 8 1.258
3 9 2.311
3 10 0.821
3 11 1.314
3 12 1.555
3 13 2.732
3 14 1.042
3 15 0.830
3 16 1.344
3 17 1.231
3 18 1.434
3 19 1.353
3 20 0.702
3 21 1.449
3 22 3.966
3 23 0.850
3 24 2.097
3 25 1.380
3 26 1.049
3 27 1.034
3 28 0.600
3 29 2.051
3 30 0.908
3 31 3.017
3 32 2.181
3 33 1.708
3 34 0.975
3 35 0.949
3 36 2.075
3 37 0.803
3 38 1.105
3 39 2.964
3 40 0.974
3 41 1.301
3 42 2.679
3 43 1.364
3 44 2.608
3 45 1.396
3 46 2.124
3 47 1.599
3 48 0.294
3 49 2.922
3 50 3.166
3 51 1.173
3 52 0.714
3 53 2.261
3 54 1.867
3 55 0.705
3 56 2.761
3 57 2.026
3 58 1.615
3 59 1.141
3 60 1.820
3 61 1.582
3 62 3.118
3 63 1.173
3 64 0.563
3 65 0.993
3 66 2.094
3 67 3.055
3 68 0.736
3 69 0.859
3 70 1.045
3 71 1.979
3 72 1.729
3 73 0.641
3 74 1.535
3 75 2.729
3 76 1.189
3 77 1.144
3 78 0.666
3 79 2.245
3 80 0.462
3 81 1.118
3 82 2.182
3 83 2.960
3 84 1.601
3 85 3.568
3 86 2.129
3 87 1.261
3 88 0.972
3 89 0.849
3 90 0.606
3 91 1.878
3 92 2.162
3 93 0.395
3 94 0.450
3 95 1.167
3 96 2.699
3 97 1.561
3 98 2.393
3 99 2.874
4 5 0.588
4 6 1.997
4 7 1.747
4 8 1.158
4 9 0.371
4 10 1.575
4 11 3.587
4 12 3.314
4 13 0.592
4 14 2.579
4 15 2.529
4 16 3.531
4 17 1.137
4 18 0.879
4 19 1.062
4 20 2.857
4 21 3.344
4 22 1.803
4 23 1.710
4 24 0.754
4 25 2.975
4 26 2.300
4 27 1.336
4 28 2.036
4 29 0.708
4 30 2.924
4 31 0.850
4 32 0.518
4 33 1.471
4 34 1.636
4 35 1.689
4 36 0.299
4 37 1.883
4 38 1.502
4 39 0.696
4 40 1.968
4 41 1.425
4 42 0.536
4 43 1.462
4 44 0.909
4 45 1.800
4 46 1.889
4 47 0.803
4 48 1.985
4 49 0.917
4 50 0.954
4 51 3.446
4 52 1.936
4 53 1.010
4 54 1.055
4 55 2.929
4 56 0.517
4 57 1.281
4 58 0.699
4 59 3.075
4 60 3.966
4 61 1.671
4 62 0.879
4 63 2.072
4 64 2.377
4 65 1.773
4 66 0.878
4 67 0.795
4 68 2.987
4 69 1.985
4 70 3.280
4 71 0.476
4 72 0.954
4 73 1.976
4 74 0.820
4 75 0.517
4 76 1.362
4 77 2.013
4 78 2.006
4 79 1.598
4 80 2.067
4 81 3.335
4 82 0.129
4 83 0.905
4 84 2.610
4 85 1.480
4 86 4.164
4 87 3.403
4 88 2.765
4 89 1.675
4 90 1.901
4 91 1.249
4 92 4.222
4 93 2.394
4 94 2.511
4 95 1.108
4 96 0.439
4 97 1.088
4 98 0.613
4 99 0.782
5 6 2.332
5 7 2.331
5 8 1.485
5 9 0.398
5 10 2.089
5 11 4.015
5 12 3.547
5 13 0.839
5 14 2.828
5 15 2.821
5 16 3.886
5 17 1.672
5 18 1.275
5 19 1.616
5 20 3.225
5 21 3.611
5 22 1.267
5 23 2.025
5 24 1.322
5 25 3.193
5 26 2.531
5 27 1.858
5 28 2.372
5 29 0.750
5 30 3.250
5 31 0.952
5 32 0.555
5 33 1.529
5 34 1.926
5 35 1.978
5 36 0.887
5 37 2.185
5 38 1.777
5 39 0.438
5 40 2.219
5 41 1.643
5 42 0.809
5 43 2.041
5 44 0.513
5 45 1.943
5 46 1.802
5 47 1.119
5 48 2.434
5 49 0.337
5 50 0.467
5 51 3.866
5 52 2.255
5 53 0.844
5 54 1.103
5 55 3.394
5 56 0.252
5 57 1.219
5 58 1.097
5 59 3.369
5 60 4.292
5 61 1.761
5 62 0.454
5 63 2.270
5 64 2.714
5 65 2.036
5 66 0.833
5 67 0.457
5 68 3.388
5 69 2.264
5 70 3.666
5 71 0.731
5 72 1.107
5 73 2.308
5 74 1.176
5 75 0.167
5 76 1.642
5 77 2.582
5 78 2.329
5 79 1.447
5 80 2.431
5 81 3.710
5 82 0.600
5 83 0.317
5 84 2.730
5 85 0.907
5 86 4.443
5 87 3.743
5 88 3.050
5 89 1.998
5 90 2.252
5 91 1.258
5 92 4.508
5 93 2.764
5 94 2.881
5 95 1.580
5 96 0.548
5 97 1.284
5 98 0.405
5 99 0.194
6 7 1.731
6 8 0.852
6 9 1.942
6 10 0.961
6 11 1.747
6 12 1.380
6 13 2.533
6 14 0.675
6 15 0.553
6 16 1.554
6 17 1.195
6 18 1.119
6 19 1.323
6 20 0.899
6 21 1.368
6 22 3.549
6 23 0.309
6 24 2.036
6 25 1.090
6 26 0.524
6 27 1.061
6 28 0.040
6 29 1.611
6 30 0.928
6 31 2.816
6 32 1.779
6 33 1.123
6 34 0.424
6 35 0.380
6 36 1.869
6 37 0.190
6 38 0.575
6 39 2.651
6 40 0.353
6 41 0.755
6 42 2.476
6 43 1.542
6 44 2.140
6 45 0.776
6 46 1.506
6 47 1.223
6 48 0.574
6 49 2.494
6 50 2.799
6 51 1.590
6 52 0.097
6 53 1.754
6 54 1.357
6 55 1.278
6 56 2.432
6 57 1.470
6 58 1.298
6 59 1.083
6 60 1.972
6 61 0.972
6 62 2.770
6 63 0.565
6 64 0.383
6 65 0.387
6 66 1.614
6 67 2.728
6 68 1.097
6 69 0.239
6 70 1.347
6 71 1.613
6 72 1.259
6 73 0.025
6 74 1.184
6 75 2.384
6 76 0.697
6 77 1.543
6 78 0.048
6 79 1.651
6 80 0.162
6 81 1.383
6 82 1.885
6 83 2.544
6 84 1.079
6 85 3.133
6 86 2.173
6 87 1.414
6 88 0.787
6 89 0.334
6 90 0.115
6 91 1.327
6 92 2.228
6 93 0.454
6 94 0.563
6 95 0.994
6 96 2.436
6 97 1.078
6 98 1.971
6 99 2.474
7 8 1.542
7 9 2.009
7 10 0.777
7 11 2.486
7 12 2.987
7 13 1.910
7 14 2.376
7 15 2.197
7 16 2.728
7 17 0.823
7 18 1.409
7 19 0.795
7 20 2.138
7 21 2.894
7 22 3.529
7 23 1.678
7 24 1.134
7 25 2.768
7 26 2.253
7 27 0.782
7 28 1.742
7 29 2.022
7 30 2.354
7 31 2.152
7 32 2.005
7 33 2.248
7 34 1.734
7 35 1.757
7 36 1.450
7 37 1.792
7 38 1.740
7 39 2.370
7 40 1.998
7 41 1.867
7 42 1.876
7 43 0.312
7 44 2.518
7 45 2.218
7 46 2.788
7 47 1.603
7 48 1.235
7 49 2.649
7 50 2.681
7 51 2.394
7 52 1.758
7 53 2.370
7 54 2.101
7 55 1.767
7 56 2.245
7 57 2.369
7 58 1.474
7 59 2.585
7 60 3.210
7 61 2.279
7 62 2.589
7 63 2.217
7 64 1.929
7 65 1.870
7 66 2.168
7 67 2.480
7 68 2.096
7 69 1.917
7 70 2.400
7 71 1.782
7 72 1.903
7 73 1.729
7 74 1.519
7 75 2.260
7 76 1.692
7 77 0.404
7 78 1.774
7 79 2.705
7 80 1.650
7 81 2.488
7 82 1.737
7 83 2.646
7 84 2.795
7 85 3.226
7 86 3.554
7 87 2.676
7 88 2.384
7 89 1.641
7 90 1.626
7 91 2.237
7 92 3.580
7 93 1.808
7 94 1.887
7 95 1.098
7 96 2.031
7 97 1.842
7 98 2.213
7 99 2.526
8 9 1.092
8 10 0.888
8 11 2.542
8 12 2.160
8 13 1.719
8 14 1.424
8 15 1.372
8 16 2.405
8 17 0.739
8 18 0.304
8 19 0.820
8 20 1.741
8 21 2.186
8 22 2.722
8 23 0.554
8 24 1.356
8 25 1.827
8 26 1.154
8 27 0.769
8 28 0.892
8 29 0.794
8 30 1.779
8 31 1.995
8 32 0.938
8 33 0.706
8 34 0.479
8 35 0.532
8 36 1.073
8 37 0.725
8 38 0.357
8 39 1.799
8 40 0.819
8 41 0.366
8 42 1.661
8 43 1.252
8 44 1.351
8 45 0.775
8 46 1.246
8 47 0.370
8 48 1.012
8 49 1.671
8 50 1.951
8 51 2.390
8 52 0.784
8 53 1.023
8 54 0.649
8 55 1.961
8 56 1.580
8 57 0.876
8 58 0.463
8 59 1.919
8 60 2.823
8 61 0.763
8 62 1.919
8 63 0.955
8 64 1.235
8 65 0.623
8 66 0.843
8 67 1.876
8 68 1.907
8 69 0.828
8 70 2.181
8 71 0.761
8 72 0.482
8 73 0.830
8 74 0.338
8 75 1.532
8 76 0.226
8 77 1.565
8 78 0.855
8 79 1.185
8 80 0.946
8 81 2.225
8 82 1.040
8 83 1.714
8 84 1.539
8 85 2.316
8 86 3.008
8 87 2.266
8 88 1.608
8 89 0.522
8 90 0.768
8 91 0.729
8 92 3.067
8 93 1.279
8 94 1.396
8 95 0.449
8 96 1.596
8 97 0.340
8 98 1.142
8 99 1.636
9 10 1.705
9 11 3.618
9 12 3.187
9 13 0.886
9 14 2.461
9 15 2.442
9 16 3.496
9 17 1.301
9 18 0.878
9 19 1.258
9 20 2.833
9 21 3.241
9 22 1.660
9 23 1.638
9 24 1.107
9 25 2.837
9 26 2.168
9 27 1.479
9 28 1.982
9 29 0.420
9 30 2.865
9 31 1.095
9 32 0.201
9 33 1.223
9 34 1.543
9 35 1.596
9 36 0.624
9 37 1.801
9 38 1.396
9 39 0.733
9 40 1.848
9 41 1.276
9 42 0.837
9 43 1.708
9 44 0.547
9 45 1.607
9 46 1.581
9 47 0.724
9 48 2.037
9 49 0.655
9 50 0.860
9 51 3.469
9 52 1.868
9 53 0.658
9 54 0.790
9 55 2.997
9 56 0.506
9 57 0.972
9 58 0.701
9 59 2.991
9 60 3.909
9 61 1.445
9 62 0.828
9 63 1.916
9 64 2.325
9 65 1.661
9 66 0.560
9 67 0.795
9 68 2.992
9 69 1.886
9 70 3.271
9 71 0.334
9 72 0.749
9 73 1.919
9 74 0.778
9 75 0.446
9 76 1.259
9 77 2.230
9 78 1.942
9 79 1.264
9 80 2.037
9 81 3.317
9 82 0.299
9 83 0.672
9 84 2.409
9 85 1.284
9 86 4.071
9 87 3.356
9 88 2.674
9 89 1.609
9 90 1.860
9 91 0.971
9 92 4.134
9 93 2.371
9 94 2.488
9 95 1.189
9 96 0.641
9 97 0.917
9 98 0.243
9 99 0.570
10 11 2.079
10 12 2.273
10 13 1.963
10 14 1.621
10 15 1.457
10 16 2.165
10 17 0.447
10 18 0.883
10 19 0.554
10 20 1.514
10 21 2.209
10 22 3.353
10 23 0.905
10 24 1.285
10 25 2.025
10 26 1.479
10 27 0.241
10 28 0.976
10 29 1.564
10 30 1.685
10 31 2.244
10 32 1.626
10 33 1.566
10 34 0.971
10 35 0.989
10 36 1.332
10 37 1.015
10 38 1.000
10 39 2.269
10 40 1.221
10 41 1.154
10 42 1.913
10 43 0.588
10 44 2.119
10 45 1.467
10 46 2.091
10 47 1.089
10 48 0.544
10 49 2.356
10 50 2.517
10 51 1.953
10 52 0.983
10 53 1.864
10 54 1.523
10 55 1.382
10 56 2.088
10 57 1.762
10 58 1.026
10 59 1.900
10 60 2.640
10 61 1.555
10 62 2.451
10 63 1.441
10 64 1.202
10 65 1.099
10 66 1.667
10 67 2.369
10 68 1.551
10 69 1.140
10 70 1.862
10 71 1.399
10 72 1.336
10 73 0.957
10 74 1.005
10 75 2.072
10 76 0.981
10 77 0.688
10 78 1.002
10 79 2.070
10 80 0.898
10 81 1.937
10 82 1.508
10 83 2.377
10 84 2.018
10 85 2.988
10 86 2.936
10 87 2.078
10 88 1.664
10 89 0.870
10 90 0.853
10 91 1.617
10 92 2.974
10 93 1.112
10 94 1.211
10 95 0.531
10 96 1.971
10 97 1.223
10 98 1.848
10 99 2.272
11 12 1.505
11 13 4.033
11 14 1.627
11 15 1.468
11 16 0.628
11 17 2.517
11 18 2.743
11 19 2.632
11 20 0.894
11 21 1.279
11 22 5.263
11 23 2.049
11 24 3.359
11 25 1.639
11 26 1.859
11 27 2.313
11 28 1.708
11 29 3.332
11 30 1.056
11 31 4.317
11 32 3.477
11 33 2.852
11 34 2.169
11 35 2.127
11 36 3.383
11 37 1.929
11 38 2.319
11 39 4.278
11 40 2.006
11 41 2.502
11 42 3.982
11 43 2.523
11 44 3.877
11 45 2.446
11 46 3.142
11 47 2.898
11 48 1.603
11 49 4.213
11 50 4.475
11 51 0.159
11 52 1.840
11 53 3.500
11 54 3.102
11 55 0.723
11 56 4.074
11 57 3.212
11 58 2.925
11 59 1.166
11 60 0.950
11 61 2.668
11 62 4.430
11 63 2.114
11 64 1.408
11 65 2.121
11 66 3.353
11 67 4.368
11 68 0.652
11 69 1.909
11 70 0.488
11 71 3.284
11 72 2.991
11 73 1.771
11 74 2.839
11 75 4.040
11 76 2.430
11 77 2.092
11 78 1.767
11 79 3.359
11 80 1.614
11 81 0.529
11 82 3.496
11 83 4.256
11 84 2.218
11 85 4.857
11 86 1.385
11 87 0.757
11 88 1.357
11 89 2.064
11 90 1.798
11 91 3.072
11 92 1.365
11 93 1.293
11 94 1.188
11 95 2.480
11 96 4.011
11 97 2.813
11 98 3.683
11 99 4.174
12 13 3.878
12 14 0.736
12 15 0.830
12 16 0.901
12 17 2.570
12 18 2.455
12 19 2.699
12 20 0.949
12 21 0.228
12 22 4.660
12 23 1.622
12 24 3.416
12 25 0.358
12 26 1.020
12 27 2.419
12 28 1.350
12 29 2.797
12 30 0.677
12 31 4.155
12 32 2.999
12 33 2.066
12 34 1.680
12 35 1.628
12 36 3.224
12 37 1.446
12 38 1.812
12 39 3.919
12 40 1.347
12 41 1.911
12 42 3.820
12 43 2.859
12 44 3.233
12 45 1.620
12 46 2.110
12 47 2.512
12 48 1.755
12 49 3.633
12 50 4.006
12 51 1.388
12 52 1.412
12 53 2.809
12 54 2.458
12 55 1.661
12 56 3.693
12 57 2.437
12 58 2.623
12 59 0.440
12 60 0.977
12 61 1.831
12 62 4.000
12 63 1.278
12 64 1.072
12 65 1.541
12 66 2.736
12 67 3.981
12 68 1.159
12 69 1.333
12 70 1.057
12 71 2.881
12 72 2.442
12 73 1.395
12 74 2.496
12 75 3.632
12 76 1.952
12 77 2.699
12 78 1.356
12 79 2.434
12 80 1.388
12 81 0.986
12 82 3.192
12 83 3.697
12 84 0.975
12 85 4.229
12 86 0.935
12 87 0.749
12 88 0.610
12 89 1.661
12 90 1.494
12 91 2.340
12 92 1.014
12 93 1.179
12 94 1.106
12 95 2.373
12 96 3.748
12 97 2.270
12 98 3.151
12 99 3.655
13 14 3.142
13 15 3.077
13 16 4.035
13 17 1.518
13 18 1.423
13 19 1.411
13 20 3.360
13 21 3.895
13 22 1.701
13 23 2.260
13 24 0.777
13 25 3.545
13 26 2.871
13 27 1.724
13 28 2.570
13 29 1.282
13 30 3.452
13 31 0.285
13 32 1.074
13 33 2.062
13 34 2.197
13 35 2.250
13 36 0.667
13 37 2.435
13 38 2.072
13 39 0.571
13 40 2.537
13 41 2.008
13 42 0.058
13 43 1.682
13 44 1.324
13 45 2.390
13 46 2.462
13 47 1.380
13 48 2.439
13 49 1.145
13 50 0.919
13 51 3.900
13 52 2.481
13 53 1.542
13 54 1.641
13 55 3.345
13 56 0.602
13 57 1.851
13 58 1.255
13 59 3.616
13 60 4.484
13 61 2.263
13 62 0.804
13 63 2.653
13 64 2.905
13 65 2.341
13 66 1.440
13 67 0.675
13 68 3.463
13 69 2.544
13 70 3.766
13 71 1.067
13 72 1.546
13 73 2.513
13 74 1.385
13 75 0.677
13 76 1.933
13 77 2.251
13 78 2.546
13 79 2.150
13 80 2.585
13 81 3.828
13 82 0.722
13 83 1.092
13 84 3.200
13 85 1.503
13 86 4.706
13 87 3.917
13 88 3.313
13 89 2.223
13 90 2.430
13 91 1.832
13 92 4.760
13 93 2.902
13 94 3.018
13 95 1.579
13 96 0.292
13 97 1.678
13 98 1.092
13 99 0.976
14 15 0.219
14 16 1.208
14 17 1.869
14 18 1.720
14 19 1.996
14 20 0.761
14 21 0.784
14 22 3.974
14 23 0.890
14 24 2.697
14 25 0.417
14 26 0.303
14 27 1.736
14 28 0.652
14 29 2.079
14 30 0.577
14 31 3.419
14 32 2.276
14 33 1.391
14 34 0.945
14 35 0.892
14 36 2.489
14 37 0.715
14 38 1.077
14 39 3.191
14 40 0.614
14 41 1.185
14 42 3.084
14 43 2.208
14 44 2.543
14 45 0.942
14 46 1.554
14 47 1.778
14 48 1.154
14 49 2.933
14 50 3.291
14 51 1.473
14 52 0.690
14 53 2.124
14 54 1.755
14 55 1.443
14 56 2.965
14 57 1.769
14 58 1.887
14 59 0.579
14 60 1.516
14 61 1.167
14 62 3.279
14 63 0.582
14 64 0.479
14 65 0.807
14 66 2.032
14 67 3.255
14 68 1.038
14 69 0.598
14 70 1.145
14 71 2.150
14 72 1.721
14 73 0.686
14 74 1.760
14 75 2.907
14 76 1.217
14 77 2.143
14 78 0.643
14 79 1.826
14 80 0.726
14 81 1.132
14 82 2.458
14 83 2.994
14 84 0.621
14 85 3.545
14 86 1.616
14 87 1.036
14 88 0.280
14 89 0.929
14 90 0.790
14 91 1.656
14 92 1.684
14 93 0.654
14 94 0.650
14 95 1.653
14 96 3.014
14 97 1.545
14 98 2.438
14 99 2.945
15 16 1.114
15 17 1.740
15 18 1.655
15 19 1.869
15 20 0.579
15 21 0.818
15 22 3.999
15 23 0.820
15 24 2.588
15 25 0.571
15 26 0.392
15 27 1.592
15 28 0.521
15 29 2.079
15 30 0.457
15 31 3.358
15 32 2.266
15 33 1.449
15 34 0.900
15 35 0.847
15 36 2.416
15 37 0.647
15 38 1.045
15 39 3.165
15 40 0.612
15 41 1.184
15 42 3.020
15 43 2.045
15 44 2.571
15 45 1.012
15 46 1.679
15 47 1.738
15 48 0.964
15 49 2.950
15 50 3.287
15 51 1.311
15 52 0.596
15 53 2.161
15 54 1.777
15 55 1.232
15 56 2.941
15 57 1.825
15 58 1.831
15 59 0.549
15 60 1.477
15 61 1.239
15 62 3.268
15 63 0.659
15 64 0.273
15 65 0.785
15 66 2.051
15 67 3.235
15 68 0.852
15 69 0.557
15 70 0.998
15 71 2.121
15 72 1.720
15 73 0.570
15 74 1.710
15 75 2.888
15 76 1.184
15 77 1.947
15 78 0.533
15 79 1.921
15 80 0.562
15 81 1.001
15 82 2.412
15 83 3.007
15 84 0.831
15 85 3.574
15 86 1.635
15 87 0.952
15 88 0.236
15 89 0.855
15 90 0.665
15 91 1.701
15 92 1.695
15 93 0.438
15 94 0.431
15 95 1.547
15 96 2.967
15 97 1.539
15 98 2.441
15 99 2.949
16 17 2.564
16 18 2.655
16 19 2.690
16 20 0.675
16 21 0.673
16 22 5.094
16 23 1.861
16 24 3.436
16 25 1.099
16 26 1.489
16 27 2.373
16 28 1.514
16 29 3.160
16 30 0.657
16 31 4.321
16 32 3.333
16 33 2.563
16 34 1.966
16 35 1.916
16 36 3.369
16 37 1.708
16 38 2.117
16 39 4.199
16 40 1.720
16 41 2.277
16 42 3.980
16 43 2.693
16 44 3.672
16 45 2.124
16 46 2.762
16 47 2.775
16 48 1.629
16 49 4.041
16 50 4.353
16 51 0.549
16 52 1.632
16 53 3.268
16 54 2.879
16 55 1.050
16 56 3.982
16 57 2.938
16 58 2.838
16 59 0.650
16 60 0.482
16 61 2.352
16 62 4.324
16 63 1.768
16 64 1.173
16 65 1.876
16 66 3.148
16 67 4.279
16 68 0.632
16 69 1.648
16 70 0.335
16 71 3.166
16 72 2.804
16 73 1.578
16 74 2.731
16 75 3.937
16 76 2.248
16 77 2.366
16 78 1.558
16 79 3.028
16 80 1.466
16 81 0.242
16 82 3.425
16 83 4.093
16 84 1.728
16 85 4.673
16 86 0.858
16 87 0.175
16 88 0.929
16 89 1.888
16 90 1.638
16 91 2.812
16 92 0.867
16 93 1.137
16 94 1.020
16 95 2.456
16 96 3.968
16 97 2.622
16 98 3.521
16 99 4.027
17 18 0.587
17 19 0.129
17 20 1.898
17 21 2.535
17 22 2.929
17 23 1.024
17 24 0.873
17 25 2.285
17 26 1.668
17 27 0.206
17 28 1.222
17 29 1.230
17 30 2.036
17 31 1.800
17 32 1.250
17 33 1.440
17 34 1.038
17 35 1.075
17 36 0.886
17 37 1.180
17 38 0.999
17 39 1.828
17 40 1.359
17 41 1.089
17 42 1.468
17 43 0.520
17 44 1.760
17 45 1.474
17 46 1.982
17 47 0.786
17 48 0.939
17 49 1.956
17 50 2.087
17 51 2.387
17 52 1.182
17 53 1.564
17 54 1.279
17 55 1.827
17 56 1.653
17 57 1.546
17 58 0.673
17 59 2.234
17 60 3.031
17 61 1.497
17 62 2.016
17 63 1.556
17 64 1.513
17 65 1.192
17 66 1.362
17 67 1.930
17 68 1.966
17 69 1.310
17 70 2.275
17 71 1.021
17 72 1.081
17 73 1.183
17 74 0.701
17 75 1.643
17 76 0.919
17 77 0.944
17 78 1.226
17 79 1.883
17 80 1.187
17 81 2.344
17 82 1.080
17 83 1.970
17 84 2.156
17 85 2.577
17 86 3.300
17 87 2.464
17 88 1.965
17 89 0.983
17 90 1.081
17 91 1.415
17 92 3.345
17 93 1.462
17 94 1.571
17 95 0.291
17 96 1.526
17 97 1.021
17 98 1.470
17 99 1.860
18 19 0.626
18 20 1.983
18 21 2.473
18 22 2.536
18 23 0.837
18 24 1.062
18 25 2.126
18 26 1.456
18 27 0.696
18 28 1.157
18 29 0.680
18 30 2.045
18 31 1.703
18 32 0.761
18 33 0.904
18 34 0.777
18 35 0.829
18 36 0.771
18 37 1.012
18 38 0.661
18 39 1.547
18 40 1.120
18 41 0.649
18 42 1.366
18 43 1.101
18 44 1.238
18 45 1.061
18 46 1.439
18 47 0.207
18 48 1.160
18 49 1.504
18 50 1.732
18 51 2.597
18 52 1.060
18 53 0.990
18 54 0.692
18 55 2.120
18 56 1.335
18 57 0.962
18 58 0.184
18 59 2.198
18 60 3.087
18 61 1.015
18 62 1.688
18 63 1.259
18 64 1.497
18 65 0.925
18 66 0.790
18 67 1.632
18 68 2.125
18 69 1.122
18 70 2.412
18 71 0.547
18 72 0.494
18 73 1.097
18 74 0.122
18 75 1.298
18 76 0.529
18 77 1.508
18 78 1.128
18 79 1.304
18 80 1.189
18 81 2.463
18 82 0.770
18 83 1.535
18 84 1.840
18 85 2.148
18 86 3.288
18 87 2.524
18 88 1.892
18 89 0.800
18 90 1.022
18 91 0.837
18 92 3.345
18 93 1.518
18 94 1.636
18 95 0.354
18 96 1.318
18 97 0.457
18 98 0.981
18 99 1.443
19 20 2.025
19 21 2.665
19 22 2.864
19 23 1.144
19 24 0.746
19 25 2.412
19 26 1.791
19 27 0.320
19 28 1.350
19 29 1.229
19 30 2.165
19 31 1.690
19 32 1.227
19 33 1.510
19 34 1.151
19 35 1.191
19 36 0.796
19 37 1.303
19 38 1.103
19 39 1.746
19 40 1.478
19 41 1.179
19 42 1.361
19 43 0.484
19 44 1.740
19 45 1.573
19 46 2.051
19 47 0.812
19 48 1.062
19 49 1.912
19 50 2.016
19 51 2.504
19 52 1.308
19 53 1.575
19 54 1.315
19 55 1.936
19 56 1.580
19 57 1.588
19 58 0.678
19 59 2.363
19 60 3.158
19 61 1.583
19 62 1.941
19 63 1.671
19 64 1.642
19 65 1.307
19 66 1.373
19 67 1.850
19 68 2.088
19 69 1.433
19 70 2.398
19 71 0.999
19 72 1.117
19 73 1.310
19 74 0.730
19 75 1.575
19 76 1.014
19 77 0.971
19 78 1.353
19 79 1.931
19 80 1.316
19 81 2.469
19 82 1.017
19 83 1.920
19 84 2.272
19 85 2.522
19 86 3.429
19 87 2.591
19 88 2.094
19 89 1.102
19 90 1.208
19 91 1.463
19 92 3.473
19 93 1.590
19 94 1.700
19 95 0.386
19 96 1.434
19 97 1.077
19 98 1.442
19 99 1.807
20 21 0.794
20 22 4.448
20 23 1.208
20 24 2.771
20 25 0.903
20 26 0.967
20 27 1.711
20 28 0.859
20 29 2.510
20 30 0.277
20 31 3.645
20 32 2.675
20 33 1.970
20 34 1.320
20 35 1.273
20 36 2.694
20 37 1.067
20 38 1.472
20 39 3.529
20 40 1.119
20 41 1.644
20 42 3.305
20 43 2.066
20 44 3.037
20 45 1.555
20 46 2.248
20 47 2.109
20 48 0.971
20 49 3.393
20 50 3.691
20 51 0.736
20 52 0.984
20 53 2.644
20 54 2.249
20 55 0.735
20 56 3.314
20 57 2.337
20 58 2.166
20 59 0.509
20 60 1.133
20 61 1.779
20 62 3.658
20 63 1.220
20 64 0.530
20 65 1.251
20 66 2.511
20 67 3.611
20 68 0.278
20 69 1.030
20 70 0.451
20 71 2.501
20 72 2.158
20 73 0.923
20 74 2.063
20 75 3.271
20 76 1.596
20 77 1.809
20 78 0.910
20 79 2.469
20 80 0.796
20 81 0.485
20 82 2.753
20 83 3.443
20 84 1.377
20 85 4.032
20 86 1.426
20 87 0.566
20 88 0.522
20 89 1.231
20 90 0.973
20 91 2.202
20 92 1.461
20 93 0.464
20 94 0.346
20 95 1.781
20 96 3.294
20 97 1.976
20 98 2.869
20 99 3.372
21 22 4.754
21 23 1.636
21 24 3.395
21 25 0.496
21 26 1.085
21 27 2.372
21 28 1.334
21 29 2.863
21 30 0.542
21 31 4.176
21 32 3.059
21 33 2.164
21 34 1.710
21 35 1.656
21 36 3.234
21 37 1.462
21 38 1.850
21 39 3.969
21 40 1.393
21 41 1.968
21 42 3.838
21 43 2.787
21 44 3.324
21 45 1.715
21 46 2.257
21 47 2.548
21 48 1.675
21 49 3.717
21 50 4.075
21 51 1.166
21 52 1.415
21 53 2.903
21 54 2.538
21 55 1.476
21 56 3.745
21 57 2.540
21 58 2.647
21 59 0.310
21 60 0.788
21 61 1.934
21 62 4.062
21 63 1.360
21 64 1.023
21 65 1.582
21 66 2.816
21 67 4.036
21 68 0.973
21 69 1.361
21 70 0.841
21 71 2.926
21 72 2.505
21 73 1.386
21 74 2.524
21 75 3.688
21 76 1.990
21 77 2.587
21 78 1.351
21 79 2.565
21 80 1.349
21 81 0.766
21 82 3.226
21 83 3.778
21 84 1.144
21 85 4.325
21 86 0.832
21 87 0.522
21 88 0.582
21 89 1.673
21 90 1.477
21 91 2.434
21 92 0.900
21 93 1.098
21 94 1.008
21 95 2.359
21 96 3.782
21 97 2.328
21 98 3.222
21 99 3.729
22 23 3.240
22 24 2.429
22 25 4.301
22 26 3.671
22 27 3.120
22 28 3.589
22 29 1.938
22 30 4.445
22 31 1.572
22 32 1.786
22 33 2.594
22 34 3.130
22 35 3.179
22 36 2.089
22 37 3.387
22 38 2.978
22 39 1.165
22 40 3.387
22 41 2.819
22 42 1.715
22 43 3.257
22 44 1.431
22 45 3.042
22 46 2.668
22 47 2.368
22 48 3.695
22 49 1.054
22 50 0.850
22 51 5.112
22 52 3.465
22 53 1.852
22 54 2.223
22 55 4.656
22 56 1.289
22 57 2.224
22 58 2.361
22 59 4.538
22 60 5.475
22 61 2.829
22 62 0.940
22 63 3.395
22 64 3.925
22 65 3.219
22 66 1.949
22 67 1.054
22 68 4.628
22 69 3.449
22 70 4.894
22 71 1.988
22 72 2.291
22 73 3.524
22 74 2.431
22 75 1.288
22 76 2.851
22 77 3.815
22 78 3.540
22 79 2.296
22 80 3.661
22 81 4.932
22 82 1.850
22 83 1.008
22 84 3.758
22 85 0.432
22 86 5.583
22 87 4.942
22 88 4.219
22 89 3.217
22 90 3.479
22 91 2.321
22 92 5.654
22 93 3.993
22 94 4.108
22 95 2.847
22 96 1.509
22 97 2.473
22 98 1.581
22 99 1.093
23 24 1.815
23 25 1.303
23 26 0.651
23 27 0.934
23 28 0.349
23 29 1.302
23 30 1.227
23 31 2.539
23 32 1.472
23 33 0.858
23 34 0.126
23 35 0.104
23 36 1.602
23 37 0.176
23 38 0.270
23 39 2.352
23 40 0.336
23 41 0.460
23 42 2.203
23 43 1.446
23 44 1.832
23 45 0.596
23 46 1.300
23 47 0.923
23 48 0.698
23 49 2.185
23 50 2.492
23 51 1.893
23 52 0.231
23 53 1.451
23 54 1.053
23 55 1.541
23 56 2.131
23 57 1.184
23 58 1.011
23 59 1.366
23 60 2.271
23 61 0.748
23 62 2.466
23 63 0.543
23 64 0.689
23 65 0.196
23 66 1.307
23 67 2.427
23 68 1.400
23 69 0.296
23 70 1.656
23 71 1.311
23 72 0.950
23 73 0.285
23 74 0.891
23 75 2.081
23 76 0.388
23 77 1.561
23 78 0.304
23 79 1.396
23 80 0.436
23 81 1.692
23 82 1.594
23 83 2.235
23 84 1.138
23 85 2.824
23 86 2.455
23 87 1.718
23 88 1.056
23 89 0.042
23 90 0.255
23 91 1.038
23 92 2.513
23 93 0.759
23 94 0.871
23 95 0.777
23 96 2.148
23 97 0.769
23 98 1.662
23 99 2.166
24 25 3.113
24 26 2.464
24 27 1.064
24 28 2.067
24 29 1.325
24 30 2.905
24 31 1.025
24 32 1.199
24 33 1.922
24 34 1.791
24 35 1.838
24 36 0.488
24 37 1.986
24 38 1.702
24 39 1.263
24 40 2.135
24 41 1.711
24 42 0.743
24 43 0.915
24 44 1.654
24 45 2.123
24 46 2.424
24 47 1.138
24 48 1.808
24 49 1.658
24 50 1.594
24 51 3.236
24 52 2.007
24 53 1.677
24 54 1.584
24 55 2.651
24 56 1.176
24 57 1.853
24 58 0.968
24 59 3.098
24 60 3.904
24 61 2.066
24 62 1.493
24 63 2.301
24 64 2.374
24 65 1.947
24 66 1.503
24 67 1.375
24 68 2.832
24 69 2.111
24 70 3.142
24 71 1.042
24 72 1.418
24 73 2.020
24 74 1.093
24 75 1.211
24 76 1.581
24 77 1.481
24 78 2.061
24 79 2.199
24 80 2.047
24 81 3.214
24 82 0.809
24 83 1.635
24 84 2.893
24 85 2.166
24 86 4.171
24 87 3.337
24 88 2.819
24 89 1.773
24 90 1.923
24 91 1.773
24 92 4.216
24 93 2.333
24 94 2.444
24 95 1.044
24 96 0.920
24 97 1.472
24 98 1.348
24 99 1.509
25 26 0.675
25 27 2.149
25 28 1.065
25 29 2.443
25 30 0.635
25 31 3.819
25 32 2.647
25 33 1.707
25 34 1.349
25 35 1.298
25 36 2.897
25 37 1.129
25 38 1.474
25 39 3.570
25 40 1.008
25 41 1.562
25 42 3.487
25 43 2.613
25 44 2.875
25 45 1.262
25 46 1.764
25 47 2.172
25 48 1.535
25 49 3.275
25 50 3.651
25 51 1.501
25 52 1.107
25 53 2.451
25 54 2.102
25 55 1.637
25 56 3.343
25 57 2.079
25 58 2.290
25 59 0.472
25 60 1.284
25 61 1.473
25 62 3.646
25 63 0.923
25 64 0.841
25 65 1.204
25 66 2.379
25 67 3.630
25 68 1.162
25 69 1.008
25 70 1.156
25 71 2.535
25 72 2.090
25 73 1.102
25 74 2.160
25 75 3.281
25 76 1.614
25 77 2.513
25 78 1.059
25 79 2.081
25 80 1.128
25 81 1.110
25 82 2.852
25 83 3.340
25 84 0.649
25 85 3.870
25 86 1.290
25 87 0.927
25 88 0.416
25 89 1.343
25 90 1.205
25 91 1.982
25 92 1.367
25 93 0.986
25 94 0.943
25 95 2.070
25 96 3.407
25 97 1.920
25 98 2.796
25 99 3.299
26 27 1.558
26 28 0.518
26 29 1.781
26 30 0.839
26 31 3.145
26 32 1.981
26 33 1.090
26 34 0.681
26 35 0.631
26 36 2.227
26 37 0.488
26 38 0.800
26 39 2.900
26 40 0.335
26 41 0.891
26 42 2.814
26 43 2.054
26 44 2.240
26 45 0.642
26 46 1.287
26 47 1.497
26 48 1.082
26 49 2.632
26 50 2.992
26 51 1.701
26 52 0.498
26 53 1.822
26 54 1.453
26 55 1.574
26 56 2.673
26 57 1.468
26 58 1.616
26 59 0.877
26 60 1.816
26 61 0.868
26 62 2.983
26 63 0.282
26 64 0.528
26 65 0.531
26 66 1.731
26 67 2.962
26 68 1.235
26 69 0.358
26 70 1.389
26 71 1.862
26 72 1.424
26 73 0.524
26 74 1.486
26 75 2.613
26 76 0.939
26 77 2.064
26 78 0.479
26 79 1.539
26 80 0.635
26 81 1.390
26 82 2.177
26 83 2.693
26 84 0.562
26 85 3.243
26 86 1.916
26 87 1.321
26 88 0.564
26 89 0.693
26 90 0.627
26 91 1.354
26 92 1.985
26 93 0.710
26 94 0.756
26 95 1.429
26 96 2.732
26 97 1.251
26 98 2.139
26 99 2.645
27 28 1.084
27 29 1.368
27 30 1.862
27 31 2.006
27 32 1.412
27 33 1.472
27 34 0.972
27 35 1.001
27 36 1.091
27 37 1.074
27 38 0.963
27 39 2.029
27 40 1.267
27 41 1.086
27 42 1.674
27 43 0.516
27 44 1.914
27 45 1.443
27 46 2.010
27 47 0.903
27 48 0.744
27 49 2.133
27 50 2.281
27 51 2.184
27 52 1.062
27 53 1.686
27 54 1.369
27 55 1.621
27 56 1.850
27 57 1.624
27 58 0.817
27 59 2.067
27 60 2.843
27 61 1.497
27 62 2.213
27 63 1.476
27 64 1.352
27 65 1.117
27 66 1.486
27 67 2.130
27 68 1.769
27 69 1.204
27 70 2.079
27 71 1.183
27 72 1.175
27 73 1.052
27 74 0.817
27 75 1.837
27 76 0.910
27 77 0.814
27 78 1.097
27 79 1.948
27 80 1.031
27 81 2.150
27 82 1.272
27 83 2.151
27 84 2.071
27 85 2.761
27 86 3.123
27 87 2.277
27 88 1.810
27 89 0.895
27 90 0.947
27 91 1.485
27 92 3.165
27 93 1.286
27 94 1.392
27 95 0.346
27 96 1.730
27 97 1.086
27 98 1.634
27 99 2.044
28 29 1.652
28 30 0.889
28 31 2.852
28 32 1.819
28 33 1.158
28 34 0.463
28 35 0.419
28 36 1.905
28 37 0.225
28 38 0.615
28 39 2.691
28 40 0.374
28 41 0.794
28 42 2.513
28 43 1.559
28 44 2.180
28 45 0.805
28 46 1.534
28 47 1.262
28 48 0.569
28 49 2.535
28 50 2.839
28 51 1.551
28 52 0.133
28 53 1.793
28 54 1.396
28 55 1.245
28 56 2.472
28 57 1.507
28 58 1.337
28 59 1.047
28 60 1.933
28 61 1.004
28 62 2.810
28 63 0.579
28 64 0.343
28 65 0.422
28 66 1.654
28 67 2.768
28 68 1.058
28 69 0.259
28 70 1.307
28 71 1.653
28 72 1.299
28 73 0.065
28 74 1.223
28 75 2.424
28 76 0.738
28 77 1.546
28 78 0.068
28 79 1.686
28 80 0.138
28 81 1.343
28 82 1.924
28 83 2.584
28 84 1.077
28 85 3.173
28 86 2.136
28 87 1.374
28 88 0.753
28 89 0.374
28 90 0.144
28 91 1.366
28 92 2.191
28 93 0.415
28 94 0.524
28 95 1.026
28 96 2.475
28 97 1.118
28 98 2.011
28 99 2.515
29 30 2.516
29 31 1.508
29 32 0.218
29 33 0.804
29 34 1.195
29 35 1.245
29 36 0.852
29 37 1.453
29 38 1.043
29 39 1.142
29 40 1.473
29 41 0.897
29 42 1.229
29 43 1.711
29 44 0.563
29 45 1.198
29 46 1.182
29 47 0.478
29 48 1.798
29 49 0.883
29 50 1.211
29 51 3.179
29 52 1.529
29 53 0.361
29 54 0.371
29 55 2.753
29 56 0.915
29 57 0.573
29 58 0.557
29 59 2.626
29 60 3.555
29 61 1.027
29 62 1.203
29 63 1.520
29 64 1.989
29 65 1.294
29 66 0.179
29 67 1.191
29 68 2.692
29 69 1.524
29 70 2.957
29 71 0.284
29 72 0.360
29 73 1.587
29 74 0.559
29 75 0.846
29 76 0.914
29 77 2.171
29 78 1.604
29 79 0.895
29 80 1.725
29 81 2.995
29 82 0.587
29 83 0.933
29 84 1.995
29 85 1.526
29 86 3.695
29 87 3.012
29 88 2.306
29 89 1.279
29 90 1.542
29 91 0.554
29 92 3.761
29 93 2.056
29 94 2.170
29 95 1.033
29 96 1.055
29 97 0.541
29 98 0.362
29 99 0.869
30 31 3.736
30 32 2.695
30 33 1.906
30 34 1.324
30 35 1.273
30 36 2.786
30 37 1.065
30 38 1.474
30 39 3.578
30 40 1.064
30 41 1.626
30 42 3.396
30 43 2.256
30 44 3.020
30 45 1.469
30 46 2.123
30 47 2.149
30 48 1.145
30 49 3.393
30 50 3.717
30 51 0.906
30 52 0.997
30 53 2.613
30 54 2.226
30 55 1.010
30 56 3.358
30 57 2.281
30 58 2.226
30 59 0.240
30 60 1.044
30 61 1.697
30 62 3.692
30 63 1.114
30 64 0.548
30 65 1.225
30 66 2.497
30 67 3.654
30 68 0.528
30 69 0.996
30 70 0.570
30 71 2.538
30 72 2.158
30 73 0.950
30 74 2.112
30 75 3.309
30 76 1.608
30 77 2.044
30 78 0.924
30 79 2.376
30 80 0.868
30 81 0.556
30 82 2.813
30 83 3.447
30 84 1.163
30 85 4.022
30 86 1.265
30 87 0.498
30 88 0.301
30 89 1.258
30 90 1.024
30 91 2.156
30 92 1.313
30 93 0.576
30 94 0.475
30 95 1.886
30 96 3.363
30 97 1.976
30 98 2.878
30 99 3.385
31 32 1.292
31 33 2.302
31 34 2.474
31 35 2.527
31 36 0.952
31 37 2.715
31 38 2.346
31 39 0.571
31 40 2.811
31 41 2.274
31 42 0.341
31 43 1.939
31 44 1.462
31 45 2.649
31 46 2.675
31 47 1.649
31 48 2.724
31 49 1.210
31 50 0.884
31 51 4.184
31 52 2.762
31 53 1.733
31 54 1.875
31 55 3.626
31 56 0.699
31 57 2.067
31 58 1.532
31 59 3.898
31 60 4.769
31 61 2.512
31 62 0.768
31 63 2.921
31 64 3.188
31 65 2.615
31 66 1.654
31 67 0.644
31 68 3.748
31 69 2.822
31 70 4.051
31 71 1.317
31 72 1.796
31 73 2.796
31 74 1.659
31 75 0.785
31 76 2.206
31 77 2.506
31 78 2.828
31 79 2.347
31 80 2.869
31 81 4.113
31 82 0.977
31 83 1.143
31 84 3.459
31 85 1.443
31 86 4.988
31 87 4.202
31 88 3.594
31 89 2.503
31 90 2.714
31 91 2.061
31 92 5.043
31 93 3.187
31 94 3.303
31 95 1.865
31 96 0.454
31 97 1.936
31 98 1.272
31 99 1.045
32 33 1.022
32 34 1.371
32 35 1.423
32 36 0.712
32 37 1.630
32 38 1.222
32 39 0.928
32 40 1.666
32 41 1.091
32 42 1.023
32 43 1.697
32 44 0.514
32 45 1.410
32 46 1.388
32 47 0.582
32 48 1.915
32 49 0.744
32 50 1.022
32 51 3.327
32 52 1.701
32 53 0.494
32 54 0.589
32 55 2.875
32 56 0.701
32 57 0.778
32 58 0.600
32 59 2.814
32 60 3.737
32 61 1.244
32 62 1.003
32 63 1.725
32 64 2.160
32 65 1.482
32 66 0.367
32 67 0.983
32 68 2.845
32 69 1.709
32 70 3.118
32 71 0.230
32 72 0.557
32 73 1.755
32 74 0.649
32 75 0.634
32 76 1.087
32 77 2.192
32 78 1.775
32 79 1.082
32 80 1.882
32 81 3.160
32 82 0.410
32 83 0.780
32 84 2.210
32 85 1.389
32 86 3.890
32 87 3.189
32 88 2.496
32 89 1.445
32 90 1.702
32 91 0.770
32 92 3.954
32 93 2.216
32 94 2.332
32 95 1.097
32 96 0.839
32 97 0.731
32 98 0.222
32 99 0.698
33 34 0.733
33 35 0.760
33 36 1.523
33 37 0.934
33 38 0.617
33 39 1.941
33 40 0.851
33 41 0.427
33 42 2.006
33 43 1.956
33 44 1.169
33 45 0.450
33 46 0.542
33 47 0.785
33 48 1.538
33 49 1.573
33 50 1.970
33 51 2.693
33 52 1.026
33 53 0.744
33 54 0.434
33 55 2.395
33 56 1.716
33 57 0.378
33 58 0.956
33 59 1.966
33 60 2.905
33 61 0.237
33 62 1.980
33 63 0.808
33 64 1.444
33 65 0.737
33 66 0.696
33 67 1.983
33 68 2.201
33 69 0.943
33 70 2.418
33 71 0.996
33 72 0.524
33 73 1.099
33 74 0.838
33 75 1.643
33 76 0.590
33 77 2.253
33 78 1.094
33 79 0.539
33 80 1.276
33 81 2.436
33 82 1.342
33 83 1.641
33 84 1.202
33 85 2.164
33 86 2.990
33 87 2.400
33 88 1.651
33 89 0.861
33 90 1.106
33 91 0.277
33 92 3.062
33 93 1.567
33 94 1.665
33 95 1.153
33 96 1.854
33 97 0.454
33 98 1.125
33 99 1.611
34 35 0.053
34 36 1.547
34 37 0.259
34 38 0.152
34 39 2.265
34 40 0.347
34 41 0.335
34 42 2.140
34 43 1.488
34 44 1.717
34 45 0.500
34 46 1.186
34 47 0.839
34 48 0.815
34 49 2.076
34 50 2.393
34 51 2.013
34 52 0.336
34 53 1.331
34 54 0.933
34 55 1.668
34 56 2.042
34 57 1.058
34 58 0.943
34 59 1.449
34 60 2.366
34 61 0.632
34 62 2.370
34 63 0.520
34 64 0.795
34 65 0.157
34 66 1.191
34 67 2.336
34 68 1.520
34 69 0.349
34 70 1.769
34 71 1.221
34 72 0.839
34 73 0.399
34 74 0.816
34 75 1.989
34 76 0.285
34 77 1.643
34 78 0.411
34 79 1.271
34 80 0.559
34 81 1.803
34 82 1.517
34 83 2.128
34 84 1.121
34 85 2.712
34 86 2.534
34 87 1.819
34 88 1.134
34 89 0.130
34 90 0.380
34 91 0.913
34 92 2.595
34 93 0.877
34 94 0.987
34 95 0.772
34 96 2.073
34 97 0.657
34 98 1.556
34 99 2.062
35 36 1.599
35 37 0.208
35 38 0.202
35 39 2.317
35 40 0.298
35 41 0.375
35 42 2.192
35 43 1.516
35 44 1.763
35 45 0.495
35 46 1.196
35 47 0.892
35 48 0.802
35 49 2.125
35 50 2.445
35 51 1.970
35 52 0.289
35 53 1.374
35 54 0.977
35 55 1.636
35 56 2.094
35 57 1.094
35 58 0.995
35 59 1.396
35 60 2.314
35 61 0.644
35 62 2.422
35 63 0.481
35 64 0.746
35 65 0.117
35 66 1.237
35 67 2.388
35 68 1.477
35 69 0.296
35 70 1.723
35 71 1.274
35 72 0.888
35 73 0.355
35 74 0.869
35 75 2.041
35 76 0.337
35 77 1.654
35 78 0.364
35 79 1.297
35 80 0.522
35 81 1.755
35 82 1.570
35 83 2.177
35 84 1.081
35 85 2.760
35 86 2.481
35 87 1.768
35 88 1.081
35 89 0.125
35 90 0.346
35 91 0.950
35 92 2.542
35 93 0.834
35 94 0.943
35 95 0.814
35 96 2.126
35 97 0.706
35 98 1.606
35 99 2.113
36 37 1.778
36 38 1.430
36 39 0.951
36 40 1.891
36 41 1.391
36 42 0.611
36 43 1.169
36 44 1.171
36 45 1.791
36 46 1.993
36 47 0.767
36 48 1.783
36 49 1.215
36 50 1.238
36 51 3.247
36 52 1.820
36 53 1.196
36 54 1.146
36 55 2.707
36 56 0.800
36 57 1.402
36 58 0.618
36 59 2.952
36 60 3.818
36 61 1.696
36 62 1.155
36 63 2.023
36 64 2.239
36 65 1.696
36 66 1.031
36 67 1.057
36 68 2.802
36 69 1.891
36 70 3.103
36 71 0.573
36 72 1.001
36 73 1.850
36 74 0.753
36 75 0.810
36 76 1.294
36 77 1.727
36 78 1.884
36 79 1.741
36 80 1.918
36 81 3.164
36 82 0.325
36 83 1.204
36 84 2.591
36 85 1.776
36 86 4.042
36 87 3.250
36 88 2.652
36 89 1.564
36 90 1.765
36 91 1.340
36 92 4.095
36 93 2.235
36 94 2.352
36 95 0.915
36 96 0.639
36 97 1.094
36 98 0.862
36 99 1.081
37 38 0.410
37 39 2.520
37 40 0.210
37 41 0.577
37 42 2.378
37 43 1.577
37 44 1.970
37 45 0.593
37 46 1.321
37 47 1.091
37 48 0.713
37 49 2.333
37 50 2.652
37 51 1.771
37 52 0.093
37 53 1.577
37 54 1.182
37 55 1.467
37 56 2.298
37 57 1.284
37 58 1.185
37 59 1.195
37 60 2.108
37 61 0.783
37 62 2.628
37 63 0.434
37 64 0.539
37 65 0.197
37 66 1.444
37 67 2.592
37 68 1.278
37 69 0.131
37 70 1.518
37 71 1.477
37 72 1.096
37 73 0.167
37 74 1.063
37 75 2.246
37 76 0.543
37 77 1.643
37 78 0.162
37 79 1.462
37 80 0.348
37 81 1.548
37 82 1.766
37 83 2.386
37 84 1.004
37 85 2.968
37 86 2.282
37 87 1.560
37 88 0.882
37 89 0.215
37 90 0.209
37 91 1.143
37 92 2.342
37 93 0.637
37 94 0.742
37 95 0.945
37 96 2.321
37 97 0.914
37 98 1.814
37 99 2.321
38 39 2.121
38 40 0.466
38 41 0.196
38 42 2.014
38 43 1.477
38 44 1.565
38 45 0.480
38 46 1.105
38 47 0.701
38 48 0.921
38 49 1.924
38 50 2.244
38 51 2.162
38 52 0.488
38 53 1.181
38 54 0.783
38 55 1.804
38 56 1.897
38 57 0.921
38 58 0.817
38 59 1.595
38 60 2.515
38 61 0.558
38 62 2.222
38 63 0.600
38 64 0.947
38 65 0.270
38 66 1.039
38 67 2.190
38 68 1.670
38 69 0.490
38 70 1.921
38 71 1.077
38 72 0.687
38 73 0.551
38 74 0.686
38 75 1.842
38 76 0.141
38 77 1.684
38 78 0.563
38 79 1.155
38 80 0.706
38 81 1.955
38 82 1.381
38 83 1.976
38 84 1.192
38 85 2.560
38 86 2.677
38 87 1.970
38 88 1.278
38 89 0.259
38 90 0.524
38 91 0.773
38 92 2.739
38 93 1.028
38 94 1.138
38 95 0.717
38 96 1.937
38 97 0.505
38 98 1.404
38 99 1.911
39 40 2.578
39 41 2.008
39 42 0.570
39 43 2.107
39 44 0.943
39 45 2.338
39 46 2.238
39 47 1.430
39 48 2.678
39 49 0.644
39 50 0.348
39 51 4.135
39 52 2.583
39 53 1.280
39 54 1.509
39 55 3.625
39 56 0.227
39 57 1.649
39 58 1.364
39 59 3.714
39 60 4.623
39 61 2.168
39 62 0.235
39 63 2.649
39 64 3.034
39 65 2.388
39 66 1.251
39 67 0.112
39 68 3.670
39 69 2.610
39 70 3.959
39 71 1.044
39 72 1.483
39 73 2.629
39 74 1.468
39 75 0.299
39 76 1.981
39 77 2.672
39 78 2.654
39 79 1.885
39 80 2.734
39 81 4.011
39 82 0.782
39 83 0.573
39 84 3.136
39 85 0.932
39 86 4.797
39 87 4.065
39 88 3.398
39 89 2.321
39 90 2.562
39 91 1.676
39 92 4.860
39 93 3.065
39 94 3.183
39 95 1.802
39 96 0.343
39 97 1.650
39 98 0.827
39 99 0.483
40 41 0.576
40 42 2.479
40 43 1.776
40 44 1.959
40 45 0.447
40 46 1.172
40 47 1.166
40 48 0.915
40 49 2.339
40 50 2.684
40 51 1.847
40 52 0.274
40 53 1.549
40 54 1.165
40 55 1.604
40 56 2.352
40 57 1.222
40 58 1.281
40 59 1.154
40 60 2.088
40 61 0.663
40 62 2.669
40 63 0.224
40 64 0.598
40 65 0.196
40 66 1.439
40 67 2.643
40 68 1.357
40 69 0.115
40 70 1.567
40 71 1.536
40 72 1.114
40 73 0.338
40 74 1.152
40 75 2.294
40 76 0.606
40 77 1.853
40 78 0.308
40 79 1.354
40 80 0.512
40 81 1.585
40 82 1.846
40 83 2.397
40 84 0.804
40 85 2.962
40 86 2.224
40 87 1.561
40 88 0.834
40 89 0.377
40 90 0.411
40 91 1.093
40 92 2.289
40 93 0.739
40 94 0.826
40 95 1.107
40 96 2.402
40 97 0.935
40 98 1.834
40 99 2.342
41 42 1.950
41 43 1.590
41 44 1.396
41 45 0.412
41 46 0.937
41 47 0.629
41 48 1.116
41 49 1.767
41 50 2.108
41 51 2.345
41 52 0.663
41 53 1.000
41 54 0.605
41 55 1.999
41 56 1.782
41 57 0.726
41 58 0.773
41 59 1.729
41 60 2.660
41 61 0.412
41 62 2.094
41 63 0.648
41 64 1.115
41 65 0.401
41 66 0.871
41 67 2.071
41 68 1.851
41 69 0.631
41 70 2.094
41 71 0.973
41 72 0.537
41 73 0.730
41 74 0.639
41 75 1.722
41 76 0.176
41 77 1.842
41 78 0.737
41 79 0.962
41 80 0.894
41 81 2.124
41 82 1.298
41 83 1.823
41 84 1.201
41 85 2.396
41 86 2.799
41 87 2.124
41 88 1.409
41 89 0.453
41 90 0.714
41 91 0.579
41 92 2.865
41 93 1.209
41 94 1.317
41 95 0.798
41 96 1.850
41 97 0.360
41 98 1.258
41 99 1.766
42 43 1.642
42 44 1.286
42 45 2.333
42 46 2.410
42 47 1.323
42 48 2.386
42 49 1.122
42 50 0.918
42 51 3.848
42 52 2.424
42 53 1.494
42 54 1.587
42 55 3.295
42 56 0.579
42 57 1.799
42 58 1.198
42 59 3.559
42 60 4.429
42 61 2.207
42 62 0.805
42 63 2.595
42 64 2.848
42 65 2.283
42 66 1.389
42 67 0.677
42 68 3.409
42 69 2.487
42 70 3.711
42 71 1.012
42 72 1.490
42 73 2.457
42 74 1.328
42 75 0.650
42 76 1.875
42 77 2.212
42 78 2.490
42 79 2.101
42 80 2.529
42 81 3.773
42 82 0.665
42 83 1.072
42 84 3.143
42 85 1.503
42 86 4.649
42 87 3.861
42 88 3.256
42 89 2.165
42 90 2.374
42 91 1.778
42 92 4.704
42 93 2.846
42 94 2.963
42 95 1.524
42 96 0.266
42 97 1.621
42 98 1.048
42 99 0.954
43 44 2.210
43 45 1.957
43 46 2.498
43 47 1.294
43 48 1.112
43 49 2.353
43 50 2.407
43 51 2.414
43 52 1.556
43 53 2.058
43 54 1.793
43 55 1.801
43 56 1.969
43 57 2.063
43 58 1.162
43 59 2.478
43 60 3.174
43 61 2.001
43 62 2.320
43 63 1.989
43 64 1.788
43 65 1.632
43 66 1.856
43 67 2.216
43 68 2.065
43 69 1.706
43 70 2.376
43 71 1.472
43 72 1.595
43 73 1.536
43 74 1.210
43 75 1.978
43 76 1.416
43 77 0.570
43 78 1.582
43 79 2.402
43 80 1.485
43 81 2.458
43 82 1.443
43 83 2.353
43 84 2.579
43 85 2.942
43 86 3.492
43 87 2.622
43 88 2.249
43 89 1.407
43 90 1.431
43 91 1.934
43 92 3.525
43 93 1.689
43 94 1.782
43 95 0.804
43 96 1.774
43 97 1.540
43 98 1.906
43 99 2.235
44 45 1.613
44 46 1.340
44 47 1.039
44 48 2.360
44 49 0.412
44 50 0.847
44 51 3.722
44 52 2.052
44 53 0.425
44 54 0.794
44 55 3.312
44 56 0.764
44 57 0.810
44 58 1.096
44 59 3.108
44 60 4.046
44 61 1.405
44 62 0.890
44 63 1.964
44 64 2.509
44 65 1.796
44 66 0.526
44 67 0.938
44 68 3.232
44 69 2.025
44 70 3.486
44 71 0.741
44 72 0.885
44 73 2.115
44 74 1.119
44 75 0.677
44 76 1.447
44 77 2.703
44 78 2.127
44 79 0.970
44 80 2.263
44 81 3.519
44 82 0.846
44 83 0.487
44 84 2.355
44 85 1.004
44 86 4.153
44 87 3.518
44 88 2.789
44 89 1.814
44 90 2.080
44 91 0.893
44 92 4.224
44 93 2.591
44 94 2.703
44 95 1.587
44 96 1.038
44 97 1.064
44 98 0.312
44 99 0.494
45 46 0.730
45 47 1.024
45 48 1.288
45 49 2.013
45 50 2.395
45 51 2.287
45 52 0.683
45 53 1.190
45 54 0.843
45 55 2.047
45 56 2.111
45 57 0.827
45 58 1.178
45 59 1.519
45 60 2.457
45 61 0.227
45 62 2.397
45 63 0.360
45 64 1.042
45 65 0.412
45 66 1.120
45 67 2.389
45 68 1.800
45 69 0.556
45 70 1.997
45 71 1.333
45 72 0.860
45 73 0.756
45 74 1.044
45 75 2.043
45 76 0.561
45 77 2.143
45 78 0.737
45 79 0.914
45 80 0.938
45 81 2.009
45 82 1.672
45 83 2.078
45 84 0.810
45 85 2.611
45 86 2.541
45 87 1.959
45 88 1.205
45 89 0.620
45 90 0.797
45 91 0.721
45 92 2.613
45 93 1.186
45 94 1.273
45 95 1.188
45 96 2.213
45 97 0.713
45 98 1.542
45 99 2.040
46 47 1.300
46 48 1.999
46 49 1.746
46 50 2.187
46 51 2.984
46 52 1.412
46 53 0.958
46 54 0.848
46 55 2.775
46 56 2.026
46 57 0.611
46 58 1.470
46 59 2.123
46 60 3.037
46 61 0.553
46 62 2.224
46 63 1.029
46 64 1.754
46 65 1.133
46 66 1.022
46 67 2.256
46 68 2.505
46 69 1.283
46 70 2.676
46 71 1.431
46 72 1.006
46 73 1.485
46 74 1.363
46 75 1.944
46 76 1.110
46 77 2.779
46 78 1.467
46 79 0.376
46 80 1.667
46 81 2.676
46 82 1.766
46 83 1.824
46 84 1.143
46 85 2.242
46 86 3.044
46 87 2.589
46 88 1.834
46 89 1.315
46 90 1.521
46 91 0.654
46 92 3.124
46 93 1.908
46 94 1.989
46 95 1.694
46 96 2.221
46 97 0.983
46 98 1.417
46 99 1.831
47 48 1.334
47 49 1.325
47 50 1.584
47 51 2.748
47 52 1.153
47 53 0.783
47 54 0.505
47 55 2.294
47 56 1.209
47 57 0.782
47 58 0.171
47 59 2.286
47 60 3.193
47 61 0.935
47 62 1.550
47 63 1.273
47 64 1.605
47 65 0.971
47 66 0.583
47 67 1.505
47 68 2.269
47 69 1.187
47 70 2.547
47 71 0.392
47 72 0.310
47 73 1.200
47 74 0.086
47 75 1.162
47 76 0.560
47 77 1.714
47 78 1.225
47 79 1.130
47 80 1.313
47 81 2.593
47 82 0.680
47 83 1.362
47 84 1.827
47 85 1.970
47 86 3.373
47 87 2.637
47 88 1.972
47 89 0.891
47 90 1.137
47 91 0.669
47 92 3.433
47 93 1.646
47 94 1.764
47 95 0.561
47 96 1.236
47 97 0.335
47 98 0.796
47 99 1.277
48 49 2.658
48 50 2.887
48 51 1.464
48 52 0.641
48 53 2.030
48 54 1.644
48 55 0.961
48 56 2.477
48 57 1.828
48 58 1.337
48 59 1.366
48 60 2.100
48 61 1.446
48 62 2.836
48 63 1.135
48 64 0.695
48 65 0.876
48 66 1.855
48 67 2.770
48 68 1.028
48 69 0.807
48 70 1.336
48 71 1.707
48 72 1.492
48 73 0.583
48 74 1.266
48 75 2.448
48 76 0.980
48 77 0.991
48 78 0.622
48 79 2.076
48 80 0.447
48 81 1.406
48 82 1.896
48 83 2.693
48 84 1.643
48 85 3.304
48 86 2.393
48 87 1.536
48 88 1.150
48 89 0.685
48 90 0.505
48 91 1.677
48 92 2.431
48 93 0.578
48 94 0.670
48 95 0.877
48 96 2.408
48 97 1.333
48 98 2.130
48 99 2.603
49 50 0.454
49 51 4.061
49 52 2.411
49 53 0.833
49 54 1.179
49 55 3.619
49 56 0.544
49 57 1.220
49 58 1.338
49 59 3.492
49 60 4.427
49 61 1.810
49 62 0.521
49 63 2.359
49 64 2.871
49 65 2.168
49 66 0.901
49 67 0.602
49 68 3.575
49 69 2.398
49 70 3.840
49 71 0.961
49 72 1.237
49 73 2.470
49 74 1.393
49 75 0.475
49 76 1.797
49 77 2.883
49 78 2.486
49 79 1.373
49 80 2.608
49 81 3.878
49 82 0.912
49 83 0.082
49 84 2.765
49 85 0.646
49 86 4.548
49 87 3.890
49 88 3.172
49 89 2.163
49 90 2.425
49 91 1.296
49 92 4.617
49 93 2.939
49 94 3.054
49 95 1.833
49 96 0.857
49 97 1.419
49 98 0.530
49 99 0.169
50 51 4.328
50 52 2.722
50 53 1.249
50 54 1.552
50 55 3.845
50 56 0.439
50 57 1.636
50 58 1.551
50 59 3.835
50 60 4.759
50 61 2.205
50 62 0.117
50 63 2.728
50 64 3.181
50 65 2.502
50 66 1.276
50 67 0.247
50 68 3.852
50 69 2.730
50 70 4.131
50 71 1.193
50 72 1.570
50 73 2.775
50 74 1.637
50 75 0.445
50 76 2.109
50 77 2.965
50 78 2.796
50 79 1.818
50 80 2.897
50 81 4.176
50 82 1.009
50 83 0.372
50 84 3.171
50 85 0.585
50 86 4.906
50 87 4.210
50 88 3.515
50 89 2.465
50 90 2.718
50 91 1.694
50 92 4.972
50 93 3.230
50 94 3.347
50 95 2.023
50 96 0.681
50 97 1.749
50 98 0.855
50 99 0.361
51 52 1.683
51 53 3.343
51 54 2.946
51 55 0.628
51 56 3.929
51 57 3.054
51 58 2.779
51 59 1.030
51 60 0.936
51 61 2.509
51 62 4.284
51 63 1.955
51 64 1.250
51 65 1.963
51 66 3.198
51 67 4.224
51 68 0.494
51 69 1.751
51 70 0.345
51 71 3.136
51 72 2.837
51 73 1.615
51 74 2.691
51 75 3.894
51 76 2.276
51 77 2.005
51 78 1.610
51 79 3.200
51 80 1.459
51 81 0.402
51 82 3.353
51 83 4.104
51 84 2.069
51 85 4.705
51 86 1.362
51 87 0.651
51 88 1.206
51 89 1.909
51 90 1.642
51 91 2.915
51 92 1.352
51 93 1.136
51 94 1.030
51 95 2.340
51 96 3.872
51 97 2.659
51 98 3.532
51 99 4.024
52 53 1.663
52 54 1.267
52 55 1.374
52 56 2.362
52 57 1.375
52 58 1.237
52 59 1.138
52 60 2.041
52 61 0.876
52 62 2.696
52 63 0.495
52 64 0.460
52 65 0.290
52 66 1.526
52 67 2.657
52 68 1.189
52 69 0.168
52 70 1.434
52 71 1.541
52 72 1.174
52 73 0.074
52 74 1.119
52 75 2.312
52 76 0.616
52 77 1.591
52 78 0.075
52 79 1.555
52 80 0.256
52 81 1.467
52 82 1.822
52 83 2.462
52 84 1.038
52 85 3.048
52 86 2.228
52 87 1.488
52 88 0.833
52 89 0.262
52 90 0.139
52 91 1.233
52 92 2.286
52 93 0.547
52 94 0.654
52 95 0.963
52 96 2.375
52 97 0.993
52 98 1.890
52 99 2.395
53 54 0.398
53 55 2.966
53 56 1.069
53 57 0.388
53 58 0.896
53 59 2.693
53 60 3.632
53 61 0.980
53 62 1.275
53 63 1.543
53 64 2.114
53 65 1.395
53 66 0.202
53 67 1.300
53 68 2.850
53 69 1.622
53 70 3.094
53 71 0.641
53 72 0.541
53 73 1.729
53 74 0.870
53 75 0.986
53 76 1.076
53 77 2.498
53 78 1.737
53 79 0.614
53 80 1.887
53 81 3.123
53 82 0.904
53 83 0.904
53 84 1.932
53 85 1.422
53 86 3.731
53 87 3.111
53 88 2.374
53 89 1.437
53 90 1.704
53 91 0.469
53 92 3.803
53 93 2.208
53 94 2.317
53 95 1.342
53 96 1.282
53 97 0.700
53 98 0.462
53 99 0.889
54 55 2.572
54 56 1.283
54 57 0.278
54 58 0.662
54 59 2.316
54 60 3.253
54 61 0.660
54 62 1.555
54 63 1.182
54 64 1.720
54 65 1.003
54 66 0.278
54 67 1.553
54 68 2.453
54 69 1.231
54 70 2.699
54 71 0.587
54 72 0.198
54 73 1.332
54 74 0.585
54 75 1.211
54 76 0.679
54 77 2.183
54 78 1.341
54 79 0.628
54 80 1.489
54 81 2.729
54 82 0.928
54 83 1.241
54 84 1.629
54 85 1.797
54 86 3.369
54 87 2.724
54 88 1.996
54 89 1.039
54 90 1.306
54 91 0.195
54 92 3.438
54 93 1.810
54 94 1.920
54 95 1.024
54 96 1.424
54 97 0.312
54 98 0.699
54 99 1.198
55 56 3.430
55 57 2.725
55 58 2.297
55 59 1.227
55 60 1.510
55 61 2.249
55 62 3.791
55 63 1.770
55 64 1.048
55 65 1.664
55 66 2.800
55 67 3.720
55 68 0.503
55 69 1.492
55 70 0.719
55 71 2.668
55 72 2.434
55 73 1.300
55 74 2.227
55 75 3.404
55 76 1.893
55 77 1.377
55 78 1.312
55 79 2.928
55 80 1.120
55 81 0.816
55 82 2.847
55 83 3.654
55 84 2.063
55 85 4.264
55 86 1.908
55 87 1.063
55 88 1.243
55 89 1.546
55 90 1.289
55 91 2.577
55 92 1.914
55 93 0.875
55 94 0.818
55 95 1.825
55 96 3.342
55 97 2.266
55 98 3.090
55 99 3.564
56 57 1.431
56 58 1.152
56 59 3.491
56 60 4.402
56 61 1.942
56 62 0.363
56 63 2.422
56 64 2.815
56 65 2.163
56 66 1.029
56 67 0.297
56 68 3.461
56 69 2.386
56 70 3.747
56 71 0.821
56 72 1.255
56 73 2.409
56 74 1.251
56 75 0.087
56 76 1.758
56 77 2.526
56 78 2.434
56 79 1.680
56 80 2.518
56 81 3.797
56 82 0.583
56 83 0.494
56 84 2.910
56 85 0.991
56 86 4.573
56 87 3.846
56 88 3.174
56 89 2.101
56 90 2.345
56 91 1.453
56 92 4.636
56 93 2.850
56 94 2.968
56 95 1.605
56 96 0.313
56 97 1.423
56 98 0.610
56 99 0.376
57 58 0.940
57 59 2.344
57 60 3.284
57 61 0.607
57 62 1.659
57 63 1.186
57 64 1.808
57 65 1.091
57 66 0.412
57 67 1.677
57 68 2.560
57 69 1.307
57 70 2.786
57 71 0.832
57 72 0.472
57 73 1.446
57 74 0.860
57 75 1.351
57 76 0.848
57 77 2.434
57 78 1.446
57 79 0.351
57 80 1.616
57 81 2.807
57 82 1.159
57 83 1.292
57 84 1.545
57 85 1.793
57 86 3.364
57 87 2.776
57 88 2.029
57 89 1.179
57 90 1.438
57 91 0.151
57 92 3.438
57 93 1.921
57 94 2.024
57 95 1.281
57 96 1.613
57 97 0.540
57 98 0.822
57 99 1.276
58 59 2.376
58 60 3.268
58 61 1.101
58 62 1.505
58 63 1.406
58 64 1.678
58 65 1.086
58 66 0.694
58 67 1.448
58 68 2.309
58 69 1.290
58 70 2.596
58 71 0.377
58 72 0.473
58 73 1.277
58 74 0.134
58 75 1.115
58 76 0.679
58 77 1.615
58 78 1.306
58 79 1.290
58 80 1.372
58 81 2.647
58 82 0.588
58 83 1.365
58 84 1.974
58 85 1.978
58 86 3.465
58 87 2.706
58 88 2.067
58 89 0.976
58 90 1.204
58 91 0.834
58 92 3.523
58 93 1.702
58 94 1.820
58 95 0.497
58 96 1.138
58 97 0.504
58 98 0.823
58 99 1.269
59 60 0.940
59 61 1.744
59 62 3.816
59 63 1.159
59 64 0.723
59 65 1.333
59 66 2.591
59 67 3.784
59 68 0.730
59 69 1.105
59 70 0.685
59 71 2.670
59 72 2.266
59 73 1.103
59 74 2.256
59 75 3.437
59 76 1.733
59 77 2.281
59 78 1.071
59 79 2.405
59 80 1.051
59 81 0.638
59 82 2.959
59 83 3.550
59 84 1.080
59 85 4.112
59 86 1.090
59 87 0.475
59 88 0.320
59 89 1.400
59 90 1.188
59 91 2.228
59 92 1.148
59 93 0.789
59 94 0.698
59 95 2.066
59 96 3.513
59 97 2.086
59 98 2.987
59 99 3.495
60 61 2.682
60 62 4.736
60 63 2.097
60 64 1.590
60 65 2.261
60 66 3.527
60 67 4.698
60 68 1.114
60 69 2.031
60 70 0.812
60 71 3.582
60 72 3.195
60 73 1.994
60 74 3.156
60 75 4.353
60 76 2.651
60 77 2.846
60 78 1.968
60 79 3.334
60 80 1.901
60 81 0.722
60 82 3.856
60 83 4.483
60 84 1.932
60 85 5.049
60 86 0.437
60 87 0.569
60 88 1.258
60 89 2.302
60 90 2.065
60 91 3.167
60 92 0.417
60 93 1.584
60 94 1.468
60 95 2.909
60 96 4.404
60 97 3.014
60 98 3.916
60 99 4.424
61 62 2.213
61 63 0.586
61 64 1.261
61 65 0.589
61 66 0.929
61 67 2.213
61 68 2.020
61 69 0.766
61 70 2.223
61 71 1.196
61 72 0.717
61 73 0.950
61 74 0.973
61 75 1.871
61 76 0.586
61 77 2.241
61 78 0.937
61 79 0.691
61 80 1.132
61 81 2.235
61 82 1.542
61 83 1.878
61 84 0.969
61 85 2.398
61 86 2.757
61 87 2.186
61 88 1.432
61 89 0.762
61 90 0.976
61 91 0.514
61 92 2.831
61 93 1.398
61 94 1.489
61 95 1.206
61 96 2.067
61 97 0.602
61 98 1.357
61 99 1.847
62 63 2.723
62 64 3.153
62 65 2.484
62 66 1.284
62 67 0.130
62 68 3.812
62 69 2.711
62 70 4.095
62 71 1.158
62 72 1.559
62 73 2.747
62 74 1.598
62 75 0.390
62 76 2.086
62 77 2.881
62 78 2.769
62 79 1.859
62 80 2.863
62 81 4.142
62 82 0.945
62 83 0.440
62 84 3.181
62 85 0.699
62 86 4.893
62 87 4.184
62 88 3.498
62 89 2.437
62 90 2.686
62 91 1.707
62 92 4.958
62 93 3.195
62 94 3.313
62 95 1.966
62 96 0.574
62 97 1.734
62 98 0.856
62 99 0.396
63 64 0.730
63 65 0.364
63 66 1.460
63 67 2.707
63 68 1.476
63 69 0.328
63 70 1.654
63 71 1.620
63 72 1.168
63 73 0.553
63 74 1.272
63 75 2.359
63 76 0.730
63 77 2.077
63 78 0.517
63 79 1.262
63 80 0.717
63 81 1.660
63 82 1.946
63 83 2.422
63 84 0.601
63 85 2.965
63 86 2.189
63 87 1.601
63 88 0.846
63 89 0.582
63 90 0.633
63 91 1.075
63 92 2.260
63 93 0.895
63 94 0.966
63 95 1.291
63 96 2.498
63 97 1.000
63 98 1.873
63 99 2.378
64 65 0.721
64 66 1.983
64 67 3.111
64 68 0.759
64 69 0.502
64 70 0.981
64 71 1.996
64 72 1.634
64 73 0.406
64 74 1.566
64 75 2.767
64 76 1.076
64 77 1.674
64 78 0.385
64 79 1.952
64 80 0.327
64 81 1.009
64 82 2.266
64 83 2.922
64 84 1.054
64 85 3.507
64 86 1.805
64 87 1.031
64 88 0.462
64 89 0.716
64 90 0.476
64 91 1.672
64 92 1.857
64 93 0.185
64 94 0.235
64 95 1.344
64 96 2.815
64 97 1.452
64 98 2.350
64 99 2.854
65 66 1.272
65 67 2.455
65 68 1.469
65 69 0.230
65 70 1.701
65 71 1.345
65 72 0.935
65 73 0.364
65 74 0.956
65 75 2.107
65 76 0.411
65 77 1.758
65 78 0.358
65 79 1.264
65 80 0.544
65 81 1.727
65 82 1.651
65 83 2.223
65 84 0.965
65 85 2.797
65 86 2.410
65 87 1.723
65 88 1.014
65 89 0.230
65 90 0.388
65 91 0.953
65 92 2.474
65 93 0.831
65 94 0.933
65 95 0.929
65 96 2.207
65 97 0.754
65 98 1.656
65 99 2.164
66 67 1.288
66 68 2.706
66 69 1.501
66 70 2.960
66 71 0.461
66 72 0.365
66 73 1.589
66 74 0.669
66 75 0.952
66 76 0.922
66 77 2.297
66 78 1.601
66 79 0.721
66 80 1.739
66 81 2.993
66 82 0.760
66 83 0.962
66 84 1.898
66 85 1.525
66 86 3.647
66 87 2.995
66 88 2.272
66 89 1.288
66 90 1.555
66 91 0.426
66 92 3.716
66 93 2.065
66 94 2.177
66 95 1.143
66 96 1.201
66 97 0.539
66 98 0.429
66 99 0.921
67 68 3.756
67 69 2.680
67 70 4.043
67 71 1.116
67 72 1.540
67 73 2.705
67 74 1.548
67 75 0.349
67 76 2.052
67 77 2.780
67 78 2.730
67 79 1.897
67 80 2.815
67 81 4.093
67 82 0.873
67 83 0.526
67 84 3.182
67 85 0.828
67 86 4.866
67 87 4.142
67 88 3.468
67 89 2.396
67 90 2.641
67 91 1.714
67 92 4.929
67 93 3.147
67 94 3.264
67 95 1.895
67 96 0.455
67 97 1.711
67 98 0.860
67 99 0.455
68 69 1.259
68 70 0.312
68 71 2.658
68 72 2.347
68 73 1.121
68 74 2.215
68 75 3.422
68 76 1.785
68 77 1.738
68 78 1.116
68 79 2.711
68 80 0.969
68 81 0.393
68 82 2.889
68 83 3.620
68 84 1.655
68 85 4.218
68 86 1.470
68 87 0.595
68 88 0.797
68 89 1.418
68 90 1.152
68 91 2.421
68 92 1.489
68 93 0.643
68 94 0.537
68 95 1.888
68 96 3.418
68 97 2.168
68 98 3.047
68 99 3.543
69 70 1.479
69 71 1.566
69 72 1.164
69 73 0.226
69 74 1.165
69 75 2.332
69 76 0.629
69 77 1.757
69 78 0.193
69 79 1.456
69 80 0.397
69 81 1.502
69 82 1.865
69 83 2.453
69 84 0.878
69 85 3.027
69 86 2.187
69 87 1.494
69 88 0.788
69 89 0.337
69 90 0.307
69 91 1.173
69 92 2.249
69 93 0.632
69 94 0.724
69 95 1.072
69 96 2.421
69 97 0.983
69 98 1.885
69 99 2.393
70 71 2.938
70 72 2.606
70 73 1.371
70 74 2.497
70 75 3.706
70 76 2.044
70 77 2.034
70 78 1.359
70 79 2.911
70 80 1.235
70 81 0.097
70 82 3.179
70 83 3.888
70 84 1.730
70 85 4.480
70 86 1.192
70 87 0.355
70 88 0.871
70 89 1.677
70 90 1.416
70 91 2.652
70 92 1.202
70 93 0.902
70 94 0.786
70 95 2.188
70 96 3.714
70 97 2.425
70 98 3.315
70 99 3.815
71 72 0.479
71 73 1.590
71 74 0.445
71 75 0.771
71 76 0.938
71 77 1.963
71 78 1.614
71 79 1.168
71 80 1.705
71 81 2.985
71 82 0.347
71 83 0.989
71 84 2.142
71 85 1.602
71 86 3.754
71 87 3.027
71 88 2.354
71 89 1.281
71 90 1.528
71 91 0.782
71 92 3.816
71 93 2.038
71 94 2.155
71 95 0.873
71 96 0.880
71 97 0.623
71 98 0.451
71 99 0.896
72 73 1.234
72 74 0.388
72 75 1.191
72 76 0.562
72 77 1.989
72 78 1.249
72 79 0.820
72 80 1.378
72 81 2.641
72 82 0.825
72 83 1.290
72 84 1.668
72 85 1.874
72 86 3.336
72 87 2.654
72 88 1.946
72 89 0.930
72 90 1.195
72 91 0.362
72 92 3.402
72 93 1.707
72 94 1.821
72 95 0.829
72 96 1.354
72 97 0.182
72 98 0.721
72 99 1.229
73 74 1.162
73 75 2.361
73 76 0.673
73 77 1.547
73 78 0.046
73 79 1.629
73 80 0.182
73 81 1.408
73 82 1.863
73 83 2.520
73 84 1.076
73 85 3.108
73 86 2.193
73 87 1.437
73 88 0.804
73 89 0.310
73 90 0.105
73 91 1.303
73 92 2.248
73 93 0.479
73 94 0.588
73 95 0.978
73 96 2.415
73 97 1.053
73 98 1.947
73 99 2.451
74 75 1.209
74 76 0.547
74 77 1.628
74 78 1.190
74 79 1.206
74 80 1.267
74 81 2.546
74 82 0.703
74 83 1.427
74 84 1.839
74 85 2.038
74 86 3.345
74 87 2.597
74 88 1.945
74 89 0.857
74 90 1.094
74 91 0.742
74 92 3.404
74 93 1.599
74 94 1.716
74 95 0.476
74 96 1.258
74 97 0.384
74 98 0.867
74 99 1.339
75 76 1.704
75 77 2.530
75 78 2.385
75 79 1.596
75 80 2.475
75 81 3.754
75 82 0.564
75 83 0.434
75 84 2.839
75 85 0.967
75 86 4.517
75 87 3.798
75 88 3.120
75 89 2.052
75 90 2.299
75 91 1.377
75 92 4.581
75 93 2.807
75 94 2.925
75 95 1.580
75 96 0.386
75 97 1.362
75 98 0.530
75 99 0.310
76 77 1.669
76 78 0.690
76 79 1.113
76 80 0.817
76 81 2.081
76 82 1.240
76 83 1.847
76 84 1.313
76 85 2.436
76 86 2.816
76 87 2.102
76 88 1.417
76 89 0.367
76 90 0.633
76 91 0.698
76 92 2.878
76 93 1.145
76 94 1.258
76 95 0.630
76 96 1.796
76 97 0.383
76 98 1.274
76 99 1.779
77 78 1.590
77 79 2.750
77 80 1.434
77 81 2.125
77 82 1.982
77 83 2.890
77 84 2.622
77 85 3.487
77 86 3.206
77 87 2.327
77 88 2.112
77 89 1.531
77 90 1.452
77 91 2.291
77 92 3.227
77 93 1.530
77 94 1.594
77 95 1.161
77 96 2.341
77 97 1.894
77 98 2.410
77 99 2.774
78 79 1.620
78 80 0.204
78 81 1.393
78 82 1.892
78 83 2.537
78 84 1.032
78 85 3.123
78 86 2.161
78 87 1.414
78 88 0.768
78 89 0.334
78 90 0.151
78 91 1.305
78 92 2.217
78 93 0.475
78 94 0.580
78 95 1.017
78 96 2.444
78 97 1.067
78 98 1.964
78 99 2.469
79 80 1.808
79 81 2.920
79 82 1.481
79 83 1.452
79 84 1.485
79 85 1.868
79 86 3.370
79 87 2.859
79 88 2.101
79 89 1.400
79 90 1.641
79 91 0.468
79 92 3.447
79 93 2.087
79 94 2.180
79 95 1.610
79 96 1.895
79 97 0.864
79 98 1.076
79 99 1.464
80 81 1.280
80 82 1.959
80 83 2.654
80 84 1.197
80 85 3.250
80 86 2.131
80 87 1.336
80 88 0.780
80 89 0.450
80 90 0.183
80 91 1.471
80 92 2.181
80 93 0.333
80 94 0.450
80 95 1.018
80 96 2.504
80 97 1.200
80 98 2.081
80 99 2.580
81 82 3.232
81 83 3.927
81 84 1.702
81 85 4.515
81 86 1.096
81 87 0.264
81 88 0.854
81 89 1.716
81 90 1.458
81 91 2.675
81 92 1.108
81 93 0.947
81 94 0.830
81 95 2.249
81 96 3.770
81 97 2.460
81 98 3.354
81 99 3.856
82 83 0.911
82 84 2.482
82 85 1.506
82 86 4.048
82 87 3.294
82 88 2.648
82 89 1.560
82 90 1.791
82 91 1.122
82 92 4.107
82 93 2.288
82 94 2.406
82 95 1.022
82 96 0.556
82 97 0.959
82 98 0.539
82 99 0.793
83 84 2.836
83 85 0.613
83 86 4.609
83 87 3.944
83 88 3.231
83 89 2.211
83 90 2.473
83 91 1.364
83 92 4.678
83 93 2.987
83 94 3.102
83 95 1.858
83 96 0.807
83 97 1.472
83 98 0.574
83 99 0.126
84 85 3.327
84 86 1.904
84 87 1.553
84 88 0.865
84 89 1.178
84 90 1.174
84 91 1.476
84 92 1.985
84 93 1.238
84 94 1.257
84 95 1.892
84 96 3.022
84 97 1.522
84 98 2.326
84 99 2.811
85 86 5.153
85 87 4.520
85 88 3.792
85 89 2.803
85 90 3.067
85 91 1.891
85 92 5.224
85 93 3.580
85 94 3.694
85 95 2.471
85 96 1.262
85 97 2.055
85 98 1.176
85 99 0.717
86 87 0.879
86 88 1.400
86 89 2.489
86 90 2.276
86 91 3.262
86 92 0.087
86 93 1.839
86 94 1.731
86 95 3.149
86 96 4.603
86 97 3.159
86 98 4.054
86 99 4.561
87 88 0.758
87 89 1.747
87 90 1.503
87 91 2.652
87 92 0.905
87 93 1.015
87 94 0.900
87 95 2.340
87 96 3.841
87 97 2.472
87 98 3.374
87 99 3.881
88 89 1.092
88 90 0.897
88 91 1.910
88 92 1.461
88 93 0.582
88 94 0.529
88 95 1.779
88 96 3.203
88 97 1.767
88 98 2.667
88 99 3.175
89 90 0.267
89 91 1.032
89 92 2.547
89 93 0.778
89 94 0.892
89 95 0.736
89 96 2.113
89 97 0.750
89 98 1.638
89 99 2.141
90 91 1.292
90 92 2.330
90 93 0.514
90 94 0.630
90 95 0.882
90 96 2.340
90 97 1.016
90 98 1.899
90 99 2.399
91 92 3.333
91 93 1.780
91 94 1.884
91 95 1.144
91 96 1.609
91 97 0.398
91 98 0.854
91 99 1.335
92 93 1.883
92 94 1.774
92 95 3.199
92 96 4.661
92 97 3.224
92 98 4.121
92 99 4.628
93 94 0.118
93 95 1.325
93 96 2.830
93 97 1.527
93 98 2.413
93 99 2.913
94 95 1.441
94 96 2.948
94 97 1.640
94 98 2.528
94 99 3.029
95 96 1.532
95 97 0.746
95 98 1.319
95 99 1.758
96 97 1.503
96 98 0.824
96 99 0.689
97 98 0.902
97 99 1.410
98 99 0.508
