nodei nodej distance
0 1 0.336
0 2 0.555
0 3 0.294
0 4 0.214
0 5 6.641
0 6 5.947
0 7 4.766
0 8 5.736
0 9 5.662
0 10 5.356
0 11 5.850
0 12 5.303
0 13 6.054
0 14 6.012
0 15 5.494
0 16 6.150
0 17 6.226
0 18 5.538
0 19 6.144
0 20 5.294
0 21 5.728
0 22 5.074
0 23 6.292
0 24 5.783
0 25 4.664
0 26 5.523
0 27 5.423
0 28 5.446
0 29 6.340
0 30 6.111
0 31 5.848
0 32 5.737
0 33 5.688
0 34 6.272
0 35 6.202
0 36 6.597
0 37 6.716
0 38 6.620
0 39 5.772
0 40 5.384
0 41 5.877
0 42 6.296
0 43 5.075
0 44 5.504
0 45 4.897
0 46 5.980
0 47 5.445
0 48 6.120
0 49 5.623
0 50 4.810
0 51 6.221
0 52 5.058
0 53 5.979
0 54 5.913
0 55 5.642
0 56 6.979
0 57 5.805
0 58 6.453
0 59 5.440
0 60 6.292
0 61 5.190
0 62 5.369
0 63 5.430
0 64 6.200
0 65 5.657
0 66 6.071
0 67 5.392
0 68 6.975
0 69 7.259
0 70 5.640
0 71 5.676
0 72 6.428
0 73 5.907
0 74 5.433
0 75 5.909
0 76 6.650
0 77 6.016
0 78 6.638
0 79 5.200
0 80 4.069
0 81 5.373
0 82 5.071
0 83 5.065
0 84 5.696
0 85 6.358
0 86 6.661
0 87 5.222
0 88 5.840
0 89 4.936
0 90 6.383
0 91 5.252
0 92 5.532
0 93 5.993
0 94 6.543
0 95 6.372
0 96 6.009
0 97 5.804
0 98 6.320
0 99 5.752
1 2 0.270
1 3 0.544
1 4 0.256
1 5 6.888
1 6 6.192
1 7 5.009
1 8 5.981
1 9 5.913
1 10 5.599
1 11 6.097
1 12 5.552
1 13 6.312
1 14 6.256
1 15 5.741
1 16 6.398
1 17 6.472
1 18 5.789
1 19 6.386
1 20 5.541
1 21 5.973
1 22 5.332
1 23 6.533
1 24 6.039
1 25 4.911
1 26 5.767
1 27 5.667
1 28 5.693
1 29 6.586
1 30 6.364
1 31 6.100
1 32 5.988
1 33 5.930
1 34 6.524
1 35 6.445
1 36 6.843
1 37 6.956
1 38 6.864
1 39 6.017
1 40 5.629
1 41 6.123
1 42 6.540
1 43 5.329
1 44 5.750
1 45 5.148
1 46 6.224
1 47 5.695
1 48 6.359
1 49 5.879
1 50 5.074
1 51 6.470
1 52 5.302
1 53 6.230
1 54 6.169
1 55 5.883
1 56 7.224
1 57 6.047
1 58 6.700
1 59 5.684
1 60 6.544
1 61 5.441
1 62 5.627
1 63 5.688
1 64 6.439
1 65 5.904
1 66 6.314
1 67 5.640
1 68 7.222
1 69 7.498
1 70 5.893
1 71 5.926
1 72 6.680
1 73 6.148
1 74 5.691
1 75 6.158
1 76 6.897
1 77 6.259
1 78 6.882
1 79 5.449
1 80 4.336
1 81 5.605
1 82 5.326
1 83 5.314
1 84 5.944
1 85 6.600
1 86 6.915
1 87 5.465
1 88 6.081
1 89 5.193
1 90 6.627
1 91 5.501
1 92 5.778
1 93 6.245
1 94 6.791
1 95 6.619
1 96 6.253
1 97 6.044
1 98 6.562
1 99 6.010
2 3 0.803
2 4 0.525
2 5 7.156
2 6 6.460
2 7 5.278
2 8 6.250
2 9 6.181
2 10 5.868
2 11 6.365
2 12 5.820
2 13 6.579
2 14 6.525
2 15 6.009
2 16 6.666
2 17 6.740
2 18 6.057
2 19 6.655
2 20 5.809
2 21 6.242
2 22 5.598
2 23 6.802
2 24 6.306
2 25 5.179
2 26 6.035
2 27 5.935
2 28 5.961
2 29 6.855
2 30 6.631
2 31 6.368
2 32 6.256
2 33 6.199
2 34 6.792
2 35 6.714
2 36 7.112
2 37 7.225
2 38 7.133
2 39 6.285
2 40 5.898
2 41 6.391
2 42 6.809
2 43 5.596
2 44 6.019
2 45 5.416
2 46 6.492
2 47 5.963
2 48 6.628
2 49 6.146
2 50 5.339
2 51 6.738
2 52 5.571
2 53 6.498
2 54 6.436
2 55 6.152
2 56 7.493
2 57 6.316
2 58 6.969
2 59 5.952
2 60 6.812
2 61 5.709
2 62 5.893
2 63 5.955
2 64 6.708
2 65 6.172
2 66 6.583
2 67 5.908
2 68 7.490
2 69 7.767
2 70 6.160
2 71 6.194
2 72 6.948
2 73 6.417
2 74 5.957
2 75 6.426
2 76 7.165
2 77 6.528
2 78 7.151
2 79 5.717
2 80 4.601
2 81 5.875
2 82 5.593
2 83 5.582
2 84 6.212
2 85 6.869
2 86 7.182
2 87 5.734
2 88 6.350
2 89 5.460
2 90 6.895
2 91 5.769
2 92 6.047
2 93 6.512
2 94 7.059
2 95 6.887
2 96 6.522
2 97 6.313
2 98 6.831
2 99 6.277
3 4 0.297
3 5 6.361
3 6 5.666
3 7 4.484
3 8 5.455
3 9 5.384
3 10 5.074
3 11 5.570
3 12 5.024
3 13 5.779
3 14 5.731
3 15 5.214
3 16 5.871
3 17 5.945
3 18 5.259
3 19 5.862
3 20 5.014
3 21 5.447
3 22 4.799
3 23 6.010
3 24 5.507
3 25 4.384
3 26 5.241
3 27 5.142
3 28 5.166
3 29 6.060
3 30 5.834
3 31 5.570
3 32 5.458
3 33 5.406
3 34 5.994
3 35 5.921
3 36 6.317
3 37 6.434
3 38 6.339
3 39 5.491
3 40 5.103
3 41 5.597
3 42 6.015
3 43 4.798
3 44 5.223
3 45 4.618
3 46 5.699
3 47 5.166
3 48 5.837
3 49 5.347
3 50 4.538
3 51 5.942
3 52 4.777
3 53 5.701
3 54 5.637
3 55 5.359
3 56 6.699
3 57 5.523
3 58 6.173
3 59 5.159
3 60 6.014
3 61 4.911
3 62 5.094
3 63 5.155
3 64 5.917
3 65 5.376
3 66 5.789
3 67 5.112
3 68 6.695
3 69 6.976
3 70 5.362
3 71 5.397
3 72 6.150
3 73 5.625
3 74 5.158
3 75 5.630
3 76 6.370
3 77 5.734
3 78 6.357
3 79 4.920
3 80 3.799
3 81 5.088
3 82 4.794
3 83 4.785
3 84 5.416
3 85 6.076
3 86 6.384
3 87 4.940
3 88 5.558
3 89 4.660
3 90 6.102
3 91 4.973
3 92 5.251
3 93 5.715
3 94 6.263
3 95 6.092
3 96 5.728
3 97 5.521
3 98 6.038
3 99 5.477
4 5 6.632
4 6 5.936
4 7 4.753
4 8 5.725
4 9 5.657
4 10 5.343
4 11 5.840
4 12 5.296
4 13 6.056
4 14 6.000
4 15 5.485
4 16 6.142
4 17 6.216
4 18 5.533
4 19 6.130
4 20 5.285
4 21 5.717
4 22 5.075
4 23 6.277
4 24 5.783
4 25 4.655
4 26 5.511
4 27 5.411
4 28 5.437
4 29 6.330
4 30 6.108
4 31 5.844
4 32 5.732
4 33 5.674
4 34 6.268
4 35 6.189
4 36 6.587
4 37 6.701
4 38 6.608
4 39 5.761
4 40 5.373
4 41 5.867
4 42 6.284
4 43 5.073
4 44 5.494
4 45 4.892
4 46 5.968
4 47 5.439
4 48 6.104
4 49 5.623
4 50 4.818
4 51 6.214
4 52 5.046
4 53 5.974
4 54 5.913
4 55 5.627
4 56 6.968
4 57 5.791
4 58 6.444
4 59 5.428
4 60 6.288
4 61 5.185
4 62 5.370
4 63 5.432
4 64 6.183
4 65 5.647
4 66 6.058
4 67 5.383
4 68 6.966
4 69 7.243
4 70 5.636
4 71 5.670
4 72 6.424
4 73 5.892
4 74 5.434
4 75 5.902
4 76 6.641
4 77 6.003
4 78 6.626
4 79 5.192
4 80 4.080
4 81 5.350
4 82 5.070
4 83 5.058
4 84 5.688
4 85 6.344
4 86 6.658
4 87 5.209
4 88 5.825
4 89 4.936
4 90 6.371
4 91 5.244
4 92 5.522
4 93 5.988
4 94 6.535
4 95 6.363
4 96 5.997
4 97 5.788
4 98 6.306
4 99 5.754
5 6 0.698
5 7 1.880
5 8 0.908
5 9 0.983
5 10 1.291
5 11 0.792
5 12 1.338
5 13 0.665
5 14 0.636
5 15 1.148
5 16 0.491
5 17 0.417
5 18 1.108
5 19 0.522
5 20 1.347
5 21 0.916
5 22 1.587
5 23 0.393
5 24 0.898
5 25 1.977
5 26 1.123
5 27 1.223
5 28 1.196
5 29 0.302
5 30 0.555
5 31 0.809
5 32 0.910
5 33 0.962
5 34 0.391
5 35 0.453
5 36 0.052
5 37 0.207
5 38 0.075
5 39 0.872
5 40 1.259
5 41 0.765
5 42 0.357
5 43 1.576
5 44 1.138
5 45 1.745
5 46 0.670
5 47 1.198
5 48 0.563
5 49 1.042
5 50 1.878
5 51 0.425
5 52 1.586
5 53 0.672
5 54 0.773
5 55 1.014
5 56 0.343
5 57 0.849
5 58 0.188
5 59 1.206
5 60 0.374
5 61 1.455
5 62 1.300
5 63 1.246
5 64 0.498
5 65 0.985
5 66 0.578
5 67 1.249
5 68 0.334
5 69 0.654
5 70 1.010
5 71 0.967
5 72 0.266
5 73 0.754
5 74 1.240
5 75 0.733
5 76 0.009
5 77 0.635
5 78 0.060
5 79 1.442
5 80 2.610
5 81 1.332
5 82 1.582
5 83 1.577
5 84 0.945
5 85 0.317
5 86 0.224
5 87 1.424
5 88 0.818
5 89 1.721
5 90 0.275
5 91 1.389
5 92 1.110
5 93 0.662
5 94 0.105
5 95 0.269
5 96 0.637
5 97 0.860
5 98 0.350
5 99 0.940
6 7 1.183
6 8 0.211
6 9 0.322
6 10 0.593
6 11 0.110
6 12 0.650
6 13 0.384
6 14 0.068
6 15 0.458
6 16 0.222
6 17 0.281
6 18 0.441
6 19 0.213
6 20 0.655
6 21 0.219
6 22 0.925
6 23 0.358
6 24 0.358
6 25 1.283
6 26 0.425
6 27 0.525
6 28 0.504
6 29 0.398
6 30 0.280
6 31 0.241
6 32 0.265
6 33 0.264
6 34 0.379
6 35 0.257
6 36 0.652
6 37 0.777
6 38 0.673
6 39 0.175
6 40 0.563
6 41 0.075
6 42 0.349
6 43 0.902
6 44 0.446
6 45 1.058
6 46 0.047
6 47 0.519
6 48 0.216
6 49 0.428
6 50 1.226
6 51 0.304
6 52 0.890
6 53 0.185
6 54 0.318
6 55 0.318
6 56 1.033
6 57 0.156
6 58 0.513
6 59 0.508
6 60 0.399
6 61 0.774
6 62 0.661
6 63 0.620
6 64 0.292
6 65 0.297
6 66 0.124
6 67 0.558
6 68 1.031
6 69 1.318
6 70 0.365
6 71 0.298
6 72 0.530
6 73 0.099
6 74 0.613
6 75 0.119
6 76 0.707
6 77 0.076
6 78 0.691
6 79 0.753
6 80 1.938
6 81 0.656
6 82 0.910
6 83 0.887
6 84 0.262
6 85 0.416
6 86 0.769
6 87 0.726
6 88 0.136
6 89 1.050
6 90 0.436
6 91 0.700
6 92 0.417
6 93 0.204
6 94 0.606
6 95 0.431
6 96 0.062
6 97 0.183
6 98 0.378
6 99 0.408
7 8 0.972
7 9 0.919
7 10 0.590
7 11 1.090
7 12 0.557
7 13 1.349
7 14 1.247
7 15 0.738
7 16 1.392
7 17 1.463
7 18 0.801
7 19 1.378
7 20 0.539
7 21 0.965
7 22 0.458
7 23 1.526
7 24 1.076
7 25 0.138
7 26 0.758
7 27 0.658
7 28 0.689
7 29 1.579
7 30 1.373
7 31 1.114
7 32 0.994
7 33 0.922
7 34 1.526
7 35 1.437
7 36 1.835
7 37 1.950
7 38 1.855
7 39 1.008
7 40 0.622
7 41 1.115
7 42 1.531
7 43 0.411
7 44 0.746
7 45 0.223
7 46 1.215
7 47 0.704
7 48 1.354
7 49 0.915
7 50 0.475
7 51 1.467
7 52 0.295
7 53 1.235
7 54 1.200
7 55 0.876
7 56 2.215
7 57 1.038
7 58 1.694
7 59 0.675
7 60 1.547
7 61 0.472
7 62 0.700
7 63 0.761
7 64 1.435
7 65 0.899
7 66 1.306
7 67 0.638
7 68 2.214
7 69 2.493
7 70 0.908
7 71 0.928
7 72 1.684
7 73 1.141
7 74 0.761
7 75 1.156
7 76 1.889
7 77 1.250
7 78 1.874
7 79 0.458
7 80 0.851
7 81 0.644
7 82 0.418
7 83 0.333
7 84 0.940
7 85 1.592
7 86 1.923
7 87 0.457
7 88 1.074
7 89 0.362
7 90 1.618
7 91 0.505
7 92 0.772
7 93 1.251
7 94 1.785
7 95 1.612
7 96 1.245
7 97 1.038
7 98 1.554
7 99 1.061
8 9 0.167
8 10 0.383
8 11 0.125
8 12 0.443
8 13 0.483
8 14 0.276
8 15 0.251
8 16 0.423
8 17 0.491
8 18 0.257
8 19 0.415
8 20 0.445
8 21 0.010
8 22 0.728
8 23 0.563
8 24 0.317
8 25 1.073
8 26 0.214
8 27 0.315
8 28 0.295
8 29 0.607
8 30 0.437
8 31 0.244
8 32 0.161
8 33 0.066
8 34 0.570
8 35 0.467
8 36 0.862
8 37 0.985
8 38 0.884
8 39 0.036
8 40 0.353
8 41 0.144
8 42 0.560
8 43 0.700
8 44 0.237
8 45 0.849
8 46 0.246
8 47 0.320
8 48 0.403
8 49 0.300
8 50 1.030
8 51 0.502
8 52 0.679
8 53 0.303
8 54 0.359
8 55 0.129
8 56 1.243
8 57 0.091
8 58 0.722
8 59 0.298
8 60 0.591
8 61 0.569
8 62 0.486
8 63 0.456
8 64 0.484
8 65 0.100
8 66 0.334
8 67 0.349
8 68 1.241
8 69 1.527
8 70 0.219
8 71 0.139
8 72 0.726
8 73 0.191
8 74 0.448
8 75 0.206
8 76 0.917
8 77 0.281
8 78 0.902
8 79 0.545
8 80 1.733
8 81 0.477
8 82 0.709
8 83 0.678
8 84 0.087
8 85 0.625
8 86 0.967
8 87 0.516
8 88 0.131
8 89 0.848
8 90 0.647
8 91 0.491
8 92 0.208
8 93 0.324
8 94 0.814
8 95 0.640
8 96 0.272
8 97 0.128
8 98 0.587
8 99 0.355
9 10 0.356
9 11 0.212
9 12 0.363
9 13 0.444
9 14 0.388
9 15 0.188
9 16 0.493
9 17 0.576
9 18 0.126
9 19 0.535
9 20 0.381
9 21 0.159
9 22 0.609
9 23 0.677
9 24 0.202
9 25 1.003
9 26 0.216
9 27 0.301
9 28 0.236
9 29 0.683
9 30 0.454
9 31 0.196
9 32 0.075
9 33 0.195
9 34 0.611
9 35 0.571
9 36 0.941
9 37 1.087
9 38 0.969
9 39 0.186
9 40 0.308
9 41 0.247
9 42 0.655
9 43 0.594
9 44 0.187
9 45 0.765
9 46 0.367
9 47 0.217
9 48 0.536
9 49 0.133
9 50 0.907
9 51 0.559
9 52 0.626
9 53 0.318
9 54 0.297
9 55 0.236
9 56 1.325
9 57 0.254
9 58 0.794
9 59 0.283
9 60 0.631
9 61 0.473
9 62 0.340
9 63 0.300
9 64 0.613
9 65 0.089
9 66 0.441
9 67 0.283
9 68 1.316
9 69 1.622
9 70 0.052
9 71 0.028
9 72 0.768
9 73 0.341
9 74 0.293
9 75 0.250
9 76 0.992
9 77 0.398
9 78 0.985
9 79 0.465
9 80 1.630
9 81 0.537
9 82 0.600
9 83 0.600
9 84 0.080
9 85 0.729
9 86 1.006
9 87 0.478
9 88 0.291
9 89 0.740
9 90 0.741
9 91 0.415
9 92 0.170
9 93 0.333
9 94 0.882
9 95 0.715
9 96 0.377
9 97 0.295
9 98 0.691
9 99 0.222
10 11 0.502
10 12 0.135
10 13 0.800
10 14 0.657
10 15 0.169
10 16 0.804
10 17 0.874
10 18 0.266
10 19 0.790
10 20 0.102
10 21 0.375
10 22 0.431
10 23 0.938
10 24 0.546
10 25 0.695
10 26 0.168
10 27 0.068
10 28 0.125
10 29 0.990
10 30 0.798
10 31 0.551
10 32 0.427
10 33 0.332
10 34 0.944
10 35 0.847
10 36 1.245
10 37 1.362
10 38 1.265
10 39 0.418
10 40 0.056
10 41 0.526
10 42 0.941
10 43 0.380
10 44 0.169
10 45 0.486
10 46 0.625
10 47 0.187
10 48 0.769
10 49 0.406
10 50 0.720
10 51 0.881
10 52 0.298
10 53 0.659
10 54 0.653
10 55 0.290
10 56 1.625
10 57 0.449
10 58 1.104
10 59 0.085
10 60 0.965
10 61 0.251
10 62 0.344
10 63 0.370
10 64 0.850
10 65 0.316
10 66 0.715
10 67 0.102
10 68 1.624
10 69 1.905
10 70 0.364
10 71 0.358
10 72 1.102
10 73 0.553
10 74 0.363
10 75 0.573
10 76 1.299
10 77 0.660
10 78 1.283
10 79 0.200
10 80 1.376
10 81 0.263
10 82 0.393
10 83 0.316
10 84 0.358
10 85 1.003
10 86 1.342
10 87 0.134
10 88 0.486
10 89 0.520
10 90 1.028
10 91 0.154
10 92 0.191
10 93 0.677
10 94 1.196
10 95 1.022
10 96 0.655
10 97 0.453
10 98 0.965
10 99 0.549
11 12 0.548
11 13 0.375
11 14 0.176
11 15 0.356
11 16 0.303
11 17 0.376
11 18 0.332
11 19 0.323
11 20 0.556
11 21 0.130
11 22 0.817
11 23 0.466
11 24 0.273
11 25 1.186
11 26 0.335
11 27 0.436
11 28 0.404
11 29 0.490
11 30 0.314
11 31 0.167
11 32 0.158
11 33 0.189
11 34 0.445
11 35 0.363
11 36 0.747
11 37 0.881
11 38 0.771
11 39 0.094
11 40 0.468
11 41 0.036
11 42 0.451
11 43 0.796
11 44 0.346
11 45 0.956
11 46 0.155
11 47 0.413
11 48 0.324
11 49 0.322
11 50 1.117
11 51 0.379
11 52 0.795
11 53 0.183
11 54 0.270
11 55 0.251
11 56 1.130
11 57 0.123
11 58 0.604
11 59 0.418
11 60 0.466
11 61 0.669
11 62 0.552
11 63 0.511
11 64 0.401
11 65 0.194
11 66 0.230
11 67 0.458
11 68 1.126
11 69 1.420
11 70 0.256
11 71 0.189
11 72 0.602
11 73 0.151
11 74 0.503
11 75 0.085
11 76 0.800
11 77 0.186
11 78 0.788
11 79 0.652
11 80 1.833
11 81 0.599
11 82 0.803
11 83 0.786
11 84 0.156
11 85 0.521
11 86 0.843
11 87 0.635
11 88 0.134
11 89 0.944
11 90 0.538
11 91 0.599
11 92 0.318
11 93 0.204
11 94 0.695
11 95 0.523
11 96 0.166
11 97 0.169
11 98 0.483
11 99 0.321
12 13 0.794
12 14 0.717
12 15 0.193
12 16 0.847
12 17 0.925
12 18 0.244
12 19 0.858
12 20 0.043
12 21 0.434
12 22 0.307
12 23 1.006
12 24 0.523
12 25 0.641
12 26 0.244
12 27 0.173
12 28 0.148
12 29 1.037
12 30 0.817
12 31 0.557
12 32 0.438
12 33 0.407
12 34 0.973
12 35 0.908
12 36 1.295
12 37 1.427
12 38 1.320
12 39 0.478
12 40 0.111
12 41 0.578
12 42 0.998
12 43 0.265
12 44 0.205
12 45 0.408
12 46 0.688
12 47 0.147
12 48 0.844
12 49 0.366
12 50 0.605
12 51 0.918
12 52 0.268
12 53 0.681
12 54 0.644
12 55 0.381
12 56 1.678
12 57 0.523
12 58 1.150
12 59 0.180
12 60 0.994
12 61 0.131
12 62 0.227
12 63 0.268
12 64 0.926
12 65 0.355
12 66 0.775
12 67 0.094
12 68 1.672
12 69 1.968
12 70 0.351
12 71 0.374
12 72 1.130
12 73 0.629
12 74 0.262
12 75 0.606
12 76 1.347
12 77 0.723
12 78 1.337
12 79 0.104
12 80 1.290
12 81 0.392
12 82 0.276
12 83 0.238
12 84 0.393
12 85 1.066
12 86 1.369
12 87 0.153
12 88 0.563
12 89 0.412
12 90 1.085
12 91 0.052
12 92 0.235
12 93 0.696
12 94 1.239
12 95 1.069
12 96 0.711
12 97 0.538
12 98 1.028
12 99 0.514
13 14 0.391
13 15 0.632
13 16 0.301
13 17 0.381
13 18 0.551
13 19 0.465
13 20 0.818
13 21 0.485
13 22 0.981
13 23 0.533
13 24 0.275
13 25 1.421
13 26 0.652
13 27 0.743
13 28 0.680
13 29 0.423
13 30 0.155
13 31 0.252
13 32 0.375
13 33 0.549
13 34 0.284
13 35 0.436
13 36 0.640
13 37 0.830
13 38 0.682
13 39 0.461
13 40 0.752
13 41 0.382
13 42 0.460
13 43 0.986
13 44 0.631
13 45 1.175
13 46 0.410
13 47 0.647
13 48 0.508
13 49 0.438
13 50 1.251
13 51 0.296
13 52 1.062
13 53 0.201
13 54 0.150
13 55 0.611
13 56 0.999
13 57 0.496
13 58 0.499
13 59 0.725
13 60 0.297
13 61 0.884
13 62 0.686
13 63 0.625
13 64 0.543
13 65 0.498
13 66 0.387
13 67 0.723
13 68 0.976
13 69 1.317
13 70 0.444
13 71 0.445
13 72 0.405
13 73 0.481
13 74 0.622
13 75 0.292
13 76 0.675
13 77 0.406
13 78 0.691
13 79 0.891
13 80 1.993
13 81 0.956
13 82 0.988
13 83 1.020
13 84 0.457
13 85 0.538
13 86 0.615
13 87 0.920
13 88 0.499
13 89 1.120
13 90 0.517
13 91 0.845
13 92 0.612
13 93 0.180
13 94 0.561
13 95 0.443
13 96 0.370
13 97 0.540
13 98 0.514
13 99 0.302
14 15 0.525
14 16 0.175
14 17 0.221
14 18 0.508
14 19 0.146
14 20 0.721
14 21 0.285
14 22 0.992
14 23 0.291
14 24 0.408
14 25 1.349
14 26 0.489
14 27 0.589
14 28 0.570
14 29 0.339
14 30 0.266
14 31 0.290
14 32 0.329
14 33 0.326
14 34 0.337
14 35 0.191
14 36 0.589
14 37 0.710
14 38 0.608
14 39 0.240
14 40 0.629
14 41 0.143
14 42 0.284
14 43 0.970
14 44 0.512
14 45 1.125
14 46 0.035
14 47 0.587
14 48 0.155
14 49 0.491
14 50 1.293
14 51 0.258
14 52 0.954
14 53 0.204
14 54 0.351
14 55 0.377
14 56 0.968
14 57 0.213
14 58 0.453
14 59 0.572
14 60 0.357
14 61 0.841
14 62 0.728
14 63 0.685
14 64 0.227
14 65 0.364
14 66 0.059
14 67 0.625
14 68 0.968
14 69 1.251
14 70 0.431
14 71 0.365
14 72 0.482
14 73 0.128
14 74 0.678
14 75 0.167
14 76 0.645
14 77 0.016
14 78 0.627
14 79 0.820
14 80 2.005
14 81 0.706
14 82 0.977
14 83 0.953
14 84 0.330
14 85 0.349
14 86 0.718
14 87 0.791
14 88 0.185
14 89 1.118
14 90 0.371
14 91 0.766
14 92 0.483
14 93 0.219
14 94 0.546
14 95 0.372
14 96 0.022
14 97 0.229
14 98 0.311
14 99 0.459
15 16 0.657
15 17 0.733
15 18 0.107
15 19 0.666
15 20 0.200
15 21 0.242
15 22 0.481
15 23 0.814
15 24 0.378
15 25 0.830
15 26 0.085
15 27 0.121
15 28 0.049
15 29 0.846
15 30 0.637
15 31 0.384
15 32 0.261
15 33 0.221
15 34 0.788
15 35 0.715
15 36 1.104
15 37 1.234
15 38 1.128
15 39 0.285
15 40 0.120
15 41 0.385
15 42 0.806
15 43 0.450
15 44 0.019
15 45 0.600
15 46 0.496
15 47 0.084
15 48 0.654
15 49 0.246
15 50 0.784
15 51 0.730
15 52 0.444
15 53 0.498
15 54 0.484
15 55 0.209
15 56 1.486
15 57 0.334
15 58 0.960
15 59 0.105
15 60 0.809
15 61 0.318
15 62 0.280
15 63 0.277
15 64 0.735
15 65 0.163
15 66 0.582
15 67 0.101
15 68 1.482
15 69 1.775
15 70 0.196
15 71 0.192
15 72 0.946
15 73 0.439
15 74 0.268
15 75 0.418
15 76 1.156
15 77 0.530
15 78 1.145
15 79 0.296
15 80 1.482
15 81 0.383
15 82 0.459
15 83 0.430
15 84 0.203
15 85 0.873
15 86 1.186
15 87 0.291
15 88 0.374
15 89 0.599
15 90 0.893
15 91 0.242
15 92 0.046
15 93 0.515
15 94 1.050
15 95 0.878
15 96 0.518
15 97 0.353
15 98 0.835
15 99 0.384
16 17 0.093
16 18 0.618
16 19 0.172
16 20 0.857
16 21 0.430
16 22 1.100
16 23 0.237
16 24 0.437
16 25 1.487
16 26 0.637
16 27 0.738
16 28 0.705
16 29 0.191
16 30 0.147
16 31 0.332
16 32 0.421
16 33 0.482
16 34 0.163
16 35 0.135
16 36 0.449
16 37 0.601
16 38 0.477
16 39 0.389
16 40 0.770
16 41 0.280
16 42 0.179
16 43 1.087
16 44 0.648
16 45 1.254
16 46 0.210
16 47 0.707
16 48 0.223
16 49 0.563
16 50 1.395
16 51 0.083
16 52 1.098
16 53 0.196
16 54 0.333
16 55 0.539
16 56 0.832
16 57 0.378
16 58 0.303
16 59 0.720
16 60 0.181
16 61 0.964
16 62 0.818
16 63 0.767
16 64 0.244
16 65 0.494
16 66 0.131
16 67 0.758
16 68 0.825
16 69 1.131
16 70 0.523
16 71 0.476
16 72 0.309
16 73 0.303
16 74 0.761
16 75 0.243
16 76 0.500
16 77 0.182
16 78 0.493
16 79 0.951
16 80 2.122
16 81 0.877
16 82 1.093
16 83 1.086
16 84 0.454
16 85 0.259
16 86 0.547
16 87 0.937
16 88 0.356
16 89 1.232
16 90 0.257
16 91 0.898
16 92 0.620
16 93 0.194
16 94 0.393
16 95 0.222
16 96 0.165
16 97 0.401
16 98 0.228
16 99 0.485
17 18 0.701
17 19 0.145
17 20 0.932
17 21 0.499
17 22 1.185
17 23 0.152
17 24 0.529
17 25 1.562
17 26 0.705
17 27 0.806
17 28 0.780
17 29 0.118
17 30 0.227
17 31 0.423
17 32 0.506
17 33 0.545
17 34 0.169
17 35 0.075
17 36 0.371
17 37 0.512
17 38 0.395
17 39 0.455
17 40 0.843
17 41 0.349
17 42 0.086
17 43 1.169
17 44 0.722
17 45 1.333
17 46 0.256
17 47 0.787
17 48 0.200
17 49 0.653
17 50 1.481
17 51 0.097
17 52 1.170
17 53 0.289
17 54 0.425
17 55 0.598
17 56 0.754
17 57 0.433
17 58 0.232
17 59 0.789
17 60 0.180
17 61 1.044
17 62 0.906
17 63 0.856
17 64 0.188
17 65 0.570
17 66 0.164
17 67 0.834
17 68 0.750
17 69 1.046
17 70 0.609
17 71 0.557
17 72 0.278
17 73 0.344
17 74 0.850
17 75 0.327
17 76 0.426
17 77 0.222
17 78 0.412
17 79 1.028
17 80 2.205
17 81 0.925
17 82 1.175
17 83 1.163
17 84 0.532
17 85 0.166
17 86 0.504
17 87 1.007
17 88 0.405
17 89 1.316
17 90 0.166
17 91 0.975
17 92 0.694
17 93 0.287
17 94 0.325
17 95 0.151
17 96 0.220
17 97 0.449
17 98 0.136
17 99 0.578
18 19 0.654
18 20 0.267
18 21 0.248
18 22 0.485
18 23 0.799
18 24 0.284
18 25 0.881
18 26 0.179
18 27 0.227
18 28 0.142
18 29 0.809
18 30 0.576
18 31 0.314
18 32 0.199
18 33 0.255
18 34 0.735
18 35 0.694
18 36 1.067
18 37 1.211
18 38 1.095
18 39 0.286
18 40 0.212
18 41 0.366
18 42 0.780
18 43 0.468
18 44 0.119
18 45 0.641
18 46 0.484
18 47 0.097
18 48 0.651
18 49 0.140
18 50 0.785
18 51 0.685
18 52 0.511
18 53 0.442
18 54 0.401
18 55 0.269
18 56 1.450
18 57 0.348
18 58 0.920
18 59 0.212
18 60 0.755
18 61 0.348
18 62 0.229
18 63 0.204
18 64 0.730
18 65 0.157
18 66 0.562
18 67 0.176
18 68 1.441
18 69 1.747
18 70 0.107
18 71 0.144
18 72 0.891
18 73 0.446
18 74 0.195
18 75 0.376
18 76 1.117
18 77 0.517
18 78 1.111
18 79 0.344
18 80 1.504
18 81 0.490
18 82 0.475
18 83 0.477
18 84 0.181
18 85 0.852
18 86 1.128
18 87 0.373
18 88 0.388
18 89 0.615
18 90 0.866
18 91 0.296
18 92 0.123
18 93 0.456
18 94 1.007
18 95 0.840
18 96 0.498
18 97 0.380
18 98 0.815
18 99 0.283
19 20 0.859
19 21 0.424
19 22 1.137
19 23 0.148
19 24 0.541
19 25 1.484
19 26 0.624
19 27 0.722
19 28 0.710
19 29 0.248
19 30 0.315
19 31 0.424
19 32 0.475
19 33 0.458
19 34 0.309
19 35 0.075
19 36 0.472
19 37 0.572
19 38 0.484
19 39 0.380
19 40 0.766
19 41 0.289
19 42 0.167
19 43 1.113
19 44 0.653
19 45 1.264
19 46 0.171
19 47 0.731
19 48 0.055
19 49 0.635
19 50 1.439
19 51 0.229
19 52 1.088
19 53 0.313
19 54 0.464
19 55 0.503
19 56 0.842
19 57 0.340
19 58 0.352
19 59 0.706
19 60 0.323
19 61 0.984
19 62 0.874
19 63 0.831
19 64 0.086
19 65 0.507
19 66 0.100
19 67 0.765
19 68 0.847
19 69 1.115
19 70 0.577
19 71 0.511
19 72 0.421
19 73 0.238
19 74 0.824
19 75 0.306
19 76 0.530
19 77 0.137
19 78 0.504
19 79 0.960
19 80 2.148
19 81 0.809
19 82 1.122
19 83 1.092
19 84 0.475
19 85 0.215
19 86 0.639
19 87 0.923
19 88 0.305
19 89 1.262
19 90 0.248
19 91 0.906
19 92 0.623
19 93 0.321
19 94 0.444
19 95 0.277
19 96 0.160
19 97 0.343
19 98 0.177
19 99 0.592
20 21 0.436
20 22 0.329
20 23 1.008
20 24 0.551
20 25 0.630
20 26 0.238
20 27 0.153
20 28 0.152
20 29 1.046
20 30 0.834
20 31 0.576
20 32 0.456
20 33 0.404
20 34 0.988
20 35 0.912
20 36 1.303
20 37 1.430
20 38 1.327
20 39 0.481
20 40 0.096
20 41 0.584
20 42 1.004
20 43 0.280
20 44 0.210
20 45 0.405
20 46 0.691
20 47 0.172
20 48 0.843
20 49 0.396
20 50 0.621
20 51 0.930
20 52 0.246
20 53 0.696
20 54 0.668
20 55 0.372
20 56 1.686
20 57 0.521
20 58 1.160
20 59 0.164
20 60 1.008
20 61 0.149
20 62 0.270
20 63 0.309
20 64 0.924
20 65 0.363
20 66 0.779
20 67 0.099
20 68 1.681
20 69 1.972
20 70 0.374
20 71 0.389
20 72 1.145
20 73 0.627
20 74 0.304
20 75 0.618
20 76 1.356
20 77 0.726
20 78 1.344
20 79 0.104
20 80 1.293
20 81 0.352
20 82 0.292
20 83 0.233
20 84 0.403
20 85 1.070
20 86 1.384
20 87 0.114
20 88 0.560
20 89 0.424
20 90 1.091
20 91 0.053
20 92 0.238
20 93 0.713
20 94 1.250
20 95 1.078
20 96 0.716
20 97 0.532
20 98 1.031
20 99 0.544
21 22 0.718
21 23 0.572
21 24 0.313
21 25 1.065
21 26 0.207
21 27 0.308
21 28 0.286
21 29 0.615
21 30 0.442
21 31 0.243
21 32 0.156
21 33 0.064
21 34 0.576
21 35 0.475
21 36 0.870
21 37 0.994
21 38 0.892
21 39 0.044
21 40 0.345
21 41 0.151
21 42 0.568
21 43 0.691
21 44 0.228
21 45 0.840
21 46 0.255
21 47 0.310
21 48 0.413
21 49 0.292
21 50 1.021
21 51 0.509
21 52 0.671
21 53 0.306
21 54 0.359
21 55 0.126
21 56 1.251
21 57 0.101
21 58 0.729
21 59 0.290
21 60 0.596
21 61 0.560
21 62 0.476
21 63 0.447
21 64 0.494
21 65 0.091
21 66 0.343
21 67 0.341
21 68 1.249
21 69 1.536
21 70 0.211
21 71 0.131
21 72 0.732
21 73 0.201
21 74 0.439
21 75 0.211
21 76 0.924
21 77 0.290
21 78 0.910
21 79 0.536
21 80 1.724
21 81 0.474
21 82 0.699
21 83 0.669
21 84 0.079
21 85 0.633
21 86 0.973
21 87 0.508
21 88 0.141
21 89 0.839
21 90 0.655
21 91 0.482
21 92 0.199
21 93 0.327
21 94 0.821
21 95 0.647
21 96 0.281
21 97 0.137
21 98 0.595
21 99 0.350
22 23 1.283
22 24 0.708
22 25 0.475
22 26 0.547
22 27 0.480
22 28 0.446
22 29 1.290
22 30 1.042
22 31 0.780
22 32 0.680
22 33 0.702
22 34 1.206
22 35 1.179
22 36 1.548
22 37 1.696
22 38 1.577
22 39 0.761
22 40 0.417
22 41 0.850
22 42 1.264
22 43 0.070
22 44 0.498
22 45 0.236
22 46 0.967
22 47 0.408
22 48 1.130
22 49 0.550
22 50 0.303
22 51 1.162
22 52 0.306
22 53 0.915
22 54 0.839
22 55 0.684
22 56 1.930
22 57 0.814
22 58 1.400
22 59 0.487
22 60 1.225
22 61 0.181
22 62 0.295
22 63 0.356
22 64 1.211
22 65 0.631
22 66 1.047
22 67 0.396
22 68 1.919
22 69 2.231
22 70 0.577
22 71 0.629
22 72 1.358
22 73 0.918
22 74 0.359
22 75 0.859
22 76 1.596
22 77 1.000
22 78 1.593
22 79 0.236
22 80 1.023
22 81 0.655
22 82 0.055
22 83 0.198
22 84 0.662
22 85 1.337
22 86 1.588
22 87 0.361
22 88 0.855
22 89 0.139
22 90 1.350
22 91 0.277
22 92 0.527
22 93 0.927
22 94 1.485
22 95 1.322
22 96 0.983
22 97 0.835
22 98 1.300
22 99 0.679
23 24 0.662
23 25 1.632
23 26 0.773
23 27 0.870
23 28 0.858
23 29 0.176
23 30 0.378
23 31 0.549
23 32 0.614
23 33 0.606
23 34 0.301
23 35 0.111
23 36 0.341
23 37 0.424
23 38 0.345
23 39 0.528
23 40 0.914
23 41 0.433
23 42 0.087
23 43 1.260
23 44 0.801
23 45 1.412
23 46 0.318
23 47 0.877
23 48 0.176
23 49 0.770
23 50 1.583
23 51 0.245
23 52 1.236
23 53 0.423
23 54 0.568
23 55 0.650
23 56 0.699
23 57 0.489
23 58 0.247
23 59 0.854
23 60 0.306
23 61 1.131
23 62 1.015
23 63 0.970
23 64 0.106
23 65 0.654
23 66 0.237
23 67 0.913
23 68 0.707
23 69 0.967
23 70 0.717
23 71 0.655
23 72 0.358
23 73 0.385
23 74 0.963
23 75 0.438
23 76 0.399
23 77 0.284
23 78 0.366
23 79 1.108
23 80 2.296
23 81 0.948
23 82 1.268
23 83 1.241
23 84 0.621
23 85 0.076
23 86 0.542
23 87 1.071
23 88 0.452
23 89 1.409
23 90 0.123
23 91 1.054
23 92 0.771
23 93 0.425
23 94 0.330
23 95 0.192
23 96 0.301
23 97 0.489
23 98 0.048
23 99 0.712
24 25 1.145
24 26 0.418
24 27 0.497
24 28 0.422
24 29 0.615
24 30 0.343
24 31 0.118
24 32 0.159
24 33 0.370
24 34 0.508
24 35 0.551
24 36 0.864
24 37 1.034
24 38 0.899
24 39 0.315
24 40 0.494
24 41 0.303
24 42 0.616
24 43 0.711
24 44 0.381
24 45 0.900
24 46 0.403
24 47 0.379
24 48 0.562
24 49 0.162
24 50 0.986
24 51 0.480
24 52 0.792
24 53 0.241
24 54 0.130
24 55 0.423
24 56 1.240
24 57 0.377
24 58 0.715
24 59 0.479
24 60 0.526
24 61 0.609
24 62 0.414
24 63 0.354
24 64 0.627
24 65 0.281
24 66 0.442
24 67 0.460
24 68 1.223
24 69 1.551
24 70 0.182
24 71 0.215
24 72 0.654
24 73 0.424
24 74 0.350
24 75 0.241
24 76 0.907
24 77 0.423
24 78 0.912
24 79 0.618
24 80 1.726
24 81 0.738
24 82 0.713
24 83 0.746
24 84 0.251
24 85 0.695
24 86 0.880
24 87 0.658
24 88 0.402
24 89 0.847
24 90 0.693
24 91 0.574
24 92 0.369
24 93 0.243
24 94 0.793
24 95 0.643
24 96 0.389
24 97 0.426
24 98 0.662
24 99 0.051
25 26 0.860
25 27 0.762
25 28 0.782
25 29 1.676
25 30 1.457
25 31 1.194
25 32 1.078
25 33 1.026
25 34 1.614
25 35 1.539
25 36 1.933
25 37 2.056
25 38 1.956
25 39 1.109
25 40 0.720
25 41 1.213
25 42 1.633
25 43 0.445
25 44 0.840
25 45 0.248
25 46 1.318
25 47 0.786
25 48 1.463
25 49 0.983
25 50 0.402
25 51 1.559
25 52 0.398
25 53 1.321
25 54 1.273
25 55 0.984
25 56 2.315
25 57 1.144
25 58 1.790
25 59 0.778
25 60 1.634
25 61 0.537
25 62 0.749
25 63 0.812
25 64 1.544
25 65 0.993
25 66 1.407
25 67 0.728
25 68 2.311
25 69 2.599
25 70 0.986
25 71 1.015
25 72 1.771
25 73 1.248
25 74 0.812
25 75 1.247
25 76 1.986
25 77 1.353
25 78 1.974
25 79 0.538
25 80 0.715
25 81 0.775
25 82 0.447
25 83 0.404
25 84 1.033
25 85 1.697
25 86 2.008
25 87 0.563
25 88 1.181
25 89 0.350
25 90 1.720
25 91 0.589
25 92 0.868
25 93 1.336
25 94 1.880
25 95 1.708
25 96 1.345
25 97 1.147
25 98 1.658
25 99 1.125
26 27 0.101
26 28 0.103
26 29 0.822
26 30 0.636
26 31 0.399
26 32 0.278
26 33 0.167
26 34 0.778
26 35 0.680
26 36 1.077
26 37 1.196
26 38 1.097
26 39 0.250
26 40 0.142
26 41 0.358
26 42 0.773
26 43 0.509
26 44 0.067
26 45 0.642
26 46 0.458
26 47 0.167
26 48 0.606
26 49 0.308
26 50 0.848
26 51 0.714
26 52 0.465
26 53 0.497
26 54 0.508
26 55 0.137
26 56 1.457
26 57 0.285
26 58 0.936
26 59 0.083
26 60 0.799
26 61 0.375
26 62 0.364
26 63 0.362
26 64 0.687
26 65 0.155
26 66 0.548
26 67 0.152
26 68 1.456
26 69 1.739
26 70 0.242
26 71 0.209
26 72 0.936
26 73 0.390
26 74 0.353
26 75 0.408
26 76 1.131
26 77 0.493
26 78 1.116
26 79 0.341
26 80 1.531
26 81 0.322
26 82 0.520
26 83 0.470
26 84 0.198
26 85 0.836
26 86 1.176
26 87 0.302
26 88 0.323
26 89 0.656
26 90 0.860
26 91 0.288
26 92 0.056
26 93 0.516
26 94 1.028
26 95 0.854
26 96 0.487
26 97 0.294
26 98 0.798
26 99 0.433
27 28 0.089
27 29 0.923
27 30 0.735
27 31 0.492
27 32 0.369
27 33 0.264
27 34 0.879
27 35 0.779
27 36 1.177
27 37 1.294
27 38 1.198
27 39 0.351
27 40 0.063
27 41 0.459
27 42 0.873
27 43 0.433
27 44 0.115
27 45 0.550
27 46 0.557
27 47 0.167
27 48 0.701
27 49 0.367
27 50 0.775
27 51 0.815
27 52 0.366
27 53 0.596
27 54 0.597
27 55 0.224
27 56 1.557
27 57 0.382
27 58 1.037
27 59 0.019
27 60 0.900
27 61 0.300
27 62 0.350
27 63 0.365
27 64 0.783
27 65 0.252
27 66 0.648
27 67 0.101
27 68 1.556
27 69 1.837
27 70 0.315
27 71 0.299
27 72 1.036
27 73 0.486
27 74 0.357
27 75 0.508
27 76 1.232
27 77 0.592
27 78 1.216
27 79 0.257
27 80 1.441
27 81 0.269
27 82 0.445
27 83 0.379
27 84 0.295
27 85 0.935
27 86 1.277
27 87 0.201
27 88 0.418
27 89 0.577
27 90 0.960
27 91 0.206
27 92 0.131
27 93 0.614
27 94 1.129
27 95 0.955
27 96 0.587
27 97 0.386
27 98 0.897
27 99 0.505
28 29 0.894
28 30 0.686
28 31 0.432
28 32 0.310
28 33 0.259
28 34 0.838
28 35 0.761
28 36 1.151
28 37 1.280
28 38 1.175
28 39 0.330
28 40 0.072
28 41 0.432
28 42 0.853
28 43 0.410
28 44 0.058
28 45 0.554
28 46 0.541
28 47 0.079
28 48 0.696
28 49 0.283
28 50 0.747
28 51 0.779
28 52 0.394
28 53 0.547
28 54 0.531
28 55 0.238
28 56 1.534
28 57 0.375
28 58 1.008
28 59 0.079
28 60 0.858
28 61 0.277
28 62 0.271
28 63 0.280
28 64 0.778
28 65 0.211
28 66 0.628
28 67 0.054
28 68 1.530
28 69 1.821
28 70 0.240
28 71 0.241
28 72 0.995
28 73 0.481
28 74 0.272
28 75 0.467
28 76 1.204
28 77 0.576
28 78 1.192
28 79 0.250
28 80 1.439
28 81 0.359
28 82 0.420
28 83 0.383
28 84 0.251
28 85 0.919
28 86 1.235
28 87 0.242
28 88 0.415
28 89 0.558
28 90 0.940
28 91 0.196
28 92 0.087
28 93 0.564
28 94 1.098
28 95 0.926
28 96 0.565
28 97 0.391
28 98 0.881
28 99 0.425
29 30 0.282
29 31 0.517
29 32 0.611
29 33 0.662
29 34 0.148
29 35 0.172
29 36 0.258
29 37 0.419
29 38 0.287
29 39 0.572
29 40 0.957
29 41 0.464
29 42 0.094
29 43 1.277
29 44 0.836
29 45 1.444
29 46 0.374
29 47 0.897
29 48 0.299
29 49 0.750
29 50 1.584
29 51 0.136
29 52 1.285
29 53 0.380
29 54 0.499
29 55 0.716
29 56 0.642
29 57 0.551
29 58 0.115
29 59 0.905
29 60 0.145
29 61 1.154
29 62 1.007
29 63 0.954
29 64 0.261
29 65 0.683
29 66 0.282
29 67 0.947
29 68 0.636
29 69 0.941
29 70 0.713
29 71 0.666
29 72 0.184
29 73 0.462
29 74 0.949
29 75 0.433
29 76 0.310
29 77 0.340
29 78 0.303
29 79 1.140
29 80 2.312
29 81 1.043
29 82 1.283
29 83 1.275
29 84 0.644
29 85 0.135
29 86 0.391
29 87 1.123
29 88 0.523
29 89 1.423
29 90 0.098
29 91 1.088
29 92 0.808
29 93 0.373
29 94 0.207
29 95 0.033
29 96 0.337
29 97 0.567
29 98 0.133
29 99 0.661
30 31 0.264
30 32 0.379
30 33 0.503
30 34 0.165
30 35 0.281
30 36 0.522
30 37 0.699
30 38 0.560
30 39 0.407
30 40 0.756
30 41 0.306
30 42 0.308
30 43 1.037
30 44 0.631
30 45 1.216
30 46 0.292
30 47 0.671
30 48 0.362
30 49 0.492
30 50 1.327
30 51 0.148
30 52 1.079
30 53 0.139
30 54 0.220
30 55 0.564
30 56 0.897
30 57 0.422
30 58 0.374
30 59 0.716
30 60 0.184
30 61 0.923
30 62 0.750
30 63 0.693
30 64 0.390
30 65 0.482
30 66 0.248
30 67 0.736
30 68 0.880
30 69 1.208
30 70 0.471
30 71 0.445
30 72 0.317
30 73 0.378
30 74 0.689
30 75 0.231
30 76 0.564
30 77 0.279
30 78 0.571
30 79 0.919
30 80 2.063
30 81 0.913
30 82 1.041
30 83 1.053
30 84 0.439
30 85 0.387
30 86 0.552
30 87 0.926
30 88 0.412
30 89 1.178
30 90 0.371
30 91 0.869
30 92 0.607
30 93 0.121
30 94 0.450
30 95 0.307
30 96 0.247
30 97 0.458
30 98 0.361
30 99 0.385
31 32 0.124
31 33 0.307
31 34 0.426
31 35 0.438
31 36 0.772
31 37 0.933
31 38 0.804
31 39 0.230
31 40 0.504
31 41 0.193
31 42 0.508
31 43 0.773
31 44 0.382
31 45 0.953
31 46 0.285
31 47 0.410
31 48 0.444
31 49 0.233
31 50 1.069
31 51 0.385
31 52 0.822
31 53 0.137
31 54 0.115
31 55 0.367
31 56 1.152
31 57 0.283
31 58 0.623
31 59 0.474
31 60 0.446
31 61 0.660
31 62 0.491
31 63 0.437
31 64 0.510
31 65 0.246
31 66 0.324
31 67 0.479
31 68 1.139
31 69 1.458
31 70 0.208
31 71 0.193
31 72 0.580
31 73 0.313
31 74 0.432
31 75 0.123
31 76 0.818
31 77 0.304
31 78 0.818
31 79 0.658
31 80 1.803
31 81 0.706
31 82 0.778
31 83 0.791
31 84 0.205
31 85 0.586
31 86 0.815
31 87 0.674
31 88 0.301
31 89 0.915
31 90 0.588
31 91 0.609
31 92 0.361
31 93 0.147
31 94 0.706
31 95 0.547
31 96 0.270
31 97 0.331
31 98 0.552
31 99 0.170
32 33 0.211
32 34 0.536
32 35 0.506
32 36 0.869
32 37 1.018
32 38 0.898
32 39 0.165
32 40 0.381
32 41 0.193
32 42 0.587
32 43 0.667
32 44 0.258
32 45 0.840
32 46 0.312
32 47 0.293
32 48 0.481
32 49 0.164
32 50 0.975
32 51 0.485
32 52 0.701
32 53 0.243
32 54 0.231
32 55 0.264
32 56 1.252
32 57 0.232
32 58 0.721
32 59 0.350
32 60 0.556
32 61 0.547
32 62 0.402
32 63 0.357
32 64 0.556
32 65 0.128
32 66 0.378
32 67 0.358
32 68 1.242
32 69 1.551
32 70 0.104
32 71 0.070
32 72 0.693
32 73 0.302
32 74 0.350
32 75 0.179
32 76 0.919
32 77 0.340
32 78 0.913
32 79 0.541
32 80 1.702
32 81 0.590
32 82 0.672
32 83 0.675
32 84 0.092
32 85 0.662
32 86 0.930
32 87 0.552
32 88 0.264
32 89 0.812
32 90 0.672
32 91 0.490
32 92 0.238
32 93 0.258
32 94 0.808
32 95 0.642
32 96 0.315
32 97 0.279
32 98 0.625
32 99 0.194
33 34 0.632
33 35 0.515
33 36 0.915
33 37 1.030
33 38 0.934
33 39 0.096
33 40 0.309
33 41 0.204
33 42 0.610
33 43 0.669
33 44 0.205
33 45 0.809
33 46 0.293
33 47 0.299
33 48 0.439
33 49 0.327
33 50 1.005
33 51 0.562
33 52 0.630
33 53 0.369
33 54 0.422
33 55 0.062
33 56 1.294
33 57 0.118
33 58 0.777
33 59 0.248
33 60 0.653
33 61 0.536
33 62 0.480
33 63 0.459
33 64 0.521
33 65 0.109
33 66 0.385
33 67 0.313
33 68 1.294
33 69 1.573
33 70 0.245
33 71 0.169
33 72 0.787
33 73 0.223
33 74 0.450
33 75 0.272
33 76 0.970
33 77 0.328
33 78 0.953
33 79 0.506
33 80 1.696
33 81 0.411
33 82 0.679
33 83 0.637
33 84 0.122
33 85 0.671
33 86 1.028
33 87 0.465
33 88 0.156
33 89 0.818
33 90 0.696
33 91 0.453
33 92 0.176
33 93 0.390
33 94 0.869
33 95 0.695
33 96 0.325
33 97 0.132
33 98 0.633
33 99 0.403
34 35 0.244
34 36 0.360
34 37 0.546
34 38 0.400
34 39 0.537
34 40 0.906
34 41 0.428
34 42 0.215
34 43 1.199
34 44 0.781
34 45 1.376
34 46 0.371
34 47 0.829
34 48 0.364
34 49 0.656
34 50 1.492
34 51 0.082
34 52 1.232
34 53 0.293
34 54 0.383
34 55 0.691
34 56 0.732
34 57 0.534
34 58 0.215
34 59 0.861
34 60 0.021
34 61 1.083
34 62 0.915
34 63 0.859
34 64 0.356
34 65 0.629
34 66 0.293
34 67 0.889
34 68 0.715
34 69 1.044
34 70 0.632
34 71 0.599
34 72 0.158
34 73 0.465
34 74 0.854
34 75 0.372
34 76 0.400
34 77 0.345
34 78 0.410
34 79 1.076
34 80 2.228
34 81 1.034
34 82 1.204
34 83 1.211
34 84 0.587
34 85 0.279
34 86 0.398
34 87 1.075
34 88 0.515
34 89 1.341
34 90 0.246
34 91 1.025
34 92 0.756
34 93 0.280
34 94 0.285
34 95 0.162
34 96 0.326
34 97 0.561
34 98 0.266
34 99 0.549
35 36 0.404
35 37 0.519
35 38 0.420
35 39 0.431
35 40 0.820
35 41 0.331
35 42 0.096
35 43 1.159
35 44 0.703
35 45 1.315
35 46 0.222
35 47 0.775
35 48 0.128
35 49 0.661
35 50 1.478
35 51 0.170
35 52 1.144
35 53 0.313
35 54 0.459
35 55 0.564
35 56 0.779
35 57 0.399
35 58 0.279
35 59 0.762
35 60 0.256
35 61 1.031
35 62 0.908
35 63 0.861
35 64 0.115
35 65 0.554
35 66 0.133
35 67 0.815
35 68 0.781
35 69 1.060
35 70 0.609
35 71 0.550
35 72 0.347
35 73 0.301
35 74 0.855
35 75 0.329
35 76 0.461
35 77 0.187
35 78 0.439
35 79 1.011
35 80 2.195
35 81 0.879
35 82 1.166
35 83 1.144
35 84 0.518
35 85 0.159
35 86 0.564
35 87 0.980
35 88 0.366
35 89 1.306
35 90 0.182
35 91 0.957
35 92 0.674
35 93 0.316
35 94 0.371
35 95 0.202
35 96 0.197
35 97 0.407
35 98 0.121
35 99 0.602
36 37 0.203
36 38 0.049
36 39 0.826
36 40 1.214
36 41 0.720
36 42 0.308
36 43 1.535
36 44 1.093
36 45 1.703
36 46 0.622
36 47 1.156
36 48 0.512
36 49 1.005
36 50 1.840
36 51 0.387
36 52 1.541
36 53 0.634
36 54 0.742
36 55 0.966
36 56 0.383
36 57 0.801
36 58 0.149
36 59 1.160
36 60 0.345
36 61 1.413
36 62 1.263
36 63 1.209
36 64 0.446
36 65 0.941
36 66 0.530
36 67 1.205
36 68 0.379
36 69 0.687
36 70 0.971
36 71 0.925
36 72 0.252
36 73 0.705
36 74 1.204
36 75 0.692
36 76 0.059
36 77 0.588
36 78 0.051
36 79 1.399
36 80 2.570
36 81 1.281
36 82 1.541
36 83 1.533
36 84 0.902
36 85 0.265
36 86 0.259
36 87 1.378
36 88 0.769
36 89 1.681
36 90 0.225
36 91 1.346
36 92 1.065
36 93 0.626
36 94 0.085
36 95 0.227
36 96 0.590
36 97 0.811
36 98 0.299
36 99 0.907
37 38 0.155
37 39 0.950
37 40 1.337
37 41 0.850
37 42 0.431
37 43 1.677
37 44 1.222
37 45 1.834
37 46 0.740
37 47 1.294
37 48 0.597
37 49 1.165
37 50 1.993
37 51 0.555
37 52 1.660
37 53 0.796
37 54 0.918
37 55 1.074
37 56 0.298
37 57 0.913
37 58 0.331
37 59 1.278
37 60 0.533
37 61 1.550
37 62 1.418
37 63 1.368
37 64 0.518
37 65 1.073
37 66 0.652
37 67 1.334
37 68 0.326
37 69 0.543
37 70 1.121
37 71 1.067
37 72 0.454
37 73 0.809
37 74 1.362
37 75 0.838
37 76 0.202
37 77 0.704
37 78 0.155
37 79 1.530
37 80 2.714
37 81 1.363
37 82 1.684
37 83 1.663
37 84 1.037
37 85 0.361
37 86 0.422
37 87 1.495
37 88 0.877
37 89 1.825
37 90 0.346
37 91 1.476
37 92 1.193
37 93 0.791
37 94 0.288
37 95 0.392
37 96 0.716
37 97 0.913
37 98 0.399
37 99 1.080
38 39 0.848
38 40 1.236
38 41 0.743
38 42 0.324
38 43 1.563
38 44 1.117
38 45 1.728
38 46 0.641
38 47 1.182
38 48 0.520
38 49 1.038
38 50 1.871
38 51 0.420
38 52 1.562
38 53 0.667
38 54 0.779
38 55 0.983
38 56 0.360
38 57 0.819
38 58 0.185
38 59 1.180
38 60 0.386
38 61 1.439
38 62 1.294
38 63 1.242
38 64 0.450
38 65 0.965
38 66 0.550
38 67 1.229
38 68 0.363
38 69 0.654
38 70 1.000
38 71 0.952
38 72 0.299
38 73 0.720
38 74 1.236
38 75 0.719
38 76 0.076
38 77 0.606
38 78 0.022
38 79 1.423
38 80 2.599
38 81 1.292
38 82 1.569
38 83 1.558
38 84 0.927
38 85 0.271
38 86 0.298
38 87 1.399
38 88 0.786
38 89 1.709
38 90 0.238
38 91 1.370
38 92 1.088
38 93 0.659
38 94 0.133
38 95 0.257
38 96 0.611
38 97 0.826
38 98 0.308
38 99 0.944
39 40 0.389
39 41 0.109
39 42 0.524
39 43 0.734
39 44 0.272
39 45 0.885
39 46 0.210
39 47 0.353
39 48 0.370
39 49 0.315
39 50 1.063
39 51 0.468
39 52 0.715
39 53 0.275
39 54 0.344
39 55 0.157
39 56 1.207
39 57 0.069
39 58 0.686
39 59 0.333
39 60 0.557
39 61 0.603
39 62 0.514
39 63 0.481
39 64 0.451
39 65 0.130
39 66 0.299
39 67 0.385
39 68 1.206
39 69 1.492
39 70 0.237
39 71 0.158
39 72 0.692
39 73 0.160
39 74 0.473
39 75 0.178
39 76 0.881
39 77 0.245
39 78 0.866
39 79 0.580
39 80 1.768
39 81 0.506
39 82 0.742
39 83 0.713
39 84 0.108
39 85 0.589
39 86 0.933
39 87 0.552
39 88 0.106
39 89 0.883
39 90 0.611
39 91 0.526
39 92 0.243
39 93 0.296
39 94 0.778
39 95 0.604
39 96 0.237
39 97 0.114
39 98 0.551
39 99 0.356
40 41 0.494
40 42 0.913
40 43 0.373
40 44 0.125
40 45 0.500
40 46 0.598
40 47 0.131
40 48 0.748
40 49 0.351
40 50 0.714
40 51 0.845
40 52 0.328
40 53 0.617
40 54 0.603
40 55 0.276
40 56 1.596
40 57 0.427
40 58 1.072
40 59 0.070
40 60 0.926
40 61 0.239
40 62 0.296
40 63 0.318
40 64 0.830
40 65 0.277
40 66 0.687
40 67 0.047
40 68 1.593
40 69 1.880
40 70 0.312
40 71 0.312
40 72 1.063
40 73 0.532
40 74 0.311
40 75 0.534
40 76 1.268
40 77 0.633
40 78 1.254
40 79 0.200
40 80 1.388
40 81 0.313
40 82 0.384
40 83 0.328
40 84 0.319
40 85 0.977
40 86 1.303
40 87 0.171
40 88 0.465
40 89 0.518
40 90 1.000
40 91 0.147
40 92 0.150
40 93 0.635
40 94 1.163
40 95 0.990
40 96 0.625
40 97 0.436
40 98 0.939
40 99 0.495
41 42 0.421
41 43 0.828
41 44 0.374
41 45 0.986
41 46 0.120
41 47 0.445
41 48 0.289
41 49 0.357
41 50 1.150
41 51 0.359
41 52 0.821
41 53 0.184
41 54 0.289
41 55 0.263
41 56 1.102
41 57 0.117
41 58 0.579
41 59 0.441
41 60 0.449
41 61 0.700
41 62 0.587
41 63 0.546
41 64 0.366
41 65 0.223
41 66 0.198
41 67 0.486
41 68 1.099
41 69 1.390
41 70 0.292
41 71 0.223
41 72 0.584
41 73 0.121
41 74 0.539
41 75 0.090
41 76 0.774
41 77 0.151
41 78 0.761
41 79 0.681
41 80 1.864
41 81 0.609
41 82 0.835
41 83 0.815
41 84 0.188
41 85 0.490
41 86 0.824
41 87 0.659
41 88 0.117
41 89 0.976
41 90 0.508
41 91 0.627
41 92 0.345
41 93 0.205
41 94 0.670
41 95 0.497
41 96 0.134
41 97 0.158
41 98 0.452
41 99 0.352
42 43 1.246
42 44 0.795
42 45 1.406
42 46 0.317
42 47 0.864
42 48 0.213
42 49 0.737
42 50 1.562
42 51 0.166
42 52 1.238
42 53 0.375
42 54 0.511
42 55 0.659
42 56 0.684
42 57 0.494
42 58 0.186
42 59 0.856
42 60 0.219
42 61 1.120
42 62 0.988
42 63 0.939
42 64 0.168
42 65 0.644
42 66 0.226
42 67 0.907
42 68 0.685
42 69 0.970
42 70 0.691
42 71 0.636
42 72 0.277
42 73 0.397
42 74 0.933
42 75 0.408
42 76 0.365
42 77 0.281
42 78 0.343
42 79 1.102
42 80 2.283
42 81 0.975
42 82 1.253
42 83 1.236
42 84 0.607
42 85 0.080
42 86 0.477
42 87 1.075
42 88 0.462
42 89 1.394
42 90 0.087
42 91 1.048
42 92 0.766
42 93 0.373
42 94 0.277
42 95 0.116
42 96 0.288
42 97 0.503
42 98 0.054
42 99 0.664
43 44 0.465
43 45 0.198
43 46 0.943
43 47 0.383
43 48 1.103
43 49 0.550
43 50 0.341
43 51 1.152
43 52 0.237
43 53 0.907
43 54 0.841
43 55 0.645
43 56 1.919
43 57 0.784
43 58 1.388
43 59 0.442
43 60 1.219
43 61 0.134
43 62 0.305
43 63 0.368
43 64 1.184
43 65 0.606
43 66 1.026
43 67 0.357
43 68 1.909
43 69 2.215
43 70 0.567
43 71 0.612
43 72 1.353
43 73 0.889
43 74 0.369
43 75 0.844
43 76 1.585
43 77 0.977
43 78 1.579
43 79 0.180
43 80 1.037
43 81 0.592
43 82 0.015
43 83 0.128
43 84 0.640
43 85 1.317
43 86 1.586
43 87 0.298
43 88 0.824
43 89 0.149
43 90 1.333
43 91 0.227
43 92 0.494
43 93 0.919
43 94 1.475
43 95 1.309
43 96 0.962
43 97 0.801
43 98 1.279
43 99 0.686
44 45 0.612
44 46 0.483
44 47 0.102
44 48 0.639
44 49 0.255
44 50 0.800
44 51 0.722
44 52 0.451
44 53 0.493
44 54 0.484
44 55 0.191
44 56 1.476
44 57 0.319
44 58 0.950
44 59 0.098
44 60 0.802
44 61 0.333
44 62 0.298
44 63 0.294
44 64 0.721
44 65 0.153
44 66 0.570
44 67 0.112
44 68 1.472
44 69 1.763
44 70 0.200
44 71 0.189
44 72 0.939
44 73 0.424
44 74 0.286
44 75 0.410
44 76 1.147
44 77 0.518
44 78 1.134
44 79 0.308
44 80 1.496
44 81 0.372
44 82 0.474
44 83 0.441
44 84 0.195
44 85 0.861
44 86 1.179
44 87 0.295
44 88 0.359
44 89 0.614
44 90 0.882
44 91 0.254
44 92 0.030
44 93 0.510
44 94 1.040
44 95 0.869
44 96 0.507
44 97 0.337
44 98 0.823
44 99 0.390
45 46 1.095
45 47 0.548
45 48 1.248
45 49 0.737
45 50 0.310
45 51 1.324
45 52 0.216
45 53 1.083
45 54 1.028
45 55 0.773
45 56 2.086
45 57 0.926
45 58 1.557
45 59 0.564
45 60 1.396
45 61 0.293
45 62 0.501
45 63 0.564
45 64 1.329
45 65 0.763
45 66 1.182
45 67 0.500
45 68 2.079
45 69 2.376
45 70 0.745
45 71 0.779
45 72 1.532
45 73 1.032
45 74 0.565
45 75 1.012
45 76 1.754
45 77 1.130
45 78 1.745
45 79 0.305
45 80 0.890
45 81 0.629
45 82 0.202
45 83 0.172
45 84 0.801
45 85 1.474
45 86 1.768
45 87 0.364
45 88 0.965
45 89 0.145
45 90 1.493
45 91 0.358
45 92 0.641
45 93 1.097
45 94 1.646
45 95 1.477
45 96 1.119
45 97 0.935
45 98 1.435
45 99 0.878
46 47 0.560
46 48 0.169
46 49 0.475
46 50 1.268
46 51 0.292
46 52 0.922
46 53 0.215
46 54 0.357
46 55 0.344
46 56 1.001
46 57 0.179
46 58 0.488
46 59 0.540
46 60 0.391
46 61 0.813
46 62 0.706
46 63 0.666
46 64 0.247
46 65 0.337
46 66 0.092
46 67 0.595
46 68 1.001
46 69 1.282
46 70 0.411
46 71 0.342
46 72 0.517
46 73 0.093
46 74 0.658
46 75 0.163
46 76 0.678
46 77 0.035
46 78 0.660
46 79 0.790
46 80 1.977
46 81 0.671
46 82 0.951
46 83 0.924
46 84 0.304
46 85 0.379
46 86 0.753
46 87 0.758
46 88 0.150
46 89 1.091
46 90 0.403
46 91 0.737
46 92 0.454
46 93 0.233
46 94 0.581
46 95 0.406
46 96 0.046
46 97 0.194
46 98 0.341
46 99 0.454
47 48 0.722
47 49 0.226
47 50 0.710
47 51 0.776
47 52 0.415
47 53 0.535
47 54 0.497
47 55 0.292
47 56 1.539
47 57 0.408
47 58 1.010
47 59 0.158
47 60 0.849
47 61 0.257
47 62 0.197
47 63 0.200
47 64 0.803
47 65 0.223
47 66 0.643
47 67 0.087
47 68 1.532
47 69 1.833
47 70 0.204
47 71 0.231
47 72 0.985
47 73 0.511
47 74 0.192
47 75 0.465
47 76 1.207
47 77 0.594
47 78 1.199
47 79 0.248
47 80 1.420
47 81 0.436
47 82 0.391
47 83 0.382
47 84 0.257
47 85 0.934
47 86 1.223
47 87 0.281
47 88 0.448
47 89 0.531
47 90 0.950
47 91 0.199
47 92 0.127
47 93 0.550
47 94 1.098
47 95 0.929
47 96 0.578
47 97 0.431
47 98 0.896
47 99 0.373
48 49 0.644
48 50 1.432
48 51 0.284
48 52 1.066
48 53 0.344
48 54 0.495
48 55 0.479
48 56 0.875
48 57 0.322
48 58 0.399
48 59 0.686
48 60 0.378
48 61 0.972
48 62 0.875
48 63 0.835
48 64 0.081
48 65 0.499
48 66 0.126
48 67 0.750
48 68 0.883
48 69 1.139
48 70 0.581
48 71 0.511
48 72 0.475
48 73 0.216
48 74 0.828
48 75 0.322
48 76 0.570
48 77 0.142
48 78 0.541
48 79 0.945
48 80 2.135
48 81 0.773
48 82 1.112
48 83 1.076
48 84 0.470
48 85 0.249
48 86 0.689
48 87 0.901
48 88 0.283
48 89 1.252
48 90 0.288
48 91 0.891
48 92 0.610
48 93 0.355
48 94 0.490
48 95 0.326
48 96 0.173
48 97 0.317
48 98 0.213
48 99 0.613
49 50 0.836
49 51 0.618
49 52 0.633
49 53 0.371
49 54 0.291
49 55 0.362
49 56 1.385
49 57 0.385
49 58 0.856
49 59 0.351
49 60 0.675
49 61 0.447
49 62 0.258
49 63 0.204
49 64 0.718
49 65 0.218
49 66 0.537
49 67 0.312
49 68 1.371
49 69 1.691
49 70 0.082
49 71 0.161
49 72 0.807
49 73 0.464
49 74 0.199
49 75 0.332
49 76 1.051
49 77 0.503
49 78 1.052
49 79 0.457
49 80 1.572
49 81 0.627
49 82 0.553
49 83 0.584
49 84 0.213
49 85 0.814
49 86 1.037
49 87 0.506
49 88 0.420
49 89 0.688
49 90 0.819
49 91 0.415
49 92 0.252
49 93 0.380
49 94 0.938
49 95 0.780
49 96 0.476
49 97 0.427
49 98 0.778
49 99 0.148
50 51 1.454
50 52 0.509
50 53 1.206
50 54 1.116
50 55 0.985
50 56 2.221
50 57 1.117
50 58 1.691
50 59 0.784
50 60 1.511
50 61 0.475
50 62 0.578
50 63 0.633
50 64 1.513
50 65 0.933
50 66 1.347
50 67 0.696
50 68 2.207
50 69 2.525
50 70 0.872
50 71 0.929
50 72 1.641
50 73 1.221
50 74 0.638
50 75 1.155
50 76 1.887
50 77 1.301
50 78 1.886
50 79 0.520
50 80 0.743
50 81 0.914
50 82 0.329
50 83 0.425
50 84 0.964
50 85 1.636
50 86 1.864
50 87 0.626
50 88 1.158
50 89 0.204
50 90 1.647
50 91 0.568
50 92 0.829
50 93 1.215
50 94 1.774
50 95 1.615
50 96 1.283
50 97 1.137
50 98 1.599
50 99 0.951
51 52 1.172
51 53 0.248
51 54 0.364
51 55 0.620
51 56 0.768
51 57 0.460
51 58 0.238
51 59 0.797
51 60 0.100
51 61 1.032
51 62 0.876
51 63 0.822
51 64 0.284
51 65 0.568
51 66 0.211
51 67 0.831
51 68 0.757
51 69 1.073
51 70 0.586
51 71 0.545
51 72 0.227
51 73 0.385
51 74 0.817
51 75 0.312
51 76 0.434
51 77 0.264
51 78 0.434
51 79 1.022
51 80 2.185
51 81 0.959
51 82 1.157
51 83 1.156
51 84 0.527
51 85 0.242
51 86 0.466
51 87 1.013
51 88 0.438
51 89 1.296
51 90 0.223
51 91 0.970
51 92 0.695
51 93 0.239
51 94 0.323
51 95 0.163
51 96 0.248
51 97 0.484
51 98 0.220
51 99 0.525
52 53 0.941
52 54 0.912
52 55 0.587
52 56 1.922
52 57 0.747
52 58 1.399
52 59 0.382
52 60 1.253
52 61 0.215
52 62 0.448
52 63 0.504
52 64 1.147
52 65 0.604
52 66 1.013
52 67 0.344
52 68 1.920
52 69 2.203
52 70 0.618
52 71 0.634
52 72 1.390
52 73 0.851
52 74 0.501
52 75 0.861
52 76 1.595
52 77 0.958
52 78 1.580
52 79 0.180
52 80 1.092
52 81 0.414
52 82 0.251
52 83 0.108
52 84 0.646
52 85 1.301
52 86 1.629
52 87 0.165
52 88 0.784
52 89 0.311
52 90 1.325
52 91 0.218
52 92 0.478
52 93 0.958
52 94 1.490
52 95 1.318
52 96 0.951
52 97 0.750
52 98 1.263
52 99 0.781
53 54 0.151
53 55 0.431
53 56 1.016
53 57 0.300
53 58 0.486
53 59 0.577
53 60 0.314
53 61 0.789
53 62 0.628
53 63 0.575
53 64 0.398
53 65 0.343
53 66 0.218
53 67 0.598
53 68 1.003
53 69 1.321
53 70 0.340
53 71 0.307
53 72 0.450
53 73 0.281
53 74 0.569
53 75 0.098
53 76 0.682
53 77 0.219
53 78 0.681
53 79 0.783
53 80 1.938
53 81 0.780
53 82 0.912
53 83 0.918
53 84 0.300
53 85 0.454
53 86 0.688
53 87 0.788
53 88 0.299
53 89 1.050
53 90 0.453
53 91 0.732
53 92 0.468
53 93 0.022
53 94 0.569
53 95 0.410
53 96 0.182
53 97 0.341
53 98 0.421
53 99 0.290
54 55 0.482
54 56 1.114
54 57 0.392
54 58 0.594
54 59 0.579
54 60 0.400
54 61 0.736
54 62 0.544
54 63 0.484
54 64 0.549
54 65 0.357
54 66 0.370
54 67 0.574
54 68 1.095
54 69 1.427
54 70 0.294
54 71 0.300
54 72 0.525
54 73 0.405
54 74 0.481
54 75 0.203
54 76 0.783
54 77 0.366
54 78 0.791
54 79 0.741
54 80 1.856
54 81 0.820
54 82 0.843
54 83 0.871
54 84 0.318
54 85 0.592
54 86 0.750
54 87 0.771
54 88 0.404
54 89 0.977
54 90 0.583
54 91 0.695
54 92 0.466
54 93 0.144
54 94 0.668
54 95 0.526
54 96 0.329
54 97 0.439
54 98 0.561
54 99 0.167
55 56 1.343
55 57 0.165
55 58 0.830
55 59 0.209
55 60 0.712
55 61 0.511
55 62 0.484
55 63 0.470
55 64 0.560
55 65 0.147
55 66 0.436
55 67 0.288
55 68 1.345
55 69 1.617
55 70 0.282
55 71 0.213
55 72 0.846
55 73 0.265
55 74 0.461
55 75 0.334
55 76 1.022
55 77 0.378
55 78 1.002
55 79 0.476
55 80 1.663
55 81 0.349
55 82 0.656
55 83 0.602
55 84 0.172
55 85 0.717
55 86 1.086
55 87 0.421
55 88 0.198
55 89 0.792
55 90 0.745
55 91 0.423
55 92 0.165
55 93 0.452
55 94 0.923
55 95 0.749
55 96 0.379
55 97 0.163
55 98 0.679
55 99 0.452
56 57 1.178
56 58 0.531
56 59 1.540
56 60 0.714
56 61 1.796
56 62 1.643
56 63 1.589
56 64 0.800
56 65 1.324
56 66 0.910
56 67 1.588
56 68 0.060
56 69 0.321
56 70 1.353
56 71 1.308
56 72 0.594
56 73 1.079
56 74 1.584
56 75 1.075
56 76 0.334
56 77 0.966
56 78 0.342
56 79 1.782
56 80 2.953
56 81 1.647
56 82 1.924
56 83 1.916
56 84 1.285
56 85 0.627
56 86 0.429
56 87 1.759
56 88 1.145
56 89 2.064
56 90 0.598
56 91 1.728
56 92 1.448
56 93 1.006
56 94 0.447
56 95 0.610
56 96 0.971
56 97 1.185
56 98 0.665
56 99 1.281
57 58 0.666
57 59 0.366
57 60 0.555
57 61 0.652
57 62 0.577
57 63 0.547
57 64 0.403
57 65 0.191
57 66 0.271
57 67 0.429
57 68 1.180
57 69 1.455
57 70 0.306
57 71 0.226
57 72 0.686
57 73 0.105
57 74 0.539
57 75 0.204
57 76 0.857
57 77 0.213
57 78 0.838
57 79 0.624
57 80 1.813
57 81 0.500
57 82 0.793
57 83 0.755
57 84 0.176
57 85 0.554
57 86 0.925
57 87 0.583
57 88 0.041
57 89 0.933
57 90 0.581
57 91 0.570
57 92 0.290
57 93 0.321
57 94 0.759
57 95 0.584
57 96 0.215
57 97 0.048
57 98 0.516
57 99 0.421
58 59 1.019
58 60 0.202
58 61 1.266
58 62 1.114
58 63 1.060
58 64 0.347
58 65 0.797
58 66 0.395
58 67 1.061
58 68 0.522
58 69 0.836
58 70 0.823
58 71 0.778
58 72 0.149
58 73 0.574
58 74 1.055
58 75 0.545
58 76 0.197
58 77 0.454
58 78 0.197
58 79 1.254
58 80 2.422
58 81 1.155
58 82 1.394
58 83 1.389
58 84 0.757
58 85 0.179
58 86 0.295
58 87 1.238
58 88 0.637
58 89 1.533
58 90 0.126
58 91 1.201
58 92 0.922
58 93 0.477
58 94 0.093
58 95 0.082
58 96 0.452
58 97 0.680
58 98 0.199
58 99 0.759
59 60 0.881
59 61 0.309
59 62 0.345
59 63 0.357
59 64 0.767
59 65 0.234
59 66 0.631
59 67 0.100
59 68 1.539
59 69 1.821
59 70 0.298
59 71 0.280
59 72 1.018
59 73 0.470
59 74 0.350
59 75 0.489
59 76 1.214
59 77 0.575
59 78 1.199
59 79 0.268
59 80 1.454
59 81 0.281
59 82 0.454
59 83 0.393
59 84 0.277
59 85 0.919
59 86 1.259
59 87 0.219
59 88 0.403
59 89 0.587
59 90 0.943
59 91 0.216
59 92 0.113
59 93 0.596
59 94 1.111
59 95 0.938
59 96 0.570
59 97 0.371
59 98 0.880
59 99 0.488
60 61 1.103
60 62 0.934
60 63 0.877
60 64 0.367
60 65 0.650
60 66 0.311
60 67 0.909
60 68 0.697
60 69 1.028
60 70 0.652
60 71 0.620
60 72 0.137
60 73 0.484
60 74 0.873
60 75 0.392
60 76 0.383
60 77 0.364
60 78 0.395
60 79 1.097
60 80 2.247
60 81 1.054
60 82 1.223
60 83 1.231
60 84 0.608
60 85 0.279
60 86 0.377
60 87 1.096
60 88 0.535
60 89 1.361
60 90 0.243
60 91 1.045
60 92 0.776
60 93 0.300
60 94 0.269
60 95 0.155
60 96 0.346
60 97 0.581
60 98 0.269
60 99 0.567
61 62 0.234
61 63 0.293
61 64 1.053
61 65 0.477
61 66 0.898
61 67 0.224
61 68 1.788
61 69 2.090
61 70 0.451
61 71 0.488
61 72 1.239
61 73 0.757
61 74 0.291
61 75 0.721
61 76 1.464
61 77 0.847
61 78 1.456
61 79 0.062
61 80 1.165
61 81 0.483
61 82 0.145
61 83 0.139
61 84 0.513
61 85 1.189
61 86 1.474
61 87 0.195
61 88 0.691
61 89 0.282
61 90 1.207
61 91 0.096
61 92 0.362
61 93 0.803
61 94 1.354
61 95 1.186
61 96 0.834
61 97 0.667
61 98 1.151
61 99 0.591
62 63 0.063
62 64 0.953
62 65 0.386
62 66 0.779
62 67 0.251
62 68 1.630
62 69 1.948
62 70 0.298
62 71 0.364
62 72 1.065
62 73 0.674
62 74 0.064
62 75 0.581
62 76 1.309
62 77 0.738
62 78 1.309
62 79 0.272
62 80 1.314
62 81 0.607
62 82 0.305
62 83 0.370
62 84 0.407
62 85 1.064
62 86 1.293
62 87 0.376
62 88 0.617
62 89 0.434
62 90 1.072
62 91 0.254
62 92 0.320
62 93 0.638
62 94 1.196
62 95 1.037
62 96 0.715
62 97 0.608
62 98 1.027
62 99 0.384
63 64 0.912
63 65 0.357
63 66 0.734
63 67 0.271
63 68 1.574
63 69 1.895
63 70 0.255
63 71 0.327
63 72 1.008
63 73 0.640
63 74 0.009
63 75 0.533
63 76 1.255
63 77 0.696
63 78 1.256
63 79 0.326
63 80 1.372
63 81 0.630
63 82 0.368
63 83 0.430
63 84 0.373
63 85 1.016
63 86 1.234
63 87 0.420
63 88 0.586
63 89 0.495
63 90 1.023
63 91 0.302
63 92 0.312
63 93 0.583
63 94 1.141
63 95 0.984
63 96 0.672
63 97 0.581
63 98 0.980
63 99 0.323
64 65 0.580
64 66 0.185
64 67 0.832
64 68 0.811
64 69 1.060
64 70 0.657
64 71 0.589
64 72 0.444
64 73 0.298
64 74 0.905
64 75 0.390
64 76 0.505
64 77 0.216
64 78 0.471
64 79 1.027
64 80 2.216
64 81 0.847
64 82 1.193
64 83 1.158
64 84 0.550
64 85 0.181
64 86 0.642
64 87 0.982
64 88 0.365
64 89 1.333
64 90 0.227
64 91 0.973
64 92 0.691
64 93 0.406
64 94 0.433
64 95 0.283
64 96 0.243
64 97 0.397
64 98 0.150
64 99 0.678
65 66 0.421
65 67 0.264
65 68 1.319
65 69 1.613
65 70 0.136
65 71 0.067
65 72 0.787
65 73 0.290
65 74 0.349
65 75 0.258
65 76 0.994
65 77 0.371
65 78 0.982
65 79 0.458
65 80 1.642
65 81 0.463
65 82 0.614
65 83 0.593
65 84 0.043
65 85 0.712
65 86 1.027
65 87 0.446
65 88 0.231
65 89 0.755
65 90 0.731
65 91 0.405
65 92 0.127
65 93 0.362
65 94 0.887
65 95 0.716
65 96 0.357
65 97 0.224
65 98 0.674
65 99 0.307
66 67 0.682
66 68 0.909
66 69 1.193
66 70 0.481
66 71 0.418
66 72 0.431
66 73 0.181
66 74 0.728
66 75 0.206
66 76 0.586
66 77 0.058
66 78 0.568
66 79 0.878
66 80 2.062
66 81 0.762
66 82 1.033
66 83 1.011
66 84 0.385
66 85 0.292
66 86 0.664
66 87 0.849
66 88 0.241
66 89 1.174
66 90 0.312
66 91 0.824
66 92 0.541
66 93 0.229
66 94 0.489
66 95 0.314
66 96 0.064
66 97 0.285
66 98 0.254
66 99 0.493
67 68 1.583
67 69 1.876
67 70 0.280
67 71 0.291
67 72 1.046
67 73 0.535
67 74 0.264
67 75 0.519
67 76 1.258
67 77 0.630
67 78 1.246
67 79 0.195
67 80 1.384
67 81 0.359
67 82 0.368
67 83 0.329
67 84 0.304
67 85 0.974
67 86 1.286
67 87 0.198
67 88 0.469
67 89 0.505
67 90 0.994
67 91 0.142
67 92 0.141
67 93 0.614
67 94 1.151
67 95 0.980
67 96 0.619
67 97 0.444
67 98 0.935
67 99 0.458
68 69 0.358
68 70 1.342
68 71 1.300
68 72 0.572
68 73 1.082
68 74 1.569
68 75 1.067
68 76 0.325
68 77 0.966
68 78 0.343
68 79 1.776
68 80 2.942
68 81 1.655
68 82 1.914
68 83 1.911
68 84 1.279
68 85 0.634
68 86 0.389
68 87 1.757
68 88 1.148
68 89 2.053
68 90 0.600
68 91 1.723
68 92 1.444
68 93 0.992
68 94 0.434
68 95 0.603
68 96 0.969
68 97 1.188
68 98 0.670
68 99 1.262
69 70 1.654
69 71 1.604
69 72 0.913
69 73 1.352
69 74 1.890
69 75 1.372
69 76 0.645
69 77 1.246
69 78 0.640
69 79 2.071
69 80 3.252
69 81 1.900
69 82 2.222
69 83 2.205
69 84 1.576
69 85 0.903
69 86 0.747
69 87 2.038
69 88 1.419
69 89 2.362
69 90 0.883
69 91 2.017
69 92 1.734
69 93 1.312
69 94 0.759
69 95 0.911
69 96 1.257
69 97 1.455
69 98 0.941
69 99 1.593
70 71 0.080
70 72 0.787
70 73 0.391
70 74 0.247
70 75 0.283
70 76 1.019
70 77 0.441
70 78 1.016
70 79 0.451
70 80 1.600
70 81 0.564
70 82 0.572
70 83 0.583
70 84 0.132
70 85 0.766
70 86 1.023
70 87 0.478
70 88 0.343
70 89 0.711
70 90 0.775
70 91 0.403
70 92 0.190
70 93 0.353
70 94 0.908
70 95 0.744
70 96 0.417
70 97 0.347
70 98 0.729
70 99 0.191
71 72 0.756
71 73 0.314
71 74 0.319
71 75 0.233
71 76 0.976
71 77 0.374
71 78 0.968
71 79 0.477
71 80 1.648
71 81 0.525
71 82 0.618
71 83 0.612
71 84 0.051
71 85 0.708
71 86 0.995
71 87 0.483
71 88 0.263
71 89 0.758
71 90 0.722
71 91 0.426
71 92 0.168
71 93 0.324
71 94 0.867
71 95 0.698
71 96 0.354
71 97 0.266
71 98 0.670
71 99 0.240
72 73 0.610
72 74 1.003
72 75 0.529
72 76 0.275
72 77 0.487
72 78 0.303
72 79 1.233
72 80 2.379
72 81 1.186
72 82 1.357
72 83 1.367
72 84 0.745
72 85 0.304
72 86 0.241
72 87 1.233
72 88 0.664
72 89 1.494
72 90 0.254
72 91 1.182
72 92 0.913
72 93 0.435
72 94 0.167
72 95 0.166
72 96 0.474
72 97 0.710
72 98 0.312
72 99 0.692
73 74 0.632
73 75 0.202
73 76 0.762
73 77 0.123
73 78 0.740
73 79 0.729
73 80 1.919
73 81 0.581
73 82 0.898
73 83 0.860
73 84 0.267
73 85 0.453
73 86 0.845
73 87 0.686
73 88 0.067
73 89 1.038
73 90 0.482
73 91 0.675
73 92 0.395
73 93 0.301
73 94 0.668
73 95 0.494
73 96 0.139
73 97 0.106
73 98 0.415
73 99 0.472
74 75 0.527
74 76 1.250
74 77 0.689
74 78 1.250
74 79 0.323
74 80 1.376
74 81 0.623
74 82 0.369
74 83 0.429
74 84 0.365
74 85 1.010
74 86 1.230
74 87 0.415
74 88 0.578
74 89 0.498
74 90 1.017
74 91 0.297
74 92 0.303
74 93 0.578
74 94 1.136
74 95 0.979
74 96 0.665
74 97 0.573
74 98 0.973
74 99 0.320
75 76 0.742
75 77 0.181
75 78 0.735
75 79 0.710
75 80 1.880
75 81 0.683
75 82 0.850
75 83 0.844
75 84 0.216
75 85 0.483
75 86 0.770
75 87 0.704
75 88 0.208
75 89 0.990
75 90 0.492
75 91 0.657
75 92 0.384
75 93 0.119
75 94 0.634
75 95 0.465
75 96 0.148
75 97 0.248
75 98 0.447
75 99 0.292
76 77 0.644
76 78 0.058
76 79 1.451
76 80 2.619
76 81 1.339
76 82 1.591
76 83 1.586
76 84 0.954
76 85 0.324
76 86 0.226
76 87 1.433
76 88 0.826
76 89 1.730
76 90 0.283
76 91 1.398
76 92 1.119
76 93 0.672
76 94 0.115
76 95 0.278
76 96 0.645
76 97 0.868
76 98 0.357
76 99 0.949
77 78 0.624
77 79 0.825
77 80 2.012
77 81 0.704
77 82 0.985
77 83 0.959
77 84 0.338
77 85 0.344
77 86 0.722
77 87 0.794
77 88 0.183
77 89 1.125
77 90 0.368
77 91 0.772
77 92 0.489
77 93 0.235
77 94 0.547
77 95 0.372
77 96 0.038
77 97 0.227
77 98 0.306
77 99 0.474
78 79 1.440
78 80 2.615
78 81 1.313
78 82 1.585
78 83 1.575
78 84 0.944
78 85 0.292
78 86 0.284
78 87 1.417
78 88 0.805
78 89 1.725
78 90 0.257
78 91 1.387
78 92 1.106
78 93 0.673
78 94 0.135
78 95 0.272
78 96 0.629
78 97 0.845
78 98 0.328
78 99 0.956
79 80 1.190
79 81 0.422
79 82 0.193
79 83 0.135
79 84 0.497
79 85 1.169
79 86 1.471
79 87 0.133
79 88 0.663
79 89 0.320
79 90 1.189
79 91 0.054
79 92 0.337
79 93 0.798
79 94 1.343
79 95 1.173
79 96 0.814
79 97 0.635
79 98 1.131
79 99 0.604
80 81 1.489
80 82 1.030
80 83 1.061
80 84 1.677
80 85 2.354
80 86 2.605
80 87 1.252
80 88 1.853
80 89 0.890
80 90 2.370
80 91 1.244
80 92 1.525
80 93 1.949
80 94 2.508
80 95 2.344
80 96 1.998
80 97 1.825
80 98 2.316
80 99 1.692
81 82 0.607
81 83 0.489
81 84 0.501
81 85 1.021
81 86 1.424
81 87 0.294
81 88 0.522
81 89 0.710
81 90 1.057
81 91 0.394
81 92 0.376
81 93 0.801
81 94 1.248
81 95 1.075
81 96 0.712
81 97 0.477
81 98 0.985
81 99 0.755
82 83 0.143
82 84 0.648
82 85 1.325
82 86 1.590
82 87 0.313
82 88 0.833
82 89 0.141
82 90 1.340
82 91 0.239
82 92 0.504
82 93 0.924
82 94 1.480
82 95 1.315
82 96 0.969
82 97 0.811
82 98 1.287
82 99 0.687
83 84 0.632
83 85 1.302
83 86 1.605
83 87 0.203
83 88 0.793
83 89 0.221
83 90 1.323
83 91 0.188
83 92 0.470
83 93 0.932
83 94 1.478
83 95 1.308
83 96 0.948
83 97 0.764
83 98 1.264
83 99 0.729
84 85 0.677
84 86 0.985
84 87 0.489
84 88 0.214
84 89 0.788
84 90 0.694
84 91 0.444
84 92 0.169
84 93 0.319
84 94 0.847
84 95 0.676
84 96 0.321
84 97 0.215
84 98 0.639
84 99 0.281
85 86 0.471
85 87 1.136
85 88 0.519
85 89 1.465
85 90 0.053
85 91 1.115
85 92 0.832
85 93 0.453
85 94 0.257
85 95 0.140
85 96 0.356
85 97 0.558
85 98 0.038
85 99 0.744
86 87 1.473
86 88 0.901
86 89 1.725
86 90 0.420
86 91 1.420
86 92 1.154
86 93 0.672
86 94 0.219
86 95 0.363
86 96 0.711
86 97 0.947
86 98 0.494
86 99 0.914
87 88 0.619
87 89 0.422
87 90 1.161
87 91 0.124
87 92 0.320
87 93 0.805
87 94 1.329
87 95 1.156
87 96 0.788
87 97 0.584
87 98 1.098
87 99 0.654
88 89 0.973
88 90 0.548
88 91 0.609
88 92 0.330
88 93 0.320
88 94 0.730
88 95 0.555
88 96 0.190
88 97 0.046
88 98 0.481
88 99 0.447
89 90 1.480
89 91 0.371
89 92 0.643
89 93 1.062
89 94 1.619
89 95 1.454
89 96 1.110
89 97 0.949
89 98 1.427
89 99 0.818
90 91 1.135
90 92 0.853
90 93 0.450
90 94 0.207
90 95 0.093
90 96 0.375
90 97 0.588
90 98 0.077
90 99 0.741
91 92 0.283
91 93 0.748
91 94 1.291
91 95 1.120
91 96 0.761
91 97 0.582
91 98 1.077
91 99 0.563
92 93 0.486
92 94 1.013
92 95 0.841
92 96 0.478
92 97 0.308
92 98 0.794
92 99 0.381
93 94 0.559
93 95 0.402
93 96 0.197
93 97 0.363
93 98 0.421
93 99 0.291
94 95 0.175
94 96 0.544
94 97 0.773
94 98 0.283
94 99 0.835
95 96 0.370
95 97 0.599
95 98 0.146
95 99 0.689
96 97 0.236
96 98 0.318
96 99 0.440
97 98 0.520
97 99 0.468
98 99 0.711
