nodei nodej distance
0 1 0.408
0 2 2.288
0 3 1.031
0 4 2.337
0 5 1.325
0 6 2.672
0 7 1.275
0 8 2.679
0 9 1.169
0 10 2.819
0 11 1.817
0 12 3.117
0 13 2.472
0 14 1.282
0 15 1.883
0 16 0.886
0 17 1.777
0 18 1.413
0 19 2.379
0 20 3.371
0 21 1.354
0 22 2.271
0 23 2.461
0 24 3.633
0 25 1.387
0 26 2.601
0 27 1.724
0 28 2.220
0 29 1.457
0 30 2.634
0 31 1.891
0 32 2.597
0 33 3.095
0 34 2.426
0 35 2.226
0 36 1.869
0 37 1.971
0 38 2.113
0 39 4.003
0 40 3.117
0 41 1.715
0 42 1.644
0 43 2.251
0 44 2.496
0 45 1.631
0 46 1.390
0 47 3.054
0 48 2.546
0 49 5.215
0 50 1.396
0 51 2.567
0 52 1.720
0 53 1.890
0 54 1.023
0 55 1.577
0 56 2.736
0 57 2.296
0 58 3.607
0 59 2.259
0 60 1.239
0 61 2.310
0 62 2.129
0 63 1.640
0 64 3.153
0 65 2.543
0 66 3.023
0 67 0.531
0 68 2.847
0 69 2.650
0 70 2.829
0 71 2.862
0 72 1.903
0 73 1.790
0 74 0.984
0 75 1.635
0 76 2.892
0 77 1.677
0 78 1.743
0 79 1.155
0 80 2.892
0 81 3.599
0 82 1.088
0 83 1.386
0 84 3.000
0 85 3.423
0 86 1.808
0 87 1.117
0 88 2.839
0 89 1.035
0 90 3.103
0 91 1.279
0 92 2.245
0 93 2.634
0 94 0.591
0 95 3.328
0 96 4.028
0 97 1.337
0 98 3.559
0 99 4.113
1 2 1.904
1 3 0.648
1 4 1.982
1 5 1.711
1 6 3.068
1 7 1.668
1 8 3.080
1 9 1.575
1 10 3.202
1 11 2.168
1 12 3.510
1 13 2.880
1 14 1.678
1 15 2.285
1 16 1.140
1 17 2.126
1 18 1.817
1 19 2.785
1 20 3.762
1 21 1.761
1 22 2.678
1 23 2.869
1 24 4.035
1 25 1.511
1 26 3.009
1 27 2.104
1 28 2.627
1 29 1.804
1 30 3.041
1 31 2.222
1 32 2.988
1 33 3.498
1 34 2.832
1 35 2.633
1 36 2.014
1 37 2.376
1 38 2.516
1 39 4.401
1 40 3.524
1 41 2.035
1 42 1.978
1 43 2.626
1 44 2.903
1 45 2.038
1 46 1.798
1 47 3.461
1 48 2.942
1 49 5.614
1 50 1.467
1 51 2.974
1 52 2.121
1 53 1.853
1 54 1.365
1 55 1.957
1 56 3.141
1 57 2.702
1 58 4.004
1 59 2.651
1 60 1.646
1 61 2.664
1 62 2.537
1 63 2.045
1 64 3.520
1 65 2.944
1 66 3.431
1 67 0.785
1 68 3.238
1 69 3.057
1 70 3.236
1 71 3.267
1 72 2.308
1 73 2.188
1 74 1.231
1 75 1.937
1 76 3.299
1 77 2.055
1 78 2.147
1 79 1.558
1 80 3.298
1 81 3.993
1 82 1.240
1 83 1.608
1 84 3.405
1 85 3.809
1 86 2.200
1 87 1.525
1 88 3.235
1 89 1.300
1 90 3.510
1 91 1.673
1 92 2.650
1 93 3.039
1 94 0.947
1 95 3.728
1 96 4.427
1 97 1.742
1 98 3.963
1 99 4.505
2 3 1.258
2 4 0.371
2 5 3.415
2 6 4.959
2 7 3.409
2 8 4.959
2 9 3.442
2 10 5.105
2 11 3.706
2 12 5.405
2 13 4.709
2 14 3.433
2 15 4.164
2 16 2.607
2 17 3.656
2 18 3.692
2 19 4.572
2 20 5.659
2 21 3.583
2 22 4.507
2 23 4.694
2 24 5.907
2 25 2.507
2 26 4.823
2 27 3.758
2 28 4.445
2 29 3.366
2 30 4.876
2 31 3.677
2 32 4.885
2 33 5.237
2 34 4.687
2 35 4.484
2 36 2.883
2 37 4.163
2 38 4.278
2 39 6.287
2 40 5.350
2 41 3.914
2 42 3.477
2 43 4.224
2 44 4.694
2 45 3.859
2 46 3.632
2 47 5.301
2 48 4.832
2 49 7.497
2 50 2.330
2 51 4.825
2 52 4.002
2 53 2.142
2 54 2.975
2 55 3.621
2 56 4.904
2 57 4.556
2 58 5.892
2 59 4.547
2 60 3.472
2 61 4.169
2 62 4.382
2 63 3.842
2 64 5.036
2 65 4.824
2 66 5.263
2 67 2.394
2 68 5.135
2 69 4.857
2 70 5.078
2 71 5.038
2 72 4.171
2 73 3.930
2 74 2.650
2 75 3.335
2 76 5.085
2 77 3.705
2 78 3.927
2 79 3.354
2 80 5.152
2 81 5.886
2 82 2.435
2 83 2.843
2 84 5.266
2 85 5.710
2 86 3.906
2 87 3.365
2 88 5.125
2 89 2.736
2 90 5.356
2 91 3.418
2 92 4.426
2 93 4.899
2 94 2.667
2 95 5.608
2 96 6.310
2 97 3.550
2 98 5.828
2 99 6.401
3 4 1.341
3 5 2.235
3 6 3.704
3 7 2.212
3 8 3.709
3 9 2.193
3 10 3.847
3 11 2.612
3 12 4.148
3 13 3.480
3 14 2.230
3 15 2.912
3 16 1.507
3 17 2.565
3 18 2.441
3 19 3.363
3 20 4.402
3 21 2.353
3 22 3.278
3 23 3.467
3 24 4.660
3 25 1.646
3 26 3.602
3 27 2.606
3 28 3.221
3 29 2.252
3 30 3.645
3 31 2.626
3 32 3.627
3 33 4.054
3 34 3.447
3 35 3.244
3 36 2.127
3 37 2.952
3 38 3.080
3 39 5.034
3 40 4.124
3 41 2.676
3 42 2.398
3 43 3.107
3 44 3.483
3 45 2.631
3 46 2.397
3 47 4.068
3 48 3.577
3 49 6.246
3 50 1.527
3 51 3.586
3 52 2.750
3 53 1.695
3 54 1.827
3 55 2.463
3 56 3.708
3 57 3.316
3 58 4.638
3 59 3.290
3 60 2.240
3 61 3.100
3 62 3.145
3 63 2.624
3 64 3.972
3 65 3.573
3 66 4.034
3 67 1.219
3 68 3.878
3 69 3.643
3 70 3.844
3 71 3.839
3 72 2.926
3 73 2.738
3 74 1.575
3 75 2.303
3 76 3.878
3 77 2.555
3 78 2.718
3 79 2.133
3 80 3.912
3 81 4.630
3 82 1.455
3 83 1.875
3 84 4.023
3 85 4.452
3 86 2.731
3 87 2.126
3 88 3.870
3 89 1.658
3 90 4.120
3 91 2.220
3 92 3.221
3 93 3.656
3 94 1.463
3 95 4.357
3 96 5.058
3 97 2.326
3 98 4.584
3 99 5.144
4 5 3.361
4 6 4.982
4 7 3.367
4 8 4.969
4 9 3.455
4 10 5.150
4 11 3.598
4 12 5.431
4 13 4.686
4 14 3.395
4 15 4.179
4 16 2.526
4 17 3.548
4 18 3.708
4 19 4.530
4 20 5.688
4 21 3.570
4 22 4.485
4 23 4.669
4 24 5.906
4 25 2.342
4 26 4.791
4 27 3.681
4 28 4.419
4 29 3.274
4 30 4.856
4 31 3.551
4 32 4.917
4 33 5.168
4 34 4.680
4 35 4.476
4 36 2.674
4 37 4.126
4 38 4.229
4 39 6.297
4 40 5.320
4 41 4.016
4 42 3.366
4 43 4.122
4 44 4.653
4 45 3.841
4 46 3.624
4 47 5.279
4 48 4.854
4 49 7.503
4 50 2.155
4 51 4.814
4 52 4.021
4 53 1.886
4 54 2.909
4 55 3.550
4 56 4.848
4 57 4.550
4 58 5.907
4 59 4.579
4 60 3.463
4 61 4.044
4 62 4.371
4 63 3.813
4 64 4.900
4 65 4.835
4 66 5.238
4 67 2.359
4 68 5.167
4 69 4.818
4 70 5.059
4 71 4.984
4 72 4.173
4 73 3.878
4 74 2.557
4 75 3.206
4 76 5.037
4 77 3.628
4 78 3.890
4 79 3.333
4 80 5.142
4 81 5.907
4 82 2.313
4 83 2.702
4 84 5.260
4 85 5.747
4 86 3.842
4 87 3.364
4 88 5.148
4 89 2.642
4 90 5.338
4 91 3.378
4 92 4.380
4 93 4.893
4 94 2.643
4 95 5.615
4 96 6.319
4 97 3.531
4 98 5.820
4 99 6.425
5 6 1.796
5 7 0.111
5 8 1.728
5 9 0.626
5 10 2.063
5 11 0.584
5 12 2.230
5 13 1.352
5 14 0.153
5 15 1.050
5 16 0.851
5 17 0.564
5 18 0.741
5 19 1.171
5 20 2.490
5 21 0.428
5 22 1.160
5 23 1.331
5 24 2.599
5 25 1.321
5 26 1.441
5 27 0.401
5 28 1.083
5 29 0.359
5 30 1.523
5 31 0.740
5 32 1.788
5 33 1.824
5 34 1.391
5 35 1.194
5 36 1.509
5 37 0.776
5 38 0.868
5 39 3.016
5 40 1.968
5 41 1.649
5 42 0.537
5 43 0.931
5 44 1.294
5 45 0.580
5 46 0.497
5 47 1.939
5 48 1.676
5 49 4.194
5 50 1.489
5 51 1.508
5 52 0.953
5 53 2.102
5 54 0.459
5 55 0.257
5 56 1.490
5 57 1.270
5 58 2.649
5 59 1.489
5 60 0.421
5 61 1.032
5 62 1.086
5 63 0.503
5 64 1.838
5 65 1.610
5 66 1.892
5 67 1.024
5 68 2.008
5 69 1.459
5 70 1.727
5 71 1.625
5 72 0.969
5 73 0.517
5 74 0.850
5 75 0.706
5 76 1.676
5 77 0.358
5 78 0.547
5 79 0.308
5 80 1.826
5 81 2.667
5 82 1.151
5 83 0.971
5 84 1.952
5 85 2.580
5 86 0.497
5 87 0.487
5 88 1.948
5 89 0.778
5 90 2.004
5 91 0.124
5 92 1.020
5 93 1.600
5 94 0.774
5 95 2.339
5 96 3.030
5 97 0.359
5 98 2.501
5 99 3.181
6 7 1.736
6 8 0.171
6 9 1.526
6 10 0.341
6 11 1.999
6 12 0.450
6 13 0.655
6 14 1.695
6 15 0.805
6 16 2.605
6 17 2.030
6 18 1.273
6 19 0.933
6 20 0.711
6 21 1.452
6 22 0.737
6 23 0.686
6 24 0.999
6 25 3.116
6 26 0.737
6 27 1.705
6 28 0.823
6 29 2.078
6 30 0.587
6 31 2.189
6 32 0.151
6 33 1.278
6 34 0.483
6 35 0.628
6 36 3.259
6 37 1.106
6 38 1.144
6 39 1.334
6 40 0.818
6 41 1.395
6 42 2.152
6 43 1.732
6 44 0.886
6 45 1.219
6 46 1.388
6 47 0.689
6 48 0.128
6 49 2.547
6 50 3.283
6 51 0.467
6 52 0.961
6 53 3.898
6 54 2.227
6 55 1.748
6 56 1.051
6 57 0.561
6 58 0.935
6 59 0.426
6 60 1.546
6 61 2.013
6 62 0.729
6 63 1.294
6 64 2.146
6 65 0.203
6 66 0.720
6 67 2.652
6 68 0.216
6 69 0.832
6 70 0.569
6 71 1.033
6 72 0.838
6 73 1.387
6 74 2.625
6 75 2.381
6 76 0.957
6 77 1.740
6 78 1.277
6 79 1.696
6 80 0.489
6 81 0.927
6 82 2.933
6 83 2.758
6 84 0.498
6 85 0.788
6 86 1.502
6 87 1.627
6 88 0.166
6 89 2.562
6 90 0.675
6 91 1.721
6 92 1.030
6 93 0.383
6 94 2.362
6 95 0.678
6 96 1.362
6 97 1.507
6 98 0.959
6 99 1.443
7 8 1.678
7 9 0.516
7 10 1.994
7 11 0.688
7 12 2.176
7 13 1.326
7 14 0.047
7 15 0.972
7 16 0.881
7 17 0.671
7 18 0.639
7 19 1.164
7 20 2.437
7 21 0.330
7 22 1.129
7 23 1.307
7 24 2.567
7 25 1.385
7 26 1.425
7 27 0.476
7 28 1.057
7 29 0.467
7 30 1.497
7 31 0.849
7 32 1.721
7 33 1.842
7 34 1.349
7 35 1.148
7 36 1.599
7 37 0.759
7 38 0.870
7 39 2.979
7 40 1.953
7 41 1.539
7 42 0.647
7 43 1.002
7 44 1.287
7 45 0.517
7 46 0.400
7 47 1.918
7 48 1.614
7 49 4.165
7 50 1.547
7 51 1.472
7 52 0.865
7 53 2.164
7 54 0.493
7 55 0.341
7 56 1.498
7 57 1.224
7 58 2.607
7 59 1.414
7 60 0.311
7 61 1.122
7 62 1.040
7 63 0.457
7 64 1.909
7 65 1.556
7 66 1.873
7 67 1.015
7 68 1.947
7 69 1.451
7 70 1.701
7 71 1.631
7 72 0.902
7 73 0.526
7 74 0.892
7 75 0.813
7 76 1.676
7 77 0.440
7 78 0.524
7 79 0.200
7 80 1.795
7 81 2.621
7 82 1.197
7 83 1.050
7 84 1.919
7 85 2.524
7 86 0.533
7 87 0.377
7 88 1.892
7 89 0.826
7 90 1.980
7 91 0.016
7 92 1.017
7 93 1.561
7 94 0.749
7 95 2.299
7 96 2.995
7 97 0.261
7 98 2.473
7 99 3.137
8 9 1.518
8 10 0.504
8 11 1.888
8 12 0.505
8 13 0.505
8 14 1.638
8 15 0.796
8 16 2.555
8 17 1.922
8 18 1.268
8 19 0.787
8 20 0.763
8 21 1.413
8 22 0.617
8 23 0.537
8 24 0.956
8 25 3.045
8 26 0.572
8 27 1.603
8 28 0.705
8 29 1.992
8 30 0.420
8 31 2.074
8 32 0.310
8 33 1.108
8 34 0.358
8 35 0.537
8 36 3.165
8 37 1.004
8 38 1.022
8 39 1.328
8 40 0.667
8 41 1.500
8 42 2.052
8 43 1.592
8 44 0.730
8 45 1.163
8 46 1.353
8 47 0.542
8 48 0.202
8 49 2.538
8 50 3.217
8 51 0.310
8 52 0.959
8 53 3.828
8 54 2.171
8 55 1.659
8 56 0.881
8 57 0.462
8 58 0.939
8 59 0.495
8 60 1.513
8 61 1.872
8 62 0.644
8 63 1.226
8 64 1.978
8 65 0.137
8 66 0.565
8 67 2.625
8 68 0.347
8 69 0.665
8 70 0.401
8 71 0.861
8 72 0.799
8 73 1.290
8 74 2.569
8 75 2.283
8 76 0.786
8 77 1.642
8 78 1.194
8 79 1.656
8 80 0.335
8 81 0.946
8 82 2.875
8 83 2.679
8 84 0.375
8 85 0.861
8 86 1.399
8 87 1.605
8 88 0.241
8 89 2.503
8 90 0.541
8 91 1.663
8 92 0.896
8 93 0.217
8 94 2.335
8 95 0.649
8 96 1.351
8 97 1.462
8 98 0.896
8 99 1.465
9 10 1.717
9 11 1.186
9 12 1.976
9 13 1.313
9 14 0.475
9 15 0.724
9 16 1.166
9 17 1.176
9 18 0.253
9 19 1.256
9 20 2.235
9 21 0.284
9 22 1.114
9 23 1.305
9 24 2.467
9 25 1.757
9 26 1.450
9 27 0.920
9 28 1.073
9 29 0.979
9 30 1.470
9 31 1.359
9 32 1.469
9 33 1.994
9 34 1.257
9 35 1.058
9 36 2.050
9 37 0.871
9 38 1.037
9 39 2.846
9 40 1.955
9 41 1.031
9 42 1.163
9 43 1.395
9 44 1.365
9 45 0.509
9 46 0.274
9 47 1.887
9 48 1.399
9 49 4.056
9 50 1.890
9 51 1.399
9 52 0.566
9 53 2.507
9 54 0.854
9 55 0.817
9 56 1.625
9 57 1.127
9 58 2.453
9 59 1.133
9 60 0.216
9 61 1.571
9 62 0.964
9 63 0.564
9 64 2.275
9 65 1.383
9 66 1.859
9 67 1.138
9 68 1.716
9 69 1.509
9 70 1.663
9 71 1.740
9 72 0.734
9 73 0.794
9 74 1.215
9 75 1.321
9 76 1.757
9 77 0.901
9 78 0.682
9 79 0.330
9 80 1.723
9 81 2.451
9 82 1.513
9 83 1.478
9 84 1.831
9 85 2.299
9 86 0.878
9 87 0.156
9 88 1.692
9 89 1.175
9 90 1.935
9 91 0.502
9 92 1.141
9 93 1.465
9 94 0.851
9 95 2.166
9 96 2.869
9 97 0.323
9 98 2.391
9 99 2.969
10 11 2.313
10 12 0.398
10 13 0.996
10 14 1.949
10 15 1.027
10 16 2.843
10 17 2.341
10 18 1.467
10 19 1.273
10 20 0.591
10 21 1.689
10 22 1.067
10 23 1.027
10 24 1.037
10 25 3.379
10 26 1.076
10 27 2.010
10 28 1.152
10 29 2.365
10 30 0.923
10 31 2.506
10 32 0.280
10 33 1.585
10 34 0.819
10 35 0.943
10 36 3.550
10 37 1.418
10 38 1.472
10 39 1.277
10 40 1.077
10 41 1.364
10 42 2.453
10 43 2.068
10 44 1.227
10 45 1.483
10 46 1.621
10 47 0.946
10 48 0.418
10 49 2.463
10 50 3.539
10 51 0.808
10 52 1.162
10 53 4.157
10 54 2.477
10 55 2.042
10 56 1.384
10 57 0.883
10 58 0.886
10 59 0.587
10 60 1.771
10 61 2.349
10 62 1.035
10 63 1.570
10 64 2.480
10 65 0.537
10 66 0.992
10 67 2.855
10 68 0.190
10 69 1.168
10 70 0.877
10 71 1.355
10 72 1.094
10 73 1.691
10 74 2.871
10 75 2.680
10 76 1.273
10 77 2.042
10 78 1.569
10 79 1.928
10 80 0.771
10 81 0.847
10 82 3.179
10 83 3.033
10 84 0.733
10 85 0.612
10 86 1.811
10 87 1.836
10 88 0.314
10 89 2.814
10 90 0.910
10 91 1.978
10 92 1.364
10 93 0.720
10 94 2.567
10 95 0.729
10 96 1.312
10 97 1.750
10 98 1.038
10 99 1.326
11 12 2.388
11 13 1.417
11 14 0.719
11 15 1.397
11 16 1.111
11 17 0.051
11 18 1.238
11 19 1.158
11 20 2.635
11 21 0.935
11 22 1.272
11 23 1.388
11 24 2.625
11 25 1.327
11 26 1.445
11 27 0.319
11 28 1.184
11 29 0.365
11 30 1.571
11 31 0.199
11 32 2.034
11 33 1.620
11 34 1.530
11 35 1.373
11 36 1.306
11 37 0.895
11 38 0.872
11 39 3.058
11 40 1.926
11 41 2.172
11 42 0.233
11 43 0.525
11 44 1.266
11 45 0.937
11 46 0.988
11 47 1.937
11 48 1.898
11 49 4.173
11 50 1.521
11 51 1.608
11 52 1.357
11 53 2.071
11 54 0.804
11 55 0.372
11 56 1.363
11 57 1.438
11 58 2.732
11 59 1.794
11 60 0.971
11 61 0.496
11 62 1.278
11 63 0.823
11 64 1.361
11 65 1.798
11 66 1.877
11 67 1.406
11 68 2.215
11 69 1.422
11 70 1.759
11 71 1.499
11 72 1.275
11 73 0.630
11 74 1.057
11 75 0.437
11 76 1.577
11 77 0.308
11 78 0.774
11 79 0.887
11 80 1.883
11 81 2.766
11 82 1.286
11 83 0.934
11 84 2.012
11 85 2.744
11 86 0.503
11 87 1.060
11 88 2.127
11 89 0.971
11 90 2.013
11 91 0.697
11 92 1.016
11 93 1.711
11 94 1.228
11 95 2.416
11 96 3.064
11 97 0.875
11 98 2.511
11 99 3.256
12 13 0.980
12 14 2.135
12 15 1.255
12 16 3.050
12 17 2.422
12 18 1.723
12 19 1.259
12 20 0.262
12 21 1.899
12 22 1.117
12 23 1.011
12 24 0.640
12 25 3.549
12 26 1.002
12 27 2.107
12 28 1.205
12 29 2.497
12 30 0.850
12 31 2.571
12 32 0.526
12 33 1.374
12 34 0.860
12 35 1.041
12 36 3.669
12 37 1.508
12 38 1.517
12 39 0.906
12 40 0.814
12 41 1.747
12 42 2.556
12 43 2.063
12 44 1.179
12 45 1.659
12 46 1.836
12 47 0.695
12 48 0.578
12 49 2.112
12 50 3.719
12 51 0.783
12 52 1.410
12 53 4.331
12 54 2.669
12 55 2.164
12 56 1.259
12 57 0.968
12 58 0.507
12 59 0.860
12 60 1.994
12 61 2.340
12 62 1.148
12 63 1.727
12 64 2.328
12 65 0.620
12 66 0.757
12 67 3.102
12 68 0.278
12 69 1.072
12 70 0.721
12 71 1.193
12 72 1.283
12 73 1.795
12 74 3.067
12 75 2.786
12 76 1.099
12 77 2.146
12 78 1.699
12 79 2.142
12 80 0.587
12 81 0.484
12 82 3.373
12 83 3.184
12 84 0.492
12 85 0.356
12 86 1.902
12 87 2.077
12 88 0.286
12 89 3.002
12 90 0.635
12 91 2.161
12 92 1.383
12 93 0.680
12 94 2.812
12 95 0.337
12 96 0.938
12 97 1.952
12 98 0.646
12 99 0.996
13 14 1.294
13 15 0.696
13 16 2.202
13 17 1.454
13 18 1.093
13 19 0.282
13 20 1.220
13 21 1.127
13 22 0.203
13 23 0.031
13 24 1.249
13 25 2.640
13 26 0.158
13 27 1.155
13 28 0.269
13 29 1.566
13 30 0.171
13 31 1.595
13 32 0.749
13 33 0.796
13 34 0.201
13 35 0.286
13 36 2.714
13 37 0.579
13 38 0.546
13 39 1.671
13 40 0.645
13 41 1.639
13 42 1.599
13 43 1.089
13 44 0.236
13 45 0.850
13 46 1.084
13 47 0.593
13 48 0.598
13 49 2.841
13 50 2.820
13 51 0.198
13 52 0.842
13 53 3.418
13 54 1.810
13 55 1.234
13 56 0.465
13 57 0.251
13 58 1.322
13 59 0.705
13 60 1.240
13 61 1.368
13 62 0.354
13 63 0.874
13 64 1.526
13 65 0.464
13 66 0.554
13 67 2.327
13 68 0.852
13 69 0.254
13 70 0.375
13 71 0.514
13 72 0.606
13 73 0.862
13 74 2.202
13 75 1.830
13 76 0.488
13 77 1.199
13 78 0.806
13 79 1.356
13 80 0.478
13 81 1.352
13 82 2.499
13 83 2.260
13 84 0.607
13 85 1.333
13 86 0.951
13 87 1.356
13 88 0.743
13 89 2.128
13 90 0.654
13 91 1.314
13 92 0.404
13 93 0.301
13 94 2.045
13 95 1.006
13 96 1.683
13 97 1.159
13 98 1.149
13 99 1.852
14 15 0.927
14 16 0.918
14 17 0.705
14 18 0.592
14 19 1.139
14 20 2.397
14 21 0.283
14 22 1.096
14 23 1.275
14 24 2.533
14 25 1.430
14 26 1.396
14 27 0.491
14 28 1.025
14 29 0.511
14 30 1.465
14 31 0.885
14 32 1.677
14 33 1.826
14 34 1.312
14 35 1.111
14 36 1.647
14 37 0.731
14 38 0.850
14 39 2.943
14 40 1.924
14 41 1.496
14 42 0.689
14 43 1.011
14 44 1.262
14 45 0.476
14 46 0.353
14 47 1.886
14 48 1.572
14 49 4.131
14 50 1.590
14 51 1.436
14 52 0.818
14 53 2.208
14 54 0.533
14 55 0.362
14 56 1.478
14 57 1.187
14 58 2.569
14 59 1.369
14 60 0.267
14 61 1.142
14 62 1.002
14 63 0.422
14 64 1.918
14 65 1.515
14 66 1.843
14 67 1.040
14 68 1.904
14 69 1.425
14 70 1.669
14 71 1.610
14 72 0.859
14 73 0.511
14 74 0.932
14 75 0.858
14 76 1.652
14 77 0.459
14 78 0.495
14 79 0.171
14 80 1.761
14 81 2.582
14 82 1.238
14 83 1.097
14 84 1.884
14 85 2.482
14 86 0.530
14 87 0.342
14 88 1.851
14 89 0.868
14 90 1.948
14 91 0.031
14 92 0.994
14 93 1.524
14 94 0.769
14 95 2.262
14 96 2.959
14 97 0.214
14 98 2.439
14 99 3.099
15 16 1.817
15 17 1.414
15 18 0.472
15 19 0.774
15 20 1.516
15 21 0.662
15 22 0.537
15 23 0.700
15 24 1.750
15 25 2.356
15 26 0.852
15 27 1.079
15 28 0.548
15 29 1.375
15 30 0.821
15 31 1.596
15 32 0.762
15 33 1.476
15 34 0.577
15 35 0.410
15 36 2.555
15 37 0.588
15 38 0.735
15 39 2.123
15 40 1.298
15 41 0.990
15 42 1.493
15 43 1.323
15 44 0.841
15 45 0.480
15 46 0.594
15 47 1.211
15 48 0.678
15 49 3.334
15 50 2.513
15 51 0.720
15 52 0.164
15 53 3.132
15 54 1.450
15 55 1.072
15 56 1.117
15 57 0.459
15 58 1.730
15 59 0.443
15 60 0.747
15 61 1.583
15 62 0.362
15 63 0.584
15 64 2.037
15 65 0.660
15 66 1.195
15 67 1.847
15 68 1.002
15 69 0.938
15 70 0.991
15 71 1.197
15 72 0.144
15 73 0.776
15 74 1.844
15 75 1.708
15 76 1.183
15 77 1.097
15 78 0.624
15 79 0.902
15 80 1.028
15 81 1.728
15 82 2.152
15 83 2.020
15 84 1.126
15 85 1.586
15 86 0.907
15 87 0.822
15 88 0.970
15 89 1.787
15 90 1.248
15 91 0.956
15 92 0.737
15 93 0.768
15 94 1.557
15 95 1.445
15 96 2.147
15 97 0.723
15 98 1.681
15 99 2.246
16 17 1.062
16 18 1.395
16 19 2.019
16 20 3.311
16 21 1.155
16 22 2.008
16 23 2.181
16 24 3.447
16 25 0.619
16 26 2.292
16 27 1.155
16 28 1.933
16 29 0.760
16 30 2.373
16 31 1.120
16 32 2.578
16 33 2.642
16 34 2.230
16 35 2.029
16 36 1.031
16 37 1.627
16 38 1.713
16 39 3.860
16 40 2.818
16 41 2.107
16 42 0.892
16 43 1.620
16 44 2.142
16 45 1.393
16 46 1.222
16 47 2.790
16 48 2.481
16 49 5.043
16 50 0.727
16 51 2.352
16 52 1.684
16 53 1.342
16 54 0.392
16 55 1.024
16 56 2.325
16 57 2.105
16 58 3.487
16 59 2.256
16 60 1.073
16 61 1.595
16 62 1.921
16 63 1.338
16 64 2.467
16 65 2.431
16 66 2.743
16 67 0.363
16 68 2.812
16 69 2.308
16 70 2.578
16 71 2.462
16 72 1.768
16 73 1.362
16 74 0.098
16 75 0.807
16 76 2.518
16 77 1.102
16 78 1.397
16 79 0.915
16 80 2.674
16 81 3.500
16 82 0.348
16 83 0.502
16 84 2.799
16 85 3.393
16 86 1.317
16 87 1.024
16 88 2.764
16 89 0.160
16 90 2.855
16 91 0.895
16 92 1.867
16 93 2.442
16 94 0.416
16 95 3.180
16 96 3.876
16 97 1.099
16 98 3.351
16 99 4.017
17 18 1.238
17 19 1.198
17 20 2.671
17 21 0.931
17 22 1.305
17 23 1.426
17 24 2.667
17 25 1.277
17 26 1.486
17 27 0.337
17 28 1.218
17 29 0.322
17 30 1.610
17 31 0.189
17 32 2.062
17 33 1.669
17 34 1.564
17 35 1.402
17 36 1.265
17 37 0.925
17 38 0.909
17 39 3.100
17 40 1.970
17 41 2.171
17 42 0.182
17 43 0.575
17 44 1.308
17 45 0.949
17 46 0.987
17 47 1.980
17 48 1.927
17 49 4.218
17 50 1.471
17 51 1.644
17 52 1.368
17 53 2.023
17 54 0.761
17 55 0.370
17 56 1.409
17 57 1.469
17 58 2.771
17 59 1.816
17 60 0.961
17 61 0.540
17 62 1.306
17 63 0.836
17 64 1.408
17 65 1.829
17 66 1.920
17 67 1.361
17 68 2.246
17 69 1.465
17 70 1.800
17 71 1.546
17 72 1.295
17 73 0.654
17 74 1.008
17 75 0.391
17 76 1.622
17 77 0.318
17 78 0.793
17 79 0.871
17 80 1.922
17 81 2.805
17 82 1.236
17 83 0.884
17 84 2.052
17 85 2.778
17 86 0.530
17 87 1.046
17 88 2.160
17 89 0.921
17 90 2.055
17 91 0.681
17 92 1.054
17 93 1.746
17 94 1.187
17 95 2.455
17 96 3.106
17 97 0.870
17 98 2.554
17 99 3.297
18 19 1.073
18 20 1.982
18 21 0.315
18 22 0.901
18 23 1.088
18 24 2.219
18 25 1.970
18 26 1.238
18 27 0.938
18 28 0.871
18 29 1.099
18 30 1.244
18 31 1.427
18 32 1.216
18 33 1.813
18 34 1.020
18 35 0.826
18 36 2.229
18 37 0.723
18 38 0.897
18 39 2.595
18 40 1.729
18 41 0.934
18 42 1.262
18 43 1.349
18 44 1.173
18 45 0.383
18 46 0.252
18 47 1.655
18 48 1.145
18 49 3.806
18 50 2.112
18 51 1.163
18 52 0.312
18 53 2.732
18 54 1.058
18 55 0.869
18 56 1.442
18 57 0.892
18 58 2.201
18 59 0.882
18 60 0.341
18 61 1.560
18 62 0.740
18 63 0.478
18 64 2.189
18 65 1.132
18 66 1.630
18 67 1.389
18 68 1.462
18 69 1.306
18 70 1.431
18 71 1.548
18 72 0.496
18 73 0.731
18 74 1.436
18 75 1.447
18 76 1.556
18 77 0.934
18 78 0.588
18 79 0.500
18 80 1.484
18 81 2.198
18 82 1.740
18 83 1.667
18 84 1.588
18 85 2.046
18 86 0.842
18 87 0.373
18 88 1.439
18 89 1.390
18 90 1.699
18 91 0.623
18 92 0.976
18 93 1.224
18 94 1.100
18 95 1.916
18 96 2.618
18 97 0.383
18 98 2.147
18 99 2.716
19 20 1.493
19 21 1.027
19 22 0.260
19 23 0.251
19 24 1.473
19 25 2.418
19 26 0.289
19 27 0.919
19 28 0.226
19 29 1.341
19 30 0.417
19 31 1.329
19 32 1.018
19 33 0.740
19 34 0.458
19 35 0.423
19 36 2.462
19 37 0.411
19 38 0.309
19 39 1.904
19 40 0.801
19 41 1.761
19 42 1.352
19 43 0.807
19 44 0.123
19 45 0.754
19 46 0.999
19 47 0.789
19 48 0.866
19 49 3.046
19 50 2.603
19 51 0.480
19 52 0.886
19 53 3.191
19 54 1.628
19 55 1.016
19 56 0.370
19 57 0.440
19 58 1.574
19 59 0.918
19 60 1.141
19 61 1.086
19 62 0.418
19 63 0.740
19 64 1.301
19 65 0.737
19 66 0.735
19 67 2.179
19 68 1.133
19 69 0.289
19 70 0.601
19 71 0.485
19 72 0.647
19 73 0.657
19 74 2.009
19 75 1.581
19 76 0.515
19 77 0.967
19 78 0.646
19 79 1.231
19 80 0.725
19 81 1.610
19 82 2.299
19 83 2.032
19 84 0.855
19 85 1.610
19 86 0.721
19 87 1.267
19 88 1.025
19 89 1.931
19 90 0.862
19 91 1.154
19 92 0.153
19 93 0.582
19 94 1.907
19 95 1.258
19 96 1.912
19 97 1.043
19 98 1.364
19 99 2.099
20 21 2.161
20 22 1.368
20 23 1.250
20 24 0.533
20 25 3.809
20 26 1.224
20 27 2.360
20 28 1.455
20 29 2.754
20 30 1.078
20 31 2.815
20 32 0.774
20 33 1.517
20 34 1.114
20 35 1.300
20 36 3.922
20 37 1.762
20 38 1.763
20 39 0.688
20 40 0.946
20 41 1.954
20 42 2.808
20 43 2.291
20 44 1.405
20 45 1.920
20 46 2.098
20 47 0.845
20 48 0.838
20 49 1.875
20 50 3.979
20 51 1.027
20 52 1.669
20 53 4.591
20 54 2.930
20 55 2.420
20 56 1.453
20 57 1.225
20 58 0.313
20 59 1.112
20 60 2.256
20 61 2.565
20 62 1.407
20 63 1.988
20 64 2.491
20 65 0.882
20 66 0.913
20 67 3.363
20 68 0.524
20 69 1.284
20 70 0.924
20 71 1.371
20 72 1.545
20 73 2.050
20 74 3.328
20 75 3.039
20 76 1.274
20 77 2.400
20 78 1.957
20 79 2.404
20 80 0.789
20 81 0.259
20 82 3.635
20 83 3.442
20 84 0.672
20 85 0.133
20 86 2.154
20 87 2.338
20 88 0.548
20 89 3.263
20 90 0.773
20 91 2.423
20 92 1.624
20 93 0.924
20 94 3.073
20 95 0.344
20 96 0.725
20 97 2.214
20 98 0.591
20 99 0.745
21 22 0.925
21 23 1.114
21 24 2.336
21 25 1.698
21 26 1.250
21 27 0.649
21 28 0.869
21 29 0.785
21 30 1.294
21 31 1.119
21 32 1.422
21 33 1.754
21 34 1.110
21 35 0.905
21 36 1.929
21 37 0.623
21 38 0.779
21 39 2.734
21 40 1.771
21 41 1.240
21 42 0.947
21 43 1.111
21 44 1.143
21 45 0.278
21 46 0.071
21 47 1.718
21 48 1.327
21 49 3.934
21 50 1.852
21 51 1.244
21 52 0.541
21 53 2.472
21 54 0.789
21 55 0.563
21 56 1.389
21 57 0.980
21 58 2.351
21 59 1.104
21 60 0.114
21 61 1.294
21 62 0.801
21 63 0.297
21 64 1.992
21 65 1.284
21 66 1.682
21 67 1.215
21 68 1.657
21 69 1.297
21 70 1.495
21 71 1.511
21 72 0.616
21 73 0.512
21 74 1.182
21 75 1.132
21 76 1.539
21 77 0.637
21 78 0.412
21 79 0.244
21 80 1.572
21 81 2.359
21 82 1.490
21 83 1.376
21 84 1.689
21 85 2.239
21 86 0.594
21 87 0.242
21 88 1.613
21 89 1.126
21 90 1.773
21 91 0.314
21 92 0.898
21 93 1.323
21 94 0.928
21 95 2.051
21 96 2.754
21 97 0.069
21 98 2.250
21 99 2.878
22 23 0.191
22 24 1.439
22 25 2.459
22 26 0.337
22 27 0.991
22 28 0.088
22 29 1.391
22 30 0.370
22 31 1.458
22 32 0.798
22 33 0.941
22 34 0.259
22 35 0.164
22 36 2.554
22 37 0.397
22 38 0.407
22 39 1.856
22 40 0.847
22 41 1.514
22 42 1.439
22 43 1.004
22 44 0.305
22 45 0.648
22 46 0.882
22 47 0.794
22 48 0.650
22 49 3.036
22 50 2.637
22 51 0.351
22 52 0.668
22 53 3.240
22 54 1.616
22 55 1.057
22 56 0.580
22 57 0.192
22 58 1.497
22 59 0.663
22 60 1.038
22 61 1.284
22 62 0.176
22 63 0.674
22 64 1.560
22 65 0.534
22 66 0.757
22 67 2.126
22 68 0.949
22 69 0.409
22 70 0.574
22 71 0.663
22 72 0.427
22 73 0.685
22 74 2.010
22 75 1.670
22 76 0.659
22 77 1.032
22 78 0.613
22 79 1.154
22 80 0.666
22 81 1.520
22 82 2.310
22 83 2.084
22 84 0.792
22 85 1.474
22 86 0.786
22 87 1.154
22 88 0.856
22 89 1.938
22 90 0.853
22 91 1.116
22 92 0.302
22 93 0.449
22 94 1.844
22 95 1.183
22 96 1.870
22 97 0.957
22 98 1.343
22 99 2.028
23 24 1.272
23 25 2.615
23 26 0.153
23 27 1.128
23 28 0.250
23 29 1.541
23 30 0.193
23 31 1.565
23 32 0.779
23 33 0.784
23 34 0.227
23 35 0.292
23 36 2.686
23 37 0.556
23 38 0.517
23 39 1.696
23 40 0.657
23 41 1.652
23 42 1.571
23 43 1.057
23 44 0.208
23 45 0.836
23 46 1.072
23 47 0.611
23 48 0.628
23 49 2.863
23 50 2.796
23 51 0.230
23 52 0.843
23 53 3.393
23 54 1.789
23 55 1.209
23 56 0.446
23 57 0.265
23 58 1.349
23 59 0.727
23 60 1.227
23 61 1.337
23 62 0.352
23 63 0.856
23 64 1.499
23 65 0.494
23 66 0.570
23 67 2.310
23 68 0.883
23 69 0.241
23 70 0.396
23 71 0.502
23 72 0.606
23 73 0.837
23 74 2.180
23 75 1.802
23 76 0.482
23 77 1.172
23 78 0.785
23 79 1.340
23 80 0.504
23 81 1.380
23 82 2.477
23 83 2.235
23 84 0.633
23 85 1.364
23 86 0.924
23 87 1.344
23 88 0.775
23 89 2.105
23 90 0.674
23 91 1.295
23 92 0.374
23 93 0.332
23 94 2.029
23 95 1.033
23 96 1.707
23 97 1.144
23 98 1.171
23 99 1.879
24 25 3.886
24 26 1.185
24 27 2.390
24 28 1.516
24 29 2.809
24 30 1.079
24 31 2.785
24 32 1.120
24 33 1.236
24 34 1.226
24 35 1.431
24 36 3.932
24 37 1.828
24 38 1.777
24 39 0.434
24 40 0.720
24 41 2.373
24 42 2.825
24 43 2.204
24 44 1.360
24 45 2.069
24 46 2.282
24 47 0.689
24 48 1.116
24 49 1.599
24 50 4.068
24 51 1.097
24 52 1.914
24 53 4.662
24 54 3.056
24 55 2.479
24 56 1.303
24 57 1.356
24 58 0.268
24 59 1.424
24 60 2.442
24 61 2.456
24 62 1.537
24 63 2.111
24 64 2.208
24 65 1.093
24 66 0.751
24 67 3.551
24 68 0.898
24 69 1.204
24 70 0.878
24 71 1.185
24 72 1.736
24 73 2.109
24 74 3.449
24 75 3.053
24 76 1.090
24 77 2.437
24 78 2.052
24 79 2.575
24 80 0.773
24 81 0.353
24 82 3.748
24 83 3.503
24 84 0.649
24 85 0.630
24 86 2.190
24 87 2.544
24 88 0.845
24 89 3.376
24 90 0.613
24 91 2.554
24 92 1.623
24 93 1.013
24 94 3.264
24 95 0.323
24 96 0.439
24 97 2.378
24 98 0.127
24 99 0.657
25 26 2.704
25 27 1.501
25 28 2.377
25 29 1.077
25 30 2.808
25 31 1.239
25 32 3.106
25 33 2.946
25 34 2.701
25 35 2.509
25 36 0.503
25 37 2.063
25 38 2.111
25 39 4.311
25 40 3.214
25 41 2.723
25 42 1.098
25 43 1.845
25 44 2.537
25 45 1.899
25 46 1.769
25 47 3.207
25 48 2.996
25 49 5.464
25 50 0.196
25 51 2.810
25 52 2.239
25 53 0.782
25 54 0.913
25 55 1.407
25 56 2.673
25 57 2.584
25 58 3.956
25 59 2.799
25 60 1.633
25 61 1.724
25 62 2.402
25 63 1.822
25 64 2.564
25 65 2.929
25 66 3.153
25 67 0.877
25 68 3.328
25 69 2.701
25 70 3.008
25 71 2.811
25 72 2.287
25 73 1.778
25 74 0.549
25 75 0.898
25 76 2.882
25 77 1.452
25 78 1.853
25 79 1.472
25 80 3.118
25 81 3.978
25 82 0.303
25 83 0.393
25 84 3.247
25 85 3.900
25 86 1.697
25 87 1.607
25 88 3.268
25 89 0.582
25 90 3.278
25 91 1.401
25 92 2.266
25 93 2.906
25 94 1.029
25 95 3.642
25 96 4.322
25 97 1.634
25 98 3.780
25 99 4.488
26 27 1.206
26 28 0.381
26 29 1.627
26 30 0.155
26 31 1.613
26 32 0.850
26 33 0.640
26 34 0.339
26 35 0.443
26 36 2.750
26 37 0.666
26 38 0.593
26 39 1.615
26 40 0.528
26 41 1.796
26 42 1.641
26 43 1.068
26 44 0.183
26 45 0.972
26 46 1.211
26 47 0.503
26 48 0.703
26 49 2.762
26 50 2.888
26 51 0.274
26 52 0.996
26 53 3.478
26 54 1.900
26 55 1.299
26 56 0.326
26 57 0.409
26 58 1.289
26 59 0.847
26 60 1.364
26 61 1.341
26 62 0.504
26 63 0.981
26 64 1.413
26 65 0.565
26 66 0.452
26 67 2.435
26 68 0.915
26 69 0.103
26 70 0.314
26 71 0.358
26 72 0.758
26 73 0.934
26 74 2.285
26 75 1.870
26 76 0.331
26 77 1.253
26 78 0.901
26 79 1.471
26 80 0.443
26 81 1.328
26 82 2.578
26 83 2.319
26 84 0.571
26 85 1.345
26 86 1.007
26 87 1.484
26 88 0.796
26 89 2.209
26 90 0.574
26 91 1.413
26 92 0.438
26 93 0.356
26 94 2.157
26 95 0.974
26 96 1.624
26 97 1.276
26 98 1.076
26 99 1.811
27 28 0.904
27 29 0.426
27 30 1.318
27 31 0.518
27 32 1.731
27 33 1.487
27 34 1.247
27 35 1.076
27 36 1.563
27 37 0.600
27 38 0.614
27 39 2.819
27 40 1.713
27 41 1.871
27 42 0.449
27 43 0.530
27 44 1.036
27 45 0.620
27 46 0.694
27 47 1.708
27 48 1.598
27 49 3.963
27 50 1.688
27 51 1.337
27 52 1.039
27 53 2.272
27 54 0.785
27 55 0.147
27 56 1.183
27 57 1.146
27 58 2.477
27 59 1.480
27 60 0.706
27 61 0.655
27 62 0.977
27 63 0.506
27 64 1.438
27 65 1.505
27 66 1.652
27 67 1.388
27 68 1.921
27 69 1.200
27 70 1.514
27 71 1.321
27 72 0.958
27 73 0.320
27 74 1.127
27 75 0.679
27 76 1.386
27 77 0.053
27 78 0.457
27 79 0.660
27 80 1.630
27 81 2.506
27 82 1.400
27 83 1.114
27 84 1.760
27 85 2.463
27 86 0.205
27 87 0.814
27 88 1.839
27 89 1.044
27 90 1.780
27 91 0.479
27 92 0.768
27 93 1.438
27 94 1.160
27 95 2.161
27 96 2.829
27 97 0.598
27 98 2.282
27 99 3.006
28 29 1.307
28 30 0.440
28 31 1.370
28 32 0.880
28 33 0.948
28 34 0.347
28 35 0.227
28 36 2.467
28 37 0.314
28 38 0.321
28 39 1.936
28 40 0.905
28 41 1.536
28 42 1.352
28 43 0.923
28 44 0.305
28 45 0.590
28 46 0.830
28 47 0.861
28 48 0.734
28 49 3.110
28 50 2.556
28 51 0.434
28 52 0.664
28 53 3.157
28 54 1.541
28 55 0.973
28 56 0.580
28 57 0.271
28 58 1.580
28 59 0.727
28 60 0.982
28 61 1.203
28 62 0.195
28 63 0.606
28 64 1.513
28 65 0.621
28 66 0.819
28 67 2.060
28 68 1.036
28 69 0.437
28 70 0.645
28 71 0.677
28 72 0.423
28 73 0.601
28 74 1.933
28 75 1.583
28 76 0.686
28 77 0.946
28 78 0.536
28 79 1.092
28 80 0.744
28 81 1.605
28 82 2.232
28 83 2.000
28 84 0.871
28 85 1.561
28 86 0.699
28 87 1.103
28 88 0.944
28 89 1.860
28 90 0.923
28 91 1.045
28 92 0.228
28 93 0.534
28 94 1.780
28 95 1.265
28 96 1.949
28 97 0.896
28 98 1.418
28 99 2.111
29 30 1.733
29 31 0.446
29 32 2.087
29 33 1.903
29 34 1.640
29 35 1.456
29 36 1.185
29 37 0.994
29 38 1.034
29 39 3.236
29 40 2.139
29 41 2.006
29 42 0.204
29 43 0.860
29 44 1.460
29 45 0.895
29 46 0.852
29 47 2.130
29 48 1.964
29 49 4.387
29 50 1.263
29 51 1.741
29 52 1.294
29 53 1.853
29 54 0.439
29 55 0.334
29 56 1.607
29 57 1.530
29 58 2.886
29 59 1.806
29 60 0.778
29 61 0.860
29 62 1.351
29 63 0.798
29 64 1.725
29 65 1.884
29 66 2.076
29 67 1.042
29 68 2.293
29 69 1.625
29 70 1.932
29 71 1.746
29 72 1.278
29 73 0.706
29 74 0.718
29 75 0.348
29 76 1.812
29 77 0.376
29 78 0.801
29 79 0.651
29 80 2.044
29 81 2.912
29 82 0.978
29 83 0.694
29 84 2.174
29 85 2.852
29 86 0.620
29 87 0.832
29 88 2.222
29 89 0.632
29 90 2.201
29 91 0.482
29 92 1.189
29 93 1.840
29 94 0.866
29 95 2.571
29 96 3.247
29 97 0.716
29 98 2.703
29 99 3.417
30 31 1.745
30 32 0.707
30 33 0.736
30 34 0.254
30 35 0.419
30 36 2.873
30 37 0.749
30 38 0.705
30 39 1.503
30 40 0.486
30 41 1.722
30 42 1.759
30 43 1.214
30 44 0.329
30 45 1.017
30 46 1.248
30 47 0.424
30 48 0.563
30 49 2.671
30 50 2.989
30 51 0.140
30 52 0.976
30 53 3.585
30 54 1.981
30 55 1.401
30 56 0.465
30 57 0.362
30 58 1.161
30 59 0.742
30 60 1.406
30 61 1.490
30 62 0.506
30 63 1.044
30 64 1.559
30 65 0.426
30 66 0.390
30 67 2.497
30 68 0.760
30 69 0.245
30 70 0.205
30 71 0.466
30 72 0.750
30 73 1.030
30 74 2.372
30 75 1.990
30 76 0.410
30 77 1.363
30 78 0.977
30 79 1.524
30 80 0.313
30 81 1.195
30 82 2.670
30 83 2.427
30 84 0.443
30 85 1.197
30 86 1.115
30 87 1.519
30 88 0.641
30 89 2.298
30 90 0.483
30 91 1.485
30 92 0.556
30 93 0.204
30 94 2.214
30 95 0.845
30 96 1.515
30 97 1.327
30 98 0.978
30 99 1.689
31 32 2.228
31 33 1.734
31 34 1.717
31 35 1.564
31 36 1.156
31 37 1.088
31 38 1.054
31 39 3.219
31 40 2.078
31 41 2.359
31 42 0.248
31 43 0.620
31 44 1.432
31 45 1.135
31 46 1.175
31 47 2.097
31 48 2.090
31 49 4.317
31 50 1.434
31 51 1.788
31 52 1.554
31 53 1.953
31 54 0.868
31 55 0.558
31 56 1.504
31 57 1.629
31 58 2.902
31 59 1.992
31 60 1.145
31 61 0.493
31 62 1.472
31 63 1.021
31 64 1.359
31 65 1.987
31 66 2.035
31 67 1.444
31 68 2.404
31 69 1.582
31 70 1.927
31 71 1.638
31 72 1.474
31 73 0.828
31 74 1.052
31 75 0.346
31 76 1.721
31 77 0.504
31 78 0.973
31 79 1.048
31 80 2.054
31 81 2.939
31 82 1.243
31 83 0.855
31 84 2.183
31 85 2.926
31 86 0.700
31 87 1.226
31 88 2.314
31 89 0.968
31 90 2.174
31 91 0.861
31 92 1.192
31 93 1.892
31 94 1.300
31 95 2.587
31 96 3.224
31 97 1.056
31 98 2.669
31 99 3.423
32 33 1.416
32 34 0.560
32 35 0.667
32 36 3.271
32 37 1.139
32 38 1.199
32 39 1.430
32 40 0.968
32 41 1.258
32 42 2.174
32 43 1.801
32 44 0.985
32 45 1.208
32 46 1.355
32 47 0.840
32 48 0.152
32 49 2.638
32 50 3.268
32 51 0.577
32 52 0.906
32 53 3.885
32 54 2.207
32 55 1.762
32 56 1.171
32 57 0.610
32 58 1.029
32 59 0.338
32 60 1.508
32 61 2.082
32 62 0.756
32 63 1.293
32 64 2.263
32 65 0.286
32 66 0.869
32 67 2.604
32 68 0.251
32 69 0.949
32 70 0.712
32 71 1.164
32 72 0.819
32 73 1.411
32 74 2.603
32 75 2.400
32 76 1.092
32 77 1.762
32 78 1.289
32 79 1.663
32 80 0.638
32 81 1.010
32 82 2.911
32 83 2.757
32 84 0.649
32 85 0.831
32 86 1.532
32 87 1.580
32 88 0.275
32 89 2.543
32 90 0.826
32 91 1.705
32 92 1.098
32 93 0.506
32 94 2.315
32 95 0.797
32 96 1.460
32 97 1.481
32 98 1.089
32 99 1.518
33 34 0.974
33 35 1.074
33 36 2.883
33 37 1.131
33 38 0.982
33 39 1.646
33 40 0.571
33 41 2.435
33 42 1.848
33 43 1.115
33 44 0.643
33 45 1.488
33 46 1.732
33 47 0.680
33 48 1.284
33 49 2.621
33 50 3.140
33 51 0.875
33 52 1.608
33 53 3.685
33 54 2.263
33 55 1.618
33 56 0.371
33 57 1.047
33 58 1.444
33 59 1.477
33 60 1.867
33 61 1.315
33 62 1.116
33 63 1.459
33 64 0.981
33 65 1.152
33 66 0.617
33 67 2.848
33 68 1.400
33 69 0.543
33 70 0.710
33 71 0.282
33 72 1.366
33 73 1.316
33 74 2.614
33 75 2.054
33 76 0.327
33 77 1.540
33 78 1.352
33 79 1.940
33 80 0.817
33 81 1.512
33 82 2.880
33 83 2.553
33 84 0.885
33 85 1.650
33 86 1.331
33 87 1.996
33 88 1.273
33 89 2.530
33 90 0.747
33 91 1.835
33 92 0.856
33 93 0.918
33 94 2.591
33 95 1.185
33 96 1.637
33 97 1.761
33 98 1.108
33 99 1.888
34 35 0.205
34 36 2.809
34 37 0.648
34 38 0.665
34 39 1.631
34 40 0.721
34 41 1.470
34 42 1.695
34 43 1.249
34 44 0.435
34 45 0.844
34 46 1.057
34 47 0.636
34 48 0.408
34 49 2.825
34 50 2.876
34 51 0.143
34 52 0.737
34 53 3.483
34 54 1.841
34 55 1.307
34 56 0.661
34 57 0.131
34 58 1.259
34 59 0.508
34 60 1.217
34 61 1.531
34 62 0.311
34 63 0.892
34 64 1.726
34 65 0.282
34 66 0.618
34 67 2.324
34 68 0.692
34 69 0.442
34 70 0.414
34 71 0.695
34 72 0.525
34 73 0.936
34 74 2.238
34 75 1.926
34 76 0.654
34 77 1.286
34 78 0.848
34 79 1.349
34 80 0.466
34 81 1.277
34 82 2.541
34 83 2.331
34 84 0.580
34 85 1.217
34 86 1.042
34 87 1.323
34 88 0.597
34 89 2.169
34 90 0.679
34 91 1.335
34 92 0.547
34 93 0.213
34 94 2.038
34 95 0.950
34 96 1.648
34 97 1.152
34 98 1.141
34 99 1.790
35 36 2.633
35 37 0.478
35 38 0.535
35 39 1.834
35 40 0.903
35 41 1.365
35 42 1.524
35 43 1.146
35 44 0.457
35 45 0.640
35 46 0.853
35 47 0.830
35 48 0.526
35 49 3.030
35 50 2.682
35 51 0.342
35 52 0.559
35 53 3.291
35 54 1.641
35 55 1.124
35 56 0.725
35 57 0.076
35 58 1.459
35 59 0.501
35 60 1.013
35 61 1.425
35 62 0.108
35 63 0.693
35 64 1.724
35 65 0.429
35 66 0.804
35 67 2.120
35 68 0.844
35 69 0.532
35 70 0.605
35 71 0.793
35 72 0.331
35 73 0.759
35 74 2.039
35 75 1.753
35 76 0.773
35 77 1.112
35 78 0.658
35 79 1.144
35 80 0.669
35 81 1.474
35 82 2.343
35 83 2.143
35 84 0.784
35 85 1.396
35 86 0.874
35 87 1.119
35 88 0.766
35 89 1.970
35 90 0.877
35 91 1.134
35 92 0.454
35 93 0.418
35 94 1.833
35 95 1.152
35 96 1.851
35 97 0.947
35 98 1.345
35 99 1.989
36 37 2.161
36 38 2.169
36 39 4.364
36 40 3.230
36 41 3.063
36 42 1.115
36 43 1.770
36 44 2.572
36 45 2.077
36 46 2.000
36 47 3.243
36 48 3.147
36 49 5.472
36 50 0.601
36 51 2.899
36 52 2.462
36 53 0.859
36 54 1.204
36 55 1.511
36 56 2.660
36 57 2.705
36 58 4.034
36 59 2.990
36 60 1.889
36 61 1.583
36 62 2.530
36 63 1.982
36 64 2.345
36 65 3.062
36 66 3.183
36 67 1.345
36 68 3.475
36 69 2.728
36 70 3.064
36 71 2.794
36 72 2.462
36 73 1.875
36 74 0.939
36 75 0.884
36 76 2.876
36 77 1.523
36 78 1.983
36 79 1.734
36 80 3.185
36 81 4.066
36 82 0.785
36 83 0.577
36 84 3.315
36 85 4.025
36 86 1.768
36 87 1.895
36 88 3.399
36 89 0.932
36 90 3.319
36 91 1.616
36 92 2.317
36 93 3.001
36 94 1.443
36 95 3.718
36 96 4.371
36 97 1.860
36 98 3.817
36 99 4.561
37 38 0.174
37 39 2.249
37 40 1.195
37 41 1.542
37 42 1.049
37 43 0.736
37 44 0.532
37 45 0.362
37 46 0.603
37 47 1.164
37 48 1.002
37 49 3.419
37 50 2.242
37 51 0.747
37 52 0.630
37 53 2.843
37 54 1.235
37 55 0.661
37 56 0.767
37 57 0.546
37 58 1.893
37 59 0.919
37 60 0.736
37 61 1.001
37 62 0.383
37 63 0.331
37 64 1.486
37 65 0.905
37 66 1.117
37 67 1.772
37 68 1.322
37 69 0.694
37 70 0.953
37 71 0.891
37 72 0.445
37 73 0.288
37 74 1.624
37 75 1.279
37 76 0.926
37 77 0.638
37 78 0.236
37 79 0.820
37 80 1.057
37 81 1.917
37 82 1.921
37 83 1.687
37 84 1.185
37 85 1.864
37 86 0.397
37 87 0.865
37 88 1.239
37 89 1.549
37 90 1.229
37 91 0.748
37 92 0.275
37 93 0.846
37 94 1.497
37 95 1.579
37 96 2.262
37 97 0.634
37 98 1.727
37 99 2.425
38 39 2.205
38 40 1.110
38 41 1.706
38 42 1.054
38 43 0.615
38 44 0.430
38 45 0.530
38 46 0.765
38 47 1.096
38 48 1.054
38 49 3.354
38 50 2.295
38 51 0.736
38 52 0.794
38 53 2.885
38 54 1.323
38 55 0.707
38 56 0.628
38 57 0.590
38 58 1.866
38 59 1.018
38 60 0.890
38 61 0.892
38 62 0.464
38 63 0.482
38 64 1.317
38 65 0.941
38 66 1.043
38 67 1.885
38 68 1.356
38 69 0.596
38 70 0.901
38 71 0.761
38 72 0.591
38 73 0.352
38 74 1.701
38 75 1.285
38 76 0.808
38 77 0.660
38 78 0.371
38 79 0.958
38 80 1.018
38 81 1.897
38 82 1.990
38 83 1.726
38 84 1.148
38 85 1.872
38 86 0.414
38 87 1.020
38 88 1.262
38 89 1.623
38 90 1.167
38 91 0.861
38 92 0.156
38 93 0.838
38 94 1.618
38 95 1.550
38 96 2.215
38 97 0.781
38 98 1.669
38 99 2.394
39 40 1.152
39 41 2.641
39 42 3.256
39 43 2.637
39 44 1.792
39 45 2.473
39 46 2.677
39 47 1.122
39 48 1.460
39 49 1.213
39 50 4.491
39 51 1.508
39 52 2.284
39 53 5.088
39 54 3.470
39 55 2.904
39 56 1.735
39 57 1.758
39 58 0.400
39 59 1.758
39 60 2.837
39 61 2.888
39 62 1.941
39 63 2.522
39 64 2.603
39 65 1.463
39 66 1.184
39 67 3.949
39 68 1.184
39 69 1.637
39 70 1.305
39 71 1.615
39 72 2.125
39 73 2.533
39 74 3.865
39 75 3.485
39 76 1.521
39 77 2.865
39 78 2.469
39 79 2.976
39 80 1.193
39 81 0.430
39 82 4.166
39 83 3.930
39 84 1.064
39 85 0.709
39 86 2.617
39 87 2.933
39 88 1.169
39 89 3.794
39 90 1.045
39 91 2.965
39 92 2.052
39 93 1.418
39 94 3.660
39 95 0.683
39 96 0.044
39 97 2.780
39 98 0.554
39 99 0.256
40 41 2.144
40 42 2.135
40 43 1.487
40 44 0.680
40 45 1.493
40 46 1.729
40 47 0.131
40 48 0.868
40 49 2.250
40 50 3.401
40 51 0.579
40 52 1.457
40 53 3.983
40 54 2.426
40 55 1.816
40 56 0.584
40 57 0.842
40 58 0.893
40 59 1.134
40 60 1.884
40 61 1.736
40 62 0.991
40 63 1.509
40 64 1.547
40 65 0.762
40 66 0.107
40 67 2.963
40 68 0.887
40 69 0.514
40 70 0.310
40 71 0.466
40 72 1.234
40 73 1.457
40 74 2.809
40 75 2.360
40 76 0.370
40 77 1.763
40 78 1.429
40 79 1.996
40 80 0.332
40 81 0.955
40 82 3.100
40 83 2.826
40 84 0.344
40 85 1.079
40 86 1.521
40 87 2.001
40 88 0.764
40 89 2.732
40 90 0.180
40 91 1.942
40 92 0.954
40 93 0.554
40 94 2.684
40 95 0.617
40 96 1.152
40 97 1.800
40 98 0.597
40 99 1.375
41 42 2.182
41 43 2.247
41 44 1.819
41 45 1.280
41 46 1.184
41 47 2.030
41 48 1.302
41 49 3.817
41 50 2.828
41 51 1.592
41 52 0.913
41 53 3.427
41 54 1.859
41 55 1.801
41 56 2.090
41 57 1.388
41 58 2.248
41 59 1.011
41 60 1.228
41 61 2.478
41 62 1.344
41 63 1.390
41 64 3.020
41 65 1.386
41 66 2.037
41 67 1.957
41 68 1.477
41 69 1.892
41 70 1.840
41 71 2.153
41 72 1.127
41 73 1.639
41 74 2.175
41 75 2.350
41 76 2.122
41 77 1.868
41 78 1.484
41 79 1.361
41 80 1.823
41 81 2.211
41 82 2.449
41 83 2.486
41 84 1.874
41 85 1.959
41 86 1.760
41 87 1.184
41 88 1.533
41 89 2.153
41 90 2.039
41 91 1.525
41 92 1.725
41 93 1.593
41 94 1.716
41 95 2.051
41 96 2.676
41 97 1.304
41 98 2.347
41 99 2.676
42 43 0.758
42 44 1.466
42 45 1.016
42 46 1.010
42 47 2.139
42 48 2.043
42 49 4.385
42 50 1.291
42 51 1.784
42 52 1.428
42 53 1.851
42 54 0.620
42 55 0.421
42 56 1.581
42 57 1.594
42 58 2.920
42 59 1.911
42 60 0.956
42 61 0.703
42 62 1.423
42 63 0.908
42 64 1.575
42 65 1.953
42 66 2.081
42 67 1.204
42 68 2.368
42 69 1.626
42 70 1.953
42 71 1.718
42 72 1.383
42 73 0.765
42 74 0.832
42 75 0.231
42 76 1.792
42 77 0.412
42 78 0.887
42 79 0.840
42 80 2.072
42 81 2.951
42 82 1.054
42 83 0.705
42 84 2.202
42 85 2.912
42 86 0.654
42 87 1.021
42 88 2.288
42 89 0.746
42 90 2.213
42 91 0.661
42 92 1.205
42 93 1.885
42 94 1.053
42 95 2.604
42 96 3.264
42 97 0.881
42 98 2.714
42 99 3.448
43 44 0.886
43 45 0.973
43 46 1.136
43 47 1.521
43 48 1.652
43 49 3.708
43 50 2.040
43 51 1.287
43 52 1.346
43 53 2.572
43 54 1.280
43 55 0.675
43 56 0.905
43 57 1.194
43 58 2.342
43 59 1.633
43 60 1.192
43 61 0.281
43 62 1.079
43 63 0.871
43 64 0.908
43 65 1.531
43 66 1.455
43 67 1.890
43 68 1.937
43 69 1.017
43 70 1.375
43 71 1.034
43 72 1.181
43 73 0.618
43 74 1.574
43 75 0.947
43 76 1.121
43 77 0.574
43 78 0.766
43 79 1.175
43 80 1.508
43 81 2.388
43 82 1.811
43 83 1.454
43 84 1.634
43 85 2.411
43 86 0.517
43 87 1.313
43 88 1.832
43 89 1.487
43 90 1.600
43 91 1.003
43 92 0.703
43 93 1.389
43 94 1.679
43 95 2.033
43 96 2.639
43 97 1.075
43 98 2.084
43 99 2.853
44 45 0.868
44 46 1.112
44 47 0.673
44 48 0.834
44 49 2.927
44 50 2.723
44 51 0.420
44 52 0.966
44 53 3.308
44 54 1.751
44 55 1.137
44 56 0.277
44 57 0.453
44 58 1.470
44 59 0.928
44 60 1.257
44 61 1.161
44 62 0.479
44 63 0.860
44 64 1.292
44 65 0.699
44 66 0.616
44 67 2.302
44 68 1.076
44 69 0.166
44 70 0.496
44 71 0.375
44 72 0.724
44 73 0.780
44 74 2.131
44 75 1.693
44 76 0.396
44 77 1.085
44 78 0.767
44 79 1.351
44 80 0.626
44 81 1.510
44 82 2.420
44 83 2.150
44 84 0.754
44 85 1.525
44 86 0.841
44 87 1.382
44 88 0.962
44 89 2.053
44 90 0.747
44 91 1.277
44 92 0.275
44 93 0.516
44 94 2.029
44 95 1.156
44 96 1.799
44 97 1.161
44 98 1.248
44 99 1.991
45 46 0.245
45 47 1.442
45 48 1.098
45 49 3.668
45 50 2.064
45 51 0.974
45 52 0.420
45 53 2.680
45 54 1.010
45 55 0.595
45 56 1.120
45 57 0.715
45 58 2.096
45 59 0.913
45 60 0.392
45 61 1.199
45 62 0.533
45 63 0.115
45 64 1.807
45 65 1.039
45 66 1.404
45 67 1.483
45 68 1.430
45 69 1.019
45 70 1.219
45 71 1.239
45 72 0.389
45 73 0.360
45 74 1.408
45 75 1.229
45 76 1.263
45 77 0.631
45 78 0.208
45 79 0.508
45 80 1.301
45 81 2.108
45 82 1.715
45 83 1.550
45 84 1.421
45 85 2.006
45 86 0.482
45 87 0.515
45 88 1.375
45 89 1.343
45 90 1.498
45 91 0.502
45 92 0.632
45 93 1.057
45 94 1.198
45 95 1.791
45 96 2.491
45 97 0.310
45 98 1.980
45 99 2.625
46 47 1.671
46 48 1.262
46 49 3.879
46 50 1.921
46 51 1.193
46 52 0.471
46 53 2.541
46 54 0.858
46 55 0.617
46 56 1.365
46 57 0.926
46 58 2.292
46 59 1.035
46 60 0.161
46 61 1.330
46 62 0.750
46 63 0.290
46 64 2.006
46 65 1.223
46 66 1.637
46 67 1.272
46 68 1.591
46 69 1.262
46 70 1.447
46 71 1.484
46 72 0.555
46 73 0.526
46 74 1.251
46 75 1.199
46 76 1.507
46 77 0.686
46 78 0.408
46 79 0.308
46 80 1.521
46 81 2.298
46 82 1.558
46 83 1.447
46 84 1.637
46 85 2.175
46 86 0.620
46 87 0.273
46 88 1.550
46 89 1.195
46 90 1.725
46 91 0.384
46 92 0.876
46 93 1.270
46 94 0.983
46 95 1.994
46 96 2.697
46 97 0.139
46 98 2.198
46 99 2.817
47 48 0.744
47 49 2.259
47 50 3.392
47 51 0.493
47 52 1.373
47 53 3.980
47 54 2.398
47 55 1.802
47 56 0.631
47 57 0.763
47 58 0.828
47 59 1.019
47 60 1.829
47 61 1.780
47 62 0.925
47 63 1.466
47 64 1.646
47 65 0.645
47 66 0.069
47 67 2.920
47 68 0.756
47 69 0.515
47 70 0.225
47 71 0.532
47 72 1.159
47 73 1.437
47 74 2.786
47 75 2.366
47 76 0.433
47 77 1.756
47 78 1.395
47 79 1.948
47 80 0.208
47 81 0.881
47 82 3.081
47 83 2.821
47 84 0.214
47 85 0.977
47 86 1.510
47 87 1.942
47 88 0.633
47 89 2.710
47 90 0.079
47 91 1.906
47 92 0.941
47 93 0.451
47 94 2.638
47 95 0.531
47 96 1.127
47 97 1.751
47 98 0.575
47 99 1.331
48 49 2.672
48 50 3.161
48 51 0.430
48 52 0.833
48 53 3.777
48 54 2.104
48 55 1.636
48 56 1.026
48 57 0.464
48 58 1.061
48 59 0.309
48 60 1.419
48 61 1.934
48 62 0.621
48 63 1.176
48 64 2.115
48 65 0.138
48 66 0.765
48 67 2.525
48 68 0.333
48 69 0.803
48 70 0.591
48 71 1.025
48 72 0.713
48 73 1.279
48 74 2.502
48 75 2.271
48 76 0.958
48 77 1.632
48 78 1.163
48 79 1.570
48 80 0.537
48 81 1.054
48 82 2.809
48 83 2.641
48 84 0.574
48 85 0.913
48 86 1.397
48 87 1.500
48 88 0.294
48 89 2.440
48 90 0.743
48 91 1.599
48 92 0.949
48 93 0.367
48 94 2.235
48 95 0.797
48 96 1.486
48 97 1.382
48 98 1.069
48 99 1.571
49 50 5.649
49 51 2.695
49 52 3.496
49 53 6.233
49 54 4.651
49 55 4.061
49 56 2.813
49 57 2.955
49 58 1.611
49 59 2.969
49 60 4.040
49 61 3.932
49 62 3.136
49 63 3.709
49 64 3.464
49 65 2.674
49 66 2.311
49 67 5.150
49 68 2.389
49 69 2.763
49 70 2.466
49 71 2.678
49 72 3.331
49 73 3.695
49 74 5.043
49 75 4.608
49 76 2.597
49 77 4.012
49 78 3.647
49 79 4.174
49 80 2.370
49 81 1.628
49 82 5.339
49 83 5.076
49 84 2.248
49 85 1.859
49 86 3.767
49 87 4.139
49 88 2.381
49 89 4.968
49 90 2.190
49 91 4.152
49 92 3.198
49 93 2.612
49 94 4.862
49 95 1.890
49 96 1.187
49 97 3.977
49 98 1.693
49 99 1.141
50 51 2.987
50 52 2.390
50 53 0.620
50 54 1.063
50 55 1.589
50 56 2.864
50 57 2.757
50 58 4.133
50 59 2.955
50 60 1.780
50 61 1.920
50 62 2.574
50 63 1.992
50 64 2.757
50 65 3.099
50 66 3.338
50 67 0.920
50 68 3.494
50 69 2.887
50 70 3.190
50 71 3.002
50 72 2.450
50 73 1.959
50 74 0.676
50 75 1.094
50 76 3.072
50 77 1.638
50 78 2.028
50 79 1.619
50 80 3.299
50 81 4.153
50 82 0.380
50 83 0.587
50 84 3.427
50 85 4.069
50 86 1.882
50 87 1.744
50 88 3.436
50 89 0.726
50 90 3.462
50 91 1.563
50 92 2.451
50 93 3.083
50 94 1.115
50 95 3.820
50 96 4.503
50 97 1.790
50 98 3.963
50 99 4.665
51 52 0.881
51 53 3.590
51 54 1.962
51 55 1.408
51 56 0.596
51 57 0.272
51 58 1.146
51 59 0.604
51 60 1.353
51 61 1.566
51 62 0.443
51 63 1.014
51 64 1.686
51 65 0.292
51 66 0.475
51 67 2.456
51 68 0.657
51 69 0.374
51 70 0.271
51 71 0.605
51 72 0.667
51 73 1.035
51 74 2.357
51 75 2.015
51 76 0.549
51 77 1.379
51 78 0.961
51 79 1.481
51 80 0.328
51 81 1.171
51 82 2.658
51 83 2.434
51 84 0.448
51 85 1.138
51 86 1.132
51 87 1.460
51 88 0.546
51 89 2.286
51 90 0.536
51 91 1.458
51 92 0.599
51 93 0.103
51 94 2.171
51 95 0.832
51 96 1.524
51 97 1.283
51 98 1.007
51 99 1.678
52 53 3.010
52 54 1.328
52 55 1.011
52 56 1.242
52 57 0.615
52 58 1.890
52 59 0.575
52 60 0.612
52 61 1.592
52 62 0.494
52 63 0.534
52 64 2.110
52 65 0.823
52 66 1.355
52 67 1.698
52 68 1.151
52 69 1.076
52 70 1.151
52 71 1.331
52 72 0.242
52 73 0.760
52 74 1.717
52 75 1.635
52 76 1.324
52 77 1.050
52 78 0.602
52 79 0.771
52 80 1.192
52 81 1.886
52 82 2.024
52 83 1.915
52 84 1.291
52 85 1.735
52 86 0.889
52 87 0.675
52 88 1.127
52 89 1.664
52 90 1.411
52 91 0.849
52 92 0.825
52 93 0.931
52 94 1.408
52 95 1.608
52 96 2.308
52 97 0.607
52 98 1.845
52 99 2.404
53 54 1.683
53 55 2.185
53 56 3.431
53 57 3.367
53 58 4.736
53 59 3.575
53 60 2.400
53 61 2.414
53 62 3.184
53 63 2.604
53 64 3.200
53 65 3.712
53 66 3.924
53 67 1.482
53 68 4.110
53 69 3.471
53 70 3.785
53 71 3.568
53 72 3.067
53 73 2.557
53 74 1.296
53 75 1.633
53 76 3.643
53 77 2.225
53 78 2.635
53 79 2.240
53 80 3.897
53 81 4.759
53 82 0.994
53 83 1.159
53 84 4.026
53 85 4.682
53 86 2.472
53 87 2.363
53 88 4.050
53 89 1.346
53 90 4.052
53 91 2.180
53 92 3.040
53 93 3.687
53 94 1.711
53 95 4.422
53 96 5.099
53 97 2.409
53 98 4.554
53 99 5.268
54 55 0.646
54 56 1.939
54 57 1.717
54 58 3.100
54 59 1.892
54 60 0.721
54 61 1.299
54 62 1.533
54 63 0.949
54 64 2.161
54 65 2.049
54 66 2.351
54 67 0.610
54 68 2.436
54 69 1.917
54 70 2.186
54 71 2.075
54 72 1.391
54 73 0.972
54 74 0.398
54 75 0.636
54 76 2.130
54 77 0.732
54 78 1.005
54 79 0.560
54 80 2.283
54 81 3.115
54 82 0.705
54 83 0.627
54 84 2.408
54 85 3.015
54 86 0.933
54 87 0.701
54 88 2.384
54 89 0.337
54 90 2.463
54 91 0.508
54 92 1.477
54 93 2.052
54 94 0.432
54 95 2.791
54 96 3.486
54 97 0.727
54 98 2.959
54 99 3.631
55 56 1.302
55 57 1.197
55 58 2.553
55 59 1.492
55 60 0.601
55 61 0.782
55 62 1.020
55 63 0.488
55 64 1.582
55 65 1.552
55 66 1.750
55 67 1.245
55 68 1.964
55 69 1.302
55 70 1.601
55 71 1.440
55 72 0.964
55 73 0.373
55 74 1.002
55 75 0.640
55 76 1.500
55 77 0.102
55 78 0.473
55 79 0.533
55 80 1.712
55 81 2.578
55 82 1.285
55 83 1.027
55 84 1.841
55 85 2.520
55 86 0.297
55 87 0.698
55 88 1.890
55 89 0.921
55 90 1.872
55 91 0.346
55 92 0.863
55 93 1.506
55 94 1.013
55 95 2.238
55 96 2.916
55 97 0.503
55 98 2.374
55 99 3.084
56 57 0.709
56 58 1.459
56 59 1.168
56 60 1.503
56 61 1.153
56 62 0.755
56 63 1.097
56 64 1.096
56 65 0.889
56 66 0.563
56 67 2.511
56 68 1.213
56 69 0.223
56 70 0.538
56 71 0.139
56 72 1.001
56 73 0.974
56 74 2.304
56 75 1.799
56 76 0.217
56 77 1.235
56 78 0.994
56 79 1.583
56 80 0.672
56 81 1.512
56 82 2.582
56 83 2.281
56 84 0.781
56 85 1.581
56 86 1.007
56 87 1.631
56 88 1.089
56 89 2.223
56 90 0.711
56 91 1.489
56 92 0.492
56 93 0.668
56 94 2.246
56 95 1.159
56 96 1.736
56 97 1.400
56 98 1.181
56 99 1.956
57 58 1.382
57 59 0.479
57 60 1.087
57 61 1.474
57 62 0.184
57 63 0.769
57 64 1.737
57 65 0.359
57 66 0.741
57 67 2.195
57 68 0.776
57 69 0.505
57 70 0.539
57 71 0.765
57 72 0.395
57 73 0.830
57 74 2.115
57 75 1.824
57 76 0.737
57 77 1.183
57 78 0.732
57 79 1.220
57 80 0.597
57 81 1.398
57 82 2.419
57 83 2.217
57 84 0.710
57 85 1.323
57 86 0.942
57 87 1.192
57 88 0.694
57 89 2.046
57 90 0.808
57 91 1.210
57 92 0.494
57 93 0.343
57 94 1.907
57 95 1.076
57 96 1.776
57 97 1.023
57 98 1.272
57 99 1.913
58 59 1.358
58 60 2.452
58 61 2.605
58 62 1.567
58 63 2.151
58 64 2.424
58 65 1.072
58 66 0.896
58 67 3.564
58 68 0.785
58 69 1.327
58 70 0.974
58 71 1.354
58 72 1.738
58 73 2.180
58 74 3.497
58 75 3.150
58 76 1.256
58 77 2.521
58 78 2.105
58 79 2.594
58 80 0.849
58 81 0.085
58 82 3.800
58 83 3.580
58 84 0.719
58 85 0.381
58 86 2.273
58 87 2.544
58 88 0.770
58 89 3.427
58 90 0.748
58 91 2.593
58 92 1.717
58 93 1.050
58 94 3.275
58 95 0.316
58 96 0.431
58 97 2.399
58 98 0.371
58 99 0.532
59 60 1.184
59 61 1.909
59 62 0.554
59 63 1.009
59 64 2.216
59 65 0.375
59 66 1.028
59 67 2.270
59 68 0.588
59 69 0.950
59 70 0.834
59 71 1.201
59 72 0.529
59 73 1.164
59 74 2.286
59 75 2.132
59 76 1.152
59 77 1.506
59 78 1.026
59 79 1.341
59 80 0.812
59 81 1.343
59 82 2.593
59 83 2.460
59 84 0.869
59 85 1.168
59 86 1.292
59 87 1.249
59 88 0.589
59 89 2.230
59 90 1.029
59 91 1.398
59 92 0.954
59 93 0.588
59 94 1.982
59 95 1.104
59 96 1.786
59 97 1.166
59 98 1.377
59 99 1.854
60 61 1.359
60 62 0.910
60 63 0.408
60 64 2.082
60 65 1.382
60 66 1.794
60 67 1.112
60 68 1.747
60 69 1.411
60 70 1.606
60 71 1.625
60 72 0.714
60 73 0.609
60 74 1.106
60 75 1.124
60 76 1.653
60 77 0.686
60 78 0.521
60 79 0.161
60 80 1.681
60 81 2.458
60 82 1.412
60 83 1.326
60 84 1.797
60 85 2.331
60 86 0.678
60 87 0.131
60 88 1.708
60 89 1.055
60 90 1.883
60 91 0.297
60 92 1.011
60 93 1.430
60 94 0.823
60 95 2.154
60 96 2.858
60 97 0.118
60 98 2.358
60 99 2.977
61 62 1.356
61 63 1.089
61 64 0.872
61 65 1.812
61 66 1.713
61 67 1.900
61 68 2.218
61 69 1.284
61 70 1.645
61 71 1.274
61 72 1.443
61 73 0.840
61 74 1.534
61 75 0.838
61 76 1.367
61 77 0.684
61 78 0.996
61 79 1.313
61 80 1.779
61 81 2.653
61 82 1.735
61 83 1.345
61 84 1.902
61 85 2.686
61 86 0.720
61 87 1.470
61 88 2.111
61 89 1.448
61 90 1.859
61 91 1.128
61 92 0.984
61 93 1.667
61 94 1.722
61 95 2.298
61 96 2.887
61 97 1.248
61 98 2.333
61 99 3.109
62 63 0.584
62 64 1.706
62 65 0.532
62 66 0.895
62 67 2.014
62 68 0.945
62 69 0.583
62 70 0.700
62 71 0.838
62 72 0.254
62 73 0.659
62 74 1.930
62 75 1.652
62 76 0.831
62 77 1.012
62 78 0.551
62 79 1.039
62 80 0.771
62 81 1.582
62 82 2.235
62 83 2.037
62 84 0.889
62 85 1.502
62 86 0.777
62 87 1.018
62 88 0.870
62 89 1.862
62 90 0.975
62 91 1.026
62 92 0.411
62 93 0.524
62 94 1.728
62 95 1.260
62 96 1.959
62 97 0.841
62 98 1.450
62 99 2.098
63 64 1.721
63 65 1.107
63 66 1.425
63 67 1.455
63 68 1.508
63 69 1.019
63 70 1.248
63 71 1.222
63 72 0.480
63 73 0.253
63 74 1.346
63 75 1.125
63 76 1.255
63 77 0.518
63 78 0.118
63 79 0.491
63 80 1.338
63 81 2.166
63 82 1.651
63 83 1.465
63 84 1.462
63 85 2.078
63 86 0.370
63 87 0.539
63 88 1.445
63 89 1.278
63 90 1.527
63 91 0.444
63 92 0.605
63 93 1.104
63 94 1.175
63 95 1.842
63 96 2.538
63 97 0.303
63 98 2.017
63 99 2.682
64 65 1.978
64 66 1.579
64 67 2.767
64 68 2.308
64 69 1.315
64 70 1.620
64 71 1.137
64 72 1.896
64 73 1.480
64 74 2.406
64 75 1.701
64 76 1.230
64 77 1.481
64 78 1.605
64 79 2.079
64 80 1.746
64 81 2.493
64 82 2.600
64 83 2.199
64 84 1.837
64 85 2.623
64 86 1.405
64 87 2.208
64 88 2.183
64 89 2.321
64 90 1.718
64 91 1.911
64 92 1.302
64 93 1.763
64 94 2.574
64 95 2.164
64 96 2.589
64 97 1.964
64 98 2.081
64 99 2.852
65 66 0.656
65 67 2.493
65 68 0.417
65 69 0.666
65 70 0.470
65 71 0.890
65 72 0.668
65 73 1.188
65 74 2.447
65 75 2.182
65 76 0.825
65 77 1.541
65 78 1.083
65 79 1.527
65 80 0.437
65 81 1.076
65 82 2.753
65 83 2.568
65 84 0.499
65 85 0.971
65 86 1.302
65 87 1.472
65 88 0.339
65 89 2.382
65 90 0.655
65 91 1.541
65 92 0.828
65 93 0.235
65 94 2.204
65 95 0.785
65 96 1.486
65 97 1.335
65 98 1.031
65 99 1.595
66 67 2.879
66 68 0.803
66 69 0.455
66 70 0.205
66 71 0.463
66 72 1.135
66 73 1.386
66 74 2.737
66 75 2.307
66 76 0.364
66 77 1.701
66 78 1.350
66 79 1.910
66 80 0.231
66 81 0.950
66 82 3.030
66 83 2.766
66 84 0.269
66 85 1.045
66 86 1.456
66 87 1.909
66 88 0.678
66 89 2.661
66 90 0.148
66 91 1.862
66 92 0.887
66 93 0.447
66 94 2.599
66 95 0.600
66 96 1.189
66 97 1.713
66 98 0.635
66 99 1.397
67 68 2.848
67 69 2.465
67 70 2.700
67 71 2.645
67 72 1.826
67 73 1.537
67 74 0.458
67 75 1.152
67 76 2.691
67 77 1.336
67 78 1.536
67 79 0.976
67 80 2.784
67 81 3.569
67 82 0.574
67 83 0.856
67 84 2.903
67 85 3.433
67 86 1.519
67 87 1.025
67 88 2.816
67 89 0.519
67 90 2.979
67 91 1.025
67 92 2.032
67 93 2.538
67 94 0.290
67 95 3.266
67 96 3.969
67 97 1.173
67 98 3.463
67 99 4.088
68 69 1.003
68 70 0.695
68 71 1.177
68 72 1.045
68 73 1.603
68 74 2.834
68 75 2.597
68 76 1.092
68 77 1.956
68 78 1.492
68 79 1.899
68 80 0.584
68 81 0.761
68 82 3.141
68 83 2.973
68 84 0.544
68 85 0.585
68 86 1.718
68 87 1.823
68 88 0.127
68 89 2.772
68 90 0.720
68 91 1.931
68 92 1.238
68 93 0.561
68 94 2.558
68 95 0.578
68 96 1.216
68 97 1.713
68 98 0.883
68 99 1.267
69 70 0.361
69 71 0.261
69 72 0.836
69 73 0.946
69 74 2.297
69 75 1.852
69 76 0.250
69 77 1.249
69 78 0.930
69 79 1.510
69 80 0.496
69 81 1.371
69 82 2.586
69 83 2.313
69 84 0.618
69 85 1.408
69 86 1.007
69 87 1.534
69 88 0.881
69 89 2.219
69 90 0.592
69 91 1.440
69 92 0.441
69 93 0.449
69 94 2.191
69 95 1.016
69 96 1.642
69 97 1.318
69 98 1.089
69 99 1.842
70 71 0.484
70 72 0.934
70 73 1.232
70 74 2.576
70 75 2.182
70 76 0.397
70 77 1.561
70 78 1.181
70 79 1.727
70 80 0.136
70 81 1.014
70 82 2.873
70 83 2.626
70 84 0.258
70 85 1.049
70 86 1.313
70 87 1.718
70 88 0.568
70 89 2.502
70 90 0.279
70 91 1.689
70 92 0.748
70 93 0.247
70 94 2.417
70 95 0.660
70 96 1.315
70 97 1.529
70 98 0.774
70 99 1.497
71 72 1.090
71 73 1.109
71 74 2.442
71 75 1.936
71 76 0.098
71 77 1.373
71 78 1.122
71 79 1.711
71 80 0.609
71 81 1.411
71 82 2.721
71 83 2.419
71 84 0.705
71 85 1.501
71 86 1.145
71 87 1.752
71 88 1.050
71 89 2.361
71 90 0.610
71 91 1.622
71 92 0.619
71 93 0.658
71 94 2.379
71 95 1.063
71 96 1.613
71 97 1.525
71 98 1.061
71 99 1.841
72 73 0.648
72 74 1.789
72 75 1.604
72 76 1.085
72 77 0.981
72 78 0.501
72 79 0.860
72 80 0.989
72 81 1.744
72 82 2.096
72 83 1.939
72 84 1.098
72 85 1.625
72 86 0.779
72 87 0.809
72 88 0.997
72 89 1.727
72 90 1.203
72 91 0.887
72 92 0.598
72 93 0.731
72 94 1.537
72 95 1.442
72 96 2.146
72 97 0.669
72 98 1.658
72 99 2.263
73 74 1.352
73 75 0.994
73 76 1.159
73 77 0.353
73 78 0.158
73 79 0.640
73 80 1.340
73 81 2.205
73 82 1.644
73 83 1.400
73 84 1.469
73 85 2.151
73 86 0.132
73 87 0.738
73 88 1.524
73 89 1.275
73 90 1.505
73 91 0.519
73 92 0.505
73 93 1.134
73 94 1.275
73 95 1.865
73 96 2.545
73 97 0.491
73 98 2.006
73 99 2.711
74 75 0.730
74 76 2.502
74 77 1.074
74 78 1.397
74 79 0.946
74 80 2.676
74 81 3.512
74 82 0.308
74 83 0.404
74 84 2.802
74 85 3.413
74 86 1.298
74 87 1.068
74 88 2.782
74 89 0.086
74 90 2.853
74 91 0.906
74 92 1.856
74 93 2.449
74 94 0.504
74 95 3.187
74 96 3.880
74 97 1.122
74 98 3.350
74 99 4.028
75 76 2.013
75 77 0.641
75 78 1.112
75 79 0.991
75 80 2.302
75 81 3.182
75 82 0.899
75 83 0.510
75 84 2.432
75 85 3.143
75 86 0.884
75 87 1.171
75 88 2.518
75 89 0.649
75 90 2.441
75 91 0.828
75 92 1.434
75 93 2.116
75 94 1.055
75 95 2.834
75 96 3.492
75 97 1.064
75 98 2.941
75 99 3.678
76 77 1.438
76 78 1.160
76 79 1.746
76 80 0.518
76 81 1.313
76 82 2.784
76 83 2.491
76 84 0.609
76 85 1.404
76 86 1.204
76 87 1.778
76 88 0.965
76 89 2.422
76 90 0.511
76 91 1.666
76 92 0.659
76 93 0.591
76 94 2.421
76 95 0.965
76 96 1.521
76 97 1.557
76 98 0.967
76 99 1.745
77 78 0.480
77 79 0.629
77 80 1.676
77 81 2.549
77 82 1.348
77 83 1.066
77 84 1.805
77 85 2.502
77 86 0.248
77 87 0.789
77 88 1.877
77 89 0.991
77 90 1.828
77 91 0.444
77 92 0.815
77 93 1.480
77 94 1.110
77 95 2.205
77 96 2.875
77 97 0.582
77 98 2.330
77 99 3.051
78 79 0.589
78 80 1.279
78 81 2.125
78 82 1.697
78 83 1.485
78 84 1.405
78 85 2.053
78 86 0.288
78 87 0.652
78 88 1.421
78 89 1.325
78 90 1.459
78 91 0.512
78 92 0.504
78 93 1.055
78 94 1.261
78 95 1.793
78 96 2.483
78 97 0.410
78 98 1.954
78 99 2.637
79 80 1.808
79 81 2.602
79 82 1.253
79 83 1.168
79 84 1.928
79 85 2.482
79 86 0.680
79 87 0.181
79 88 1.857
79 89 0.894
79 90 2.006
79 91 0.190
79 92 1.092
79 93 1.562
79 94 0.690
79 95 2.293
79 96 2.995
79 97 0.198
79 98 2.487
79 99 3.121
80 81 0.885
80 82 2.976
80 83 2.738
80 84 0.130
80 85 0.914
80 86 1.427
80 87 1.788
80 88 0.457
80 89 2.603
80 90 0.223
80 91 1.782
80 92 0.868
80 93 0.261
80 94 2.498
80 95 0.533
80 96 1.205
80 97 1.611
80 98 0.679
80 99 1.376
81 82 3.817
81 83 3.605
81 84 0.757
81 85 0.307
81 86 2.301
81 87 2.547
81 88 0.760
81 89 3.444
81 90 0.802
81 91 2.607
81 92 1.751
81 93 1.072
81 94 3.279
81 95 0.355
81 96 0.465
81 97 2.408
81 98 0.453
81 99 0.519
82 83 0.422
82 84 3.103
82 85 3.720
82 86 1.581
82 87 1.370
82 88 3.089
82 89 0.373
82 90 3.148
82 91 1.212
82 92 2.146
82 93 2.751
82 94 0.739
82 95 3.490
82 96 4.181
82 97 1.430
82 98 3.648
82 99 4.332
83 84 2.868
83 85 3.538
83 86 1.313
83 87 1.323
83 88 2.906
83 89 0.372
83 90 2.893
83 91 1.066
83 92 1.881
83 93 2.533
83 94 0.892
83 95 3.265
83 96 3.940
83 97 1.308
83 98 3.395
83 99 4.111
84 85 0.800
84 86 1.557
84 87 1.901
84 88 0.423
84 89 2.730
84 90 0.180
84 91 1.906
84 92 0.998
84 93 0.367
84 94 2.617
84 95 0.404
84 96 1.078
84 97 1.730
84 98 0.562
84 99 1.246
85 86 2.258
85 87 2.408
85 88 0.633
85 89 3.350
85 90 0.905
85 91 2.508
85 92 1.736
85 93 1.034
85 94 3.143
85 95 0.475
85 96 0.749
85 97 2.294
85 98 0.703
85 99 0.718
86 87 0.803
86 88 1.635
86 89 1.218
86 90 1.581
86 91 0.530
86 92 0.569
86 93 1.233
86 94 1.270
86 95 1.957
86 96 2.628
86 97 0.561
86 98 2.083
86 99 2.803
87 88 1.792
87 89 1.025
87 90 1.994
87 91 0.365
87 92 1.140
87 93 1.534
87 94 0.735
87 95 2.251
87 96 2.954
87 97 0.247
87 98 2.463
87 99 3.066
88 89 2.718
88 90 0.602
88 91 1.877
88 92 1.137
88 93 0.446
88 94 2.526
88 95 0.522
88 96 1.197
88 97 1.666
88 98 0.814
88 99 1.277
89 90 2.777
89 91 0.841
89 92 1.778
89 93 2.378
89 94 0.520
89 95 3.117
89 96 3.808
89 97 1.064
89 98 3.276
89 99 3.959
90 91 1.968
90 92 1.013
90 93 0.481
90 94 2.696
90 95 0.454
90 96 1.052
90 97 1.808
90 98 0.502
90 99 1.253
91 92 1.007
91 93 1.547
91 94 0.757
91 95 2.285
91 96 2.982
91 97 0.245
91 98 2.460
91 99 3.123
92 93 0.702
92 94 1.762
92 95 1.401
92 96 2.061
92 97 0.908
92 98 1.515
92 99 2.244
93 94 2.251
93 95 0.739
93 96 1.435
93 97 1.365
93 98 0.929
93 99 1.582
94 95 2.977
94 96 3.680
94 97 0.888
94 98 3.177
94 99 3.798
95 96 0.704
95 97 2.097
95 98 0.310
95 99 0.846
96 97 2.798
96 98 0.556
96 99 0.283
97 98 2.290
97 99 2.927
98 99 0.784
