nodei nodej distance
0 1 2.734
0 2 2.500
0 3 2.650
0 4 2.468
0 5 2.950
0 6 2.469
0 7 2.501
0 8 2.420
0 9 3.141
0 10 2.621
0 11 2.884
0 12 1.390
0 13 4.395
0 14 2.926
0 15 3.625
0 16 1.938
0 17 3.352
0 18 4.340
0 19 2.421
0 20 2.134
0 21 3.297
0 22 3.525
0 23 1.787
0 24 2.255
0 25 1.925
0 26 4.146
0 27 2.307
0 28 1.878
0 29 3.229
0 30 3.341
0 31 2.734
0 32 3.798
0 33 3.666
0 34 2.194
0 35 1.060
0 36 2.943
0 37 3.585
0 38 3.876
0 39 1.406
0 40 2.356
0 41 4.732
0 42 2.226
0 43 1.940
0 44 3.239
0 45 4.149
0 46 2.684
0 47 2.148
0 48 1.943
0 49 1.630
0 50 4.221
0 51 3.925
0 52 4.120
0 53 3.063
0 54 2.680
0 55 1.955
0 56 2.256
0 57 2.709
0 58 3.841
0 59 2.930
0 60 3.674
0 61 2.369
0 62 1.667
0 63 3.146
0 64 3.560
0 65 2.580
0 66 1.530
0 67 2.914
0 68 3.458
0 69 4.697
0 70 2.283
0 71 2.910
0 72 1.432
0 73 1.888
0 74 1.749
0 75 1.269
0 76 3.783
0 77 2.096
0 78 1.734
0 79 3.128
0 80 1.525
0 81 2.107
0 82 1.794
0 83 1.599
0 84 3.605
0 85 4.177
0 86 1.672
0 87 2.393
0 88 3.478
0 89 4.788
0 90 4.301
0 91 1.275
0 92 4.652
0 93 2.182
0 94 2.786
0 95 1.631
0 96 2.155
0 97 2.021
0 98 2.888
0 99 2.014
1 2 0.259
1 3 0.487
1 4 0.517
1 5 1.432
1 6 1.906
1 7 1.875
1 8 1.391
1 9 1.751
1 10 2.199
1 11 1.240
1 12 2.304
1 13 1.915
1 14 1.377
1 15 1.247
1 16 1.427
1 17 2.017
1 18 1.921
1 19 2.162
1 20 1.199
1 21 1.191
1 22 1.335
1 23 2.907
1 24 1.709
1 25 3.003
1 26 1.606
1 27 4.054
1 28 2.977
1 29 1.525
1 30 1.737
1 31 1.883
1 32 2.077
1 33 1.799
1 34 1.192
1 35 2.101
1 36 1.364
1 37 1.242
1 38 1.336
1 39 2.746
1 40 1.953
1 41 2.399
1 42 2.160
1 43 3.165
1 44 2.074
1 45 1.605
1 46 1.845
1 47 2.668
1 48 2.244
1 49 2.902
1 50 2.024
1 51 1.559
1 52 1.799
1 53 0.800
1 54 1.849
1 55 1.814
1 56 2.838
1 57 0.926
1 58 1.390
1 59 0.655
1 60 1.155
1 61 1.882
1 62 3.006
1 63 1.343
1 64 1.633
1 65 2.392
1 66 2.591
1 67 1.090
1 68 1.098
1 69 2.263
1 70 1.226
1 71 0.994
1 72 2.236
1 73 2.876
1 74 1.488
1 75 2.647
1 76 1.077
1 77 3.939
1 78 1.501
1 79 0.999
1 80 1.725
1 81 2.250
1 82 2.159
1 83 1.991
1 84 1.171
1 85 1.857
1 86 2.187
1 87 1.307
1 88 1.613
1 89 2.087
1 90 1.868
1 91 2.932
1 92 1.920
1 93 2.148
1 94 1.230
1 95 3.555
1 96 2.196
1 97 2.632
1 98 1.120
1 99 1.536
2 3 0.381
2 4 0.320
2 5 1.532
2 6 1.902
2 7 1.877
2 8 1.398
2 9 1.856
2 10 2.201
2 11 1.344
2 12 2.164
2 13 2.167
2 14 1.477
2 15 1.479
2 16 1.345
2 17 2.129
2 18 2.168
2 19 2.141
2 20 1.147
2 21 1.377
2 22 1.542
2 23 2.790
2 24 1.681
2 25 2.894
2 26 1.861
2 27 3.919
2 28 2.865
2 29 1.664
2 30 1.873
2 31 1.918
2 32 2.244
2 33 1.976
2 34 1.154
2 35 1.924
2 36 1.468
2 37 1.469
2 38 1.589
2 39 2.601
2 40 1.932
2 41 2.641
2 42 2.115
2 43 3.050
2 44 2.166
2 45 1.860
2 46 1.875
2 47 2.595
2 48 2.164
2 49 2.772
2 50 2.249
2 51 1.796
2 52 2.035
2 53 0.989
2 54 1.878
2 55 1.741
2 56 2.768
2 57 1.015
2 58 1.634
2 59 0.831
2 60 1.404
2 61 1.866
2 62 2.875
2 63 1.486
2 64 1.812
2 65 2.379
2 66 2.461
2 67 1.213
2 68 1.323
2 69 2.513
2 70 1.207
2 71 1.125
2 72 2.101
2 73 2.769
2 74 1.374
2 75 2.493
2 76 1.334
2 77 3.794
2 78 1.386
2 79 1.176
2 80 1.589
2 81 2.187
2 82 2.063
2 83 1.872
2 84 1.409
2 85 2.093
2 86 2.077
2 87 1.311
2 88 1.782
2 89 2.342
2 90 2.115
2 91 2.771
2 92 2.165
2 93 2.098
2 94 1.315
2 95 3.395
2 96 2.141
2 97 2.548
2 98 1.235
2 99 1.470
3 4 0.183
3 5 1.895
3 6 2.283
3 7 2.258
3 8 1.779
3 9 2.217
3 10 2.582
3 11 1.704
3 12 2.479
3 13 2.326
3 14 1.839
3 15 1.708
3 16 1.707
3 17 2.487
3 18 2.349
3 19 2.519
3 20 1.521
3 21 1.678
3 22 1.816
3 23 3.121
3 24 2.058
3 25 3.231
3 26 2.007
3 27 4.230
3 28 3.199
3 29 2.006
3 30 2.217
3 31 2.298
3 32 2.564
3 33 2.286
3 34 1.531
3 35 2.200
3 36 1.828
3 37 1.709
3 38 1.750
3 39 2.908
3 40 2.310
3 41 2.834
3 42 2.487
3 43 3.382
3 44 2.533
3 45 2.004
3 46 2.256
3 47 2.954
3 48 2.521
3 49 3.091
3 50 2.489
3 51 2.010
3 52 2.252
3 53 1.287
3 54 2.259
3 55 2.104
3 56 3.128
3 57 1.380
3 58 1.830
3 59 1.141
3 60 1.586
3 61 2.245
3 62 3.193
3 63 1.824
3 64 2.120
3 65 2.758
3 66 2.782
3 67 1.563
3 68 1.568
3 69 2.677
3 70 1.587
3 71 1.470
3 72 2.420
3 73 3.107
3 74 1.719
3 75 2.791
3 76 1.389
3 77 4.094
3 78 1.729
3 79 1.486
3 80 1.914
3 81 2.553
3 82 2.412
3 83 2.208
3 84 1.624
3 85 2.308
3 86 2.416
3 87 1.692
3 88 2.100
3 89 2.359
3 90 2.293
3 91 3.060
3 92 2.129
3 93 2.468
3 94 1.683
3 95 3.680
3 96 2.510
3 97 2.901
3 98 1.589
3 99 1.838
4 5 1.850
4 6 2.179
4 7 2.157
4 8 1.686
4 9 2.173
4 10 2.479
4 11 1.662
4 12 2.315
4 13 2.417
4 14 1.795
4 15 1.763
4 16 1.574
4 17 2.447
4 18 2.430
4 19 2.405
4 20 1.404
4 21 1.690
4 22 1.846
4 23 2.962
4 24 1.944
4 25 3.075
4 26 2.103
4 27 4.062
4 28 3.042
4 29 1.984
4 30 2.193
4 31 2.214
4 32 2.563
4 33 2.292
4 34 1.420
4 35 2.026
4 36 1.786
4 37 1.758
4 38 1.838
4 39 2.740
4 40 2.197
4 41 2.911
4 42 2.361
4 43 3.222
4 44 2.481
4 45 2.100
4 46 2.169
4 47 2.813
4 48 2.379
4 49 2.927
4 50 2.541
4 51 2.074
4 52 2.315
4 53 1.300
4 54 2.172
4 55 1.969
4 56 2.988
4 57 1.333
4 58 1.902
4 59 1.144
4 60 1.664
4 61 2.134
4 62 3.028
4 63 1.806
4 64 2.127
4 65 2.646
4 66 2.620
4 67 1.533
4 68 1.614
4 69 2.767
4 70 1.484
4 71 1.445
4 72 2.257
4 73 2.952
4 74 1.571
4 75 2.620
4 76 1.515
4 77 3.923
4 78 1.581
4 79 1.491
4 80 1.755
4 81 2.419
4 82 2.265
4 83 2.053
4 84 1.686
4 85 2.373
4 86 2.264
4 87 1.598
4 88 2.100
4 89 2.502
4 90 2.376
4 91 2.887
4 92 2.285
4 93 2.341
4 94 1.630
4 95 3.506
4 96 2.380
4 97 2.756
4 98 1.554
4 99 1.709
5 6 0.805
5 7 0.754
5 8 0.535
5 9 0.323
5 10 1.000
5 11 0.192
5 12 1.851
5 13 1.661
5 14 0.056
5 15 1.000
5 16 1.012
5 17 0.599
5 18 1.558
5 19 1.079
5 20 0.836
5 21 0.588
5 22 0.763
5 23 2.201
5 24 0.821
5 25 2.235
5 26 1.535
5 27 3.342
5 28 2.230
5 29 0.282
5 30 0.412
5 31 0.604
5 32 0.869
5 33 0.717
5 34 0.774
5 35 1.945
5 36 0.072
5 37 0.942
5 38 1.346
5 39 2.234
5 40 0.926
5 41 1.849
5 42 1.199
5 43 2.413
5 44 0.642
5 45 1.543
5 46 0.598
5 47 1.754
5 48 1.454
5 49 2.277
5 50 1.315
5 51 1.180
5 52 1.295
5 53 0.761
5 54 0.605
5 55 1.127
5 56 1.883
5 57 0.517
5 58 1.209
5 59 0.829
5 60 1.200
5 61 0.856
5 62 2.371
5 63 0.277
5 64 0.630
5 65 1.229
5 66 2.016
5 67 0.356
5 68 0.903
5 69 1.882
5 70 0.677
5 71 0.456
5 72 1.774
5 73 2.114
5 74 1.202
5 75 2.213
5 76 1.646
5 77 3.298
5 78 1.217
5 79 0.599
5 80 1.444
5 81 1.357
5 82 1.480
5 83 1.499
5 84 1.054
5 85 1.343
5 86 1.581
5 87 0.557
5 88 0.540
5 89 2.371
5 90 1.538
5 91 2.495
5 92 2.436
5 93 1.216
5 94 0.227
5 95 3.044
5 96 1.277
5 97 1.784
5 98 0.317
5 99 0.957
6 7 0.051
6 8 0.515
6 9 0.797
6 10 0.300
6 11 0.902
6 12 1.179
6 13 2.458
6 14 0.826
6 15 1.801
6 16 0.720
6 17 0.928
6 18 2.347
6 19 0.283
6 20 0.785
6 21 1.386
6 22 1.568
6 23 1.413
6 24 0.271
6 25 1.437
6 26 2.340
6 27 2.540
6 28 1.435
6 29 1.042
6 30 1.041
6 31 0.286
6 32 1.442
6 33 1.417
6 34 0.761
6 35 1.409
6 36 0.854
6 37 1.743
6 38 2.145
6 39 1.499
6 40 0.135
6 41 2.592
6 42 0.399
6 43 1.614
6 44 0.786
6 45 2.348
6 46 0.249
6 47 0.949
6 48 0.687
6 49 1.506
6 50 2.058
6 51 1.981
6 52 2.080
6 53 1.462
6 54 0.244
6 55 0.515
6 56 1.081
6 57 1.059
6 58 2.013
6 59 1.464
6 60 1.989
6 61 0.099
6 62 1.595
6 63 1.082
6 64 1.384
6 65 0.488
6 66 1.275
6 67 1.060
6 68 1.691
6 69 2.656
6 70 0.696
6 71 1.140
6 72 1.109
6 73 1.319
6 74 0.862
6 75 1.508
6 76 2.395
6 77 2.503
6 78 0.868
6 79 1.352
6 80 0.978
6 81 0.564
6 82 0.759
6 83 0.878
6 84 1.848
6 85 2.123
6 86 0.879
6 87 0.599
6 88 1.289
6 89 3.173
6 90 2.331
6 91 1.770
6 92 3.223
6 93 0.424
6 94 0.832
6 95 2.277
6 96 0.484
6 97 0.984
6 98 1.010
6 99 0.574
7 8 0.484
7 9 0.748
7 10 0.325
7 11 0.854
7 12 1.222
7 13 2.407
7 14 0.776
7 15 1.751
7 16 0.723
7 17 0.884
7 18 2.296
7 19 0.330
7 20 0.771
7 21 1.336
7 22 1.517
7 23 1.464
7 24 0.277
7 25 1.489
7 26 2.289
7 27 2.591
7 28 1.487
7 29 0.990
7 30 0.990
7 31 0.242
7 32 1.395
7 33 1.366
7 34 0.743
7 35 1.442
7 36 0.804
7 37 1.693
7 38 2.096
7 39 1.547
7 40 0.184
7 41 2.542
7 42 0.451
7 43 1.666
7 44 0.746
7 45 2.297
7 46 0.202
7 47 1.000
7 48 0.736
7 49 1.556
7 50 2.007
7 51 1.930
7 52 2.029
7 53 1.417
7 54 0.196
7 55 0.546
7 56 1.131
7 57 1.019
7 58 1.963
7 59 1.422
7 60 1.940
7 61 0.136
7 62 1.645
7 63 1.031
7 64 1.332
7 65 0.525
7 66 1.323
7 67 1.013
7 68 1.642
7 69 2.605
7 70 0.673
7 71 1.094
7 72 1.151
7 73 1.370
7 74 0.873
7 75 1.554
7 76 2.349
7 77 2.555
7 78 0.880
7 79 1.304
7 80 1.002
7 81 0.615
7 82 0.804
7 83 0.915
7 84 1.798
7 85 2.072
7 86 0.923
7 87 0.569
7 88 1.238
7 89 3.123
7 90 2.280
7 91 1.817
7 92 3.174
7 93 0.474
7 94 0.785
7 95 2.327
7 96 0.535
7 97 1.035
7 98 0.964
7 99 0.580
8 9 0.737
8 10 0.808
8 11 0.522
8 12 1.336
8 13 2.145
8 14 0.521
8 15 1.421
8 16 0.483
8 17 0.985
8 18 2.054
8 19 0.782
8 20 0.366
8 21 1.016
8 22 1.230
8 23 1.755
8 24 0.367
8 25 1.811
8 26 1.976
8 27 2.918
8 28 1.798
8 29 0.817
8 30 0.921
8 31 0.538
8 32 1.380
8 33 1.252
8 34 0.316
8 35 1.409
8 36 0.542
8 37 1.367
8 38 1.751
8 39 1.739
8 40 0.578
8 41 2.375
8 42 0.822
8 43 1.987
8 44 0.928
8 45 1.983
8 46 0.488
8 47 1.376
8 48 1.009
8 49 1.809
8 50 1.844
8 51 1.656
8 52 1.801
8 53 0.996
8 54 0.490
8 55 0.624
8 56 1.531
8 57 0.568
8 58 1.645
8 59 0.972
8 60 1.575
8 61 0.503
8 62 1.909
8 63 0.770
8 64 1.162
8 65 1.003
8 66 1.529
8 67 0.634
8 68 1.286
8 69 2.391
8 70 0.220
8 71 0.692
8 72 1.258
8 73 1.684
8 74 0.673
8 75 1.704
8 76 1.934
8 77 2.853
8 78 0.687
8 79 0.926
8 80 0.908
8 81 0.952
8 82 0.998
8 83 0.978
8 84 1.448
8 85 1.852
8 86 1.085
8 87 0.088
8 88 1.074
8 89 2.779
8 90 2.028
8 91 1.992
8 92 2.790
8 93 0.824
8 94 0.426
8 95 2.564
8 96 0.881
8 97 1.377
8 98 0.589
8 99 0.423
9 10 0.898
9 11 0.513
9 12 1.948
9 13 1.709
9 14 0.378
9 15 1.154
9 16 1.215
9 17 0.278
9 18 1.587
9 19 1.030
9 20 1.086
9 21 0.780
9 22 0.888
9 23 2.205
9 24 0.914
9 25 2.219
9 26 1.642
9 27 3.308
9 28 2.221
9 29 0.327
9 30 0.245
9 31 0.526
9 32 0.664
9 33 0.622
9 34 1.028
9 35 2.105
9 36 0.389
9 37 1.096
9 38 1.496
9 39 2.293
9 40 0.932
9 41 1.798
9 42 1.191
9 43 2.394
9 44 0.333
9 45 1.651
9 46 0.550
9 47 1.714
9 48 1.484
9 49 2.302
9 50 1.266
9 51 1.258
9 52 1.317
9 53 1.042
9 54 0.556
9 55 1.232
9 56 1.820
9 57 0.840
9 58 1.336
9 59 1.132
9 60 1.382
9 61 0.877
9 62 2.390
9 63 0.471
9 64 0.613
9 65 1.121
9 66 2.069
9 67 0.663
9 68 1.097
9 69 1.876
9 70 0.926
9 71 0.762
9 72 1.874
9 73 2.105
9 74 1.403
9 75 2.293
9 76 1.865
9 77 3.286
9 78 1.417
9 79 0.857
9 80 1.617
9 81 1.359
9 82 1.544
9 83 1.615
9 84 1.228
9 85 1.354
9 86 1.658
9 87 0.789
9 88 0.522
9 89 2.492
9 90 1.578
9 91 2.562
9 92 2.600
9 93 1.219
9 94 0.547
9 95 3.073
9 96 1.278
9 97 1.766
9 98 0.631
9 99 1.127
10 11 1.132
10 12 1.266
10 13 2.604
10 14 1.033
10 15 1.996
10 16 0.998
10 17 0.941
10 18 2.484
10 19 0.202
10 20 1.084
10 21 1.588
10 22 1.747
10 23 1.352
10 24 0.555
10 25 1.345
10 26 2.517
10 27 2.417
10 28 1.353
10 29 1.193
10 30 1.140
10 31 0.397
10 32 1.478
10 33 1.511
10 34 1.061
10 35 1.567
10 36 1.060
10 37 1.938
10 38 2.343
10 39 1.512
10 40 0.318
10 41 2.681
10 42 0.403
10 43 1.516
10 44 0.767
10 45 2.526
10 46 0.404
10 47 0.830
10 48 0.714
10 49 1.471
10 50 2.155
10 51 2.143
10 52 2.214
10 53 1.712
10 54 0.398
10 55 0.720
10 56 0.924
10 57 1.330
10 58 2.199
10 59 1.730
10 60 2.200
10 61 0.359
10 62 1.547
10 63 1.271
10 64 1.510
10 65 0.229
10 66 1.290
10 67 1.299
10 68 1.903
10 69 2.771
10 70 0.995
10 71 1.387
10 72 1.207
10 73 1.240
10 74 1.120
10 75 1.551
10 76 2.633
10 77 2.405
10 78 1.124
10 79 1.582
10 80 1.191
10 81 0.554
10 82 0.838
10 83 1.026
10 84 2.053
10 85 2.252
10 86 0.964
10 87 0.893
10 88 1.418
10 89 3.362
10 90 2.474
10 91 1.784
10 92 3.436
10 93 0.446
10 94 1.076
10 95 2.231
10 96 0.486
10 97 0.900
10 98 1.250
10 99 0.848
11 12 1.858
11 13 1.623
11 14 0.137
11 15 0.911
11 16 0.963
11 17 0.786
11 18 1.532
11 19 1.184
11 20 0.751
11 21 0.499
11 22 0.708
11 23 2.259
11 24 0.861
11 25 2.305
11 26 1.463
11 27 3.414
11 28 2.296
11 29 0.375
11 30 0.558
11 31 0.746
11 32 0.995
11 33 0.798
11 34 0.690
11 35 1.908
11 36 0.124
11 37 0.855
11 38 1.251
11 39 2.260
11 40 1.010
11 41 1.866
11 42 1.280
11 43 2.482
11 44 0.834
11 45 1.470
11 46 0.729
11 47 1.841
11 48 1.509
11 49 2.322
11 50 1.342
11 51 1.134
11 52 1.281
11 53 0.589
11 54 0.735
11 55 1.144
11 56 1.981
11 57 0.330
11 58 1.132
11 59 0.643
11 60 1.087
11 61 0.936
11 62 2.420
11 63 0.262
11 64 0.677
11 65 1.358
11 66 2.048
11 67 0.173
11 68 0.791
11 69 1.872
11 70 0.603
11 71 0.271
11 72 1.780
11 73 2.180
11 74 1.147
11 75 2.226
11 76 1.502
11 77 3.358
11 78 1.163
11 79 0.452
11 80 1.405
11 81 1.429
11 82 1.514
11 83 1.499
11 84 0.950
11 85 1.333
11 86 1.606
11 87 0.513
11 88 0.600
11 89 2.281
11 90 1.506
11 91 2.514
11 92 2.320
11 93 1.292
11 94 0.100
11 95 3.082
11 96 1.353
11 97 1.859
11 98 0.129
11 99 0.936
12 13 3.480
12 14 1.848
12 15 2.742
12 16 0.955
12 17 2.106
12 18 3.390
12 19 1.064
12 20 1.219
12 21 2.346
12 22 2.564
12 23 0.666
12 24 1.040
12 25 0.797
12 26 3.298
12 27 1.755
12 28 0.756
12 29 2.127
12 30 2.180
12 31 1.464
12 32 2.609
12 33 2.545
12 34 1.261
12 35 0.438
12 36 1.871
12 37 2.690
12 38 3.058
12 39 0.443
12 40 1.049
12 41 3.700
12 42 0.864
12 43 0.922
12 44 1.963
12 45 3.303
12 46 1.422
12 47 0.792
12 48 0.561
12 49 0.612
12 50 3.166
12 51 2.990
12 52 3.136
12 53 2.252
12 54 1.417
12 55 0.725
12 56 0.933
12 57 1.822
12 58 2.967
12 59 2.175
12 60 2.870
12 61 1.086
12 62 0.714
12 63 2.104
12 64 2.479
12 65 1.198
12 66 0.310
12 67 1.955
12 68 2.596
12 69 3.726
12 70 1.305
12 71 1.993
12 72 0.078
12 73 0.692
12 74 0.832
12 75 0.371
12 76 3.149
12 77 1.635
12 78 0.816
12 79 2.233
12 80 0.579
12 81 0.726
12 82 0.430
12 83 0.361
12 84 2.757
12 85 3.187
12 86 0.304
12 87 1.352
12 88 2.387
12 89 4.070
12 90 3.364
12 91 0.664
12 92 4.036
12 93 0.820
12 94 1.760
12 95 1.270
12 96 0.783
12 97 0.672
12 98 1.914
12 99 0.930
13 14 1.652
13 15 0.770
13 16 2.558
13 17 1.753
13 18 0.148
13 19 2.720
13 20 2.312
13 21 1.135
13 22 0.915
13 23 3.862
13 24 2.475
13 25 3.894
13 26 0.322
13 27 4.997
13 28 3.890
13 29 1.419
13 30 1.474
13 31 2.218
13 32 1.306
13 33 1.130
13 34 2.257
13 35 3.494
13 36 1.626
13 37 0.812
13 38 0.579
13 39 3.882
13 40 2.584
13 41 0.551
13 42 2.856
13 43 4.072
13 44 1.933
13 45 0.327
13 46 2.229
13 47 3.403
13 48 3.115
13 49 3.937
13 50 0.593
13 51 0.490
13 52 0.400
13 53 1.335
13 54 2.235
13 55 2.767
13 56 3.522
13 57 1.701
13 58 0.558
13 59 1.478
13 60 0.765
13 61 2.516
13 62 4.032
13 63 1.389
13 64 1.096
13 65 2.829
13 66 3.668
13 67 1.530
13 68 0.938
13 69 0.352
13 70 2.191
13 71 1.508
13 72 3.401
13 73 3.774
13 74 2.728
13 75 3.848
13 76 1.018
13 77 4.959
13 78 2.745
13 79 1.276
13 80 2.998
13 81 3.017
13 82 3.133
13 83 3.120
13 84 0.797
13 85 0.378
13 86 3.228
13 87 2.128
13 88 1.187
13 89 0.885
13 90 0.133
13 91 4.137
13 92 1.144
13 93 2.876
13 94 1.720
13 95 4.701
13 96 2.937
13 97 3.441
13 98 1.568
13 99 2.553
14 15 0.974
14 16 0.991
14 17 0.653
14 18 1.551
14 19 1.104
14 20 0.804
14 21 0.560
14 22 0.746
14 23 2.212
14 24 0.825
14 25 2.250
14 26 1.515
14 27 3.358
14 28 2.244
14 29 0.302
14 30 0.453
14 31 0.640
14 32 0.906
14 33 0.740
14 34 0.743
14 35 1.929
14 36 0.027
14 37 0.917
14 38 1.320
14 39 2.236
14 40 0.944
14 41 1.856
14 42 1.216
14 43 2.428
14 44 0.697
14 45 1.523
14 46 0.630
14 47 1.774
14 48 1.464
14 49 2.285
14 50 1.324
14 51 1.167
14 52 1.292
14 53 0.712
14 54 0.636
14 55 1.125
14 56 1.907
14 57 0.462
14 58 1.187
14 59 0.776
14 60 1.168
14 61 0.872
14 62 2.381
14 63 0.262
14 64 0.641
14 65 1.262
14 66 2.020
14 67 0.303
14 68 0.871
14 69 1.880
14 70 0.647
14 71 0.403
14 72 1.770
14 73 2.128
14 74 1.180
14 75 2.211
14 76 1.605
14 77 3.311
14 78 1.195
14 79 0.556
14 80 1.427
14 81 1.372
14 82 1.484
14 83 1.493
14 84 1.024
14 85 1.341
14 86 1.582
14 87 0.534
14 88 0.554
14 89 2.347
14 90 1.530
14 91 2.495
14 92 2.405
14 93 1.232
14 94 0.177
14 95 3.050
14 96 1.293
14 97 1.800
14 98 0.262
14 99 0.944
15 16 1.805
15 17 1.302
15 18 0.724
15 19 2.078
15 20 1.553
15 21 0.415
15 22 0.271
15 23 3.170
15 24 1.772
15 25 3.216
15 26 0.556
15 27 4.325
15 28 3.207
15 29 0.827
15 30 0.971
15 31 1.600
15 32 1.061
15 33 0.777
15 34 1.500
15 35 2.733
15 36 0.947
15 37 0.058
15 38 0.347
15 39 3.157
15 40 1.916
15 41 1.172
15 42 2.188
15 43 3.394
15 44 1.453
15 45 0.562
15 46 1.597
15 47 2.747
15 48 2.420
15 49 3.230
15 50 0.782
15 51 0.321
15 52 0.556
15 53 0.569
15 54 1.604
15 55 2.044
15 56 2.881
15 57 0.938
15 58 0.225
15 59 0.719
15 60 0.245
15 61 1.843
15 62 3.329
15 63 0.726
15 64 0.641
15 65 2.226
15 66 2.950
15 67 0.789
15 68 0.170
15 69 1.083
15 70 1.441
15 71 0.752
15 72 2.664
15 73 3.091
15 74 1.969
15 75 3.113
15 76 0.763
15 77 4.269
15 78 1.986
15 79 0.513
15 80 2.241
15 81 2.340
15 82 2.420
15 83 2.382
15 84 0.103
15 85 0.615
15 86 2.505
15 87 1.392
15 88 0.692
15 89 1.373
15 90 0.680
15 91 3.404
15 92 1.447
15 93 2.201
15 94 1.000
15 95 3.984
15 96 2.262
15 97 2.769
15 98 0.832
15 99 1.812
16 17 1.449
16 18 2.480
16 19 0.873
16 20 0.264
16 21 1.424
16 22 1.649
16 23 1.494
16 24 0.449
16 25 1.581
16 26 2.357
16 27 2.657
16 28 1.558
16 29 1.292
16 30 1.403
16 31 0.900
16 32 1.863
16 33 1.729
16 34 0.308
16 35 0.945
16 36 1.010
16 37 1.755
16 38 2.110
16 39 1.390
16 40 0.683
16 41 2.829
16 42 0.795
16 43 1.748
16 44 1.368
16 45 2.362
16 46 0.845
16 47 1.250
16 48 0.820
16 49 1.509
16 50 2.305
16 51 2.070
16 52 2.237
16 53 1.298
16 54 0.843
16 55 0.397
16 56 1.423
16 57 0.872
16 58 2.030
16 59 1.220
16 60 1.920
16 61 0.641
16 62 1.613
16 63 1.224
16 64 1.630
16 65 1.117
16 66 1.204
16 67 1.029
16 68 1.652
16 69 2.826
16 70 0.367
16 71 1.053
16 72 0.878
16 73 1.453
16 74 0.190
16 75 1.324
16 76 2.197
16 77 2.561
16 78 0.205
16 79 1.291
16 80 0.443
16 81 0.846
16 82 0.733
16 83 0.602
16 84 1.812
16 85 2.291
16 86 0.774
16 87 0.457
16 88 1.545
16 89 3.117
16 90 2.449
16 91 1.618
16 92 3.082
16 93 0.771
16 94 0.863
16 95 2.222
16 96 0.807
16 97 1.206
16 98 0.993
16 99 0.151
17 18 1.619
17 19 1.110
17 20 1.344
17 21 0.974
17 22 1.031
17 23 2.290
17 24 1.100
17 25 2.287
17 26 1.736
17 27 3.349
17 28 2.294
17 29 0.523
17 30 0.334
17 31 0.643
17 32 0.537
17 33 0.624
17 34 1.288
17 35 2.303
17 36 0.661
17 37 1.248
17 38 1.629
17 39 2.418
17 40 1.060
17 41 1.756
17 42 1.294
17 43 2.457
17 44 0.185
17 45 1.746
17 46 0.685
17 47 1.771
17 48 1.603
17 49 2.402
17 50 1.245
17 51 1.344
17 52 1.354
17 53 1.282
17 54 0.690
17 55 1.412
17 56 1.855
17 57 1.115
17 58 1.456
17 59 1.385
17 60 1.542
17 61 1.021
17 62 2.483
17 63 0.698
17 64 0.686
17 65 1.141
17 66 2.193
17 67 0.927
17 68 1.276
17 69 1.871
17 70 1.185
17 71 1.023
17 72 2.035
17 73 2.181
17 74 1.634
17 75 2.435
17 76 2.046
17 77 3.345
17 78 1.646
17 79 1.086
17 80 1.829
17 81 1.461
17 82 1.686
17 83 1.792
17 84 1.388
17 85 1.381
17 86 1.807
17 87 1.045
17 88 0.615
17 89 2.583
17 90 1.620
17 91 2.690
17 92 2.725
17 93 1.328
17 94 0.824
17 95 3.168
17 96 1.383
17 97 1.840
17 98 0.898
17 99 1.347
18 19 2.605
18 20 2.239
18 21 1.056
18 22 0.830
18 23 3.756
18 24 2.376
18 25 3.785
18 26 0.388
18 27 4.885
18 28 3.782
18 29 1.306
18 30 1.348
18 31 2.101
18 32 1.162
18 33 0.996
18 34 2.183
18 35 3.421
18 36 1.526
18 37 0.758
18 38 0.602
18 39 3.787
18 40 2.475
18 41 0.488
18 42 2.746
18 43 3.962
18 44 1.801
18 45 0.396
18 46 2.114
18 47 3.290
18 48 3.012
18 49 3.835
18 50 0.445
18 51 0.415
18 52 0.270
18 53 1.293
18 54 2.121
18 55 2.673
18 56 3.404
18 57 1.635
18 58 0.535
18 59 1.443
18 60 0.767
18 61 2.409
18 62 3.929
18 63 1.290
18 64 0.974
18 65 2.707
18 66 3.571
18 67 1.451
18 68 0.894
18 69 0.359
18 70 2.113
18 71 1.438
18 72 3.312
18 73 3.665
18 74 2.654
18 75 3.758
18 76 1.088
18 77 4.850
18 78 2.670
18 79 1.213
18 80 2.922
18 81 2.909
18 82 3.035
18 83 3.032
18 84 0.770
18 85 0.238
18 86 3.133
18 87 2.042
18 88 1.066
18 89 1.033
18 90 0.057
18 91 4.044
18 92 1.286
18 93 2.768
18 94 1.631
18 95 4.601
18 96 2.828
18 97 3.331
18 98 1.487
18 99 2.467
19 20 1.000
19 21 1.664
19 22 1.840
19 23 1.182
19 24 0.461
19 25 1.190
19 26 2.612
19 27 2.281
19 28 1.193
19 29 1.301
19 30 1.275
19 31 0.506
19 32 1.643
19 33 1.651
19 34 0.988
19 35 1.370
19 36 1.131
19 37 2.020
19 38 2.423
19 39 1.320
19 40 0.210
19 41 2.827
19 42 0.201
19 43 1.364
19 44 0.943
19 45 2.620
19 46 0.491
19 47 0.685
19 48 0.515
19 49 1.292
19 50 2.296
19 51 2.248
19 52 2.336
19 53 1.744
19 54 0.484
19 55 0.549
19 56 0.805
19 57 1.338
19 58 2.288
19 59 1.743
19 60 2.269
19 61 0.280
19 62 1.373
19 63 1.355
19 64 1.634
19 65 0.245
19 66 1.096
19 67 1.342
19 68 1.972
19 69 2.904
19 70 0.938
19 71 1.423
19 72 1.005
19 73 1.077
19 74 0.972
19 75 1.354
19 76 2.678
19 77 2.256
19 78 0.973
19 79 1.634
19 80 1.013
19 81 0.358
19 82 0.636
19 83 0.829
19 84 2.127
19 85 2.377
19 86 0.762
19 87 0.860
19 88 1.541
19 89 3.450
19 90 2.592
19 91 1.592
19 92 3.504
19 93 0.244
19 94 1.115
19 95 2.059
19 96 0.286
19 97 0.737
19 98 1.293
19 99 0.723
20 21 1.183
20 22 1.411
20 23 1.749
20 24 0.540
20 25 1.831
20 26 2.103
20 27 2.915
20 28 1.810
20 29 1.105
20 30 1.244
20 31 0.885
20 32 1.704
20 33 1.541
20 34 0.061
20 35 1.182
20 36 0.818
20 37 1.505
20 38 1.852
20 39 1.654
20 40 0.793
20 41 2.605
20 42 0.969
20 43 2.000
20 44 1.294
20 45 2.107
20 46 0.833
20 47 1.470
20 48 1.051
20 49 1.770
20 50 2.088
20 51 1.827
20 52 2.003
20 53 1.036
20 54 0.833
20 55 0.619
20 56 1.640
20 57 0.616
20 58 1.777
20 59 0.956
20 60 1.660
20 61 0.732
20 62 1.874
20 63 1.012
20 64 1.428
20 65 1.242
20 66 1.467
20 67 0.790
20 68 1.397
20 69 2.590
20 70 0.161
20 71 0.804
20 72 1.142
20 73 1.702
20 74 0.416
20 75 1.588
20 76 1.934
20 77 2.823
20 78 0.433
20 79 1.039
20 80 0.689
20 81 1.051
20 82 0.982
20 83 0.866
20 84 1.556
20 85 2.059
20 86 1.032
20 87 0.299
20 88 1.348
20 89 2.855
20 90 2.206
20 91 1.882
20 92 2.818
20 93 0.953
20 94 0.653
20 95 2.486
20 96 0.999
20 97 1.439
20 98 0.760
20 99 0.340
21 22 0.228
21 23 2.757
21 24 1.360
21 25 2.802
21 26 0.964
21 27 3.911
21 28 2.793
21 29 0.458
21 30 0.644
21 31 1.191
21 32 0.894
21 33 0.609
21 34 1.127
21 35 2.364
21 36 0.533
21 37 0.358
21 38 0.760
21 39 2.754
21 40 1.501
21 41 1.437
21 42 1.772
21 43 2.979
21 44 1.101
21 45 0.971
21 46 1.186
21 47 2.332
21 48 2.008
21 49 2.821
21 50 0.947
21 51 0.646
21 52 0.823
21 53 0.392
21 54 1.193
21 55 1.639
21 56 2.467
21 57 0.589
21 58 0.633
21 59 0.547
21 60 0.614
21 61 1.428
21 62 2.919
21 63 0.321
21 64 0.443
21 65 1.817
21 66 2.544
21 67 0.395
21 68 0.320
21 69 1.407
21 70 1.057
21 71 0.388
21 72 2.268
21 73 2.677
21 74 1.597
21 75 2.716
21 76 1.085
21 77 3.857
21 78 1.614
21 79 0.205
21 80 1.866
21 81 1.925
21 82 2.012
21 83 1.986
21 84 0.466
21 85 0.880
21 86 2.101
21 87 0.994
21 88 0.435
21 89 1.788
21 90 1.024
21 91 3.006
21 92 1.849
21 93 1.786
21 94 0.591
21 95 3.579
21 96 1.847
21 97 2.354
21 98 0.433
21 99 1.418
22 23 2.957
22 24 1.564
22 25 2.996
22 26 0.773
22 27 4.104
22 28 2.990
22 29 0.564
22 30 0.700
22 31 1.352
22 32 0.824
22 33 0.532
22 34 1.354
22 35 2.591
22 36 0.719
22 37 0.216
22 38 0.608
22 39 2.968
22 40 1.689
22 41 1.210
22 42 1.961
22 43 3.174
22 44 1.183
22 45 0.781
22 46 1.353
22 47 2.517
22 48 2.209
22 49 3.027
22 50 0.732
22 51 0.426
22 52 0.594
22 53 0.559
22 54 1.360
22 55 1.852
22 56 2.645
22 57 0.816
22 58 0.452
22 59 0.722
22 60 0.512
22 61 1.618
22 62 3.123
22 63 0.486
22 64 0.381
22 65 1.976
22 66 2.755
22 67 0.621
22 68 0.283
22 69 1.179
22 70 1.282
22 71 0.616
22 72 2.486
22 73 2.874
22 74 1.824
22 75 2.933
22 76 1.025
22 77 4.056
22 78 1.841
22 79 0.412
22 80 2.092
22 81 2.118
22 82 2.221
22 83 2.205
22 84 0.359
22 85 0.651
22 86 2.313
22 87 1.213
22 88 0.424
22 89 1.615
22 90 0.801
22 91 3.221
22 92 1.711
22 93 1.978
22 94 0.804
22 95 3.788
22 96 2.039
22 97 2.546
22 98 0.656
22 99 1.638
23 24 1.398
23 25 0.144
23 26 3.721
23 27 1.169
23 28 0.098
23 29 2.452
23 30 2.450
23 31 1.681
23 32 2.824
23 33 2.827
23 34 1.778
23 35 1.070
23 36 2.239
23 37 3.114
23 38 3.504
23 39 0.382
23 40 1.282
23 41 4.004
23 42 1.015
23 43 0.261
23 44 2.118
23 45 3.728
23 46 1.657
23 47 0.544
23 48 0.749
23 49 0.168
23 50 3.470
23 51 3.379
23 52 3.490
23 53 2.739
23 54 1.650
23 55 1.148
23 56 0.553
23 57 2.303
23 58 3.390
23 59 2.688
23 60 3.330
23 61 1.347
23 62 0.203
23 63 2.474
23 64 2.797
23 65 1.180
23 66 0.358
23 67 2.388
23 68 3.040
23 69 4.069
23 70 1.794
23 71 2.446
23 72 0.711
23 73 0.128
23 74 1.421
23 75 0.530
23 76 3.667
23 77 1.100
23 78 1.408
23 79 2.681
23 80 1.207
23 81 0.849
23 82 0.770
23 83 0.918
23 84 3.201
23 85 3.535
23 86 0.722
23 87 1.798
23 88 2.703
23 89 4.533
23 90 3.738
23 91 0.563
23 92 4.538
23 93 0.990
23 94 2.170
23 95 0.880
23 96 0.930
23 97 0.452
23 98 2.342
23 99 1.418
24 25 1.448
24 26 2.324
24 27 2.557
24 28 1.437
24 29 1.091
24 30 1.141
24 31 0.485
24 32 1.578
24 33 1.505
24 34 0.527
24 35 1.203
24 36 0.850
24 37 1.716
24 38 2.107
24 39 1.413
24 40 0.253
24 41 2.665
24 42 0.461
24 43 1.625
24 44 0.986
24 45 2.331
24 46 0.433
24 47 1.010
24 48 0.649
24 49 1.462
24 50 2.129
24 51 1.989
24 52 2.116
24 53 1.362
24 54 0.429
24 55 0.318
24 56 1.167
24 57 0.934
24 58 1.993
24 59 1.336
24 60 1.936
24 61 0.197
24 62 1.559
24 63 1.086
24 64 1.443
24 65 0.702
24 66 1.195
24 67 0.992
24 68 1.644
24 69 2.703
24 70 0.484
24 71 1.056
24 72 0.964
24 73 1.322
24 74 0.595
24 75 1.395
24 76 2.300
24 77 2.497
24 78 0.603
24 79 1.287
24 80 0.739
24 81 0.585
24 82 0.659
24 83 0.701
24 84 1.805
24 85 2.164
24 86 0.761
24 87 0.429
24 88 1.350
24 89 3.137
24 90 2.354
24 91 1.675
24 92 3.155
24 93 0.459
24 94 0.772
24 95 2.225
24 96 0.515
24 97 1.011
24 98 0.945
24 99 0.303
25 26 3.764
25 27 1.109
25 28 0.047
25 29 2.479
25 30 2.465
25 31 1.694
25 32 2.823
25 33 2.841
25 34 1.856
25 35 1.209
25 36 2.277
25 37 3.159
25 38 3.554
25 39 0.524
25 40 1.310
25 41 4.017
25 42 1.038
25 43 0.178
25 44 2.111
25 45 3.772
25 46 1.675
25 47 0.517
25 48 0.802
25 49 0.296
25 50 3.486
25 51 3.415
25 52 3.517
25 53 2.802
25 54 1.668
25 55 1.220
25 56 0.481
25 57 2.367
25 58 3.434
25 59 2.759
25 60 3.384
25 61 1.379
25 62 0.290
25 63 2.511
25 64 2.819
25 65 1.158
25 66 0.494
25 67 2.440
25 68 3.091
25 69 4.091
25 70 1.865
25 71 2.502
25 72 0.836
25 73 0.129
25 74 1.521
25 75 0.673
25 76 3.735
25 77 1.067
25 78 1.509
25 79 2.735
25 80 1.320
25 81 0.878
25 82 0.849
25 83 1.023
25 84 3.252
25 85 3.560
25 86 0.818
25 87 1.860
25 88 2.725
25 89 4.584
25 90 3.768
25 91 0.683
25 92 4.600
25 93 1.019
25 94 2.219
25 95 0.910
25 96 0.958
25 97 0.454
25 98 2.393
25 99 1.495
26 27 4.873
26 28 3.757
26 29 1.326
26 30 1.426
26 31 2.122
26 32 1.361
26 33 1.130
26 34 2.051
26 35 3.280
26 36 1.488
26 37 0.609
26 38 0.277
26 39 3.713
26 40 2.459
26 41 0.864
26 42 2.732
26 43 3.942
26 44 1.906
26 45 0.011
26 46 2.126
26 47 3.289
26 48 2.972
26 49 3.784
26 50 0.753
26 51 0.393
26 52 0.480
26 53 1.087
26 54 2.132
26 55 2.600
26 56 3.418
26 57 1.487
26 58 0.332
26 59 1.216
26 60 0.476
26 61 2.388
26 62 3.883
26 63 1.258
26 64 1.051
26 65 2.746
26 66 3.505
26 67 1.345
26 68 0.706
26 69 0.673
26 70 1.995
26 71 1.306
26 72 3.220
26 73 3.641
26 74 2.518
26 75 3.668
26 76 0.703
26 77 4.821
26 78 2.535
26 79 1.066
26 80 2.792
26 81 2.887
26 82 2.974
26 83 2.937
26 84 0.548
26 85 0.500
26 86 3.061
26 87 1.948
26 88 1.130
26 89 0.850
26 90 0.332
26 91 3.960
26 92 1.009
26 93 2.747
26 94 1.554
26 95 4.540
26 96 2.808
26 97 3.315
26 98 1.388
26 99 2.368
27 28 1.120
27 29 3.580
27 30 3.553
27 31 2.786
27 32 3.885
27 33 3.927
27 34 2.945
27 35 2.056
27 36 3.385
27 37 4.268
27 38 4.663
27 39 1.323
27 40 2.416
27 41 5.098
27 42 2.143
27 43 0.932
27 44 3.167
27 45 4.880
27 46 2.771
27 47 1.596
27 48 1.910
27 49 1.152
27 50 4.571
27 51 4.520
27 52 4.617
27 53 3.906
27 54 2.764
27 55 2.317
27 56 1.494
27 57 3.471
27 58 4.543
27 59 3.857
27 60 4.492
27 61 2.486
27 62 1.048
27 63 3.618
27 64 3.915
27 65 2.208
27 66 1.463
27 67 3.549
27 68 4.201
27 69 5.184
27 70 2.962
27 71 3.610
27 72 1.820
27 73 1.235
27 74 2.569
27 75 1.446
27 76 4.836
27 77 0.222
27 78 2.555
27 79 3.843
27 80 2.332
27 81 1.986
27 82 1.939
27 83 2.066
27 84 4.361
27 85 4.658
27 86 1.883
27 87 2.965
27 88 3.821
27 89 5.693
27 90 4.870
27 91 1.205
27 92 5.705
27 93 2.126
27 94 3.328
27 95 0.676
27 96 2.065
27 97 1.558
27 98 3.502
27 99 2.586
28 29 2.477
28 30 2.466
28 31 1.696
28 32 2.830
28 33 2.843
28 34 1.836
28 35 1.166
28 36 2.271
28 37 3.151
28 38 3.544
28 39 0.477
28 40 1.307
28 41 4.019
28 42 1.036
28 43 0.191
28 44 2.119
28 45 3.764
28 46 1.675
28 47 0.529
28 48 0.789
28 49 0.250
28 50 3.487
28 51 3.410
28 52 3.515
28 53 2.787
28 54 1.668
28 55 1.201
28 56 0.507
28 57 2.352
28 58 3.426
28 59 2.741
28 60 3.372
28 61 1.374
28 62 0.250
28 63 2.505
28 64 2.818
28 65 1.171
28 66 0.452
28 67 2.429
28 68 3.081
28 69 4.091
28 70 1.847
28 71 2.490
28 72 0.798
28 73 0.117
28 74 1.493
28 75 0.626
28 76 3.719
28 77 1.068
28 78 1.480
28 79 2.723
28 80 1.287
28 81 0.874
28 82 0.828
28 83 0.993
28 84 3.242
28 85 3.559
28 86 0.791
28 87 1.845
28 88 2.724
28 89 4.574
28 90 3.765
28 91 0.639
28 92 4.586
28 93 1.014
28 94 2.209
28 95 0.891
28 96 0.954
28 97 0.456
28 98 2.382
28 99 1.475
29 30 0.212
29 31 0.801
29 32 0.621
29 33 0.437
29 34 1.044
29 35 2.226
29 36 0.287
29 37 0.770
29 38 1.171
29 39 2.503
29 40 1.170
29 41 1.573
29 42 1.441
29 43 2.656
29 44 0.643
29 45 1.335
29 46 0.810
29 47 1.985
29 48 1.712
29 49 2.536
29 50 1.038
29 51 0.951
29 52 1.039
29 53 0.764
29 54 0.817
29 55 1.402
29 56 2.104
29 57 0.680
29 58 1.014
29 59 0.878
29 60 1.054
29 61 1.105
29 62 2.628
29 63 0.182
29 64 0.352
29 65 1.421
29 66 2.283
29 67 0.455
29 68 0.772
29 69 1.618
29 70 0.949
29 71 0.539
29 72 2.051
29 73 2.360
29 74 1.481
29 75 2.486
29 76 1.542
29 77 3.545
29 78 1.496
29 79 0.565
29 80 1.725
29 81 1.604
29 82 1.748
29 83 1.777
29 84 0.901
29 85 1.083
29 86 1.853
29 87 0.836
29 88 0.260
29 89 2.174
29 90 1.291
29 91 2.766
29 92 2.274
29 93 1.463
29 94 0.460
29 95 3.305
29 96 1.523
29 97 2.025
29 98 0.443
29 99 1.239
30 31 0.771
30 32 0.461
30 33 0.377
30 34 1.183
30 35 2.317
30 36 0.448
30 37 0.916
30 38 1.303
30 39 2.533
30 40 1.175
30 41 1.553
30 42 1.436
30 43 2.640
30 44 0.484
30 45 1.435
30 46 0.794
30 47 1.958
30 48 1.726
30 49 2.546
30 50 1.021
30 51 1.037
30 52 1.079
30 53 0.973
30 54 0.800
30 55 1.459
30 56 2.064
30 57 0.879
30 58 1.134
30 59 1.091
30 60 1.209
30 61 1.118
30 62 2.634
30 63 0.395
30 64 0.380
30 65 1.360
30 66 2.310
30 67 0.661
30 68 0.942
30 69 1.632
30 70 1.084
30 71 0.749
30 72 2.105
30 73 2.351
30 74 1.594
30 75 2.529
30 76 1.712
30 77 3.531
30 78 1.608
30 79 0.772
30 80 1.822
30 81 1.603
30 82 1.781
30 83 1.841
30 84 1.055
30 85 1.114
30 86 1.893
30 87 0.957
30 88 0.296
30 89 2.276
30 90 1.342
30 91 2.801
30 92 2.403
30 93 1.463
30 94 0.628
30 95 3.317
30 96 1.522
30 97 2.011
30 98 0.645
30 99 1.331
31 32 1.158
31 33 1.147
31 34 0.844
31 35 1.678
31 36 0.667
31 37 1.541
31 38 1.947
31 39 1.782
31 40 0.419
31 41 2.324
31 42 0.668
31 43 1.869
31 44 0.507
31 45 2.131
31 46 0.055
31 47 1.190
31 48 0.968
31 49 1.781
31 50 1.792
31 51 1.751
31 52 1.832
31 53 1.333
31 54 0.057
31 55 0.781
31 56 1.304
31 57 0.978
31 58 1.803
31 59 1.365
31 60 1.805
31 61 0.378
31 62 1.867
31 63 0.874
31 64 1.129
31 65 0.626
31 66 1.558
31 67 0.917
31 68 1.508
31 69 2.399
31 70 0.755
31 71 1.010
31 72 1.393
31 73 1.580
31 74 1.068
31 75 1.794
31 76 2.244
31 77 2.761
31 78 1.077
31 79 1.193
31 80 1.224
31 81 0.836
31 82 1.044
31 83 1.155
31 84 1.657
31 85 1.872
31 86 1.164
31 87 0.624
31 88 1.036
31 89 2.966
31 90 2.089
31 91 2.053
31 92 3.040
31 93 0.698
31 94 0.701
31 95 2.551
31 96 0.755
31 97 1.240
31 98 0.869
31 99 0.770
32 33 0.292
32 34 1.643
32 35 2.768
32 36 0.897
32 37 1.020
32 38 1.328
32 39 2.940
32 40 1.576
32 41 1.231
32 42 1.821
32 43 2.994
32 44 0.718
32 45 1.372
32 46 1.193
32 47 2.308
32 48 2.126
32 49 2.933
32 50 0.746
32 51 0.981
32 52 0.915
32 53 1.279
32 54 1.198
32 55 1.896
32 56 2.392
32 57 1.295
32 58 1.145
32 59 1.424
32 60 1.303
32 61 1.529
32 62 3.016
32 63 0.776
32 64 0.455
32 65 1.678
32 66 2.715
32 67 1.063
32 68 1.107
32 69 1.370
32 70 1.544
32 71 1.134
32 72 2.535
32 73 2.716
32 74 2.053
32 75 2.948
32 76 1.821
32 77 3.882
32 78 2.067
32 79 1.078
32 80 2.277
32 81 1.990
32 82 2.198
32 83 2.279
32 84 1.162
32 85 0.928
32 86 2.315
32 87 1.418
32 88 0.464
32 89 2.176
32 90 1.175
32 91 3.211
32 92 2.370
32 93 1.854
32 94 1.076
32 95 3.701
32 96 1.910
32 97 2.376
32 98 1.059
32 99 1.785
33 34 1.480
33 35 2.661
33 36 0.724
33 37 0.733
33 38 1.063
33 39 2.905
33 40 1.550
33 41 1.176
33 42 1.812
33 43 3.016
33 44 0.805
33 45 1.141
33 46 1.171
33 47 2.334
33 48 2.101
33 49 2.922
33 50 0.645
33 51 0.739
33 52 0.730
33 53 0.999
33 54 1.177
33 55 1.821
33 56 2.436
33 57 1.066
33 58 0.882
33 59 1.149
33 60 1.021
33 61 1.492
33 62 3.011
33 63 0.549
33 64 0.167
33 65 1.728
33 66 2.683
33 67 0.830
33 68 0.815
33 69 1.261
33 70 1.386
33 71 0.888
33 72 2.469
33 73 2.727
33 74 1.918
33 75 2.898
33 76 1.540
33 77 3.907
33 78 1.933
33 79 0.802
33 80 2.160
33 81 1.980
33 82 2.152
33 83 2.200
33 84 0.877
33 85 0.758
33 86 2.262
33 87 1.273
33 88 0.205
33 89 1.969
33 90 0.997
33 91 3.173
33 92 2.134
33 93 1.840
33 94 0.891
33 95 3.693
33 96 1.899
33 97 2.387
33 98 0.835
33 99 1.672
34 35 1.238
34 36 0.757
34 37 1.451
34 38 1.803
34 39 1.693
34 40 0.779
34 41 2.546
34 42 0.969
34 43 2.027
34 44 1.242
34 45 2.056
34 46 0.792
34 47 1.482
34 48 1.069
34 49 1.804
34 50 2.028
34 51 1.771
34 52 1.946
34 53 0.991
34 54 0.793
34 55 0.639
34 56 1.650
34 57 0.565
34 58 1.725
34 59 0.918
34 60 1.612
34 61 0.715
34 62 1.907
34 63 0.952
34 64 1.367
34 65 1.227
34 66 1.503
34 67 0.733
34 68 1.345
34 69 2.533
34 70 0.102
34 71 0.750
34 72 1.184
34 73 1.727
34 74 0.471
34 75 1.631
34 76 1.897
34 77 2.857
34 78 0.488
34 79 0.987
34 80 0.742
34 81 1.060
34 82 1.009
34 83 0.906
34 84 1.505
34 85 2.001
34 86 1.065
34 87 0.243
34 88 1.286
34 89 2.810
34 90 2.150
34 91 1.925
34 92 2.778
34 93 0.956
34 94 0.592
34 95 2.526
34 96 1.004
34 97 1.456
34 98 0.701
34 99 0.361
35 36 1.949
35 37 2.686
35 38 3.023
35 39 0.754
35 40 1.296
35 41 3.774
35 42 1.180
35 43 1.312
35 44 2.184
35 45 3.284
35 46 1.628
35 47 1.222
35 48 0.922
35 49 0.978
35 50 3.248
35 51 3.009
35 52 3.181
35 53 2.200
35 54 1.624
35 55 0.897
35 56 1.369
35 57 1.796
35 58 2.957
35 59 2.095
35 60 2.827
35 61 1.310
35 62 1.068
35 63 2.168
35 64 2.570
35 65 1.546
35 66 0.716
35 67 1.970
35 68 2.574
35 69 3.770
35 70 1.310
35 71 1.986
35 72 0.440
35 73 1.117
35 74 0.767
35 75 0.614
35 76 3.040
35 77 1.904
35 78 0.750
35 79 2.220
35 80 0.503
35 81 1.077
35 82 0.761
35 83 0.541
35 84 2.731
35 85 3.235
35 86 0.650
35 87 1.398
35 88 2.483
35 89 4.005
35 90 3.388
35 91 0.862
35 92 3.930
35 93 1.135
35 94 1.808
35 95 1.480
35 96 1.115
35 97 1.106
35 98 1.936
35 99 0.989
36 37 0.889
36 38 1.292
36 39 2.261
36 40 0.971
36 41 1.833
36 42 1.243
36 43 2.455
36 44 0.712
36 45 1.496
36 46 0.657
36 47 1.801
36 48 1.491
36 49 2.311
36 50 1.302
36 51 1.140
36 52 1.267
36 53 0.689
36 54 0.663
36 55 1.149
36 56 1.934
36 57 0.453
36 58 1.160
36 59 0.757
36 60 1.141
36 61 0.899
36 62 2.407
36 63 0.236
36 64 0.621
36 65 1.289
36 66 2.045
36 67 0.284
36 68 0.844
36 69 1.856
36 70 0.662
36 71 0.384
36 72 1.794
36 73 2.154
36 74 1.197
36 75 2.235
36 76 1.580
36 77 3.338
36 78 1.213
36 79 0.530
36 80 1.446
36 81 1.399
36 82 1.509
36 83 1.516
36 84 0.997
36 85 1.317
36 86 1.607
36 87 0.553
36 88 0.535
36 89 2.320
36 90 1.504
36 91 2.520
36 92 2.378
36 93 1.259
36 94 0.180
36 95 3.076
36 96 1.320
36 97 1.827
36 98 0.245
36 99 0.965
37 38 0.406
37 39 3.104
37 40 1.859
37 41 1.195
37 42 2.130
37 43 3.337
37 44 1.397
37 45 0.616
37 46 1.539
37 47 2.690
37 48 2.364
37 49 3.175
37 50 0.783
37 51 0.347
37 52 0.573
37 53 0.537
37 54 1.545
37 55 1.990
37 56 2.824
37 57 0.891
37 58 0.278
37 59 0.692
37 60 0.295
37 61 1.786
37 62 3.274
37 63 0.667
37 64 0.592
37 65 2.167
37 66 2.896
37 67 0.736
37 68 0.146
37 69 1.117
37 70 1.390
37 71 0.702
37 72 2.612
37 73 3.035
37 74 1.921
37 75 3.061
37 76 0.811
37 77 4.214
37 78 1.938
37 79 0.466
37 80 2.193
37 81 2.283
37 82 2.365
37 83 2.330
37 84 0.144
37 85 0.633
37 86 2.452
37 87 1.339
37 88 0.640
37 89 1.430
37 90 0.717
37 91 3.352
37 92 1.506
37 93 2.144
37 94 0.945
37 95 3.930
37 96 2.205
37 97 2.712
37 98 0.779
37 99 1.760
38 39 3.479
38 40 2.259
38 41 1.090
38 42 2.530
38 43 3.732
38 44 1.787
38 45 0.277
38 46 1.944
38 47 3.090
38 48 2.756
38 49 3.560
38 50 0.855
38 51 0.372
38 52 0.574
38 53 0.824
38 54 1.951
38 55 2.371
38 56 3.226
38 57 1.238
38 58 0.183
38 59 0.945
38 60 0.201
38 61 2.186
38 62 3.660
38 63 1.073
38 64 0.950
38 65 2.573
38 66 3.275
38 67 1.117
38 68 0.465
38 69 0.929
38 70 1.753
38 71 1.067
38 72 2.980
38 73 3.429
38 74 2.266
38 75 3.429
38 76 0.535
38 77 4.604
38 78 2.283
38 79 0.827
38 80 2.540
38 81 2.680
38 82 2.749
38 83 2.698
38 84 0.303
38 85 0.618
38 86 2.830
38 87 1.716
38 88 1.014
38 89 1.030
38 90 0.546
38 91 3.722
38 92 1.103
38 93 2.542
38 94 1.335
38 95 4.309
38 96 2.603
38 97 3.110
38 98 1.163
38 99 2.130
39 40 1.364
39 41 4.074
39 42 1.126
39 43 0.579
39 44 2.260
39 45 3.719
39 46 1.748
39 47 0.808
39 48 0.815
39 49 0.241
39 50 3.538
39 51 3.393
39 52 3.528
39 53 2.682
39 54 1.742
39 55 1.116
39 56 0.878
39 57 2.248
39 58 3.382
39 59 2.610
39 60 3.294
39 61 1.416
39 62 0.317
39 63 2.497
39 64 2.854
39 65 1.384
39 66 0.225
39 67 2.368
39 68 3.015
39 69 4.115
39 70 1.730
39 71 2.412
39 72 0.515
39 73 0.483
39 74 1.274
39 75 0.154
39 76 3.587
39 77 1.194
39 78 1.258
39 79 2.652
39 80 1.020
39 81 0.962
39 82 0.755
39 83 0.788
39 84 3.177
39 85 3.576
39 86 0.654
39 87 1.765
39 88 2.760
39 89 4.498
39 90 3.763
39 91 0.273
39 92 4.471
39 93 1.090
39 94 2.164
39 95 0.833
39 96 1.038
39 97 0.687
39 98 2.325
39 99 1.350
40 41 2.725
40 42 0.273
40 43 1.488
40 44 0.914
40 45 2.467
40 46 0.384
40 47 0.831
40 48 0.552
40 49 1.372
40 50 2.191
40 51 2.105
40 52 2.209
40 53 1.554
40 54 0.378
40 55 0.415
40 56 0.972
40 57 1.140
40 58 2.131
40 59 1.546
40 60 2.098
40 61 0.076
40 62 1.462
40 63 1.203
40 64 1.514
40 65 0.449
40 66 1.140
40 67 1.161
40 68 1.802
40 69 2.787
40 70 0.729
40 71 1.236
40 72 0.981
40 73 1.190
40 74 0.802
40 75 1.375
40 76 2.492
40 77 2.375
40 78 0.806
40 79 1.456
40 80 0.886
40 81 0.434
40 82 0.626
40 83 0.759
40 84 1.959
40 85 2.253
40 86 0.747
40 87 0.653
40 88 1.420
40 89 3.288
40 90 2.458
40 91 1.635
40 92 3.329
40 93 0.293
40 94 0.934
40 95 2.143
40 96 0.353
40 97 0.858
40 98 1.112
40 99 0.532
41 42 2.989
41 43 4.191
41 44 1.940
41 45 0.870
41 46 2.347
41 47 3.507
41 48 3.275
41 49 4.097
41 50 0.536
41 51 0.851
41 52 0.624
41 53 1.729
41 54 2.353
41 55 2.975
41 56 3.604
41 57 2.025
41 58 1.009
41 59 1.886
41 60 1.248
41 61 2.666
41 62 4.187
41 63 1.607
41 64 1.222
41 65 2.892
41 66 3.853
41 67 1.818
41 68 1.339
41 69 0.265
41 70 2.466
41 71 1.824
41 72 3.623
41 73 3.903
41 74 3.011
41 75 4.060
41 76 1.566
41 77 5.082
41 78 3.028
41 79 1.619
41 80 3.271
41 81 3.156
41 82 3.320
41 83 3.348
41 84 1.234
41 85 0.565
41 86 3.426
41 87 2.377
41 88 1.314
41 89 1.277
41 90 0.545
41 91 4.339
41 92 1.602
41 93 3.016
41 94 1.966
41 95 4.868
41 96 3.075
41 97 3.563
41 98 1.846
41 99 2.797
42 43 1.216
42 44 1.133
42 45 2.739
42 46 0.642
42 47 0.561
42 48 0.315
42 49 1.113
42 50 2.455
42 51 2.378
42 52 2.479
42 53 1.813
42 54 0.635
42 55 0.421
42 56 0.709
42 57 1.390
42 58 2.403
42 59 1.794
42 60 2.367
42 61 0.344
42 62 1.199
42 63 1.475
42 64 1.783
42 65 0.376
42 66 0.902
42 67 1.427
42 68 2.071
42 69 3.055
42 70 0.939
42 71 1.499
42 72 0.805
42 73 0.919
42 74 0.859
42 75 1.155
42 76 2.751
42 77 2.104
42 78 0.857
42 79 1.722
42 80 0.856
42 81 0.168
42 82 0.437
42 83 0.644
42 84 2.230
42 85 2.523
42 86 0.562
42 87 0.889
42 88 1.689
42 89 3.560
42 90 2.730
42 91 1.399
42 92 3.595
42 93 0.045
42 94 1.200
42 95 1.883
42 96 0.089
42 97 0.585
42 98 1.378
42 99 0.653
43 44 2.280
43 45 3.949
43 46 1.851
43 47 0.686
43 48 0.979
43 49 0.339
43 50 3.661
43 51 3.592
43 52 3.694
43 53 2.978
43 54 1.844
43 55 1.392
43 56 0.627
43 57 2.542
43 58 3.612
43 59 2.932
43 60 3.561
43 61 1.557
43 62 0.275
43 63 2.689
43 64 2.995
43 65 1.323
43 66 0.612
43 67 2.617
43 68 3.269
43 69 4.267
43 70 2.038
43 71 2.679
43 72 0.970
43 73 0.304
43 74 1.680
43 75 0.733
43 76 3.910
43 77 0.891
43 78 1.667
43 79 2.912
43 80 1.468
43 81 1.056
43 82 1.018
43 83 1.178
43 84 3.429
43 85 3.737
43 86 0.979
43 87 2.035
43 88 2.902
43 89 4.761
43 90 3.946
43 91 0.668
43 92 4.776
43 93 1.197
43 94 2.396
43 95 0.770
43 96 1.136
43 97 0.631
43 98 2.570
43 99 1.666
44 45 1.916
44 46 0.555
44 47 1.594
44 48 1.446
44 49 2.234
44 50 1.430
44 51 1.515
44 52 1.534
44 53 1.376
44 54 0.559
44 55 1.287
44 56 1.674
44 57 1.154
44 58 1.618
44 59 1.463
44 60 1.688
44 61 0.882
44 62 2.313
44 63 0.802
44 64 0.855
44 65 0.961
44 66 2.035
44 67 0.992
44 68 1.413
44 69 2.056
44 70 1.141
44 71 1.092
44 72 1.894
44 73 2.007
44 74 1.547
44 75 2.282
44 76 2.183
44 77 3.166
44 78 1.558
44 79 1.189
44 80 1.723
44 81 1.299
44 82 1.538
44 83 1.661
44 84 1.534
44 85 1.563
44 86 1.661
44 87 0.999
44 88 0.778
44 89 2.755
44 90 1.801
44 91 2.532
44 92 2.888
44 93 1.170
44 94 0.851
44 95 2.997
44 96 1.222
44 97 1.667
44 98 0.957
44 99 1.253
45 46 2.134
45 47 3.296
45 48 2.979
45 49 3.791
45 50 0.764
45 51 0.403
45 52 0.490
45 53 1.091
45 54 2.140
45 55 2.606
45 56 3.426
45 57 1.492
45 58 0.338
45 59 1.219
45 60 0.478
45 61 2.395
45 62 3.889
45 63 1.266
45 64 1.061
45 65 2.754
45 66 3.511
45 67 1.351
45 68 0.711
45 69 0.677
45 70 2.000
45 71 1.311
45 72 3.225
45 73 3.648
45 74 2.523
45 75 3.674
45 76 0.696
45 77 4.828
45 78 2.540
45 79 1.072
45 80 2.797
45 81 2.894
45 82 2.981
45 83 2.943
45 84 0.553
45 85 0.511
45 86 3.067
45 87 1.954
45 88 1.140
45 89 0.841
45 90 0.340
45 91 3.966
45 92 0.998
45 93 2.755
45 94 1.560
45 95 4.546
45 96 2.816
45 97 3.323
45 98 1.394
45 99 2.374
46 47 1.175
46 48 0.936
46 49 1.753
46 50 1.814
46 51 1.758
46 52 1.846
46 53 1.312
46 54 0.006
46 55 0.732
46 56 1.295
46 57 0.947
46 58 1.803
46 59 1.339
46 60 1.798
46 61 0.337
46 62 1.840
46 63 0.872
46 64 1.145
46 65 0.632
46 66 1.524
46 67 0.898
46 68 1.501
46 69 2.417
46 70 0.704
46 71 0.988
46 72 1.351
46 73 1.558
46 74 1.013
46 75 1.756
46 76 2.230
46 77 2.741
46 78 1.022
46 79 1.179
46 80 1.171
46 81 0.809
46 82 1.006
46 83 1.109
46 84 1.652
46 85 1.887
46 86 1.124
46 87 0.575
46 88 1.051
46 89 2.967
46 90 2.101
46 91 2.019
46 92 3.034
46 93 0.670
46 94 0.677
46 95 2.524
46 96 0.728
46 97 1.220
46 98 0.849
46 99 0.716
47 48 0.434
47 49 0.689
47 50 2.979
47 51 2.929
47 52 3.021
47 53 2.371
47 54 1.169
47 55 0.855
47 56 0.176
47 57 1.944
47 58 2.961
47 59 2.346
47 60 2.928
47 61 0.905
47 62 0.747
47 63 2.031
47 64 2.319
47 65 0.642
47 66 0.626
47 67 1.988
47 68 2.632
47 69 3.589
47 70 1.470
47 71 2.059
47 72 0.782
47 73 0.422
47 74 1.246
47 75 0.905
47 76 3.309
47 77 1.576
47 78 1.238
47 79 2.283
47 80 1.122
47 81 0.427
47 82 0.566
47 83 0.820
47 84 2.790
47 85 3.062
47 86 0.616
47 87 1.437
47 88 2.226
47 89 4.120
47 90 3.276
47 91 1.058
47 92 4.157
47 93 0.554
47 94 1.762
47 95 1.418
47 96 0.495
47 97 0.127
47 98 1.940
47 99 1.132
48 49 0.824
48 50 2.740
48 51 2.631
48 52 2.748
48 53 2.000
48 54 0.930
48 55 0.431
48 56 0.610
48 57 1.565
48 58 2.641
48 59 1.959
48 60 2.583
48 61 0.609
48 62 0.917
48 63 1.727
48 64 2.060
48 65 0.638
48 66 0.590
48 67 1.640
48 68 2.292
48 69 3.330
48 70 1.069
48 71 1.701
48 72 0.511
48 73 0.675
48 74 0.812
48 75 0.840
48 76 2.934
48 77 1.849
48 78 0.804
48 79 1.934
48 80 0.709
48 81 0.165
48 82 0.165
48 83 0.426
48 84 2.453
48 85 2.794
48 86 0.273
48 87 1.057
48 88 1.966
48 89 3.785
48 90 2.992
48 91 1.087
48 92 3.798
48 93 0.276
48 94 1.421
48 95 1.594
48 96 0.229
48 97 0.388
48 98 1.593
48 99 0.711
49 50 3.563
49 51 3.451
49 52 3.571
49 53 2.780
49 54 1.747
49 55 1.191
49 56 0.716
49 57 2.344
49 58 3.453
49 59 2.720
49 60 3.381
49 61 1.433
49 62 0.104
49 63 2.547
49 64 2.884
49 65 1.313
49 66 0.311
49 67 2.444
49 68 3.095
49 69 4.154
49 70 1.829
49 71 2.496
49 72 0.671
49 73 0.292
49 74 1.416
49 75 0.395
49 76 3.700
49 77 1.053
49 78 1.402
49 79 2.734
49 80 1.182
49 81 0.945
49 82 0.812
49 83 0.914
49 84 3.257
49 85 3.617
49 86 0.739
49 87 1.846
49 88 2.790
49 89 4.586
49 90 3.814
49 91 0.395
49 92 4.578
49 93 1.083
49 94 2.231
49 95 0.771
49 96 1.025
49 97 0.584
49 98 2.399
49 99 1.448
50 51 0.500
50 52 0.284
50 53 1.284
50 54 1.820
50 55 2.440
50 56 3.080
50 57 1.527
50 58 0.703
50 59 1.447
50 60 0.942
50 61 2.130
50 62 3.652
50 63 1.081
50 64 0.687
50 65 2.370
50 66 3.317
50 67 1.309
50 68 0.927
50 69 0.627
50 70 1.945
50 71 1.327
50 72 3.089
50 73 3.371
50 74 2.489
50 75 3.525
50 76 1.389
50 77 4.552
50 78 2.505
50 79 1.143
50 80 2.745
50 81 2.622
50 82 2.784
50 83 2.814
50 84 0.869
50 85 0.253
50 86 2.890
50 87 1.850
50 88 0.779
50 89 1.478
50 90 0.475
50 91 3.803
50 92 1.723
50 93 2.481
50 94 1.442
50 95 4.333
50 96 2.541
50 97 3.032
50 98 1.333
50 99 2.267
51 52 0.241
51 53 0.883
51 54 1.765
51 55 2.278
51 56 3.053
51 57 1.220
51 58 0.204
51 59 1.038
51 60 0.443
51 61 2.036
51 62 3.547
51 63 0.905
51 64 0.660
51 65 2.371
51 66 3.180
51 67 1.042
51 68 0.489
51 69 0.773
51 70 1.703
51 71 1.024
51 72 2.912
51 73 3.293
51 74 2.242
51 75 3.359
51 76 0.905
51 77 4.477
51 78 2.259
51 79 0.798
51 80 2.512
51 81 2.536
51 82 2.646
51 83 2.630
51 84 0.388
51 85 0.299
51 86 2.739
51 87 1.638
51 88 0.741
51 89 1.240
51 90 0.379
51 91 3.647
51 92 1.395
51 93 2.396
51 94 1.230
51 95 4.213
51 96 2.457
51 97 2.963
51 98 1.079
51 99 2.063
52 53 1.105
52 54 1.852
52 55 2.416
52 56 3.135
52 57 1.410
52 58 0.433
52 59 1.263
52 60 0.679
52 61 2.143
52 62 3.665
52 63 1.033
52 64 0.704
52 65 2.437
52 66 3.311
52 67 1.213
52 68 0.719
52 69 0.590
52 70 1.871
52 71 1.210
52 72 3.058
52 73 3.399
52 74 2.415
52 75 3.502
52 76 1.107
52 77 4.584
52 78 2.431
52 79 0.997
52 80 2.680
52 81 2.643
52 82 2.775
52 83 2.779
52 84 0.629
52 85 0.060
52 86 2.874
52 87 1.793
52 88 0.796
52 89 1.261
52 90 0.267
52 91 3.787
52 92 1.473
52 93 2.501
52 94 1.381
52 95 4.339
52 96 2.562
52 97 3.063
52 98 1.245
52 99 2.218
53 54 1.318
53 55 1.592
53 56 2.522
53 57 0.436
53 58 0.779
53 59 0.163
53 60 0.627
53 61 1.478
53 62 2.882
53 63 0.584
53 64 0.833
53 65 1.934
53 66 2.486
53 67 0.416
53 68 0.399
53 69 1.652
53 70 0.952
53 71 0.324
53 72 2.175
53 73 2.674
53 74 1.447
53 75 2.622
53 76 0.939
53 77 3.831
53 78 1.463
53 79 0.204
53 80 1.721
53 81 1.947
53 82 1.972
53 83 1.895
53 84 0.542
53 85 1.165
53 86 2.042
53 87 0.942
53 88 0.816
53 89 1.819
53 90 1.249
53 91 2.916
53 92 1.799
53 93 1.817
53 94 0.636
53 95 3.514
53 96 1.876
53 97 2.372
53 98 0.464
53 99 1.334
54 55 0.728
54 56 1.288
54 57 0.951
54 58 1.810
54 59 1.344
54 60 1.804
54 61 0.332
54 62 1.834
54 63 0.878
54 64 1.151
54 65 0.626
54 66 1.518
54 67 0.903
54 68 1.507
54 69 2.423
54 70 0.706
54 71 0.994
54 72 1.346
54 73 1.552
54 74 1.011
54 75 1.750
54 76 2.236
54 77 2.735
54 78 1.020
54 79 1.185
54 80 1.168
54 81 0.803
54 82 1.000
54 83 1.104
54 84 1.658
54 85 1.894
54 86 1.119
54 87 0.577
54 88 1.058
54 89 2.973
54 90 2.107
54 91 2.013
54 92 3.040
54 93 0.663
54 94 0.683
54 95 2.518
54 96 0.722
54 97 1.214
54 98 0.855
54 99 0.714
55 56 1.028
55 57 1.155
55 58 2.268
55 59 1.540
55 60 2.191
55 61 0.416
55 62 1.292
55 63 1.384
55 64 1.754
55 65 0.780
55 66 0.905
55 67 1.256
55 68 1.906
55 69 3.005
55 70 0.646
55 71 1.306
55 72 0.649
55 73 1.091
55 74 0.438
55 75 1.087
55 76 2.519
55 77 2.240
55 78 0.436
55 79 1.544
55 80 0.472
55 81 0.450
55 82 0.380
55 83 0.383
55 84 2.068
55 85 2.466
55 86 0.462
55 87 0.655
55 88 1.662
55 89 3.396
55 90 2.648
55 91 1.371
55 92 3.391
55 93 0.390
55 94 1.049
55 95 1.940
55 96 0.417
55 97 0.820
55 98 1.212
55 99 0.280
56 57 2.099
56 58 3.093
56 59 2.502
56 60 3.068
56 61 1.047
56 62 0.751
56 63 2.161
56 64 2.431
56 65 0.714
56 66 0.727
56 67 2.132
56 68 2.771
56 69 3.696
56 70 1.634
56 71 2.207
56 72 0.932
56 73 0.425
56 74 1.421
56 75 0.994
56 76 3.460
56 77 1.496
56 78 1.413
56 79 2.427
56 80 1.295
56 81 0.591
56 82 0.740
56 83 0.991
56 84 2.928
56 85 3.174
56 86 0.784
56 87 1.595
56 88 2.338
56 89 4.254
56 90 3.393
56 91 1.105
56 92 4.300
56 93 0.708
56 94 1.905
56 95 1.389
56 96 0.652
56 97 0.266
56 98 2.084
56 99 1.303
57 58 1.162
57 59 0.406
57 60 1.048
57 61 1.064
57 62 2.446
57 63 0.521
57 64 0.921
57 65 1.543
57 66 2.050
57 67 0.235
57 68 0.781
57 69 1.990
57 70 0.518
57 71 0.201
57 72 1.744
57 73 2.239
57 74 1.032
57 75 2.193
57 76 1.369
57 77 3.395
57 78 1.049
57 79 0.425
57 80 1.305
57 81 1.518
57 82 1.535
57 83 1.463
57 84 0.940
57 85 1.467
57 86 1.607
57 87 0.509
57 88 0.861
57 89 2.249
57 90 1.599
57 91 2.486
57 92 2.236
57 93 1.392
57 94 0.304
57 95 3.081
57 96 1.449
57 97 1.941
57 98 0.237
57 99 0.899
58 59 0.920
58 60 0.246
58 61 2.059
58 62 3.551
58 63 0.932
58 64 0.773
58 65 2.428
58 66 3.174
58 67 1.014
58 68 0.385
58 69 0.887
58 70 1.666
58 71 0.977
58 72 2.889
58 73 3.310
58 74 2.193
58 75 3.338
58 76 0.705
58 77 4.490
58 78 2.210
58 79 0.738
58 80 2.466
58 81 2.557
58 82 2.643
58 83 2.607
58 84 0.240
58 85 0.485
58 86 2.729
58 87 1.617
58 88 0.842
58 89 1.164
58 90 0.484
58 91 3.629
58 92 1.270
58 93 2.418
58 94 1.222
58 95 4.208
58 96 2.479
58 97 2.986
58 98 1.056
58 99 2.038
59 60 0.744
59 61 1.470
59 62 2.823
59 63 0.696
59 64 0.983
59 65 1.946
59 66 2.420
59 67 0.474
59 68 0.549
59 69 1.801
59 70 0.894
59 71 0.373
59 72 2.098
59 73 2.630
59 74 1.355
59 75 2.543
59 76 0.980
59 77 3.773
59 78 1.372
59 79 0.347
59 80 1.628
59 81 1.919
59 82 1.918
59 83 1.822
59 84 0.681
59 85 1.323
59 86 1.981
59 87 0.908
59 88 0.960
59 89 1.910
59 90 1.397
59 91 2.837
59 92 1.861
59 93 1.795
59 94 0.666
59 95 3.442
59 96 1.851
59 97 2.339
59 98 0.514
59 99 1.272
60 61 2.023
60 62 3.482
60 63 0.935
60 64 0.886
60 65 2.429
60 66 3.093
60 67 0.943
60 68 0.298
60 69 1.109
60 70 1.565
60 71 0.885
60 72 2.792
60 73 3.257
60 74 2.072
60 75 3.241
60 76 0.519
60 77 4.428
60 78 2.089
60 79 0.649
60 80 2.346
60 81 2.513
60 82 2.570
60 83 2.511
60 84 0.154
60 85 0.732
60 86 2.648
60 87 1.535
60 88 0.935
60 89 1.205
60 90 0.713
60 91 3.534
60 92 1.236
60 93 2.377
60 94 1.167
60 95 4.126
60 96 2.437
60 97 2.943
60 98 0.991
60 99 1.944
61 62 1.524
61 63 1.132
61 64 1.452
61 65 0.514
61 66 1.192
61 67 1.086
61 68 1.727
61 69 2.723
61 70 0.660
61 71 1.161
61 72 1.015
61 73 1.258
61 74 0.773
61 75 1.420
61 76 2.416
61 77 2.443
61 78 0.779
61 79 1.381
61 80 0.880
61 81 0.501
61 82 0.669
61 83 0.780
61 84 1.886
61 85 2.188
61 86 0.787
61 87 0.580
61 88 1.357
61 89 3.215
61 90 2.391
61 91 1.685
61 92 3.254
61 93 0.360
61 94 0.859
61 95 2.203
61 96 0.421
61 97 0.928
61 98 1.037
61 99 0.492
62 63 2.643
62 64 2.975
62 65 1.381
62 66 0.415
62 67 2.543
62 68 3.195
62 69 4.246
62 70 1.931
62 71 2.596
62 72 0.774
62 73 0.330
62 74 1.521
62 75 0.468
62 76 3.803
62 77 0.950
62 78 1.506
62 79 2.834
62 80 1.286
62 81 1.031
62 82 0.912
62 83 1.019
62 84 3.357
62 85 3.711
62 86 0.843
62 87 1.946
62 88 2.881
62 89 4.686
62 90 3.909
62 91 0.401
62 92 4.680
62 93 1.171
62 94 2.329
62 95 0.685
62 96 1.112
62 97 0.651
62 98 2.498
62 99 1.551
63 64 0.417
63 65 1.500
63 66 2.281
63 67 0.288
63 68 0.641
63 69 1.622
63 70 0.865
63 71 0.362
63 72 2.026
63 73 2.389
63 74 1.408
63 75 2.469
63 76 1.401
63 77 3.573
63 78 1.424
63 79 0.389
63 80 1.665
63 81 1.633
63 82 1.745
63 83 1.747
63 84 0.785
63 85 1.083
63 86 1.843
63 87 0.770
63 88 0.345
63 89 2.095
63 90 1.268
63 91 2.755
63 92 2.168
63 93 1.493
63 94 0.361
63 95 3.312
63 96 1.554
63 97 2.060
63 98 0.287
63 99 1.191
64 65 1.734
64 66 2.633
64 67 0.686
64 68 0.660
64 69 1.272
64 70 1.277
64 71 0.735
64 72 2.402
64 73 2.702
64 74 1.817
64 75 2.838
64 76 1.403
64 77 3.886
64 78 1.833
64 79 0.636
64 80 2.068
64 81 1.948
64 82 2.099
64 83 2.128
64 84 0.736
64 85 0.743
64 86 2.204
64 87 1.174
64 88 0.094
64 89 1.900
64 90 0.965
64 91 3.118
64 92 2.040
64 93 1.807
64 94 0.774
64 95 3.654
64 96 1.867
64 97 2.365
64 98 0.697
64 99 1.585
65 66 1.169
65 67 1.523
65 68 2.132
65 69 2.990
65 70 1.173
65 71 1.610
65 72 1.149
65 73 1.062
65 74 1.210
65 75 1.443
65 76 2.859
65 77 2.206
65 78 1.211
65 79 1.809
65 80 1.231
65 81 0.474
65 82 0.788
65 83 1.016
65 84 2.283
65 85 2.474
65 86 0.908
65 87 1.085
65 88 1.643
65 89 3.591
65 90 2.699
65 91 1.652
65 92 3.665
65 93 0.419
65 94 1.299
65 95 2.059
65 96 0.431
65 97 0.730
65 98 1.474
65 99 0.967
66 67 2.161
66 68 2.811
66 69 3.897
66 70 1.533
66 71 2.209
66 72 0.362
66 73 0.403
66 74 1.106
66 75 0.281
66 76 3.400
66 77 1.357
66 78 1.092
66 79 2.448
66 80 0.872
66 81 0.738
66 82 0.536
66 83 0.606
66 84 2.973
66 85 3.359
66 86 0.445
66 87 1.559
66 88 2.540
66 89 4.297
66 90 3.548
66 91 0.497
66 92 4.280
66 93 0.865
66 94 1.953
66 95 1.035
66 96 0.813
66 97 0.500
66 98 2.117
66 99 1.152
67 68 0.652
67 69 1.800
67 70 0.662
67 71 0.100
67 72 1.877
67 73 2.314
67 74 1.203
67 75 2.325
67 76 1.337
67 77 3.487
67 78 1.220
67 79 0.296
67 80 1.471
67 81 1.570
67 82 1.632
67 83 1.595
67 84 0.814
67 85 1.268
67 86 1.717
67 87 0.604
67 88 0.626
67 89 2.145
67 90 1.420
67 91 2.616
67 92 2.169
67 93 1.436
67 94 0.228
67 95 3.196
67 96 1.496
67 97 2.000
67 98 0.049
67 99 1.026
68 69 1.253
68 70 1.291
68 71 0.603
68 72 2.517
68 73 2.966
68 74 1.812
68 75 2.966
68 76 0.771
68 77 4.139
68 78 1.829
68 79 0.363
68 80 2.086
68 81 2.219
68 82 2.284
68 83 2.235
68 84 0.162
68 85 0.778
68 86 2.366
68 87 1.251
68 88 0.690
68 89 1.493
68 90 0.850
68 91 3.259
68 92 1.534
68 93 2.082
68 94 0.873
68 95 3.845
68 96 2.143
68 97 2.649
68 98 0.699
68 99 1.667
69 70 2.460
69 71 1.791
69 72 3.648
69 73 3.974
69 74 3.003
69 75 4.091
69 76 1.361
69 77 5.158
69 78 3.019
69 79 1.569
69 80 3.269
69 81 3.220
69 82 3.362
69 83 3.369
69 84 1.125
69 85 0.539
69 86 3.462
69 87 2.384
69 88 1.366
69 89 1.013
69 90 0.404
69 91 4.376
69 92 1.338
69 93 3.079
69 94 1.971
69 95 4.923
69 96 3.139
69 97 3.637
69 98 1.834
69 99 2.808
70 71 0.689
70 72 1.227
70 73 1.737
70 74 0.545
70 75 1.676
70 76 1.874
70 77 2.881
70 78 0.562
70 79 0.929
70 80 0.809
70 81 1.044
70 82 1.024
70 83 0.946
70 84 1.452
70 85 1.925
70 86 1.090
70 87 0.142
70 88 1.195
70 89 2.767
70 90 2.082
70 91 1.969
70 92 2.749
70 93 0.931
70 94 0.503
70 95 2.563
70 96 0.983
70 97 1.453
70 98 0.626
70 99 0.381
71 72 1.915
71 73 2.375
71 74 1.220
71 75 2.364
71 76 1.256
71 77 3.543
71 78 1.237
71 79 0.240
71 80 1.491
71 81 1.638
71 82 1.685
71 83 1.633
71 84 0.765
71 85 1.267
71 86 1.764
71 87 0.650
71 88 0.684
71 89 2.090
71 90 1.403
71 91 2.656
71 92 2.100
71 93 1.505
71 94 0.311
71 95 3.243
71 96 1.565
71 97 2.066
71 98 0.143
71 99 1.064
72 73 0.725
72 74 0.759
72 75 0.449
72 76 3.074
72 77 1.704
72 78 0.744
72 79 2.155
72 80 0.512
72 81 0.675
72 82 0.369
72 83 0.282
72 84 2.679
72 85 3.109
72 86 0.244
72 87 1.274
72 88 2.310
72 89 3.993
72 90 3.286
72 91 0.742
72 92 3.960
72 93 0.762
72 94 1.682
72 95 1.345
72 96 0.728
72 97 0.667
72 98 1.836
72 99 0.852
73 74 1.395
73 75 0.621
73 76 3.607
73 77 1.185
73 78 1.383
73 79 2.608
73 80 1.199
73 81 0.757
73 82 0.721
73 83 0.900
73 84 3.126
73 85 3.442
73 86 0.693
73 87 1.732
73 88 2.608
73 89 4.458
73 90 3.648
73 91 0.686
73 92 4.472
73 93 0.898
73 94 2.093
73 95 0.997
73 96 0.837
73 97 0.341
73 98 2.267
73 99 1.366
74 75 1.193
74 76 2.323
74 77 2.461
74 78 0.017
74 79 1.456
74 80 0.274
74 81 0.874
74 82 0.693
74 83 0.504
74 84 1.971
74 85 2.470
74 86 0.703
74 87 0.645
74 88 1.733
74 89 3.262
74 90 2.621
74 91 1.487
74 92 3.211
74 93 0.827
74 94 1.047
74 95 2.100
74 96 0.851
74 97 1.184
74 98 1.170
74 99 0.297
75 76 3.515
75 77 1.303
75 78 1.177
75 79 2.604
75 80 0.929
75 81 0.997
75 82 0.750
75 83 0.731
75 84 3.128
75 85 3.552
75 86 0.636
75 87 1.722
75 88 2.746
75 89 4.441
75 90 3.732
75 91 0.294
75 92 4.403
75 93 1.116
75 94 2.129
75 95 0.910
75 96 1.068
75 97 0.779
75 98 2.284
75 99 1.300
76 77 4.753
76 78 2.339
76 79 1.051
76 80 2.592
76 81 2.885
76 82 2.898
76 83 2.799
76 84 0.666
76 85 1.148
76 86 2.961
76 87 1.878
76 88 1.448
76 89 1.011
76 90 1.031
76 91 3.809
76 92 0.891
76 93 2.756
76 94 1.564
76 95 4.419
76 96 2.814
76 97 3.309
76 98 1.386
76 99 2.252
77 78 2.446
77 79 3.779
77 80 2.213
77 81 1.942
77 82 1.860
77 83 1.963
77 84 4.301
77 85 4.627
77 86 1.793
77 87 2.894
77 88 3.792
77 89 5.632
77 90 4.833
77 91 1.043
77 92 5.630
77 93 2.083
77 94 3.269
77 95 0.470
77 96 2.022
77 97 1.521
77 98 3.441
77 99 2.501
78 79 1.472
78 80 0.258
78 81 0.869
78 82 0.684
78 83 0.490
78 84 1.988
78 85 2.486
78 86 0.691
78 87 0.661
78 88 1.748
78 89 3.279
78 90 2.638
78 91 1.470
78 92 3.228
78 93 0.825
78 94 1.063
78 95 2.085
78 96 0.848
78 97 1.175
78 98 1.186
78 99 0.307
79 80 1.728
79 81 1.866
79 82 1.922
79 83 1.872
79 84 0.525
79 85 1.056
79 86 2.003
79 87 0.889
79 88 0.614
79 89 1.853
79 90 1.175
79 91 2.896
79 92 1.873
79 93 1.731
79 94 0.522
79 95 3.482
79 96 1.791
79 97 2.295
79 98 0.344
79 99 1.304
80 81 0.817
80 82 0.557
80 83 0.308
80 84 2.245
80 85 2.734
80 86 0.521
80 87 0.895
80 88 1.981
80 89 3.536
80 90 2.890
80 91 1.221
80 92 3.482
80 93 0.816
80 94 1.305
80 95 1.839
80 96 0.821
80 97 1.039
80 98 1.436
80 99 0.492
81 82 0.317
81 83 0.561
81 84 2.378
81 85 2.687
81 86 0.435
81 87 1.011
81 88 1.854
81 89 3.710
81 90 2.892
81 91 1.234
81 92 3.737
81 93 0.141
81 94 1.346
81 95 1.715
81 96 0.081
81 97 0.430
81 98 1.523
81 99 0.718
82 83 0.264
82 84 2.446
82 85 2.823
82 86 0.125
82 87 1.035
82 88 2.006
82 89 3.774
82 90 3.013
82 91 1.020
82 92 3.771
82 93 0.393
82 94 1.421
82 95 1.568
82 96 0.361
82 97 0.493
82 98 1.588
82 99 0.648
83 84 2.397
83 85 2.830
83 86 0.214
83 87 0.992
83 88 2.037
83 89 3.712
83 90 3.005
83 91 1.024
83 92 3.683
83 93 0.599
83 94 1.401
83 95 1.621
83 96 0.586
83 97 0.733
83 98 1.554
83 99 0.569
84 85 0.687
84 86 2.528
84 87 1.413
84 88 0.783
84 89 1.332
84 90 0.721
84 91 3.421
84 92 1.383
84 93 2.241
84 94 1.033
84 95 4.007
84 96 2.302
84 97 2.808
84 98 0.860
84 99 1.828
85 86 2.923
85 87 1.846
85 88 0.836
85 89 1.254
85 90 0.248
85 91 3.836
85 92 1.480
85 93 2.545
85 94 1.433
85 95 4.386
85 96 2.606
85 97 3.106
85 98 1.300
85 99 2.270
86 87 1.114
86 88 2.111
86 89 3.853
86 90 3.109
86 91 0.914
86 92 3.839
86 93 0.518
86 94 1.510
86 95 1.479
86 96 0.484
86 97 0.522
86 98 1.673
86 99 0.709
87 88 1.088
87 89 2.740
87 90 2.014
87 91 2.013
87 92 2.741
87 93 0.887
87 94 0.413
87 95 2.593
87 96 0.943
87 97 1.432
87 98 0.562
87 99 0.425
88 89 1.980
88 90 1.056
88 91 3.024
88 92 2.111
88 93 1.712
88 94 0.695
88 95 3.560
88 96 1.773
88 97 2.271
88 98 0.631
88 99 1.496
89 90 1.008
89 91 4.735
89 92 0.375
89 93 3.572
89 94 2.365
89 95 5.330
89 96 3.633
89 97 4.140
89 98 2.192
89 99 3.148
90 91 4.019
90 92 1.249
90 93 2.751
90 94 1.604
90 95 4.580
90 96 2.811
90 97 3.315
90 98 1.456
90 99 2.439
91 92 4.697
91 93 1.363
91 94 2.417
91 95 0.624
91 96 1.310
91 97 0.941
91 98 2.574
91 99 1.592
92 93 3.604
92 94 2.395
92 95 5.304
92 96 3.664
92 97 4.166
92 98 2.217
92 99 3.130
93 94 1.210
93 95 1.854
93 96 0.061
93 97 0.568
93 98 1.388
93 99 0.631
94 95 2.988
94 96 1.271
94 97 1.776
94 98 0.179
94 99 0.837
95 96 1.796
95 97 1.332
95 98 3.152
95 99 2.182
96 97 0.507
96 98 1.447
96 99 0.672
97 98 1.952
97 99 1.099
98 99 0.985
