nodei nodej distance
0 1 0.216
0 2 0.185
0 3 0.246
0 4 0.380
0 5 6.421
0 6 5.996
0 7 6.498
0 8 6.654
0 9 5.609
0 10 6.532
0 11 6.456
0 12 5.806
0 13 6.185
0 14 6.207
0 15 5.670
0 16 6.401
0 17 5.645
0 18 5.597
0 19 5.935
0 20 5.969
0 21 5.897
0 22 5.356
0 23 5.929
0 24 6.109
0 25 7.094
0 26 5.722
0 27 5.600
0 28 5.376
0 29 5.745
0 30 5.963
0 31 5.747
0 32 5.354
0 33 5.394
0 34 5.968
0 35 5.771
0 36 5.359
0 37 7.073
0 38 5.664
0 39 5.419
0 40 6.185
0 41 5.897
0 42 5.900
0 43 6.175
0 44 5.900
0 45 6.025
0 46 5.542
0 47 6.731
0 48 5.921
0 49 5.829
0 50 5.547
0 51 6.604
0 52 5.555
0 53 6.185
0 54 5.931
0 55 6.209
0 56 6.264
0 57 5.665
0 58 6.017
0 59 6.091
0 60 6.186
0 61 5.895
0 62 5.797
0 63 5.348
0 64 5.806
0 65 5.570
0 66 6.494
0 67 5.341
0 68 6.405
0 69 6.183
0 70 6.370
0 71 6.423
0 72 6.133
0 73 6.106
0 74 5.651
0 75 6.167
0 76 5.939
0 77 6.272
0 78 5.719
0 79 5.476
0 80 6.086
0 81 5.691
0 82 5.762
0 83 5.829
0 84 6.199
0 85 5.816
0 86 6.109
0 87 6.293
0 88 6.956
0 89 6.189
0 90 5.469
0 91 5.048
0 92 7.267
0 93 5.615
0 94 5.846
0 95 6.366
0 96 5.934
0 97 6.220
0 98 5.931
0 99 6.557
1 2 0.322
1 3 0.286
1 4 0.274
1 5 6.597
1 6 6.163
1 7 6.668
1 8 6.826
1 9 5.785
1 10 6.704
1 11 6.625
1 12 5.978
1 13 6.353
1 14 6.384
1 15 5.842
1 16 6.574
1 17 5.821
1 18 5.770
1 19 6.109
1 20 6.144
1 21 6.069
1 22 5.531
1 23 6.103
1 24 6.281
1 25 7.263
1 26 5.898
1 27 5.775
1 28 5.550
1 29 5.920
1 30 6.138
1 31 5.921
1 32 5.528
1 33 5.569
1 34 6.136
1 35 5.944
1 36 5.533
1 37 7.245
1 38 5.840
1 39 5.593
1 40 6.353
1 41 6.068
1 42 6.073
1 43 6.343
1 44 6.071
1 45 6.199
1 46 5.713
1 47 6.901
1 48 6.095
1 49 5.993
1 50 5.724
1 51 6.780
1 52 5.732
1 53 6.358
1 54 6.100
1 55 6.378
1 56 6.437
1 57 5.836
1 58 6.190
1 59 6.263
1 60 6.354
1 61 6.071
1 62 5.966
1 63 5.524
1 64 5.974
1 65 5.740
1 66 6.667
1 67 5.518
1 68 6.576
1 69 6.353
1 70 6.539
1 71 6.597
1 72 6.311
1 73 6.276
1 74 5.823
1 75 6.335
1 76 6.112
1 77 6.441
1 78 5.895
1 79 5.653
1 80 6.261
1 81 5.864
1 82 5.930
1 83 6.003
1 84 6.374
1 85 5.993
1 86 6.280
1 87 6.464
1 88 7.125
1 89 6.362
1 90 5.646
1 91 5.227
1 92 7.438
1 93 5.787
1 94 6.018
1 95 6.539
1 96 6.106
1 97 6.389
1 98 6.099
1 99 6.726
2 3 0.128
2 4 0.333
2 5 6.487
2 6 6.072
2 7 6.571
2 8 6.724
2 9 5.673
2 10 6.601
2 11 6.529
2 12 5.875
2 13 6.261
2 14 6.272
2 15 5.741
2 16 6.470
2 17 5.711
2 18 5.667
2 19 6.003
2 20 6.035
2 21 5.968
2 22 5.422
2 23 5.997
2 24 6.179
2 25 7.166
2 26 5.787
2 27 5.668
2 28 5.444
2 29 5.812
2 30 6.029
2 31 5.815
2 32 5.421
2 33 5.461
2 34 6.043
2 35 5.840
2 36 5.427
2 37 7.144
2 38 5.728
2 39 5.488
2 40 6.260
2 41 5.968
2 42 5.970
2 43 6.250
2 44 5.972
2 45 6.094
2 46 5.614
2 47 6.804
2 48 5.990
2 49 5.910
2 50 5.611
2 51 6.669
2 52 5.619
2 53 6.255
2 54 6.005
2 55 6.283
2 56 6.333
2 57 5.737
2 58 6.086
2 59 6.161
2 60 6.262
2 61 5.962
2 62 5.871
2 63 5.414
2 64 5.881
2 65 5.644
2 66 6.562
2 67 5.406
2 68 6.475
2 69 6.257
2 70 6.445
2 71 6.490
2 72 6.196
2 73 6.179
2 74 5.722
2 75 6.242
2 76 6.008
2 77 6.346
2 78 5.784
2 79 5.541
2 80 6.152
2 81 5.760
2 82 5.838
2 83 5.897
2 84 6.266
2 85 5.881
2 86 6.180
2 87 6.364
2 88 7.030
2 89 6.259
2 90 5.533
2 91 5.110
2 92 7.338
2 93 5.686
2 94 5.918
2 95 6.436
2 96 6.004
2 97 6.293
2 98 6.007
2 99 6.631
3 4 0.211
3 5 6.613
3 6 6.196
3 7 6.696
3 8 6.849
3 9 5.799
3 10 6.727
3 11 6.654
3 12 6.001
3 13 6.385
3 14 6.398
3 15 5.866
3 16 6.595
3 17 5.837
3 18 5.792
3 19 6.129
3 20 6.161
3 21 6.093
3 22 5.548
3 23 6.123
3 24 6.304
3 25 7.291
3 26 5.913
3 27 5.794
3 28 5.570
3 29 5.938
3 30 6.155
3 31 5.941
3 32 5.547
3 33 5.587
3 34 6.168
3 35 5.966
3 36 5.553
3 37 7.269
3 38 5.854
3 39 5.613
3 40 6.385
3 41 6.093
3 42 6.095
3 43 6.375
3 44 6.097
3 45 6.219
3 46 5.739
3 47 6.929
3 48 6.116
3 49 6.034
3 50 5.737
3 51 6.795
3 52 5.746
3 53 6.380
3 54 6.130
3 55 6.408
3 56 6.459
3 57 5.862
3 58 6.212
3 59 6.286
3 60 6.386
3 61 6.087
3 62 5.996
3 63 5.540
3 64 6.005
3 65 5.768
3 66 6.688
3 67 5.532
3 68 6.601
3 69 6.382
3 70 6.570
3 71 6.616
3 72 6.322
3 73 6.304
3 74 5.847
3 75 6.366
3 76 6.133
3 77 6.471
3 78 5.910
3 79 5.667
3 80 6.278
3 81 5.886
3 82 5.962
3 83 6.023
3 84 6.392
3 85 6.007
3 86 6.305
3 87 6.489
3 88 7.155
3 89 6.385
3 90 5.659
3 91 5.236
3 92 7.463
3 93 5.811
3 94 6.043
3 95 6.561
3 96 6.129
3 97 6.418
3 98 6.132
3 99 6.756
4 5 6.797
4 6 6.374
4 7 6.876
4 8 7.031
4 9 5.984
4 10 6.909
4 11 6.834
4 12 6.183
4 13 6.564
4 14 6.583
4 15 6.047
4 16 6.778
4 17 6.021
4 18 5.974
4 19 6.312
4 20 6.345
4 21 6.275
4 22 5.732
4 23 6.306
4 24 6.486
4 25 7.472
4 26 6.097
4 27 5.977
4 28 5.752
4 29 6.122
4 30 6.339
4 31 6.124
4 32 5.730
4 33 5.771
4 34 6.346
4 35 6.148
4 36 5.736
4 37 7.451
4 38 6.039
4 39 5.796
4 40 6.563
4 41 6.274
4 42 6.277
4 43 6.553
4 44 6.278
4 45 6.402
4 46 5.920
4 47 7.109
4 48 6.298
4 49 6.209
4 50 5.922
4 51 6.980
4 52 5.931
4 53 6.562
4 54 6.309
4 55 6.587
4 56 6.641
4 57 6.043
4 58 6.394
4 59 6.468
4 60 6.565
4 61 6.271
4 62 6.175
4 63 5.724
4 64 6.184
4 65 5.948
4 66 6.870
4 67 5.717
4 68 6.782
4 69 6.561
4 70 6.749
4 71 6.799
4 72 6.508
4 73 6.484
4 74 6.028
4 75 6.545
4 76 6.316
4 77 6.650
4 78 6.095
4 79 5.852
4 80 6.462
4 81 6.068
4 82 6.141
4 83 6.206
4 84 6.576
4 85 6.192
4 86 6.486
4 87 6.671
4 88 7.335
4 89 6.567
4 90 5.844
4 91 5.423
4 92 7.644
4 93 5.993
4 94 6.224
4 95 6.743
4 96 6.311
4 97 6.598
4 98 6.310
4 99 6.935
5 6 0.577
5 7 0.297
5 8 0.291
5 9 0.813
5 10 0.196
5 11 0.298
5 12 0.634
5 13 0.458
5 14 0.216
5 15 0.773
5 16 0.127
5 17 0.776
5 18 0.838
5 19 0.494
5 20 0.455
5 21 0.559
5 22 1.066
5 23 0.499
5 24 0.357
5 25 0.736
5 26 0.700
5 27 0.825
5 28 1.050
5 29 0.678
5 30 0.459
5 31 0.680
5 32 1.069
5 33 1.028
5 34 0.577
5 35 0.667
5 36 1.067
5 37 0.687
5 38 0.759
5 39 1.006
5 40 0.447
5 41 0.563
5 42 0.545
5 43 0.445
5 44 0.575
5 45 0.411
5 46 0.904
5 47 0.432
5 48 0.512
5 49 0.812
5 50 0.877
5 51 0.183
5 52 0.868
5 53 0.275
5 54 0.581
5 55 0.398
5 56 0.204
5 57 0.789
5 58 0.426
5 59 0.371
5 60 0.445
5 61 0.527
5 62 0.707
5 63 1.073
5 64 0.705
5 65 0.898
5 66 0.147
5 67 1.081
5 68 0.206
5 69 0.390
5 70 0.349
5 71 0.058
5 72 0.305
5 73 0.411
5 74 0.791
5 75 0.446
5 76 0.500
5 77 0.346
5 78 0.703
5 79 0.946
5 80 0.337
5 81 0.742
5 82 0.761
5 83 0.597
5 84 0.225
5 85 0.606
5 86 0.373
5 87 0.249
5 88 0.643
5 89 0.285
5 90 0.954
5 91 1.379
5 92 0.881
5 93 0.830
5 94 0.611
5 95 0.167
5 96 0.517
5 97 0.365
5 98 0.626
5 99 0.362
6 7 0.515
6 8 0.696
6 9 0.552
6 10 0.586
6 11 0.471
6 12 0.294
6 13 0.189
6 14 0.461
6 15 0.376
6 16 0.486
6 17 0.504
6 18 0.454
6 19 0.294
6 20 0.334
6 21 0.209
6 22 0.726
6 23 0.305
6 24 0.241
6 25 1.104
6 26 0.472
6 27 0.491
6 28 0.675
6 29 0.410
6 30 0.360
6 31 0.376
6 32 0.709
6 33 0.676
6 34 0.042
6 35 0.321
6 36 0.689
6 37 1.096
6 38 0.526
6 39 0.637
6 40 0.190
6 41 0.202
6 42 0.241
6 43 0.180
6 44 0.170
6 45 0.272
6 46 0.481
6 47 0.743
6 48 0.279
6 49 0.235
6 50 0.618
6 51 0.730
6 52 0.602
6 53 0.310
6 54 0.098
6 55 0.221
6 56 0.373
6 57 0.363
6 58 0.249
6 59 0.237
6 60 0.191
6 61 0.360
6 62 0.206
6 63 0.741
6 64 0.194
6 65 0.435
6 66 0.566
6 67 0.763
6 68 0.451
6 69 0.205
6 70 0.378
6 71 0.542
6 72 0.495
6 73 0.167
6 74 0.395
6 75 0.173
6 76 0.254
6 77 0.289
6 78 0.480
6 79 0.654
6 80 0.363
6 81 0.388
6 82 0.234
6 83 0.340
6 84 0.403
6 85 0.439
6 86 0.215
6 87 0.347
6 88 0.962
6 89 0.295
6 90 0.668
6 91 1.054
6 92 1.283
6 93 0.419
6 94 0.228
6 95 0.439
6 96 0.216
6 97 0.241
6 98 0.065
6 99 0.565
7 8 0.195
7 9 0.939
7 10 0.131
7 11 0.044
7 12 0.703
7 13 0.333
7 14 0.425
7 15 0.832
7 16 0.187
7 17 0.893
7 18 0.908
7 19 0.593
7 20 0.578
7 21 0.606
7 22 1.169
7 23 0.602
7 24 0.403
7 25 0.596
7 26 0.828
7 27 0.918
7 28 1.135
7 29 0.786
7 30 0.595
7 31 0.773
7 32 1.163
7 33 1.124
7 34 0.537
7 35 0.738
7 36 1.151
7 37 0.581
7 38 0.892
7 39 1.093
7 40 0.329
7 41 0.605
7 42 0.609
7 43 0.336
7 44 0.599
7 45 0.502
7 46 0.958
7 47 0.233
7 48 0.600
7 49 0.727
7 50 1.007
7 51 0.318
7 52 0.995
7 53 0.342
7 54 0.568
7 55 0.295
7 56 0.279
7 57 0.834
7 58 0.502
7 59 0.422
7 60 0.327
7 61 0.651
7 62 0.704
7 63 1.180
7 64 0.696
7 65 0.928
7 66 0.161
7 67 1.195
7 68 0.123
7 69 0.316
7 70 0.142
7 71 0.241
7 72 0.527
7 73 0.392
7 74 0.852
7 75 0.343
7 76 0.578
7 77 0.228
7 78 0.834
7 79 1.067
7 80 0.482
7 81 0.819
7 82 0.744
7 83 0.697
7 84 0.387
7 85 0.747
7 86 0.396
7 87 0.216
7 88 0.462
7 89 0.330
7 90 1.078
7 91 1.498
7 92 0.771
7 93 0.886
7 94 0.655
7 95 0.183
7 96 0.573
7 97 0.279
7 98 0.579
7 99 0.076
8 9 1.063
8 10 0.123
8 11 0.235
8 12 0.849
8 13 0.521
8 14 0.489
8 15 0.984
8 16 0.257
8 17 1.021
8 18 1.057
8 19 0.723
8 20 0.696
8 21 0.757
8 22 1.306
8 23 0.730
8 24 0.545
8 25 0.456
8 26 0.950
8 27 1.057
8 28 1.280
8 29 0.916
8 30 0.707
8 31 0.910
8 32 1.304
8 33 1.264
8 34 0.714
8 35 0.883
8 36 1.297
8 37 0.421
8 38 1.012
8 39 1.237
8 40 0.516
8 41 0.758
8 42 0.754
8 43 0.522
8 44 0.758
8 45 0.631
8 46 1.113
8 47 0.149
8 48 0.735
8 49 0.916
8 50 1.130
8 51 0.193
8 52 1.119
8 53 0.469
8 54 0.738
8 55 0.477
8 56 0.392
8 57 0.991
8 58 0.638
8 59 0.563
8 60 0.514
8 61 0.771
8 62 0.874
8 63 1.316
8 64 0.868
8 65 1.092
8 66 0.167
8 67 1.328
8 68 0.252
8 69 0.492
8 70 0.335
8 71 0.259
8 72 0.587
8 73 0.557
8 74 1.003
8 75 0.528
8 76 0.716
8 77 0.409
8 78 0.954
8 79 1.195
8 80 0.585
8 81 0.963
8 82 0.919
8 83 0.829
8 84 0.474
8 85 0.861
8 86 0.546
8 87 0.364
8 88 0.352
8 89 0.465
8 90 1.205
8 91 1.630
8 92 0.616
8 93 1.040
8 94 0.809
8 95 0.288
8 96 0.720
8 97 0.456
8 98 0.758
8 99 0.192
9 10 0.941
9 11 0.901
9 12 0.261
9 13 0.700
9 14 0.599
9 15 0.210
9 16 0.806
9 17 0.049
9 18 0.171
9 19 0.346
9 20 0.367
9 21 0.358
9 22 0.256
9 23 0.337
9 24 0.536
9 25 1.518
9 26 0.114
9 27 0.101
9 28 0.261
9 29 0.154
9 30 0.357
9 31 0.179
9 32 0.268
9 33 0.227
9 34 0.511
9 35 0.232
9 36 0.277
9 37 1.483
9 38 0.056
9 39 0.220
9 40 0.693
9 41 0.363
9 42 0.341
9 43 0.680
9 44 0.388
9 45 0.437
9 46 0.235
9 47 1.165
9 48 0.339
9 49 0.591
9 50 0.069
9 51 0.996
9 52 0.056
9 53 0.599
9 54 0.454
9 55 0.692
9 56 0.673
9 57 0.246
9 58 0.437
9 59 0.518
9 60 0.693
9 61 0.292
9 62 0.387
9 63 0.261
9 64 0.402
9 65 0.298
9 66 0.898
9 67 0.268
9 68 0.827
9 69 0.657
9 70 0.840
9 71 0.819
9 72 0.528
9 73 0.569
9 74 0.201
9 75 0.671
9 76 0.364
9 77 0.737
9 78 0.111
9 79 0.133
9 80 0.481
9 81 0.172
9 82 0.414
9 83 0.243
9 84 0.594
9 85 0.208
9 86 0.547
9 87 0.722
9 88 1.396
9 89 0.610
9 90 0.142
9 91 0.567
9 92 1.679
9 93 0.213
9 94 0.325
9 95 0.778
9 96 0.377
9 97 0.688
9 98 0.509
9 99 1.009
10 11 0.156
10 12 0.726
10 13 0.420
10 14 0.374
10 15 0.862
10 16 0.135
10 17 0.899
10 18 0.935
10 19 0.600
10 20 0.574
10 21 0.636
10 22 1.184
10 23 0.607
10 24 0.423
10 25 0.578
10 26 0.828
10 27 0.934
10 28 1.157
10 29 0.794
10 30 0.585
10 31 0.787
10 32 1.181
10 33 1.142
10 34 0.600
10 35 0.761
10 36 1.174
10 37 0.544
10 38 0.890
10 39 1.114
10 40 0.413
10 41 0.637
10 42 0.631
10 43 0.417
10 44 0.638
10 45 0.509
10 46 0.991
10 47 0.243
10 48 0.612
10 49 0.811
10 50 1.008
10 51 0.188
10 52 0.997
10 53 0.347
10 54 0.621
10 55 0.369
10 56 0.269
10 57 0.870
10 58 0.515
10 59 0.441
10 60 0.411
10 61 0.649
10 62 0.756
10 63 1.193
10 64 0.751
10 65 0.971
10 66 0.051
10 67 1.205
10 68 0.135
10 69 0.380
10 70 0.247
10 71 0.150
10 72 0.475
10 73 0.439
10 74 0.881
10 75 0.422
10 76 0.593
10 77 0.302
10 78 0.832
10 79 1.072
10 80 0.464
10 81 0.841
10 82 0.803
10 83 0.707
10 84 0.354
10 85 0.739
10 86 0.425
10 87 0.245
10 88 0.466
10 89 0.342
10 90 1.082
10 91 1.507
10 92 0.739
10 93 0.918
10 94 0.687
10 95 0.166
10 96 0.598
10 97 0.345
10 98 0.646
10 99 0.177
11 12 0.663
11 13 0.289
11 14 0.404
11 15 0.791
11 16 0.178
11 17 0.855
11 18 0.867
11 19 0.556
11 20 0.543
11 21 0.565
11 22 1.129
11 23 0.565
11 24 0.365
11 25 0.638
11 26 0.792
11 27 0.878
11 28 1.094
11 29 0.748
11 30 0.561
11 31 0.734
11 32 1.122
11 33 1.084
11 34 0.493
11 35 0.698
11 36 1.110
11 37 0.625
11 38 0.855
11 39 1.052
11 40 0.285
11 41 0.564
11 42 0.569
11 43 0.292
11 44 0.557
11 45 0.465
11 46 0.916
11 47 0.276
11 48 0.562
11 49 0.684
11 50 0.970
11 51 0.343
11 52 0.957
11 53 0.308
11 54 0.525
11 55 0.251
11 56 0.251
11 57 0.792
11 58 0.464
11 59 0.384
11 60 0.283
11 61 0.616
11 62 0.661
11 63 1.141
11 64 0.653
11 65 0.886
11 66 0.174
11 67 1.156
11 68 0.103
11 69 0.273
11 70 0.100
11 71 0.241
11 72 0.505
11 73 0.350
11 74 0.811
11 75 0.299
11 76 0.539
11 77 0.185
11 78 0.797
11 79 1.028
11 80 0.451
11 81 0.779
11 82 0.701
11 83 0.659
11 84 0.361
11 85 0.712
11 86 0.357
11 87 0.181
11 88 0.503
11 89 0.294
11 90 1.039
11 91 1.459
11 92 0.814
11 93 0.844
11 94 0.614
11 95 0.164
11 96 0.533
11 97 0.236
11 98 0.535
11 99 0.108
12 13 0.441
12 14 0.438
12 15 0.139
12 16 0.596
12 17 0.212
12 18 0.209
12 19 0.143
12 20 0.193
12 21 0.100
12 22 0.467
12 23 0.142
12 24 0.304
12 25 1.294
12 26 0.180
12 27 0.216
12 28 0.433
12 29 0.117
12 30 0.204
12 31 0.082
12 32 0.460
12 33 0.421
12 34 0.253
12 35 0.035
12 36 0.449
12 37 1.268
12 38 0.232
12 39 0.390
12 40 0.435
12 41 0.104
12 42 0.095
12 43 0.422
12 44 0.127
12 45 0.223
12 46 0.270
12 47 0.935
12 48 0.123
12 49 0.385
12 50 0.328
12 51 0.815
12 52 0.313
12 53 0.380
12 54 0.196
12 55 0.438
12 56 0.459
12 57 0.158
12 58 0.213
12 59 0.286
12 60 0.435
12 61 0.148
12 62 0.171
12 63 0.479
12 64 0.183
12 65 0.269
12 66 0.689
12 67 0.496
12 68 0.601
12 69 0.404
12 70 0.592
12 71 0.625
12 72 0.407
12 73 0.318
12 74 0.157
12 75 0.413
12 76 0.135
12 77 0.489
12 78 0.188
12 79 0.374
12 80 0.305
12 81 0.116
12 82 0.222
12 83 0.074
12 84 0.410
12 85 0.174
12 86 0.307
12 87 0.490
12 88 1.165
12 89 0.384
12 90 0.387
12 91 0.797
12 92 1.463
12 93 0.196
12 94 0.066
12 95 0.561
12 96 0.130
12 97 0.437
12 98 0.258
12 99 0.770
13 14 0.413
13 15 0.548
13 16 0.345
13 17 0.651
13 18 0.627
13 19 0.382
13 20 0.398
13 21 0.342
13 22 0.898
13 23 0.393
13 24 0.226
13 25 0.916
13 26 0.604
13 27 0.653
13 28 0.852
13 29 0.548
13 30 0.424
13 31 0.522
13 32 0.885
13 33 0.849
13 34 0.219
13 35 0.473
13 36 0.867
13 37 0.910
13 38 0.664
13 39 0.812
13 40 0.013
13 41 0.337
13 42 0.360
13 43 0.024
13 44 0.317
13 45 0.315
13 46 0.662
13 47 0.557
13 48 0.377
13 49 0.395
13 50 0.768
13 51 0.584
13 52 0.753
13 53 0.246
13 54 0.264
13 55 0.061
13 56 0.272
13 57 0.541
13 58 0.300
13 59 0.236
13 60 0.014
13 61 0.452
13 62 0.391
13 63 0.912
13 64 0.381
13 65 0.621
13 66 0.410
13 67 0.931
13 68 0.290
13 69 0.082
13 70 0.192
13 71 0.411
13 72 0.483
13 73 0.146
13 74 0.568
13 75 0.031
13 76 0.350
13 77 0.119
13 78 0.611
13 79 0.814
13 80 0.367
13 81 0.550
13 82 0.423
13 83 0.464
13 84 0.350
13 85 0.547
13 86 0.198
13 87 0.209
13 88 0.774
13 89 0.222
13 90 0.827
13 91 1.228
13 92 1.096
13 93 0.596
13 94 0.380
13 95 0.297
13 96 0.326
13 97 0.094
13 98 0.254
13 99 0.378
14 15 0.575
14 16 0.245
14 17 0.563
14 18 0.635
14 19 0.295
14 20 0.249
14 21 0.379
14 22 0.852
14 23 0.297
14 24 0.220
14 25 0.944
14 26 0.486
14 27 0.615
14 28 0.840
14 29 0.467
14 30 0.248
14 31 0.474
14 32 0.857
14 33 0.816
14 34 0.447
14 35 0.468
14 36 0.857
14 37 0.899
14 38 0.544
14 39 0.796
14 40 0.400
14 41 0.384
14 42 0.357
14 43 0.392
14 44 0.405
14 45 0.227
14 46 0.705
14 47 0.616
14 48 0.315
14 49 0.685
14 50 0.661
14 51 0.397
14 52 0.652
14 53 0.167
14 54 0.432
14 55 0.357
14 56 0.165
14 57 0.596
14 58 0.247
14 59 0.224
14 60 0.399
14 61 0.317
14 62 0.540
14 63 0.859
14 64 0.541
14 65 0.707
14 66 0.324
14 67 0.866
14 68 0.302
14 69 0.331
14 70 0.401
14 71 0.231
14 72 0.102
14 73 0.303
14 74 0.592
14 75 0.389
14 76 0.310
14 77 0.340
14 78 0.488
14 79 0.731
14 80 0.133
14 81 0.539
14 82 0.598
14 83 0.392
14 84 0.063
14 85 0.391
14 86 0.247
14 87 0.252
14 88 0.839
14 89 0.191
14 90 0.739
14 91 1.163
14 92 1.094
14 93 0.631
14 94 0.427
14 95 0.241
14 96 0.336
14 97 0.326
14 98 0.494
14 99 0.500
15 16 0.734
15 17 0.171
15 18 0.079
15 19 0.281
15 20 0.328
15 21 0.227
15 22 0.350
15 23 0.278
15 24 0.439
15 25 1.426
15 26 0.196
15 27 0.122
15 28 0.305
15 29 0.151
15 30 0.334
15 31 0.118
15 32 0.337
15 33 0.301
15 34 0.337
15 35 0.107
15 36 0.320
15 37 1.403
15 38 0.214
15 39 0.264
15 40 0.544
15 41 0.227
15 42 0.232
15 43 0.532
15 44 0.236
15 45 0.363
15 46 0.131
15 47 1.065
15 48 0.262
15 49 0.382
15 50 0.262
15 51 0.954
15 52 0.245
15 53 0.517
15 54 0.285
15 55 0.556
15 56 0.597
15 57 0.039
15 58 0.351
15 59 0.421
15 60 0.545
15 61 0.270
15 62 0.186
15 63 0.365
15 64 0.201
15 65 0.139
15 66 0.826
15 67 0.386
15 68 0.734
15 69 0.525
15 70 0.714
15 71 0.764
15 72 0.537
15 73 0.441
15 74 0.020
15 75 0.523
15 76 0.274
15 77 0.612
15 78 0.204
15 79 0.283
15 80 0.443
15 81 0.055
15 82 0.205
15 83 0.189
15 84 0.549
15 85 0.251
15 86 0.439
15 87 0.623
15 88 1.294
15 89 0.520
15 90 0.297
15 91 0.680
15 92 1.597
15 93 0.056
15 94 0.177
15 95 0.697
15 96 0.264
15 97 0.560
15 98 0.322
15 99 0.896
16 17 0.764
16 18 0.805
16 19 0.467
16 20 0.439
16 21 0.510
16 22 1.050
16 23 0.474
16 24 0.297
16 25 0.713
16 26 0.693
16 27 0.802
16 28 1.026
16 29 0.660
16 30 0.450
16 31 0.655
16 32 1.049
16 33 1.009
16 34 0.493
16 35 0.631
16 36 1.043
16 37 0.677
16 38 0.755
16 39 0.982
16 40 0.335
16 41 0.511
16 42 0.502
16 43 0.335
16 44 0.516
16 45 0.376
16 46 0.864
16 47 0.372
16 48 0.480
16 49 0.718
16 50 0.873
16 51 0.244
16 52 0.862
16 53 0.217
16 54 0.507
16 55 0.286
16 56 0.137
16 57 0.744
16 58 0.384
16 59 0.314
16 60 0.333
16 61 0.514
16 62 0.640
16 63 1.060
16 64 0.636
16 65 0.848
16 66 0.092
16 67 1.071
16 68 0.080
16 69 0.286
16 70 0.222
16 71 0.071
16 72 0.348
16 73 0.327
16 74 0.753
16 75 0.338
16 76 0.462
16 77 0.228
16 78 0.697
16 79 0.938
16 80 0.329
16 81 0.710
16 82 0.690
16 83 0.574
16 84 0.220
16 85 0.604
16 86 0.303
16 87 0.140
16 88 0.599
16 89 0.216
16 90 0.948
16 91 1.373
16 92 0.873
16 93 0.790
16 94 0.561
16 95 0.048
16 96 0.470
16 97 0.256
16 98 0.541
16 99 0.260
17 18 0.148
17 19 0.301
17 20 0.326
17 21 0.309
17 22 0.290
17 23 0.293
17 24 0.490
17 25 1.475
17 26 0.078
17 27 0.082
17 28 0.283
17 29 0.107
17 30 0.318
17 31 0.130
17 32 0.296
17 33 0.255
17 34 0.462
17 35 0.183
17 36 0.300
17 37 1.442
17 38 0.048
17 39 0.240
17 40 0.644
17 41 0.314
17 42 0.293
17 43 0.631
17 44 0.339
17 45 0.393
17 46 0.220
17 47 1.121
17 48 0.293
17 49 0.549
17 50 0.117
17 51 0.959
17 52 0.103
17 53 0.555
17 54 0.406
17 55 0.644
17 56 0.630
17 57 0.208
17 58 0.391
17 59 0.472
17 60 0.645
17 61 0.251
17 62 0.342
17 63 0.297
17 64 0.357
17 65 0.274
17 66 0.856
17 67 0.307
17 68 0.782
17 69 0.609
17 70 0.793
17 71 0.779
17 72 0.497
17 73 0.521
17 74 0.165
17 75 0.622
17 76 0.317
17 77 0.690
17 78 0.079
17 79 0.174
17 80 0.441
17 81 0.128
17 82 0.372
17 83 0.197
17 84 0.555
17 85 0.174
17 86 0.500
17 87 0.677
17 88 1.352
17 89 0.565
17 90 0.184
17 91 0.608
17 92 1.637
17 93 0.183
17 94 0.277
17 95 0.735
17 96 0.329
17 97 0.640
17 98 0.461
17 99 0.963
18 19 0.344
18 20 0.386
18 21 0.302
18 22 0.272
18 23 0.340
18 24 0.512
18 25 1.502
18 26 0.202
18 27 0.071
18 28 0.227
18 29 0.180
18 30 0.388
18 31 0.162
18 32 0.258
18 33 0.223
18 34 0.415
18 35 0.174
18 36 0.243
18 37 1.477
18 38 0.196
18 39 0.186
18 40 0.622
18 41 0.303
18 42 0.303
18 43 0.610
18 44 0.313
18 45 0.430
18 46 0.078
18 47 1.141
18 48 0.327
18 49 0.440
18 50 0.208
18 51 1.020
18 52 0.192
18 53 0.589
18 54 0.364
18 55 0.634
18 56 0.668
18 57 0.095
18 58 0.421
18 59 0.494
18 60 0.623
18 61 0.321
18 62 0.258
18 63 0.287
18 64 0.273
18 65 0.127
18 66 0.897
18 67 0.309
18 68 0.808
18 69 0.602
18 70 0.792
18 71 0.832
18 72 0.587
18 73 0.518
18 74 0.059
18 75 0.601
18 76 0.343
18 77 0.690
18 78 0.207
18 79 0.214
18 80 0.504
18 81 0.096
18 82 0.267
18 83 0.243
18 84 0.613
18 85 0.280
18 86 0.514
18 87 0.698
18 88 1.370
18 89 0.592
18 90 0.229
18 91 0.602
18 92 1.671
18 93 0.045
18 94 0.254
18 95 0.769
18 96 0.337
18 97 0.637
18 98 0.399
18 99 0.973
19 20 0.055
19 21 0.109
19 22 0.583
19 23 0.011
19 24 0.191
19 25 1.175
19 26 0.236
19 27 0.335
19 28 0.560
19 29 0.194
19 30 0.075
19 31 0.188
19 32 0.582
19 33 0.542
19 34 0.259
19 35 0.173
19 36 0.577
19 37 1.144
19 38 0.299
19 39 0.516
19 40 0.373
19 41 0.117
19 42 0.075
19 43 0.360
19 44 0.151
19 45 0.092
19 46 0.411
19 47 0.820
19 48 0.023
19 49 0.461
19 50 0.414
19 51 0.676
19 52 0.402
19 53 0.255
19 54 0.213
19 55 0.361
19 56 0.331
19 57 0.301
19 58 0.092
19 59 0.173
19 60 0.373
19 61 0.070
19 62 0.271
19 63 0.593
19 64 0.277
19 65 0.412
19 66 0.559
19 67 0.606
19 68 0.482
19 69 0.324
19 70 0.499
19 71 0.489
19 72 0.269
19 73 0.239
19 74 0.297
19 75 0.351
19 76 0.040
19 77 0.398
19 78 0.242
19 79 0.475
19 80 0.162
19 81 0.248
19 82 0.330
19 83 0.106
19 84 0.269
19 85 0.165
19 86 0.205
19 87 0.377
19 88 1.051
19 89 0.264
19 90 0.485
19 91 0.908
19 92 1.339
19 93 0.337
19 94 0.143
19 95 0.435
19 96 0.080
19 97 0.351
19 98 0.289
19 99 0.664
20 21 0.162
20 22 0.614
20 23 0.052
20 24 0.187
20 25 1.151
20 26 0.254
20 27 0.370
20 28 0.595
20 29 0.224
20 30 0.027
20 31 0.226
20 32 0.615
20 33 0.575
20 34 0.301
20 35 0.221
20 36 0.612
20 37 1.116
20 38 0.317
20 39 0.551
20 40 0.388
20 41 0.170
20 42 0.129
20 43 0.375
20 44 0.202
20 45 0.085
20 46 0.456
20 47 0.801
20 48 0.078
20 49 0.512
20 50 0.434
20 51 0.638
20 52 0.423
20 53 0.236
20 54 0.260
20 55 0.369
20 56 0.306
20 57 0.350
20 58 0.098
20 59 0.171
20 60 0.387
20 61 0.075
20 62 0.325
20 63 0.622
20 64 0.331
20 65 0.462
20 66 0.531
20 67 0.632
20 68 0.462
20 69 0.332
20 70 0.495
20 71 0.454
20 72 0.215
20 73 0.252
20 74 0.344
20 75 0.367
20 76 0.089
20 77 0.397
20 78 0.259
20 79 0.499
20 80 0.118
20 81 0.290
20 82 0.384
20 83 0.143
20 84 0.231
20 85 0.169
20 86 0.207
20 87 0.362
20 88 1.031
20 89 0.249
20 90 0.509
20 91 0.934
20 92 1.312
20 93 0.383
20 94 0.198
20 95 0.412
20 96 0.129
20 97 0.354
20 98 0.335
20 99 0.651
21 22 0.566
21 23 0.116
21 24 0.213
21 25 1.199
21 26 0.267
21 27 0.316
21 28 0.529
21 29 0.207
21 30 0.184
21 31 0.180
21 32 0.557
21 33 0.520
21 34 0.169
21 35 0.134
21 36 0.545
21 37 1.176
21 38 0.325
21 39 0.487
21 40 0.335
21 41 0.009
21 42 0.036
21 43 0.322
21 44 0.044
21 45 0.152
21 46 0.356
21 47 0.839
21 48 0.086
21 49 0.353
21 50 0.427
21 51 0.737
21 52 0.411
21 53 0.294
21 54 0.115
21 55 0.338
21 56 0.373
21 57 0.234
21 58 0.135
21 59 0.196
21 60 0.336
21 61 0.159
21 62 0.165
21 63 0.578
21 64 0.170
21 65 0.340
21 66 0.601
21 67 0.596
21 68 0.507
21 69 0.304
21 70 0.493
21 71 0.544
21 72 0.370
21 73 0.218
21 74 0.246
21 75 0.313
21 76 0.075
21 77 0.389
21 78 0.275
21 79 0.474
21 80 0.249
21 81 0.214
21 82 0.224
21 83 0.131
21 84 0.340
21 85 0.230
21 86 0.212
21 87 0.396
21 88 1.068
21 89 0.294
21 90 0.487
21 91 0.897
21 92 1.370
21 93 0.282
21 94 0.052
21 95 0.471
21 96 0.043
21 97 0.338
21 98 0.189
21 99 0.671
22 23 0.576
22 24 0.767
22 25 1.757
22 26 0.367
22 27 0.251
22 28 0.076
22 29 0.391
22 30 0.607
22 31 0.397
22 32 0.039
22 33 0.051
22 34 0.687
22 35 0.432
22 36 0.077
22 37 1.727
22 38 0.313
22 39 0.094
22 40 0.893
22 41 0.568
22 42 0.560
22 43 0.881
22 44 0.582
22 45 0.675
22 46 0.259
22 47 1.400
22 48 0.572
22 49 0.684
22 50 0.205
22 51 1.249
22 52 0.208
22 53 0.838
22 54 0.636
22 55 0.902
22 56 0.915
22 57 0.364
22 58 0.670
22 59 0.749
22 60 0.894
22 61 0.540
22 62 0.527
22 63 0.018
22 64 0.541
22 65 0.327
22 66 1.142
22 67 0.049
22 68 1.063
22 69 0.870
22 70 1.059
22 71 1.068
22 72 0.784
22 73 0.784
22 74 0.331
22 75 0.872
22 76 0.593
22 77 0.956
22 78 0.365
22 79 0.130
22 80 0.730
22 81 0.352
22 82 0.526
22 83 0.477
22 84 0.844
22 85 0.463
22 86 0.773
22 87 0.955
22 88 1.631
22 89 0.845
22 90 0.128
22 91 0.331
22 92 1.923
22 93 0.308
22 94 0.521
22 95 1.019
22 96 0.596
22 97 0.904
22 98 0.669
22 99 1.236
23 24 0.200
23 25 1.182
23 26 0.227
23 27 0.329
23 28 0.554
23 29 0.187
23 30 0.069
23 31 0.183
23 32 0.576
23 33 0.535
23 34 0.269
23 35 0.171
23 36 0.571
23 37 1.151
23 38 0.290
23 39 0.510
23 40 0.384
23 41 0.124
23 42 0.081
23 43 0.371
23 44 0.158
23 45 0.100
23 46 0.408
23 47 0.829
23 48 0.029
23 49 0.468
23 50 0.406
23 51 0.681
23 52 0.393
23 53 0.263
23 54 0.222
23 55 0.372
23 56 0.338
23 57 0.299
23 58 0.102
23 59 0.183
23 60 0.384
23 61 0.059
23 62 0.276
23 63 0.586
23 64 0.283
23 65 0.411
23 66 0.566
23 67 0.598
23 68 0.490
23 69 0.335
23 70 0.508
23 71 0.494
23 72 0.267
23 73 0.250
23 74 0.295
23 75 0.363
23 76 0.051
23 77 0.408
23 78 0.233
23 79 0.467
23 80 0.165
23 81 0.243
23 82 0.334
23 83 0.100
23 84 0.274
23 85 0.155
23 86 0.215
23 87 0.385
23 88 1.060
23 89 0.273
23 90 0.477
23 91 0.901
23 92 1.346
23 93 0.334
23 94 0.147
23 95 0.443
23 96 0.090
23 97 0.361
23 98 0.298
23 99 0.673
24 25 0.991
24 26 0.427
24 27 0.516
24 28 0.736
24 29 0.383
24 30 0.210
24 31 0.370
24 32 0.762
24 33 0.723
24 34 0.230
24 35 0.339
24 36 0.753
24 37 0.965
24 38 0.490
24 39 0.693
24 40 0.214
24 41 0.215
24 42 0.209
24 43 0.202
24 44 0.220
24 45 0.103
24 46 0.569
24 47 0.633
24 48 0.197
24 49 0.469
24 50 0.605
24 51 0.529
24 52 0.592
24 53 0.083
24 54 0.225
24 55 0.187
24 56 0.161
24 57 0.447
24 58 0.099
24 59 0.018
24 60 0.213
24 61 0.254
24 62 0.350
24 63 0.778
24 64 0.348
24 65 0.551
24 66 0.388
24 67 0.792
24 68 0.297
24 69 0.151
24 70 0.309
24 71 0.335
24 72 0.266
24 73 0.089
24 74 0.458
24 75 0.196
24 76 0.174
24 77 0.210
24 78 0.433
24 79 0.663
24 80 0.142
24 81 0.419
24 82 0.404
24 83 0.294
24 84 0.162
24 85 0.352
24 86 0.030
24 87 0.188
24 88 0.864
24 89 0.081
24 90 0.674
24 91 1.095
24 92 1.159
24 93 0.495
24 94 0.265
24 95 0.258
24 96 0.175
24 97 0.168
24 98 0.278
24 99 0.473
25 26 1.405
25 27 1.507
25 28 1.727
25 29 1.369
25 30 1.163
25 31 1.360
25 32 1.753
25 33 1.714
25 34 1.129
25 35 1.329
25 36 1.743
25 37 0.090
25 38 1.467
25 39 1.684
25 40 0.915
25 41 1.199
25 42 1.200
25 43 0.924
25 44 1.194
25 45 1.083
25 46 1.553
25 47 0.363
25 48 1.185
25 49 1.299
25 50 1.585
25 51 0.582
25 52 1.574
25 53 0.920
25 54 1.163
25 55 0.887
25 56 0.845
25 57 1.429
25 58 1.087
25 59 1.009
25 60 0.913
25 61 1.226
25 62 1.298
25 63 1.767
25 64 1.290
25 65 1.524
25 66 0.623
25 67 1.780
25 68 0.694
25 69 0.911
25 70 0.726
25 71 0.712
25 72 1.040
25 73 0.988
25 74 1.446
25 75 0.932
25 76 1.165
25 77 0.822
25 78 1.409
25 79 1.649
25 80 1.041
25 81 1.410
25 82 1.337
25 83 1.281
25 84 0.930
25 85 1.316
25 86 0.988
25 87 0.804
25 88 0.151
25 89 0.912
25 90 1.659
25 91 2.083
25 92 0.183
25 93 1.480
25 94 1.249
25 95 0.740
25 96 1.165
25 97 0.874
25 98 1.169
25 99 0.539
26 27 0.150
26 28 0.361
26 29 0.063
26 30 0.243
26 31 0.104
26 32 0.374
26 33 0.333
26 34 0.431
26 35 0.161
26 36 0.379
26 37 1.370
26 38 0.063
26 39 0.318
26 40 0.596
26 41 0.273
26 42 0.243
26 43 0.583
26 44 0.302
26 45 0.327
26 46 0.280
26 47 1.054
26 48 0.233
26 49 0.551
26 50 0.180
26 51 0.883
26 52 0.169
26 53 0.488
26 54 0.374
26 55 0.591
26 56 0.560
26 57 0.235
26 58 0.328
26 59 0.409
26 60 0.596
26 61 0.179
26 62 0.336
26 63 0.373
26 64 0.350
26 65 0.322
26 66 0.784
26 67 0.381
26 68 0.715
26 69 0.555
26 70 0.734
26 71 0.705
26 72 0.418
26 73 0.467
26 74 0.198
26 75 0.574
26 76 0.259
26 77 0.632
26 78 0.009
26 79 0.246
26 80 0.367
26 81 0.142
26 82 0.377
26 83 0.140
26 84 0.481
26 85 0.096
26 86 0.440
26 87 0.612
26 88 1.285
26 89 0.499
26 90 0.255
26 91 0.681
26 92 1.565
26 93 0.227
26 94 0.245
26 95 0.665
26 96 0.278
26 97 0.584
26 98 0.437
26 99 0.900
27 28 0.225
27 29 0.148
27 30 0.367
27 31 0.147
27 32 0.247
27 33 0.207
27 34 0.450
27 35 0.182
27 36 0.243
27 37 1.478
27 38 0.129
27 39 0.182
27 40 0.648
27 41 0.319
27 42 0.309
27 43 0.635
27 44 0.336
27 45 0.426
27 46 0.139
27 47 1.149
27 48 0.322
27 49 0.501
27 50 0.142
27 51 1.008
27 52 0.125
27 53 0.588
27 54 0.395
27 55 0.654
27 56 0.665
27 57 0.152
27 58 0.420
27 59 0.498
27 60 0.649
27 61 0.299
27 62 0.307
27 63 0.262
27 64 0.322
27 65 0.197
27 66 0.894
27 67 0.279
27 68 0.812
27 69 0.621
27 70 0.809
27 71 0.823
27 72 0.558
27 73 0.534
27 74 0.108
27 75 0.626
27 76 0.342
27 77 0.706
27 78 0.153
27 79 0.164
27 80 0.488
27 81 0.104
27 82 0.325
27 83 0.229
27 84 0.600
27 85 0.239
27 86 0.522
27 87 0.704
27 88 1.380
27 89 0.594
27 90 0.178
27 91 0.581
27 92 1.673
27 93 0.113
27 94 0.274
27 95 0.769
27 96 0.345
27 97 0.654
27 98 0.440
27 99 0.985
28 29 0.373
28 30 0.592
28 31 0.371
28 32 0.041
28 33 0.045
28 34 0.637
28 35 0.398
28 36 0.017
28 37 1.700
28 38 0.316
28 39 0.044
28 40 0.848
28 41 0.530
28 42 0.527
28 43 0.836
28 44 0.540
28 45 0.650
28 46 0.197
28 47 1.367
28 48 0.546
28 49 0.617
28 50 0.226
28 51 1.233
28 52 0.223
28 53 0.811
28 54 0.588
28 55 0.861
28 56 0.889
28 57 0.312
28 58 0.642
28 59 0.718
28 60 0.849
28 61 0.524
28 62 0.472
28 63 0.094
28 64 0.485
28 65 0.260
28 66 1.118
28 67 0.125
28 68 1.033
28 69 0.829
28 70 1.019
28 71 1.048
28 72 0.779
28 73 0.745
28 74 0.285
28 75 0.827
28 76 0.564
28 77 0.917
28 78 0.361
28 79 0.159
28 80 0.713
28 81 0.317
28 82 0.464
28 83 0.454
28 84 0.826
28 85 0.456
28 86 0.739
28 87 0.923
28 88 1.597
28 89 0.816
28 90 0.164
28 91 0.380
28 92 1.895
28 93 0.256
28 94 0.481
28 95 0.992
28 96 0.562
28 97 0.864
28 98 0.616
28 99 1.200
29 30 0.219
29 31 0.042
29 32 0.392
29 33 0.351
29 34 0.369
29 35 0.098
29 36 0.390
29 37 1.337
29 38 0.117
29 39 0.329
29 40 0.540
29 41 0.213
29 42 0.188
29 43 0.527
29 44 0.241
29 45 0.286
29 46 0.257
29 47 1.014
29 48 0.186
29 49 0.489
29 50 0.224
29 51 0.861
29 52 0.210
29 53 0.449
29 54 0.312
29 55 0.538
29 56 0.525
29 57 0.188
29 58 0.284
29 59 0.364
29 60 0.541
29 61 0.151
29 62 0.274
29 63 0.400
29 64 0.288
29 65 0.287
29 66 0.752
29 67 0.411
29 68 0.676
29 69 0.503
29 70 0.686
29 71 0.678
29 72 0.411
29 73 0.415
29 74 0.158
29 75 0.518
29 76 0.210
29 77 0.583
29 78 0.072
29 79 0.281
29 80 0.341
29 81 0.097
29 82 0.317
29 83 0.089
29 84 0.454
29 85 0.102
29 86 0.393
29 87 0.570
29 88 1.245
29 89 0.458
29 90 0.291
29 91 0.714
29 92 1.533
29 93 0.194
29 94 0.182
29 95 0.629
29 96 0.224
29 97 0.533
29 98 0.374
29 99 0.856
30 31 0.227
30 32 0.610
30 33 0.569
30 34 0.328
30 35 0.229
30 36 0.609
30 37 1.127
30 38 0.305
30 39 0.548
30 40 0.413
30 41 0.192
30 42 0.150
30 43 0.401
30 44 0.225
30 45 0.110
30 46 0.460
30 47 0.815
30 48 0.098
30 49 0.536
30 50 0.423
30 51 0.642
30 52 0.412
30 53 0.253
30 54 0.285
30 55 0.394
30 56 0.320
30 57 0.359
30 58 0.125
30 59 0.194
30 60 0.413
30 61 0.069
30 62 0.345
30 63 0.615
30 64 0.352
30 65 0.470
30 66 0.541
30 67 0.624
30 68 0.477
30 69 0.357
30 70 0.516
30 71 0.462
30 72 0.203
30 73 0.277
30 74 0.349
30 75 0.393
30 76 0.113
30 77 0.420
30 78 0.247
30 79 0.490
30 80 0.124
30 81 0.293
30 82 0.403
30 83 0.146
30 84 0.237
30 85 0.154
30 86 0.232
30 87 0.380
30 88 1.046
30 89 0.268
30 90 0.499
30 91 0.924
30 92 1.322
30 93 0.388
30 94 0.216
30 95 0.425
30 96 0.153
30 97 0.378
30 98 0.360
30 99 0.668
31 32 0.394
31 33 0.354
31 34 0.335
31 35 0.058
31 36 0.388
31 37 1.331
31 38 0.151
31 39 0.328
31 40 0.515
31 41 0.184
31 42 0.166
31 43 0.502
31 44 0.209
31 45 0.279
31 46 0.235
31 47 1.003
31 48 0.175
31 49 0.448
31 50 0.247
31 51 0.863
31 52 0.231
31 53 0.441
31 54 0.278
31 55 0.516
31 56 0.518
31 57 0.152
31 58 0.273
31 59 0.352
31 60 0.515
31 61 0.159
31 62 0.233
31 63 0.408
31 64 0.247
31 65 0.257
31 66 0.747
31 67 0.422
31 68 0.666
31 69 0.482
31 70 0.667
31 71 0.677
31 72 0.426
31 73 0.394
31 74 0.128
31 75 0.493
31 76 0.196
31 77 0.564
31 78 0.112
31 79 0.296
31 80 0.344
31 81 0.068
31 82 0.275
31 83 0.083
31 84 0.456
31 85 0.134
31 86 0.377
31 87 0.558
31 88 1.234
31 89 0.448
31 90 0.308
31 91 0.725
31 92 1.526
31 93 0.167
31 94 0.148
31 95 0.622
31 96 0.202
31 97 0.513
31 98 0.337
31 99 0.841
32 33 0.041
32 34 0.671
32 35 0.425
32 36 0.038
32 37 1.725
32 38 0.324
32 39 0.072
32 40 0.880
32 41 0.559
32 42 0.554
32 43 0.868
32 44 0.571
32 45 0.673
32 46 0.235
32 47 1.395
32 48 0.570
32 49 0.657
32 50 0.223
32 51 1.252
32 52 0.224
32 53 0.835
32 54 0.621
32 55 0.891
32 56 0.913
32 57 0.346
32 58 0.667
32 59 0.744
32 60 0.881
32 61 0.542
32 62 0.508
32 63 0.056
32 64 0.521
32 65 0.300
32 66 1.141
32 67 0.086
32 68 1.059
32 69 0.860
32 70 1.049
32 71 1.069
32 72 0.793
32 73 0.775
32 74 0.317
32 75 0.859
32 76 0.589
32 77 0.946
32 78 0.373
32 79 0.150
32 80 0.733
32 81 0.344
32 82 0.503
32 83 0.476
32 84 0.846
32 85 0.470
32 86 0.766
32 87 0.950
32 88 1.625
32 89 0.841
32 90 0.152
32 91 0.345
32 92 1.920
32 93 0.290
32 94 0.511
32 95 1.016
32 96 0.589
32 97 0.894
32 98 0.651
32 99 1.229
33 34 0.638
33 35 0.386
33 36 0.057
33 37 1.685
33 38 0.283
33 39 0.044
33 40 0.845
33 41 0.521
33 42 0.515
33 43 0.833
33 44 0.535
33 45 0.633
33 46 0.208
33 47 1.356
33 48 0.530
33 49 0.634
33 50 0.186
33 51 1.211
33 52 0.185
33 53 0.795
33 54 0.586
33 55 0.855
33 56 0.873
33 57 0.314
33 58 0.627
33 59 0.705
33 60 0.846
33 61 0.501
33 62 0.476
33 63 0.068
33 64 0.491
33 65 0.277
33 66 1.101
33 67 0.096
33 68 1.020
33 69 0.823
33 70 1.012
33 71 1.029
33 72 0.752
33 73 0.737
33 74 0.282
33 75 0.824
33 76 0.549
33 77 0.909
33 78 0.332
33 79 0.116
33 80 0.692
33 81 0.305
33 82 0.475
33 83 0.435
33 84 0.805
33 85 0.429
33 86 0.728
33 87 0.911
33 88 1.586
33 89 0.802
33 90 0.120
33 91 0.379
33 92 1.880
33 93 0.258
33 94 0.474
33 95 0.976
33 96 0.551
33 97 0.857
33 98 0.619
33 99 1.191
34 35 0.279
34 36 0.652
34 37 1.118
34 38 0.485
34 39 0.599
34 40 0.218
34 41 0.162
34 42 0.202
34 43 0.207
34 44 0.129
34 45 0.246
34 46 0.445
34 47 0.767
34 48 0.242
34 49 0.239
34 50 0.577
34 51 0.737
34 52 0.560
34 53 0.305
34 54 0.057
34 55 0.243
34 56 0.374
34 57 0.325
34 58 0.222
34 59 0.223
34 60 0.219
34 61 0.323
34 62 0.172
34 63 0.702
34 64 0.162
34 65 0.402
34 66 0.577
34 67 0.723
34 68 0.465
34 69 0.222
34 70 0.403
34 71 0.546
34 72 0.474
34 73 0.167
34 74 0.356
34 75 0.199
34 76 0.219
34 77 0.309
34 78 0.439
34 79 0.614
34 80 0.341
34 81 0.348
34 82 0.208
34 83 0.299
34 84 0.392
34 85 0.400
34 86 0.207
34 87 0.357
34 88 0.989
34 89 0.292
34 90 0.627
34 91 1.016
34 92 1.307
34 93 0.381
34 94 0.187
34 95 0.447
34 96 0.180
34 97 0.259
34 98 0.049
34 99 0.591
35 36 0.414
35 37 1.303
35 38 0.208
35 39 0.355
35 40 0.467
35 41 0.137
35 42 0.130
35 43 0.454
35 44 0.157
35 45 0.257
35 46 0.238
35 47 0.970
35 48 0.155
35 49 0.392
35 50 0.298
35 51 0.848
35 52 0.282
35 53 0.415
35 54 0.223
35 55 0.472
35 56 0.494
35 57 0.130
35 58 0.247
35 59 0.321
35 60 0.468
35 61 0.168
35 62 0.177
35 63 0.444
35 64 0.190
35 65 0.242
35 66 0.723
35 67 0.461
35 68 0.636
35 69 0.439
35 70 0.627
35 71 0.658
35 72 0.432
35 73 0.352
35 74 0.124
35 75 0.445
35 76 0.169
35 77 0.524
35 78 0.170
35 79 0.341
35 80 0.335
35 81 0.081
35 82 0.222
35 83 0.087
35 84 0.442
35 85 0.174
35 86 0.342
35 87 0.526
35 88 1.200
35 89 0.419
35 90 0.354
35 91 0.762
35 92 1.498
35 93 0.163
35 94 0.094
35 95 0.595
35 96 0.165
35 97 0.472
35 98 0.280
35 99 0.805
36 37 1.717
36 38 0.332
36 39 0.061
36 40 0.863
36 41 0.546
36 42 0.544
36 43 0.851
36 44 0.556
36 45 0.666
36 46 0.210
36 47 1.384
36 48 0.563
36 49 0.627
36 50 0.241
36 51 1.250
36 52 0.239
36 53 0.827
36 54 0.603
36 55 0.876
36 56 0.906
36 57 0.326
36 58 0.659
36 59 0.735
36 60 0.864
36 61 0.541
36 62 0.485
36 63 0.094
36 64 0.499
36 65 0.270
36 66 1.135
36 67 0.124
36 68 1.050
36 69 0.845
36 70 1.035
36 71 1.065
36 72 0.796
36 73 0.761
36 74 0.301
36 75 0.842
36 76 0.581
36 77 0.932
36 78 0.379
36 79 0.172
36 80 0.731
36 81 0.333
36 82 0.477
36 83 0.471
36 84 0.843
36 85 0.474
36 86 0.756
36 87 0.939
36 88 1.613
36 89 0.832
36 90 0.176
36 91 0.367
36 92 1.912
36 93 0.271
36 94 0.497
36 95 1.008
36 96 0.579
36 97 0.880
36 98 0.629
36 99 1.216
37 38 1.431
37 39 1.657
37 40 0.908
37 41 1.176
37 42 1.174
37 43 0.916
37 44 1.174
37 45 1.052
37 46 1.531
37 47 0.355
37 48 1.155
37 49 1.300
37 50 1.550
37 51 0.522
37 52 1.539
37 53 0.890
37 54 1.148
37 55 0.875
37 56 0.813
37 57 1.409
37 58 1.058
37 59 0.983
37 60 0.906
37 61 1.191
37 62 1.284
37 63 1.737
37 64 1.277
37 65 1.506
37 66 0.586
37 67 1.748
37 68 0.669
37 69 0.897
37 70 0.718
37 71 0.669
37 72 0.992
37 73 0.969
37 74 1.422
37 75 0.923
37 76 1.136
37 77 0.809
37 78 1.374
37 79 1.615
37 80 1.003
37 81 1.384
37 82 1.325
37 83 1.250
37 84 0.891
37 85 1.279
37 86 0.964
37 87 0.780
37 88 0.190
37 89 0.885
37 90 1.625
37 91 2.050
37 92 0.196
37 93 1.458
37 94 1.227
37 95 0.709
37 96 1.140
37 97 0.860
37 98 1.160
37 99 0.533
38 39 0.275
38 40 0.656
38 41 0.330
38 42 0.304
38 43 0.643
38 44 0.358
38 45 0.390
38 46 0.268
38 47 1.117
38 48 0.296
38 49 0.587
38 50 0.118
38 51 0.941
38 52 0.109
38 53 0.551
38 54 0.428
38 55 0.653
38 56 0.623
38 57 0.252
38 58 0.392
38 59 0.472
38 60 0.657
38 61 0.242
38 62 0.376
38 63 0.317
38 64 0.391
38 65 0.322
38 66 0.846
38 67 0.323
38 68 0.778
38 69 0.617
38 70 0.797
38 71 0.766
38 72 0.472
38 73 0.529
38 74 0.210
38 75 0.635
38 76 0.321
38 77 0.695
38 78 0.058
38 79 0.188
38 80 0.428
38 81 0.166
38 82 0.410
38 83 0.202
38 84 0.541
38 85 0.153
38 86 0.503
38 87 0.675
38 88 1.348
38 89 0.562
38 90 0.195
38 91 0.620
38 92 1.627
38 93 0.231
38 94 0.298
38 95 0.728
38 96 0.339
38 97 0.646
38 98 0.488
38 99 0.963
39 40 0.808
39 41 0.488
39 42 0.484
39 43 0.796
39 44 0.499
39 45 0.606
39 46 0.165
39 47 1.325
39 48 0.502
39 49 0.590
39 50 0.192
39 51 1.189
39 52 0.187
39 53 0.767
39 54 0.549
39 55 0.820
39 56 0.845
39 57 0.274
39 58 0.599
39 59 0.675
39 60 0.809
39 61 0.480
39 62 0.436
39 63 0.112
39 64 0.449
39 65 0.233
39 66 1.074
39 67 0.140
39 68 0.990
39 69 0.788
39 70 0.978
39 71 1.004
39 72 0.736
39 73 0.704
39 74 0.245
39 75 0.787
39 76 0.521
39 77 0.875
39 78 0.319
39 79 0.132
39 80 0.669
39 81 0.274
39 82 0.432
39 83 0.410
39 84 0.782
39 85 0.413
39 86 0.697
39 87 0.880
39 88 1.555
39 89 0.773
39 90 0.140
39 91 0.417
39 92 1.852
39 93 0.218
39 94 0.439
39 95 0.948
39 96 0.520
39 97 0.823
39 98 0.579
39 99 1.158
40 41 0.331
40 42 0.353
40 43 0.013
40 44 0.312
40 45 0.304
40 46 0.659
40 47 0.554
40 48 0.368
40 49 0.400
40 50 0.761
40 51 0.575
40 52 0.746
40 53 0.233
40 54 0.261
40 55 0.049
40 56 0.260
40 57 0.537
40 58 0.289
40 59 0.225
40 60 0.002
40 61 0.443
40 62 0.390
40 63 0.907
40 64 0.380
40 65 0.619
40 66 0.401
40 67 0.926
40 68 0.282
40 69 0.070
40 70 0.190
40 71 0.401
40 72 0.470
40 73 0.136
40 74 0.563
40 75 0.022
40 76 0.341
40 77 0.111
40 78 0.603
40 79 0.808
40 80 0.355
40 81 0.544
40 82 0.423
40 83 0.456
40 84 0.337
40 85 0.538
40 86 0.186
40 87 0.198
40 88 0.773
40 89 0.210
40 90 0.821
40 91 1.224
40 92 1.094
40 93 0.592
40 94 0.374
40 95 0.288
40 96 0.318
40 97 0.082
40 98 0.254
40 99 0.376
41 42 0.044
41 43 0.318
41 44 0.036
41 45 0.158
41 46 0.355
41 47 0.838
41 48 0.095
41 49 0.344
41 50 0.431
41 51 0.740
41 52 0.416
41 53 0.296
41 54 0.107
41 55 0.335
41 56 0.375
41 57 0.233
41 58 0.139
41 59 0.198
41 60 0.332
41 61 0.168
41 62 0.158
41 63 0.581
41 64 0.163
41 65 0.337
41 66 0.603
41 67 0.598
41 68 0.508
41 69 0.302
41 70 0.491
41 71 0.547
41 72 0.377
41 73 0.216
41 74 0.247
41 75 0.309
41 76 0.082
41 77 0.388
41 78 0.281
41 79 0.478
41 80 0.255
41 81 0.216
41 82 0.217
41 83 0.138
41 84 0.345
41 85 0.238
41 86 0.212
41 87 0.396
41 88 1.067
41 89 0.295
41 90 0.490
41 91 0.899
41 92 1.370
41 93 0.282
41 94 0.050
41 95 0.472
41 96 0.048
41 97 0.336
41 98 0.180
41 99 0.670
42 43 0.340
42 44 0.080
42 45 0.133
42 46 0.362
42 47 0.841
42 48 0.052
42 49 0.388
42 50 0.410
42 51 0.724
42 52 0.396
42 53 0.286
42 54 0.149
42 55 0.351
42 56 0.365
42 57 0.244
42 58 0.120
42 59 0.191
42 60 0.353
42 61 0.124
42 62 0.196
42 63 0.571
42 64 0.202
42 65 0.353
42 66 0.595
42 67 0.587
42 68 0.506
42 69 0.316
42 70 0.501
42 71 0.533
42 72 0.341
42 73 0.228
42 74 0.250
42 75 0.331
42 76 0.047
42 77 0.398
42 78 0.251
42 79 0.462
42 80 0.225
42 81 0.210
42 82 0.255
42 83 0.104
42 84 0.322
42 85 0.199
42 86 0.213
42 87 0.396
42 88 1.071
42 89 0.289
42 90 0.474
42 91 0.889
42 92 1.368
42 93 0.288
42 94 0.071
42 95 0.466
42 96 0.037
42 97 0.348
42 98 0.224
42 99 0.677
43 44 0.299
43 45 0.291
43 46 0.647
43 47 0.563
43 48 0.355
43 49 0.395
43 50 0.748
43 51 0.576
43 52 0.733
43 53 0.225
43 54 0.249
43 55 0.049
43 56 0.255
43 57 0.525
43 58 0.276
43 59 0.213
43 60 0.014
43 61 0.430
43 62 0.379
43 63 0.894
43 64 0.369
43 65 0.608
43 66 0.404
43 67 0.914
43 68 0.285
43 69 0.062
43 70 0.198
43 71 0.400
43 72 0.460
43 73 0.123
43 74 0.551
43 75 0.009
43 76 0.327
43 77 0.114
43 78 0.590
43 79 0.795
43 80 0.344
43 81 0.532
43 82 0.413
43 83 0.442
43 84 0.329
43 85 0.524
43 86 0.174
43 87 0.197
43 88 0.783
43 89 0.201
43 90 0.808
43 91 1.212
43 92 1.102
43 93 0.580
43 94 0.361
43 95 0.287
43 96 0.304
43 97 0.080
43 98 0.245
43 99 0.385
44 45 0.179
44 46 0.359
44 47 0.832
44 48 0.129
44 49 0.310
44 50 0.455
44 51 0.748
44 52 0.439
44 53 0.303
44 54 0.073
44 55 0.320
44 56 0.381
44 57 0.235
44 58 0.158
44 59 0.205
44 60 0.312
44 61 0.204
44 62 0.135
44 63 0.596
44 64 0.137
44 65 0.334
44 66 0.606
44 67 0.615
44 68 0.506
44 69 0.289
44 70 0.479
44 71 0.555
44 72 0.404
44 73 0.207
44 74 0.255
44 75 0.290
44 76 0.113
44 77 0.377
44 78 0.311
44 79 0.498
44 80 0.278
44 81 0.233
44 82 0.193
44 83 0.171
44 84 0.361
44 85 0.273
44 86 0.213
44 87 0.394
44 88 1.060
44 89 0.300
44 90 0.511
44 91 0.913
44 92 1.367
44 93 0.287
44 94 0.063
44 95 0.475
44 96 0.074
44 97 0.324
44 98 0.145
44 99 0.662
45 46 0.494
45 47 0.728
45 48 0.104
45 49 0.475
45 50 0.506
45 51 0.592
45 52 0.493
45 53 0.163
45 54 0.216
45 55 0.284
45 56 0.240
45 57 0.378
45 58 0.024
45 59 0.086
45 60 0.304
45 61 0.152
45 62 0.313
45 63 0.685
45 64 0.316
45 65 0.487
45 66 0.469
45 67 0.698
45 68 0.390
45 69 0.247
45 70 0.412
45 71 0.402
45 72 0.230
45 73 0.168
45 74 0.380
45 75 0.284
45 76 0.089
45 77 0.313
45 78 0.332
45 79 0.567
45 80 0.100
45 81 0.335
45 82 0.372
45 83 0.198
45 84 0.189
45 85 0.249
45 86 0.123
45 87 0.285
45 88 0.959
45 89 0.172
45 90 0.577
45 91 1.000
45 92 1.248
45 93 0.419
45 94 0.202
45 95 0.344
45 96 0.110
45 97 0.269
45 98 0.287
45 99 0.573
46 47 1.191
46 48 0.393
46 49 0.426
46 50 0.256
46 51 1.085
46 52 0.242
46 53 0.648
46 54 0.398
46 55 0.675
46 56 0.727
46 57 0.123
46 58 0.482
46 59 0.551
46 60 0.660
46 61 0.394
46 62 0.276
46 63 0.276
46 64 0.289
46 65 0.074
46 66 0.956
46 67 0.303
46 68 0.863
46 69 0.646
46 70 0.836
46 71 0.895
46 72 0.661
46 73 0.565
46 74 0.113
46 75 0.639
46 76 0.405
46 77 0.734
46 78 0.285
46 79 0.240
46 80 0.572
46 81 0.168
46 82 0.268
46 83 0.314
46 84 0.680
46 85 0.358
46 86 0.567
46 87 0.751
46 88 1.419
46 89 0.649
46 90 0.254
46 91 0.577
46 92 1.725
46 93 0.074
46 94 0.304
46 95 0.826
46 96 0.394
46 97 0.682
46 98 0.420
46 99 1.020
47 48 0.829
47 49 0.945
47 50 1.234
47 51 0.339
47 52 1.221
47 53 0.566
47 54 0.801
47 55 0.524
47 56 0.495
47 57 1.068
47 58 0.731
47 59 0.652
47 60 0.553
47 61 0.875
47 62 0.936
47 63 1.411
47 64 0.928
47 65 1.161
47 66 0.294
47 67 1.425
47 68 0.339
47 69 0.548
47 70 0.365
47 71 0.392
47 72 0.717
47 73 0.626
47 74 1.085
47 75 0.570
47 76 0.807
47 77 0.460
47 78 1.059
47 79 1.295
47 80 0.697
47 81 1.051
47 82 0.975
47 83 0.926
47 84 0.591
47 85 0.969
47 86 0.628
47 87 0.445
47 88 0.231
47 89 0.556
47 90 1.306
47 91 1.728
47 92 0.540
47 93 1.119
47 94 0.888
47 95 0.391
47 96 0.805
47 97 0.512
47 98 0.808
47 99 0.179
48 49 0.439
48 50 0.409
48 51 0.693
48 52 0.395
48 53 0.266
48 54 0.194
48 55 0.359
48 56 0.343
48 57 0.280
48 58 0.098
48 59 0.178
48 60 0.368
48 61 0.081
48 62 0.247
48 63 0.582
48 64 0.254
48 65 0.391
48 66 0.572
48 67 0.596
48 68 0.491
48 69 0.323
48 70 0.501
48 71 0.504
48 72 0.292
48 73 0.236
48 74 0.279
48 75 0.346
48 76 0.027
48 77 0.400
48 78 0.239
48 79 0.466
48 80 0.182
48 81 0.231
48 82 0.306
48 83 0.097
48 84 0.287
48 85 0.170
48 86 0.208
48 87 0.384
48 88 1.060
48 89 0.273
48 90 0.477
48 91 0.899
48 92 1.351
48 93 0.318
48 94 0.120
48 95 0.447
48 96 0.063
48 97 0.351
48 98 0.269
48 99 0.670
49 50 0.643
49 51 0.963
49 52 0.626
49 53 0.543
49 54 0.258
49 55 0.442
49 56 0.608
49 57 0.349
49 58 0.451
49 59 0.462
49 60 0.402
49 61 0.509
49 62 0.215
49 63 0.702
49 64 0.202
49 65 0.357
49 66 0.795
49 67 0.729
49 68 0.678
49 69 0.434
49 70 0.586
49 71 0.776
49 72 0.705
49 73 0.401
49 74 0.393
49 75 0.390
49 76 0.423
49 77 0.509
49 78 0.559
49 79 0.653
49 80 0.574
49 81 0.422
49 82 0.178
49 83 0.455
49 84 0.631
49 85 0.558
49 86 0.446
49 87 0.579
49 88 1.152
49 89 0.529
49 90 0.668
49 91 0.989
49 92 1.481
49 93 0.395
49 94 0.334
49 95 0.671
49 96 0.383
49 97 0.467
49 98 0.192
49 99 0.767
50 51 1.059
50 52 0.017
50 53 0.668
50 54 0.520
50 55 0.761
50 56 0.741
50 57 0.294
50 58 0.506
50 59 0.587
50 60 0.762
50 61 0.359
50 62 0.445
50 63 0.206
50 64 0.460
50 65 0.326
50 66 0.964
50 67 0.208
50 68 0.895
50 69 0.726
50 70 0.909
50 71 0.884
50 72 0.586
50 73 0.638
50 74 0.250
50 75 0.740
50 76 0.433
50 77 0.807
50 78 0.176
50 79 0.075
50 80 0.546
50 81 0.232
50 82 0.467
50 83 0.312
50 84 0.660
50 85 0.271
50 86 0.616
50 87 0.791
50 88 1.465
50 89 0.678
50 90 0.079
50 91 0.502
50 92 1.745
50 93 0.252
50 94 0.392
50 95 0.846
50 96 0.447
50 97 0.757
50 98 0.572
50 99 1.078
51 52 1.050
51 53 0.446
51 54 0.747
51 55 0.528
51 56 0.368
51 57 0.968
51 58 0.604
51 59 0.544
51 60 0.573
51 61 0.710
51 62 0.877
51 63 1.256
51 64 0.875
51 65 1.076
51 66 0.177
51 67 1.264
51 68 0.295
51 69 0.530
51 70 0.429
51 71 0.193
51 72 0.480
51 73 0.570
51 74 0.972
51 75 0.580
51 76 0.680
51 77 0.465
51 78 0.885
51 79 1.129
51 80 0.520
51 81 0.924
51 82 0.930
51 83 0.780
51 84 0.407
51 85 0.788
51 86 0.540
51 87 0.384
51 88 0.512
51 89 0.451
51 90 1.137
51 91 1.560
51 92 0.712
51 93 1.011
51 94 0.788
51 95 0.292
51 96 0.695
51 97 0.499
51 98 0.785
51 99 0.353
52 53 0.655
52 54 0.504
52 55 0.747
52 56 0.729
52 57 0.277
52 58 0.493
52 59 0.573
52 60 0.747
52 61 0.348
52 62 0.428
52 63 0.211
52 64 0.443
52 65 0.311
52 66 0.953
52 67 0.214
52 68 0.882
52 69 0.712
52 70 0.895
52 71 0.874
52 72 0.579
52 73 0.624
52 74 0.233
52 75 0.724
52 76 0.419
52 77 0.793
52 78 0.165
52 79 0.080
52 80 0.536
52 81 0.215
52 82 0.450
52 83 0.299
52 84 0.649
52 85 0.262
52 86 0.602
52 87 0.778
52 88 1.452
52 89 0.666
52 90 0.087
52 91 0.512
52 92 1.735
52 93 0.236
52 94 0.376
52 95 0.834
52 96 0.432
52 97 0.743
52 98 0.556
52 99 1.065
53 54 0.305
53 55 0.192
53 56 0.080
53 57 0.528
53 58 0.168
53 59 0.098
53 60 0.232
53 61 0.309
53 62 0.432
53 63 0.848
53 64 0.430
53 65 0.633
53 66 0.309
53 67 0.860
53 68 0.227
53 69 0.164
53 70 0.271
53 71 0.252
53 72 0.241
53 73 0.145
53 74 0.536
53 75 0.221
53 76 0.247
53 77 0.187
53 78 0.493
53 79 0.729
53 80 0.148
53 81 0.494
53 82 0.486
53 83 0.361
53 84 0.104
53 85 0.404
53 86 0.098
53 87 0.128
53 88 0.797
53 89 0.024
53 90 0.740
53 91 1.163
53 92 1.085
53 93 0.573
53 94 0.346
53 95 0.181
53 96 0.254
53 97 0.163
53 98 0.354
53 99 0.416
54 55 0.279
54 56 0.380
54 57 0.277
54 58 0.193
54 59 0.213
54 60 0.262
54 61 0.273
54 62 0.136
54 63 0.650
54 64 0.130
54 65 0.361
54 66 0.594
54 67 0.671
54 68 0.487
54 69 0.252
54 70 0.440
54 71 0.554
54 72 0.447
54 73 0.182
54 74 0.304
54 75 0.240
54 76 0.173
54 77 0.341
54 78 0.382
54 79 0.559
54 80 0.316
54 81 0.292
54 82 0.183
54 83 0.244
54 84 0.381
54 85 0.345
54 86 0.208
54 87 0.376
54 88 1.026
54 89 0.297
54 90 0.572
54 91 0.965
54 92 1.339
54 93 0.332
54 94 0.130
54 95 0.463
54 96 0.133
54 97 0.289
54 98 0.076
54 99 0.626
55 56 0.212
55 57 0.552
55 58 0.273
55 59 0.200
55 60 0.047
55 61 0.430
55 62 0.412
55 63 0.915
55 64 0.404
55 65 0.640
55 66 0.355
55 67 0.933
55 68 0.237
55 69 0.037
55 70 0.161
55 71 0.352
55 72 0.432
55 73 0.124
55 74 0.575
55 75 0.052
55 76 0.333
55 77 0.068
55 78 0.598
55 79 0.812
55 80 0.323
55 81 0.551
55 82 0.450
55 83 0.451
55 84 0.295
55 85 0.526
55 86 0.162
55 87 0.149
55 88 0.747
55 89 0.168
55 90 0.824
55 91 1.233
55 92 1.064
55 93 0.606
55 94 0.381
55 95 0.239
55 96 0.315
55 97 0.033
55 98 0.284
55 99 0.348
56 57 0.607
56 58 0.247
56 59 0.178
56 60 0.258
56 61 0.381
56 62 0.509
56 63 0.924
56 64 0.507
56 65 0.712
56 66 0.229
56 67 0.936
56 68 0.158
56 69 0.195
56 70 0.237
56 71 0.175
56 72 0.260
56 73 0.207
56 74 0.616
56 75 0.254
56 76 0.325
56 77 0.180
56 78 0.565
56 79 0.804
56 80 0.203
56 81 0.573
56 82 0.562
56 83 0.438
56 84 0.112
56 85 0.474
56 86 0.172
56 87 0.087
56 88 0.725
56 89 0.083
56 90 0.814
56 91 1.238
56 92 1.008
56 93 0.653
56 94 0.425
56 95 0.105
56 96 0.333
56 97 0.178
56 98 0.423
56 99 0.355
57 58 0.364
57 59 0.430
57 60 0.538
57 61 0.297
57 62 0.164
57 63 0.379
57 64 0.178
57 65 0.112
57 66 0.835
57 67 0.403
57 68 0.740
57 69 0.523
57 70 0.713
57 71 0.777
57 72 0.562
57 73 0.442
57 74 0.045
57 75 0.517
57 76 0.289
57 77 0.611
57 78 0.242
57 79 0.309
57 80 0.462
57 81 0.093
57 82 0.174
57 83 0.216
57 84 0.566
57 85 0.286
57 86 0.445
57 87 0.628
57 88 1.295
57 89 0.528
57 90 0.323
57 91 0.691
57 92 1.602
57 93 0.056
57 94 0.183
57 95 0.705
57 96 0.274
57 97 0.559
57 98 0.305
57 99 0.896
58 59 0.081
58 60 0.289
58 61 0.158
58 62 0.293
58 63 0.681
58 64 0.295
58 65 0.472
58 66 0.476
58 67 0.694
58 68 0.393
58 69 0.236
58 70 0.406
58 71 0.413
58 72 0.254
58 73 0.153
58 74 0.369
58 75 0.269
58 76 0.078
58 77 0.306
58 78 0.334
58 79 0.565
58 80 0.123
58 81 0.326
58 82 0.351
58 83 0.195
58 84 0.206
58 85 0.255
58 86 0.113
58 87 0.286
58 88 0.961
58 89 0.175
58 90 0.576
58 91 0.997
58 92 1.253
58 93 0.407
58 94 0.185
58 95 0.349
58 96 0.092
58 97 0.260
58 98 0.263
58 99 0.572
59 60 0.224
59 61 0.237
59 62 0.336
59 63 0.759
59 64 0.334
59 65 0.535
59 66 0.405
59 67 0.774
59 68 0.315
59 69 0.164
59 70 0.326
59 71 0.350
59 72 0.264
59 73 0.094
59 74 0.440
59 75 0.206
59 76 0.156
59 77 0.227
59 78 0.415
59 79 0.645
59 80 0.136
59 81 0.401
59 82 0.391
59 83 0.275
59 84 0.169
59 85 0.334
59 86 0.039
59 87 0.206
59 88 0.882
59 89 0.098
59 90 0.656
59 91 1.076
59 92 1.177
59 93 0.477
59 94 0.248
59 95 0.275
59 96 0.157
59 97 0.184
59 98 0.270
59 99 0.492
60 61 0.443
60 62 0.391
60 63 0.908
60 64 0.381
60 65 0.621
60 66 0.399
60 67 0.927
60 68 0.280
60 69 0.068
60 70 0.188
60 71 0.399
60 72 0.469
60 73 0.136
60 74 0.564
60 75 0.022
60 76 0.341
60 77 0.109
60 78 0.603
60 79 0.809
60 80 0.354
60 81 0.545
60 82 0.425
60 83 0.456
60 84 0.336
60 85 0.538
60 86 0.185
60 87 0.196
60 88 0.771
60 89 0.208
60 90 0.822
60 91 1.225
60 92 1.092
60 93 0.593
60 94 0.375
60 95 0.286
60 96 0.318
60 97 0.080
60 98 0.256
60 99 0.375
61 62 0.305
61 63 0.548
61 64 0.315
61 65 0.408
61 66 0.605
61 67 0.558
61 68 0.536
61 69 0.393
61 70 0.563
61 71 0.528
61 72 0.267
61 73 0.308
61 74 0.284
61 75 0.422
61 76 0.107
61 77 0.464
61 78 0.184
61 79 0.424
61 80 0.191
61 81 0.226
61 82 0.362
61 83 0.081
61 84 0.304
61 85 0.098
61 86 0.271
61 87 0.435
61 88 1.106
61 89 0.322
61 90 0.434
61 91 0.859
61 92 1.387
61 93 0.323
61 94 0.177
61 95 0.486
61 96 0.143
61 97 0.418
61 98 0.347
61 99 0.724
62 63 0.543
62 64 0.015
62 65 0.230
62 66 0.728
62 67 0.566
62 68 0.623
62 69 0.388
62 70 0.574
62 71 0.684
62 72 0.535
62 73 0.317
62 74 0.202
62 75 0.371
62 76 0.240
62 77 0.476
62 78 0.345
62 79 0.469
62 80 0.412
62 81 0.215
62 82 0.059
62 83 0.243
62 84 0.496
62 85 0.344
62 86 0.338
62 87 0.512
62 88 1.160
62 89 0.426
62 90 0.483
62 91 0.852
62 92 1.474
62 93 0.219
62 94 0.129
62 95 0.597
62 96 0.206
62 97 0.425
62 98 0.144
62 99 0.760
63 64 0.557
63 65 0.344
63 66 1.152
63 67 0.031
63 68 1.073
63 69 0.882
63 70 1.071
63 71 1.076
63 72 0.789
63 73 0.796
63 74 0.346
63 75 0.885
63 76 0.603
63 77 0.968
63 78 0.371
63 79 0.131
63 80 0.738
63 81 0.364
63 82 0.542
63 83 0.487
63 84 0.852
63 85 0.469
63 86 0.784
63 87 0.965
63 88 1.641
63 89 0.855
63 90 0.128
63 91 0.318
63 92 1.932
63 93 0.324
63 94 0.534
63 95 1.028
63 96 0.608
63 97 0.916
63 98 0.685
63 99 1.248
64 65 0.241
64 66 0.723
64 67 0.581
64 68 0.617
64 69 0.380
64 70 0.565
64 71 0.681
64 72 0.540
64 73 0.312
64 74 0.217
64 75 0.361
64 76 0.245
64 77 0.468
64 78 0.359
64 79 0.484
64 80 0.415
64 81 0.230
64 82 0.057
64 83 0.254
64 84 0.497
64 85 0.356
64 86 0.334
64 87 0.506
64 88 1.151
64 89 0.423
64 90 0.498
64 91 0.865
64 92 1.467
64 93 0.233
64 94 0.138
64 95 0.592
64 96 0.209
64 97 0.417
64 98 0.132
64 99 0.752
65 66 0.939
65 67 0.373
65 68 0.840
65 69 0.613
65 70 0.801
65 71 0.884
65 72 0.674
65 73 0.537
65 74 0.129
65 75 0.600
65 76 0.399
65 77 0.702
65 78 0.329
65 79 0.314
65 80 0.574
65 81 0.190
65 82 0.210
65 83 0.327
65 84 0.676
65 85 0.388
65 86 0.546
65 87 0.728
65 88 1.387
65 89 0.632
65 90 0.328
65 91 0.636
65 92 1.698
65 93 0.095
65 94 0.288
65 95 0.808
65 96 0.381
65 97 0.650
65 98 0.372
65 99 0.987
66 67 1.163
66 68 0.119
66 69 0.361
66 70 0.253
66 71 0.099
66 72 0.424
66 73 0.412
66 74 0.845
66 75 0.408
66 76 0.555
66 77 0.290
66 78 0.788
66 79 1.030
66 80 0.418
66 81 0.803
66 82 0.777
66 83 0.666
66 84 0.307
66 85 0.694
66 86 0.393
66 87 0.219
66 88 0.515
66 89 0.307
66 90 1.039
66 91 1.464
66 92 0.781
66 93 0.882
66 94 0.653
66 95 0.131
66 96 0.562
66 97 0.328
66 98 0.624
66 99 0.218
67 68 1.087
67 69 0.900
67 70 1.088
67 71 1.086
67 72 0.794
67 73 0.813
67 74 0.368
67 75 0.905
67 76 0.618
67 77 0.985
67 78 0.378
67 79 0.135
67 80 0.748
67 81 0.382
67 82 0.568
67 83 0.500
67 84 0.861
67 85 0.475
67 86 0.799
67 87 0.980
67 88 1.656
67 89 0.869
67 90 0.128
67 91 0.303
67 92 1.944
67 93 0.347
67 94 0.552
67 95 1.041
67 96 0.624
67 97 0.933
67 98 0.708
67 99 1.264
68 69 0.246
68 70 0.145
68 71 0.149
68 72 0.404
68 73 0.305
68 74 0.754
68 75 0.289
68 76 0.470
68 77 0.171
68 78 0.720
68 79 0.956
68 80 0.361
68 81 0.716
68 82 0.669
68 83 0.587
68 84 0.264
68 85 0.630
68 86 0.296
68 87 0.112
68 88 0.570
68 89 0.218
68 90 0.967
68 91 1.390
68 92 0.863
68 93 0.789
68 94 0.558
68 95 0.061
68 96 0.471
68 97 0.211
68 98 0.511
68 99 0.199
69 70 0.190
69 71 0.348
69 72 0.401
69 73 0.088
69 74 0.544
69 75 0.060
69 76 0.296
69 77 0.089
69 78 0.562
69 79 0.777
69 80 0.289
69 81 0.518
69 82 0.429
69 83 0.415
69 84 0.268
69 85 0.489
69 86 0.125
69 87 0.146
69 88 0.774
69 89 0.140
69 90 0.790
69 91 1.201
69 92 1.087
69 93 0.576
69 94 0.349
69 95 0.238
69 96 0.280
69 97 0.037
69 98 0.266
69 99 0.374
70 71 0.293
70 72 0.496
70 73 0.275
70 74 0.734
70 75 0.205
70 76 0.476
70 77 0.103
70 78 0.740
70 79 0.963
70 80 0.419
70 81 0.707
70 82 0.611
70 83 0.597
70 84 0.348
70 85 0.661
70 86 0.294
70 87 0.151
70 88 0.586
70 89 0.251
70 90 0.975
70 91 1.389
70 92 0.904
70 93 0.766
70 94 0.539
70 95 0.187
70 96 0.465
70 97 0.155
70 98 0.443
70 99 0.187
71 72 0.329
71 73 0.379
71 74 0.782
71 75 0.402
71 76 0.490
71 77 0.296
71 78 0.708
71 79 0.951
71 80 0.338
71 81 0.736
71 82 0.737
71 83 0.594
71 84 0.224
71 85 0.613
71 86 0.347
71 87 0.203
71 88 0.610
71 89 0.258
71 90 0.960
71 91 1.386
71 92 0.864
71 93 0.820
71 94 0.596
71 95 0.115
71 96 0.503
71 97 0.320
71 98 0.595
71 99 0.308
72 73 0.355
72 74 0.551
72 75 0.456
72 76 0.296
72 77 0.426
72 78 0.419
72 79 0.659
72 80 0.133
72 81 0.494
72 82 0.594
72 83 0.348
72 84 0.148
72 85 0.323
72 86 0.296
72 87 0.346
72 88 0.939
72 89 0.265
72 90 0.666
72 91 1.085
72 92 1.186
72 93 0.591
72 94 0.412
72 95 0.343
72 96 0.331
72 97 0.404
72 98 0.516
72 99 0.602
73 74 0.461
73 75 0.116
73 76 0.209
73 77 0.172
73 78 0.474
73 79 0.690
73 80 0.230
73 81 0.432
73 82 0.364
73 83 0.328
73 84 0.242
73 85 0.404
73 86 0.059
73 87 0.194
73 88 0.853
73 89 0.128
73 90 0.702
73 91 1.115
73 92 1.161
73 93 0.494
73 94 0.265
73 95 0.282
73 96 0.192
73 97 0.120
73 98 0.216
73 99 0.455
74 75 0.542
74 76 0.292
74 77 0.632
74 78 0.205
74 79 0.267
74 80 0.459
74 81 0.061
74 82 0.217
74 83 0.203
74 84 0.566
74 85 0.259
74 86 0.458
74 87 0.642
74 88 1.314
74 89 0.539
74 90 0.281
74 91 0.661
74 92 1.616
74 93 0.040
74 94 0.197
74 95 0.716
74 96 0.283
74 97 0.579
74 98 0.340
74 99 0.916
75 76 0.319
75 77 0.120
75 78 0.581
75 79 0.786
75 80 0.338
75 81 0.523
75 82 0.405
75 83 0.434
75 84 0.326
75 85 0.516
75 86 0.168
75 87 0.199
75 88 0.790
75 89 0.198
75 90 0.799
75 91 1.203
75 92 1.110
75 93 0.572
75 94 0.353
75 95 0.290
75 96 0.296
75 97 0.082
75 98 0.237
75 99 0.393
76 77 0.374
76 78 0.265
76 79 0.489
76 80 0.178
76 81 0.248
76 82 0.299
76 83 0.121
76 84 0.277
76 85 0.198
76 86 0.183
76 87 0.362
76 88 1.038
76 89 0.252
76 90 0.501
76 91 0.921
76 92 1.331
76 93 0.330
76 94 0.118
76 95 0.428
76 96 0.040
76 97 0.325
76 98 0.249
76 99 0.647
77 78 0.639
77 79 0.860
77 80 0.332
77 81 0.604
77 82 0.516
77 83 0.495
77 84 0.280
77 85 0.561
77 86 0.193
77 87 0.100
77 88 0.685
77 89 0.165
77 90 0.872
77 91 1.286
77 92 0.998
77 93 0.664
77 94 0.436
77 95 0.181
77 96 0.362
77 97 0.053
77 98 0.352
77 99 0.286
78 79 0.243
78 80 0.371
78 81 0.150
78 82 0.385
78 83 0.147
78 84 0.484
78 85 0.097
78 86 0.446
78 87 0.617
78 88 1.289
78 89 0.504
78 90 0.252
78 91 0.677
78 92 1.569
78 93 0.234
78 94 0.253
78 95 0.670
78 96 0.286
78 97 0.590
78 98 0.446
78 99 0.905
79 80 0.613
79 81 0.266
79 82 0.482
79 83 0.370
79 84 0.727
79 85 0.340
79 86 0.672
79 87 0.850
79 88 1.526
79 89 0.739
79 90 0.015
79 91 0.435
79 92 1.811
79 93 0.258
79 94 0.435
79 95 0.909
79 96 0.499
79 97 0.810
79 98 0.604
79 99 1.136
80 81 0.407
80 82 0.471
80 83 0.261
80 84 0.114
80 85 0.276
80 86 0.172
80 87 0.274
80 88 0.926
80 89 0.168
80 90 0.622
80 91 1.048
80 92 1.199
80 93 0.499
80 94 0.296
80 95 0.306
80 96 0.207
80 97 0.299
80 98 0.384
80 99 0.557
81 82 0.244
81 83 0.147
81 84 0.517
81 85 0.198
81 86 0.423
81 87 0.606
81 88 1.281
81 89 0.499
81 90 0.280
81 91 0.682
81 92 1.578
81 93 0.099
81 94 0.170
81 95 0.675
81 96 0.246
81 97 0.552
81 98 0.340
81 99 0.885
82 83 0.296
82 84 0.553
82 85 0.395
82 86 0.390
82 87 0.559
82 88 1.196
82 89 0.479
82 90 0.496
82 91 0.844
82 92 1.514
82 93 0.224
82 94 0.187
82 95 0.646
82 96 0.265
82 97 0.466
82 98 0.169
82 99 0.798
83 84 0.373
83 85 0.104
83 86 0.304
83 87 0.481
83 88 1.156
83 89 0.369
83 90 0.381
83 91 0.802
83 92 1.446
83 93 0.243
83 94 0.123
83 95 0.542
83 96 0.138
83 97 0.445
83 98 0.313
83 99 0.767
84 85 0.389
84 86 0.188
84 87 0.197
84 88 0.819
84 89 0.128
84 90 0.736
84 91 1.161
84 92 1.087
84 93 0.605
84 94 0.391
84 95 0.205
84 96 0.298
84 97 0.264
84 98 0.439
84 99 0.462
85 86 0.369
85 87 0.531
85 88 1.199
85 89 0.418
85 90 0.348
85 91 0.773
85 92 1.475
85 93 0.295
85 94 0.228
85 95 0.579
85 96 0.227
85 97 0.515
85 98 0.417
85 99 0.820
86 87 0.184
86 88 0.858
86 89 0.089
86 90 0.684
86 91 1.102
86 92 1.158
86 93 0.494
86 94 0.263
86 95 0.262
86 96 0.177
86 97 0.147
86 98 0.256
86 99 0.464
87 88 0.676
87 89 0.113
87 90 0.861
87 91 1.283
87 92 0.974
87 93 0.678
87 94 0.447
87 95 0.093
87 96 0.361
87 97 0.117
87 98 0.404
87 99 0.289
88 89 0.787
88 90 1.536
88 91 1.959
88 92 0.333
88 93 1.347
88 94 1.117
88 95 0.620
88 96 1.035
88 97 0.737
88 98 1.027
88 99 0.399
89 90 0.749
89 91 1.172
89 92 1.079
89 93 0.575
89 94 0.346
89 95 0.177
89 96 0.256
89 97 0.139
89 98 0.341
89 99 0.402
90 91 0.425
90 92 1.820
90 93 0.273
90 94 0.448
90 95 0.919
90 96 0.511
90 97 0.822
90 98 0.618
90 99 1.147
91 92 2.246
91 93 0.635
91 94 0.852
91 95 1.343
91 96 0.926
91 97 1.234
91 98 0.996
91 99 1.566
92 93 1.652
92 94 1.420
92 95 0.904
92 96 1.334
92 97 1.050
92 98 1.347
92 99 0.718
93 94 0.231
93 95 0.753
93 96 0.320
93 97 0.612
93 98 0.361
93 99 0.949
94 95 0.523
94 96 0.093
94 97 0.384
94 98 0.193
94 99 0.719
95 96 0.433
95 97 0.208
95 98 0.495
95 99 0.259
96 97 0.311
96 98 0.208
96 99 0.640
97 98 0.303
97 99 0.338
98 99 0.630
