nodei nodej distance
0 1 1.469
0 2 1.945
0 3 1.969
0 4 2.755
0 5 0.932
0 6 0.179
0 7 1.279
0 8 2.792
0 9 1.165
0 10 1.278
0 11 0.921
0 12 0.500
0 13 1.471
0 14 0.918
0 15 0.716
0 16 2.985
0 17 2.666
0 18 1.417
0 19 0.166
0 20 2.705
0 21 1.759
0 22 2.134
0 23 1.508
0 24 0.894
0 25 0.819
0 26 1.285
0 27 0.941
0 28 2.167
0 29 0.464
0 30 1.644
0 31 0.183
0 32 1.810
0 33 1.786
0 34 0.956
0 35 0.301
0 36 0.316
0 37 2.382
0 38 1.105
0 39 2.690
0 40 0.203
0 41 0.369
0 42 3.156
0 43 2.055
0 44 0.200
0 45 1.057
0 46 0.391
0 47 0.097
0 48 1.744
0 49 0.434
0 50 1.952
0 51 1.206
0 52 0.608
0 53 1.812
0 54 0.274
0 55 0.324
0 56 1.237
0 57 1.006
0 58 0.454
0 59 0.697
0 60 0.503
0 61 0.192
0 62 0.053
0 63 0.790
0 64 0.402
0 65 0.759
0 66 0.523
0 67 3.368
0 68 0.358
0 69 0.455
0 70 0.534
0 71 0.512
0 72 1.480
0 73 2.262
0 74 1.574
0 75 0.982
0 76 1.767
0 77 0.813
0 78 2.216
0 79 1.898
0 80 1.687
0 81 1.062
0 82 2.240
0 83 1.104
0 84 0.359
0 85 2.330
0 86 0.633
0 87 0.332
0 88 0.360
0 89 1.569
0 90 0.273
0 91 2.004
0 92 1.276
0 93 0.625
0 94 0.933
0 95 0.362
0 96 2.162
0 97 0.471
0 98 0.331
0 99 1.004
1 2 0.632
1 3 0.678
1 4 4.153
1 5 0.621
1 6 1.585
1 7 0.237
1 8 1.392
1 9 2.561
1 10 2.719
1 11 0.561
1 12 1.192
1 13 0.321
1 14 0.573
1 15 0.777
1 16 4.397
1 17 4.087
1 18 0.220
1 19 1.376
1 20 1.328
1 21 3.155
1 22 3.533
1 23 2.904
1 24 0.579
1 25 2.258
1 26 0.328
1 27 0.567
1 28 0.809
1 29 1.011
1 30 0.333
1 31 1.503
1 32 3.143
1 33 0.529
1 34 0.516
1 35 1.740
1 36 1.155
1 37 3.762
1 38 2.459
1 39 4.088
1 40 1.647
1 41 1.100
1 42 4.573
1 43 3.466
1 44 1.295
1 45 0.589
1 46 1.799
1 47 1.565
1 48 3.172
1 49 1.828
1 50 3.363
1 51 2.578
1 52 2.030
1 53 0.467
1 54 1.289
1 55 1.151
1 56 0.433
1 57 2.368
1 58 1.908
1 59 2.035
1 60 1.009
1 61 1.553
1 62 1.444
1 63 0.739
1 64 1.829
1 65 2.191
1 66 0.946
1 67 4.766
1 68 1.127
1 69 1.031
1 70 0.940
1 71 0.965
1 72 2.889
1 73 3.680
1 74 0.206
1 75 0.510
1 76 0.516
1 77 2.219
1 78 3.628
1 79 3.313
1 80 3.115
1 81 0.554
1 82 3.670
1 83 2.506
1 84 1.119
1 85 3.736
1 86 0.848
1 87 1.145
1 88 1.711
1 89 2.968
1 90 1.256
1 91 3.404
1 92 2.678
1 93 0.904
1 94 0.628
1 95 1.756
1 96 3.567
1 97 1.011
1 98 1.200
1 99 0.561
2 3 0.052
2 4 4.689
2 5 1.013
2 6 2.089
2 7 0.703
2 8 0.850
2 9 3.091
2 10 3.222
2 11 1.041
2 12 1.766
2 13 0.476
2 14 1.037
2 15 1.329
2 16 4.925
2 17 4.608
2 18 0.552
2 19 1.887
2 20 0.760
2 21 3.689
2 22 4.066
2 23 3.437
2 24 1.126
2 25 2.762
2 26 0.664
2 27 1.008
2 28 0.224
2 29 1.524
2 30 0.322
2 31 2.019
2 32 3.703
2 33 0.162
2 34 1.025
2 35 2.238
2 36 1.651
2 37 4.306
2 38 3.005
2 39 4.624
2 40 2.141
2 41 1.596
2 42 5.097
2 43 3.993
2 44 1.800
2 45 0.898
2 46 2.312
2 47 2.041
2 48 3.687
2 49 2.347
2 50 3.889
2 51 3.119
2 52 2.541
2 53 0.164
2 54 1.818
2 55 1.621
2 56 0.709
2 57 2.909
2 58 2.399
2 59 2.578
2 60 1.445
2 61 2.066
2 62 1.910
2 63 1.155
2 64 2.335
2 65 2.699
2 66 1.447
2 67 5.303
2 68 1.642
2 69 1.490
2 70 1.457
2 71 1.436
2 72 3.414
2 73 4.203
2 74 0.435
2 75 0.977
2 76 0.180
2 77 2.741
2 78 4.154
2 79 3.836
2 80 3.629
2 81 0.886
2 82 4.184
2 83 3.033
2 84 1.629
2 85 4.266
2 86 1.383
2 87 1.651
2 88 2.237
2 89 3.499
2 90 1.780
2 91 3.937
2 92 3.206
2 93 1.466
2 94 1.013
2 95 2.272
2 96 4.097
2 97 1.533
2 98 1.731
2 99 0.941
3 4 4.717
3 5 1.037
3 6 2.116
3 7 0.739
3 8 0.832
3 9 3.119
3 10 3.247
3 11 1.071
3 12 1.801
3 13 0.505
3 14 1.066
3 15 1.364
3 16 4.951
3 17 4.634
3 18 0.588
3 19 1.915
3 20 0.738
3 21 3.716
3 22 4.094
3 23 3.465
3 24 1.161
3 25 2.787
3 26 0.693
3 27 1.036
3 28 0.214
3 29 1.554
3 30 0.361
3 31 2.047
3 32 3.734
3 33 0.184
3 34 1.058
3 35 2.264
3 36 1.678
3 37 4.335
3 38 3.035
3 39 4.651
3 40 2.166
3 41 1.624
3 42 5.123
3 43 4.019
3 44 1.828
3 45 0.918
3 46 2.339
3 47 2.065
3 48 3.712
3 49 2.374
3 50 3.916
3 51 3.148
3 52 2.568
3 53 0.212
3 54 1.848
3 55 1.646
3 56 0.733
3 57 2.939
3 58 2.423
3 59 2.608
3 60 1.468
3 61 2.094
3 62 1.933
3 63 1.179
3 64 2.361
3 65 2.725
3 66 1.476
3 67 5.331
3 68 1.671
3 69 1.515
3 70 1.487
3 71 1.462
3 72 3.441
3 73 4.229
3 74 0.478
3 75 1.007
3 76 0.203
3 77 2.768
3 78 4.181
3 79 3.863
3 80 3.655
3 81 0.908
3 82 4.209
3 83 3.060
3 84 1.657
3 85 4.294
3 86 1.415
3 87 1.679
3 88 2.266
3 89 3.527
3 90 1.809
3 91 3.964
3 92 3.234
3 93 1.500
3 94 1.036
3 95 2.299
3 96 4.124
3 97 1.563
3 98 1.762
3 99 0.966
4 5 3.682
4 6 2.602
4 7 3.999
4 8 5.527
4 9 1.598
4 10 1.489
4 11 3.649
4 12 2.964
4 13 4.213
4 14 3.652
4 15 3.379
4 16 0.263
4 17 0.200
4 18 4.146
4 19 2.802
4 20 5.446
4 21 1.001
4 22 0.623
4 23 1.252
4 24 3.582
4 25 1.938
4 26 4.025
4 27 3.681
4 28 4.907
4 29 3.166
4 30 4.378
4 31 2.670
4 32 1.040
4 33 4.533
4 34 3.671
4 35 2.456
4 36 3.039
4 37 0.403
4 38 1.694
4 39 0.066
4 40 2.554
4 41 3.093
4 42 0.441
4 43 0.701
4 44 2.889
4 45 3.811
4 46 2.378
4 47 2.662
4 48 1.020
4 49 2.342
4 50 0.803
4 51 1.575
4 52 2.150
4 53 4.547
4 54 2.874
4 55 3.073
4 56 3.986
4 57 1.785
4 58 2.303
4 59 2.118
4 60 3.257
4 61 2.623
4 62 2.796
4 63 3.541
4 64 2.357
4 65 1.996
4 66 3.242
4 67 0.614
4 68 3.048
4 69 3.205
4 70 3.235
4 71 3.255
4 72 1.276
4 73 0.508
4 74 4.293
4 75 3.713
4 76 4.514
4 77 1.949
4 78 0.544
4 79 0.859
4 80 1.077
4 81 3.815
4 82 0.560
4 83 1.656
4 84 3.061
4 85 0.425
4 86 3.315
4 87 3.038
4 88 2.453
4 89 1.190
4 90 2.911
4 91 0.753
4 92 1.483
4 93 3.249
4 94 3.684
4 95 2.417
4 96 0.594
4 97 3.159
4 98 2.962
4 99 3.753
5 6 1.081
5 7 0.390
5 8 1.861
5 9 2.086
5 10 2.210
5 11 0.150
5 12 0.836
5 13 0.542
5 14 0.122
5 15 0.426
5 16 3.916
5 17 3.598
5 18 0.504
5 19 0.885
5 20 1.773
5 21 2.683
5 22 3.060
5 23 2.431
5 24 0.301
5 25 1.750
5 26 0.361
5 27 0.085
5 28 1.235
5 29 0.537
5 30 0.720
5 31 1.017
5 32 2.712
5 33 0.853
5 34 0.208
5 35 1.228
5 36 0.646
5 37 3.304
5 38 2.009
5 39 3.617
5 40 1.130
5 41 0.594
5 42 4.087
5 43 2.984
5 44 0.797
5 45 0.144
5 46 1.305
5 47 1.028
5 48 2.676
5 49 1.342
5 50 2.881
5 51 2.119
5 52 1.533
5 53 0.885
5 54 0.830
5 55 0.610
5 56 0.304
5 57 1.911
5 58 1.386
5 59 1.583
5 60 0.432
5 61 1.062
5 62 0.896
5 63 0.142
5 64 1.326
5 65 1.688
5 66 0.455
5 67 4.296
5 68 0.649
5 69 0.478
5 70 0.479
5 71 0.428
5 72 2.406
5 73 3.193
5 74 0.667
5 75 0.143
5 76 0.835
5 77 1.734
5 78 3.145
5 79 2.827
5 80 2.618
5 81 0.135
5 82 3.172
5 83 2.027
5 84 0.633
5 85 3.259
5 86 0.437
5 87 0.653
5 88 1.237
5 89 2.493
5 90 0.788
5 91 2.930
5 92 2.200
5 93 0.551
5 94 0.013
5 95 1.267
5 96 3.090
5 97 0.552
5 98 0.748
5 99 0.072
6 7 1.409
6 8 2.932
6 9 1.005
6 10 1.137
6 11 1.054
6 12 0.502
6 13 1.614
6 14 1.054
6 15 0.814
6 16 2.836
6 17 2.519
6 18 1.552
6 19 0.210
6 20 2.848
6 21 1.602
6 22 1.979
6 23 1.350
6 24 1.006
6 25 0.676
6 26 1.426
6 27 1.081
6 28 2.309
6 29 0.575
6 30 1.782
6 31 0.096
6 32 1.641
6 33 1.932
6 34 1.082
6 35 0.155
6 36 0.439
6 37 2.223
6 38 0.936
6 39 2.536
6 40 0.075
6 41 0.494
6 42 3.008
6 43 1.904
6 44 0.292
6 45 1.212
6 46 0.224
6 47 0.130
6 48 1.598
6 49 0.263
6 50 1.801
6 51 1.041
6 52 0.452
6 53 1.951
6 54 0.309
6 55 0.473
6 56 1.385
6 57 0.837
6 58 0.324
6 59 0.521
6 60 0.660
6 61 0.051
6 62 0.231
6 63 0.940
6 64 0.246
6 65 0.611
6 66 0.646
6 67 3.215
6 68 0.458
6 69 0.604
6 70 0.646
6 71 0.654
6 72 1.326
6 73 2.114
6 74 1.704
6 75 1.116
6 76 1.913
6 77 0.653
6 78 2.065
6 79 1.747
6 80 1.541
6 81 1.214
6 82 2.096
6 83 0.946
6 84 0.467
6 85 2.178
6 86 0.738
6 87 0.442
6 88 0.181
6 89 1.412
6 90 0.333
6 91 1.849
6 92 1.119
6 93 0.703
6 94 1.083
6 95 0.189
6 96 2.009
6 97 0.574
6 98 0.393
6 99 1.151
7 8 1.527
7 9 2.402
7 10 2.546
7 11 0.358
7 12 1.063
7 13 0.249
7 14 0.362
7 15 0.627
7 16 4.239
7 17 3.925
7 18 0.151
7 19 1.202
7 20 1.450
7 21 2.999
7 22 3.377
7 23 2.747
7 24 0.423
7 25 2.084
7 26 0.122
7 27 0.347
7 28 0.913
7 29 0.835
7 30 0.383
7 31 1.333
7 32 3.004
7 33 0.561
7 34 0.328
7 35 1.562
7 36 0.971
7 37 3.613
7 38 2.310
7 39 3.934
7 40 1.466
7 41 0.916
7 42 4.413
7 43 3.306
7 44 1.117
7 45 0.353
7 46 1.628
7 47 1.376
7 48 3.006
7 49 1.661
7 50 3.203
7 51 2.425
7 52 1.859
7 53 0.551
7 54 1.125
7 55 0.956
7 56 0.216
7 57 2.216
7 58 1.727
7 59 1.883
7 60 0.799
7 61 1.382
7 62 1.250
7 63 0.517
7 64 1.655
7 65 2.019
7 66 0.762
7 67 4.614
7 68 0.953
7 69 0.830
7 70 0.765
7 71 0.768
7 72 2.728
7 73 3.519
7 74 0.296
7 75 0.298
7 76 0.543
7 77 2.055
7 78 3.468
7 79 3.151
7 80 2.948
7 81 0.317
7 82 3.504
7 83 2.345
7 84 0.942
7 85 3.579
7 86 0.685
7 87 0.967
7 88 1.547
7 89 2.810
7 90 1.089
7 91 3.248
7 92 2.518
7 93 0.763
7 94 0.396
7 95 1.587
7 96 3.410
7 97 0.840
7 98 1.037
7 99 0.326
8 9 3.929
8 10 4.067
8 11 1.879
8 12 2.580
8 13 1.320
8 14 1.878
8 15 2.151
8 16 5.766
8 17 5.451
8 18 1.381
8 19 2.727
8 20 0.119
8 21 4.526
8 22 4.904
8 23 4.274
8 24 1.947
8 25 3.606
8 26 1.506
8 27 1.852
8 28 0.626
8 29 2.361
8 30 1.149
8 31 2.858
8 32 4.529
8 33 1.012
8 34 1.856
8 35 3.083
8 36 2.492
8 37 5.140
8 38 3.837
8 39 5.461
8 40 2.985
8 41 2.438
8 42 5.939
8 43 4.833
8 44 2.641
8 45 1.748
8 46 3.153
8 47 2.888
8 48 4.530
8 49 3.186
8 50 4.729
8 51 3.953
8 52 3.383
8 53 0.981
8 54 2.653
8 55 2.467
8 56 1.559
8 57 3.743
8 58 3.244
8 59 3.410
8 60 2.294
8 61 2.906
8 62 2.757
8 63 2.003
8 64 3.178
8 65 3.542
8 66 2.286
8 67 6.141
8 68 2.479
8 69 2.337
8 70 2.292
8 71 2.281
8 72 4.254
8 73 5.044
8 74 1.235
8 75 1.816
8 76 1.030
8 77 3.581
8 78 4.995
8 79 4.677
8 80 4.473
8 81 1.736
8 82 5.028
8 83 3.872
8 84 2.468
8 85 5.106
8 86 2.212
8 87 2.491
8 88 3.074
8 89 4.337
8 90 2.616
8 91 4.775
8 92 4.045
8 93 2.284
8 94 1.861
8 95 3.112
8 96 4.937
8 97 2.367
8 98 2.565
8 99 1.789
9 10 0.256
9 11 2.052
9 12 1.382
9 13 2.615
9 14 2.054
9 15 1.785
9 16 1.837
9 17 1.526
9 18 2.548
9 19 1.204
9 20 3.849
9 21 0.597
9 22 0.975
9 23 0.346
9 24 1.987
9 25 0.372
9 26 2.427
9 27 2.083
9 28 3.309
9 29 1.568
9 30 2.780
9 31 1.072
9 32 0.662
9 33 2.935
9 34 2.074
9 35 0.864
9 36 1.441
9 37 1.218
9 38 0.161
9 39 1.532
9 40 0.962
9 41 1.495
9 42 2.012
9 43 0.905
9 44 1.291
9 45 2.217
9 46 0.781
9 47 1.074
9 48 0.619
9 49 0.745
9 50 0.801
9 51 0.092
9 52 0.557
9 53 2.949
9 54 1.277
9 55 1.479
9 56 2.389
9 57 0.209
9 58 0.723
9 59 0.529
9 60 1.664
9 61 1.025
9 62 1.209
9 63 1.946
9 64 0.764
9 65 0.415
9 66 1.644
9 67 2.212
9 68 1.450
9 69 1.610
9 70 1.637
9 71 1.658
9 72 0.328
9 73 1.119
9 74 2.696
9 75 2.115
9 76 2.916
9 77 0.353
9 78 1.067
9 79 0.752
9 80 0.563
9 81 2.219
9 82 1.112
9 83 0.064
9 84 1.463
9 85 1.176
9 86 1.719
9 87 1.440
9 88 0.855
9 89 0.408
9 90 1.314
9 91 0.846
9 92 0.117
9 93 1.658
9 94 2.089
9 95 0.820
9 96 1.008
9 97 1.562
9 98 1.365
9 99 2.156
10 11 2.190
10 12 1.562
10 13 2.747
10 14 2.190
10 15 1.943
10 16 1.711
10 17 1.390
10 18 2.688
10 19 1.345
10 20 3.982
10 21 0.527
10 22 0.877
10 23 0.317
10 24 2.140
10 25 0.461
10 26 2.561
10 27 2.216
10 28 3.443
10 29 1.712
10 30 2.918
10 31 1.216
10 32 0.694
10 33 3.063
10 34 2.218
10 35 0.985
10 36 1.575
10 37 1.139
10 38 0.416
10 39 1.425
10 40 1.082
10 41 1.630
10 42 1.880
10 43 0.789
10 44 1.429
10 45 2.334
10 46 0.920
10 47 1.182
10 48 0.470
10 49 0.891
10 50 0.689
10 51 0.327
10 52 0.689
10 53 3.087
10 54 1.430
10 55 1.601
10 56 2.514
10 57 0.447
10 58 0.824
10 59 0.725
10 60 1.780
10 61 1.166
10 62 1.315
10 63 2.068
10 64 0.891
10 65 0.527
10 66 1.783
10 67 2.098
10 68 1.594
10 69 1.732
10 70 1.782
10 71 1.786
10 72 0.259
10 73 0.988
10 74 2.841
10 75 2.253
10 76 3.044
10 77 0.509
10 78 0.946
10 79 0.631
10 80 0.413
10 81 2.340
10 82 0.963
10 83 0.270
10 84 1.604
10 85 1.065
10 86 1.871
10 87 1.579
10 88 1.011
10 89 0.356
10 90 1.463
10 91 0.750
10 92 0.202
10 93 1.822
10 94 2.211
10 95 0.963
10 96 0.898
10 97 1.709
10 98 1.519
10 99 2.281
11 12 0.746
11 13 0.566
11 14 0.028
11 15 0.313
11 16 3.887
11 17 3.572
11 18 0.498
11 19 0.849
11 20 1.797
11 21 2.649
11 22 3.027
11 23 2.397
11 24 0.153
11 25 1.729
11 26 0.378
11 27 0.069
11 28 1.258
11 29 0.483
11 30 0.729
11 31 0.980
11 32 2.663
11 33 0.887
11 34 0.064
11 35 1.206
11 36 0.615
11 37 3.265
11 38 1.964
11 39 3.584
11 40 1.110
11 41 0.560
11 42 4.060
11 43 2.954
11 44 0.763
11 45 0.268
11 46 1.275
11 47 1.018
11 48 2.652
11 49 1.308
11 50 2.851
11 51 2.078
11 52 1.505
11 53 0.898
11 54 0.778
11 55 0.598
11 56 0.362
11 57 1.869
11 58 1.370
11 59 1.537
11 60 0.448
11 61 1.028
11 62 0.892
11 63 0.194
11 64 1.300
11 65 1.664
11 66 0.408
11 67 4.264
11 68 0.601
11 69 0.473
11 70 0.416
11 71 0.410
11 72 2.376
11 73 3.166
11 74 0.653
11 75 0.064
11 76 0.869
11 77 1.702
11 78 3.116
11 79 2.799
11 80 2.594
11 81 0.240
11 82 3.150
11 83 1.994
11 84 0.589
11 85 3.228
11 86 0.348
11 87 0.612
11 88 1.197
11 89 2.460
11 90 0.739
11 91 2.897
11 92 2.167
11 93 0.448
11 94 0.163
11 95 1.234
11 96 3.059
11 97 0.492
11 98 0.691
11 99 0.169
12 13 1.299
12 14 0.759
12 15 0.438
12 16 3.211
12 17 2.905
12 18 1.214
12 19 0.335
12 20 2.508
12 21 1.969
12 22 2.346
12 23 1.721
12 24 0.640
12 25 1.114
12 26 1.116
12 27 0.798
12 28 1.974
12 29 0.332
12 30 1.446
12 31 0.406
12 32 1.951
12 33 1.620
12 34 0.747
12 35 0.643
12 36 0.342
12 37 2.571
12 38 1.271
12 39 2.899
12 40 0.577
12 41 0.351
12 42 3.388
12 43 2.283
12 44 0.320
12 45 0.980
12 46 0.665
12 47 0.562
12 48 1.999
12 49 0.682
12 50 2.180
12 51 1.391
12 52 0.883
12 53 1.613
12 54 0.227
12 55 0.430
12 56 1.108
12 57 1.182
12 58 0.806
12 59 0.852
12 60 0.556
12 61 0.454
12 62 0.520
12 63 0.722
12 64 0.707
12 65 1.044
12 66 0.406
12 67 3.577
12 68 0.279
12 69 0.485
12 70 0.367
12 71 0.479
12 72 1.709
12 73 2.499
12 74 1.347
12 75 0.808
12 76 1.602
12 77 1.053
12 78 2.445
12 79 2.132
12 80 1.943
12 81 0.966
12 82 2.494
12 83 1.330
12 84 0.299
12 85 2.550
12 86 0.401
12 87 0.306
12 88 0.560
12 89 1.784
12 90 0.241
12 91 2.218
12 92 1.499
12 93 0.301
12 94 0.843
12 95 0.620
12 96 2.382
12 97 0.307
12 98 0.204
12 99 0.893
13 14 0.561
13 15 0.861
13 16 4.449
13 17 4.133
13 18 0.115
13 19 1.411
13 20 1.234
13 21 3.213
13 22 3.591
13 23 2.961
13 24 0.660
13 25 2.287
13 26 0.188
13 27 0.533
13 28 0.695
13 29 1.049
13 30 0.182
13 31 1.543
13 32 3.228
13 33 0.322
13 34 0.554
13 35 1.763
13 36 1.175
13 37 3.830
13 38 2.530
13 39 4.148
13 40 1.666
13 41 1.121
13 42 4.622
13 43 3.517
13 44 1.325
13 45 0.441
13 46 1.836
13 47 1.568
13 48 3.212
13 49 1.871
13 50 3.414
13 51 2.643
13 52 2.066
13 53 0.343
13 54 1.343
13 55 1.147
13 56 0.245
13 57 2.434
13 58 1.924
13 59 2.103
13 60 0.974
13 61 1.590
13 62 1.437
13 63 0.684
13 64 1.859
13 65 2.224
13 66 0.971
13 67 4.827
13 68 1.166
13 69 1.017
13 70 0.982
13 71 0.961
13 72 2.938
13 73 3.727
13 74 0.186
13 75 0.502
13 76 0.304
13 77 2.265
13 78 3.679
13 79 3.361
13 80 3.154
13 81 0.422
13 82 3.709
13 83 2.557
13 84 1.153
13 85 3.791
13 86 0.910
13 87 1.175
13 88 1.761
13 89 3.023
13 90 1.304
13 91 3.461
13 92 2.730
13 93 0.998
13 94 0.543
13 95 1.796
13 96 3.622
13 97 1.058
13 98 1.256
13 99 0.470
14 15 0.329
14 16 3.889
14 17 3.573
14 18 0.499
14 19 0.850
14 20 1.795
14 21 2.652
14 22 3.030
14 23 2.400
14 24 0.180
14 25 1.729
14 26 0.373
14 27 0.044
14 28 1.255
14 29 0.487
14 30 0.728
14 31 0.982
14 32 2.668
14 33 0.882
14 34 0.091
14 35 1.205
14 36 0.615
14 37 3.269
14 38 1.969
14 39 3.587
14 40 1.109
14 41 0.561
14 42 4.062
14 43 2.956
14 44 0.764
14 45 0.244
14 46 1.276
14 47 1.015
14 48 2.653
14 49 1.310
14 50 2.853
14 51 2.082
14 52 1.506
14 53 0.897
14 54 0.783
14 55 0.595
14 56 0.350
14 57 1.873
14 58 1.369
14 59 1.542
14 60 0.438
14 61 1.030
14 62 0.888
14 63 0.173
14 64 1.300
14 65 1.665
14 66 0.410
14 67 4.266
14 68 0.605
14 69 0.467
14 70 0.421
14 71 0.406
14 72 2.378
14 73 3.167
14 74 0.656
14 75 0.064
14 76 0.864
14 77 1.704
14 78 3.118
14 79 2.800
14 80 2.595
14 81 0.218
14 82 3.150
14 83 1.996
14 84 0.592
14 85 3.230
14 86 0.359
14 87 0.614
14 88 1.200
14 89 2.462
14 90 0.743
14 91 2.900
14 92 2.169
14 93 0.463
14 94 0.135
14 95 1.235
14 96 3.061
14 97 0.497
14 98 0.696
14 99 0.145
15 16 3.622
15 17 3.311
15 18 0.777
15 19 0.604
15 20 2.076
15 21 2.380
15 22 2.758
15 23 2.129
15 24 0.204
15 25 1.483
15 26 0.678
15 27 0.372
15 28 1.539
15 29 0.253
15 30 1.010
15 31 0.728
15 32 2.378
15 33 1.182
15 34 0.308
15 35 0.969
15 36 0.402
15 37 2.990
15 38 1.687
15 39 3.314
15 40 0.879
15 41 0.353
15 42 3.797
15 43 2.690
15 44 0.527
15 45 0.566
15 46 1.023
15 47 0.808
15 48 2.395
15 49 1.052
15 50 2.587
15 51 1.804
15 52 1.254
15 53 1.178
15 54 0.512
15 55 0.429
15 56 0.674
15 57 1.594
15 58 1.138
15 59 1.261
15 60 0.377
15 61 0.779
15 62 0.701
15 63 0.350
15 64 1.055
15 65 1.416
15 66 0.218
15 67 3.993
15 68 0.360
15 69 0.350
15 70 0.187
15 71 0.287
15 72 2.112
15 73 2.904
15 74 0.916
15 75 0.373
15 76 1.164
15 77 1.442
15 78 2.852
15 79 2.536
15 80 2.338
15 81 0.546
15 82 2.893
15 83 1.730
15 84 0.356
15 85 2.961
15 86 0.086
15 87 0.384
15 88 0.934
15 89 2.192
15 90 0.481
15 91 2.629
15 92 1.902
15 93 0.137
15 94 0.436
15 95 0.979
15 96 2.792
15 97 0.245
15 98 0.424
15 99 0.472
16 17 0.325
16 18 4.384
16 19 3.039
16 20 5.684
16 21 1.243
16 22 0.865
16 23 1.493
16 24 3.824
16 25 2.166
16 26 4.262
16 27 3.917
16 28 5.144
16 29 3.404
16 30 4.616
16 31 2.907
16 32 1.299
16 33 4.767
16 34 3.911
16 35 2.688
16 36 3.275
16 37 0.664
16 38 1.940
16 39 0.324
16 40 2.786
16 41 3.329
16 42 0.179
16 43 0.933
16 44 3.125
16 45 4.042
16 46 2.613
16 47 2.891
16 48 1.242
16 49 2.579
16 50 1.036
16 51 1.820
16 52 2.384
16 53 4.785
16 54 3.114
16 55 3.306
16 56 4.220
16 57 2.029
16 58 2.532
16 59 2.362
16 60 3.488
16 61 2.859
16 62 3.025
16 63 3.774
16 64 2.590
16 65 2.227
16 66 3.480
16 67 0.396
16 68 3.286
16 69 3.437
16 70 3.474
16 71 3.489
16 72 1.511
16 73 0.723
16 74 4.533
16 75 3.950
16 76 4.749
16 77 2.185
16 78 0.771
16 79 1.089
16 80 1.299
16 81 4.047
16 82 0.754
16 83 1.894
16 84 3.298
16 85 0.661
16 86 3.556
16 87 3.275
16 88 2.692
16 89 1.429
16 90 3.150
16 91 0.993
16 92 1.721
16 93 3.493
16 94 3.917
16 95 2.654
16 96 0.830
16 97 3.398
16 98 3.202
16 99 3.986
17 18 4.070
17 19 2.724
17 20 5.367
17 21 0.938
17 22 0.567
17 23 1.184
17 24 3.512
17 25 1.848
17 26 3.946
17 27 3.600
17 28 4.828
17 29 3.090
17 30 4.301
17 31 2.593
17 32 1.029
17 33 4.450
17 34 3.597
17 35 2.370
17 36 2.958
17 37 0.425
17 38 1.636
17 39 0.185
17 40 2.468
17 41 3.013
17 42 0.490
17 43 0.622
17 44 2.809
17 45 3.723
17 46 2.298
17 47 2.571
17 48 0.922
17 49 2.265
17 50 0.725
17 51 1.514
17 52 2.067
17 53 4.470
17 54 2.801
17 55 2.988
17 56 3.902
17 57 1.723
17 58 2.212
17 59 2.053
17 60 3.169
17 61 2.544
17 62 2.705
17 63 3.456
17 64 2.274
17 65 1.909
17 66 3.164
17 67 0.720
17 68 2.972
17 69 3.119
17 70 3.160
17 71 3.172
17 72 1.199
17 73 0.407
17 74 4.220
17 75 3.635
17 76 4.432
17 77 1.871
17 78 0.460
17 79 0.774
17 80 0.979
17 81 3.728
17 82 0.430
17 83 1.581
17 84 2.983
17 85 0.365
17 86 3.244
17 87 2.960
17 88 2.379
17 89 1.121
17 90 2.837
17 91 0.691
17 92 1.409
17 93 3.184
17 94 3.599
17 95 2.339
17 96 0.526
17 97 3.085
17 98 2.890
17 99 3.669
18 19 1.346
18 20 1.302
18 21 3.145
18 22 3.524
18 23 2.894
18 24 0.574
18 25 2.227
18 26 0.148
18 27 0.477
18 28 0.763
18 29 0.980
18 30 0.233
18 31 1.477
18 32 3.153
18 33 0.411
18 34 0.475
18 35 1.704
18 36 1.113
18 37 3.760
18 38 2.458
18 39 4.080
18 40 1.607
18 41 1.058
18 42 4.558
18 43 3.452
18 44 1.261
18 45 0.429
18 46 1.772
18 47 1.514
18 48 3.150
18 49 1.805
18 50 3.348
18 51 2.573
18 52 2.003
18 53 0.402
18 54 1.272
18 55 1.093
18 56 0.243
18 57 2.363
18 58 1.867
18 59 2.031
18 60 0.928
18 61 1.526
18 62 1.386
18 63 0.641
18 64 1.798
18 65 2.162
18 66 0.906
18 67 4.760
18 68 1.098
18 69 0.964
18 70 0.911
18 71 0.905
18 72 2.873
18 73 3.664
18 74 0.164
18 75 0.436
18 76 0.393
18 77 2.200
18 78 3.614
18 79 3.296
18 80 3.092
18 81 0.402
18 82 3.648
18 83 2.491
18 84 1.087
18 85 3.725
18 86 0.833
18 87 1.110
18 88 1.693
18 89 2.956
18 90 1.235
18 91 3.394
18 92 2.664
18 93 0.913
18 94 0.507
18 95 1.731
18 96 3.556
18 97 0.987
18 98 1.184
18 99 0.434
19 20 2.645
19 21 1.801
19 22 2.179
19 23 1.549
19 24 0.796
19 25 0.883
19 26 1.224
19 27 0.879
19 28 2.106
19 29 0.367
19 30 1.578
19 31 0.132
19 32 1.827
19 33 1.731
19 34 0.874
19 35 0.365
19 36 0.239
19 37 2.420
19 38 1.123
19 39 2.736
19 40 0.276
19 41 0.292
19 42 3.212
19 43 2.106
19 44 0.088
19 45 1.020
19 46 0.426
19 47 0.230
19 48 1.804
19 49 0.459
19 50 2.003
19 51 1.234
19 52 0.657
19 53 1.747
19 54 0.112
19 55 0.292
19 56 1.187
19 57 1.026
19 58 0.534
19 59 0.699
19 60 0.480
19 61 0.179
19 62 0.194
19 63 0.747
19 64 0.454
19 65 0.818
19 66 0.441
19 67 3.416
19 68 0.250
19 69 0.417
19 70 0.438
19 71 0.458
19 72 1.527
19 73 2.317
19 74 1.497
19 75 0.912
19 76 1.713
19 77 0.854
19 78 2.268
19 79 1.950
19 80 1.746
19 81 1.019
19 82 2.302
19 83 1.145
19 84 0.260
19 85 2.379
19 86 0.528
19 87 0.236
19 88 0.352
19 89 1.612
19 90 0.126
19 91 2.049
19 92 1.319
19 93 0.496
19 94 0.888
19 95 0.385
19 96 2.210
19 97 0.365
19 98 0.186
19 99 0.954
20 21 4.446
20 22 4.824
20 23 4.194
20 24 1.872
20 25 3.521
20 26 1.422
20 27 1.767
20 28 0.539
20 29 2.280
20 30 1.069
20 31 2.777
20 32 4.454
20 33 0.920
20 34 1.777
20 35 2.998
20 36 2.409
20 37 5.062
20 38 3.759
20 39 5.381
20 40 2.900
20 41 2.355
20 42 5.856
20 43 4.751
20 44 2.559
20 45 1.655
20 46 3.070
20 47 2.801
20 48 4.446
20 49 3.105
20 50 4.648
20 51 3.874
20 52 3.300
20 53 0.900
20 54 2.573
20 55 2.381
20 56 1.469
20 57 3.665
20 58 3.158
20 59 3.332
20 60 2.205
20 61 2.824
20 62 2.669
20 63 1.915
20 64 3.094
20 65 3.458
20 66 2.204
20 67 6.061
20 68 2.398
20 69 2.250
20 70 2.212
20 71 2.196
20 72 4.172
20 73 4.962
20 74 1.161
20 75 1.734
20 76 0.938
20 77 3.499
20 78 4.913
20 79 4.595
20 80 4.389
20 81 1.646
20 82 4.943
20 83 3.790
20 84 2.386
20 85 5.024
20 86 2.134
20 87 2.409
20 88 2.994
20 89 4.257
20 90 2.536
20 91 4.694
20 92 3.964
20 93 2.211
20 94 1.773
20 95 3.030
20 96 4.855
20 97 2.288
20 98 2.486
20 99 1.701
21 22 0.379
21 23 0.252
21 24 2.582
21 25 0.947
21 26 3.025
21 27 2.681
21 28 3.906
21 29 2.165
21 30 3.378
21 31 1.670
21 32 0.273
21 33 3.532
21 34 2.670
21 35 1.458
21 36 2.039
21 37 0.624
21 38 0.698
21 39 0.935
21 40 1.557
21 41 2.093
21 42 1.419
21 43 0.318
21 44 1.888
21 45 2.813
21 46 1.378
21 47 1.667
21 48 0.188
21 49 1.342
21 50 0.218
21 51 0.577
21 52 1.152
21 53 3.547
21 54 1.873
21 55 2.075
21 56 2.987
21 57 0.787
21 58 1.310
21 59 1.119
21 60 2.260
21 61 1.623
21 62 1.801
21 63 2.542
21 64 1.359
21 65 1.001
21 66 2.242
21 67 1.615
21 68 2.048
21 69 2.206
21 70 2.234
21 71 2.256
21 72 0.282
21 73 0.535
21 74 3.292
21 75 2.712
21 76 3.514
21 77 0.949
21 78 0.478
21 79 0.186
21 80 0.197
21 81 2.816
21 82 0.548
21 83 0.657
21 84 2.060
21 85 0.581
21 86 2.315
21 87 2.037
21 88 1.452
21 89 0.190
21 90 1.910
21 91 0.249
21 92 0.483
21 93 2.251
21 94 2.685
21 95 1.417
21 96 0.414
21 97 2.159
21 98 1.962
21 99 2.753
22 23 0.630
22 24 2.961
22 25 1.318
22 26 3.403
22 27 3.058
22 28 4.285
22 29 2.544
22 30 3.756
22 31 2.048
22 32 0.477
22 33 3.910
22 34 3.049
22 35 1.834
22 36 2.416
22 37 0.267
22 38 1.075
22 39 0.557
22 40 1.932
22 41 2.470
22 42 1.042
22 43 0.105
22 44 2.266
22 45 3.190
22 46 1.755
22 47 2.041
22 48 0.418
22 49 1.720
22 50 0.189
22 51 0.955
22 52 1.528
22 53 3.925
22 54 2.252
22 55 2.451
22 56 3.364
22 57 1.165
22 58 1.683
22 59 1.497
22 60 2.635
22 61 2.000
22 62 2.175
22 63 2.919
22 64 1.735
22 65 1.375
22 66 2.620
22 67 1.237
22 68 2.426
22 69 2.583
22 70 2.612
22 71 2.633
22 72 0.654
22 73 0.191
22 74 3.671
22 75 3.090
22 76 3.891
22 77 1.326
22 78 0.125
22 79 0.250
22 80 0.471
22 81 3.192
22 82 0.252
22 83 1.034
22 84 2.438
22 85 0.204
22 86 2.694
22 87 2.415
22 88 1.830
22 89 0.567
22 90 2.289
22 91 0.130
22 92 0.860
22 93 2.629
22 94 3.062
22 95 1.795
22 96 0.052
22 97 2.537
22 98 2.340
22 99 3.131
23 24 2.331
23 25 0.699
23 26 2.773
23 27 2.429
23 28 3.655
23 29 1.914
23 30 3.126
23 31 1.418
23 32 0.377
23 33 3.280
23 34 2.419
23 35 1.207
23 36 1.787
23 37 0.874
23 38 0.455
23 39 1.187
23 40 1.305
23 41 1.841
23 42 1.668
23 43 0.562
23 44 1.636
23 45 2.562
23 46 1.126
23 47 1.416
23 48 0.306
23 49 1.090
23 50 0.459
23 51 0.331
23 52 0.901
23 53 3.295
23 54 1.622
23 55 1.823
23 56 2.735
23 57 0.538
23 58 1.061
23 59 0.869
23 60 2.009
23 61 1.371
23 62 1.551
23 63 2.291
23 64 1.107
23 65 0.752
23 66 1.990
23 67 1.867
23 68 1.796
23 69 1.955
23 70 1.982
23 71 2.004
23 72 0.063
23 73 0.779
23 74 3.041
23 75 2.460
23 76 3.262
23 77 0.697
23 78 0.724
23 79 0.413
23 80 0.261
23 81 2.564
23 82 0.779
23 83 0.405
23 84 1.808
23 85 0.832
23 86 2.064
23 87 1.786
23 88 1.200
23 89 0.064
23 90 1.659
23 91 0.500
23 92 0.232
23 93 2.001
23 94 2.434
23 95 1.165
23 96 0.663
23 97 1.907
23 98 1.710
23 99 2.502
24 25 1.679
24 26 0.480
24 27 0.222
24 28 1.335
24 29 0.432
24 30 0.806
24 31 0.924
24 32 2.582
24 33 0.980
24 34 0.118
24 35 1.161
24 36 0.578
24 37 3.194
24 38 1.890
24 39 3.517
24 40 1.068
24 41 0.524
24 42 3.999
24 43 2.892
24 44 0.716
24 45 0.420
24 46 1.220
24 47 0.989
24 48 2.595
24 49 1.250
24 50 2.788
24 51 2.007
24 52 1.451
24 53 0.974
24 54 0.711
24 55 0.584
24 56 0.489
24 57 1.797
24 58 1.329
24 59 1.464
24 60 0.473
24 61 0.974
24 62 0.872
24 63 0.298
24 64 1.250
24 65 1.613
24 66 0.372
24 67 4.196
24 68 0.548
24 69 0.476
24 70 0.361
24 71 0.407
24 72 2.313
24 73 3.105
24 74 0.712
24 75 0.197
24 76 0.962
24 77 1.642
24 78 3.054
24 79 2.738
24 80 2.538
24 81 0.390
24 82 3.093
24 83 1.931
24 84 0.540
24 85 3.163
24 86 0.269
24 87 0.567
24 88 1.134
24 89 2.394
24 90 0.677
24 91 2.831
24 92 2.103
24 93 0.340
24 94 0.313
24 95 1.177
24 96 2.994
24 97 0.432
24 98 0.622
24 99 0.321
25 26 2.100
25 27 1.755
25 28 2.982
25 29 1.251
25 30 2.457
25 31 0.755
25 32 1.034
25 33 2.603
25 34 1.757
25 35 0.523
25 36 1.114
25 37 1.571
25 38 0.385
25 39 1.873
25 40 0.621
25 41 1.169
25 42 2.337
25 43 1.237
25 44 0.967
25 45 1.876
25 46 0.460
25 47 0.724
25 48 0.926
25 49 0.435
25 50 1.135
25 51 0.439
25 52 0.232
25 53 2.625
25 54 0.971
25 55 1.141
25 56 2.055
25 57 0.304
25 58 0.366
25 59 0.334
25 60 1.321
25 61 0.705
25 62 0.859
25 63 1.608
25 64 0.430
25 65 0.071
25 66 1.322
25 67 2.550
25 68 1.133
25 69 1.272
25 70 1.321
25 71 1.326
25 72 0.665
25 73 1.443
25 74 2.380
25 75 1.791
25 76 2.584
25 77 0.126
25 78 1.397
25 79 1.079
25 80 0.868
25 81 1.881
25 82 1.422
25 83 0.308
25 84 1.143
25 85 1.513
25 86 1.410
25 87 1.118
25 88 0.556
25 89 0.758
25 90 1.002
25 91 1.188
25 92 0.471
25 93 1.364
25 94 1.751
25 95 0.504
25 96 1.344
25 97 1.248
25 98 1.059
25 99 1.821
26 27 0.345
26 28 0.883
26 29 0.861
26 30 0.359
26 31 1.355
26 32 3.041
26 33 0.509
26 34 0.369
26 35 1.576
26 36 0.987
26 37 3.642
26 38 2.342
26 39 3.960
26 40 1.479
26 41 0.933
26 42 4.434
26 43 3.329
26 44 1.137
26 45 0.281
26 46 1.649
26 47 1.382
26 48 3.024
26 49 1.683
26 50 3.226
26 51 2.455
26 52 1.878
26 53 0.526
26 54 1.155
26 55 0.961
26 56 0.105
26 57 2.246
26 58 1.738
26 59 1.915
26 60 0.791
26 61 1.403
26 62 1.252
26 63 0.501
26 64 1.672
26 65 2.037
26 66 0.783
26 67 4.640
26 68 0.978
26 69 0.831
26 70 0.794
26 71 0.774
26 72 2.751
26 73 3.540
26 74 0.311
26 75 0.314
26 76 0.491
26 77 2.077
26 78 3.491
26 79 3.173
26 80 2.967
26 81 0.254
26 82 3.522
26 83 2.369
26 84 0.965
26 85 3.603
26 86 0.724
26 87 0.987
26 88 1.574
26 89 2.835
26 90 1.116
26 91 3.273
26 92 2.543
26 93 0.815
26 94 0.364
26 95 1.608
26 96 3.434
26 97 0.870
26 98 1.069
26 99 0.290
27 28 1.228
27 29 0.519
27 30 0.703
27 31 1.011
27 32 2.701
27 33 0.852
27 34 0.123
27 35 1.231
27 36 0.642
27 37 3.299
27 38 2.000
27 39 3.615
27 40 1.134
27 41 0.588
27 42 4.089
27 43 2.984
27 44 0.792
27 45 0.200
27 46 1.304
27 47 1.038
27 48 2.679
27 49 1.339
27 50 2.881
27 51 2.112
27 52 1.533
27 53 0.871
27 54 0.815
27 55 0.617
27 56 0.313
27 57 1.903
27 58 1.393
27 59 1.573
27 60 0.453
27 61 1.058
27 62 0.909
27 63 0.172
27 64 1.327
27 65 1.691
27 66 0.440
27 67 4.295
27 68 0.635
27 69 0.488
27 70 0.455
27 71 0.429
27 72 2.406
27 73 3.195
27 74 0.637
27 75 0.062
27 76 0.833
27 77 1.732
27 78 3.146
27 79 2.828
27 80 2.622
27 81 0.175
27 82 3.177
27 83 2.025
27 84 0.622
27 85 3.258
27 86 0.397
27 87 0.644
27 88 1.230
27 89 2.491
27 90 0.775
27 91 2.928
27 92 2.198
27 93 0.504
27 94 0.098
27 95 1.264
27 96 3.089
27 97 0.531
27 98 0.729
27 99 0.101
28 29 1.741
28 30 0.530
28 31 2.237
28 32 3.916
28 33 0.386
28 34 1.238
28 35 2.459
28 36 1.870
28 37 4.523
28 38 3.221
28 39 4.842
28 40 2.361
28 41 1.816
28 42 5.317
28 43 4.212
28 44 2.019
28 45 1.122
28 46 2.531
28 47 2.263
28 48 3.907
28 49 2.565
28 50 4.108
28 51 3.335
28 52 2.761
28 53 0.362
28 54 2.034
28 55 1.843
28 56 0.932
28 57 3.126
28 58 2.620
28 59 2.793
28 60 1.668
28 61 2.285
28 62 2.132
28 63 1.378
28 64 2.555
28 65 2.919
28 66 1.665
28 67 5.521
28 68 1.859
28 69 1.712
28 70 1.673
28 71 1.657
28 72 3.633
28 73 4.422
28 74 0.629
28 75 1.194
28 76 0.404
28 77 2.959
28 78 4.373
28 79 4.056
28 80 3.850
28 81 1.110
28 82 4.404
28 83 3.251
28 84 1.847
28 85 4.485
28 86 1.596
28 87 1.869
28 88 2.455
28 89 3.717
28 90 1.996
28 91 4.155
28 92 3.425
28 93 1.675
28 94 1.235
28 95 2.491
28 96 4.316
28 97 1.749
28 98 1.947
28 99 1.164
29 30 1.212
29 31 0.497
29 32 2.181
29 33 1.370
29 34 0.507
29 35 0.730
29 36 0.149
29 37 2.782
29 38 1.481
29 39 3.101
29 40 0.636
29 41 0.100
29 42 3.578
29 43 2.472
29 44 0.284
29 45 0.679
29 46 0.793
29 47 0.558
29 48 2.171
29 49 0.826
29 50 2.368
29 51 1.594
29 52 1.024
29 53 1.381
29 54 0.295
29 55 0.186
29 56 0.831
29 57 1.385
29 58 0.897
29 59 1.054
29 60 0.231
29 61 0.546
29 62 0.448
29 63 0.408
29 64 0.821
29 65 1.185
29 66 0.082
29 67 3.780
29 68 0.118
29 69 0.166
29 70 0.071
29 71 0.147
29 72 1.893
29 73 2.684
29 74 1.130
29 75 0.547
29 76 1.351
29 77 1.220
29 78 2.634
29 79 2.316
29 80 2.113
29 81 0.671
29 82 2.669
29 83 1.511
29 84 0.108
29 85 2.745
29 86 0.169
29 87 0.134
29 88 0.714
29 89 1.976
29 90 0.256
29 91 2.414
29 92 1.684
29 93 0.195
29 94 0.542
29 95 0.751
29 96 2.576
29 97 0.028
29 98 0.211
29 99 0.602
30 31 1.709
30 32 3.386
30 33 0.197
30 34 0.708
30 35 1.933
30 36 1.343
30 37 3.993
30 38 2.691
30 39 4.313
30 40 1.837
30 41 1.289
30 42 4.790
30 43 3.684
30 44 1.492
30 45 0.622
30 46 2.004
30 47 1.741
30 48 3.381
30 49 2.037
30 50 3.580
30 51 2.806
30 52 2.234
30 53 0.169
30 54 1.505
30 55 1.320
30 56 0.427
30 57 2.596
30 58 2.096
30 59 2.264
30 60 1.150
30 61 1.757
30 62 1.611
30 63 0.860
30 64 2.028
30 65 2.393
30 66 1.137
30 67 4.993
30 68 1.330
30 69 1.190
30 70 1.144
30 71 1.132
30 72 3.105
30 73 3.895
30 74 0.127
30 75 0.666
30 76 0.182
30 77 2.431
30 78 3.846
30 79 3.528
30 80 3.323
30 81 0.603
30 82 3.878
30 83 2.723
30 84 1.318
30 85 3.957
30 86 1.066
30 87 1.342
30 88 1.926
30 89 3.189
30 90 1.467
30 91 3.626
30 92 2.896
30 93 1.146
30 94 0.721
30 95 1.963
30 96 3.788
30 97 1.219
30 98 1.417
30 99 0.648
31 32 1.696
31 33 1.863
31 34 1.004
31 35 0.245
31 36 0.370
31 37 2.288
31 38 0.992
31 39 2.605
31 40 0.171
31 41 0.423
31 42 3.081
31 43 1.975
31 44 0.219
31 45 1.151
31 46 0.296
31 47 0.185
31 48 1.673
31 49 0.328
31 50 1.871
31 51 1.102
31 52 0.527
31 53 1.878
31 54 0.218
31 55 0.418
31 56 1.319
31 57 0.894
31 58 0.414
31 59 0.569
31 60 0.607
31 61 0.051
31 62 0.233
31 63 0.878
31 64 0.327
31 65 0.689
31 66 0.572
31 67 3.284
31 68 0.380
31 69 0.546
31 70 0.567
31 71 0.589
31 72 1.396
31 73 2.186
31 74 1.628
31 75 1.043
31 76 1.844
31 77 0.722
31 78 2.137
31 79 1.819
31 80 1.616
31 81 1.151
31 82 2.171
31 83 1.014
31 84 0.391
31 85 2.248
31 86 0.655
31 87 0.368
31 88 0.221
31 89 1.480
31 90 0.247
31 91 1.918
31 92 1.187
31 93 0.613
31 94 1.020
31 95 0.254
31 96 2.079
31 97 0.493
31 98 0.305
31 99 1.086
32 33 3.550
32 34 2.678
32 35 1.509
32 36 2.066
32 37 0.637
32 38 0.705
32 39 0.976
32 40 1.606
32 41 2.118
32 42 1.478
32 43 0.475
32 44 1.915
32 45 2.848
32 46 1.419
32 47 1.723
32 48 0.461
32 49 1.378
32 50 0.409
32 51 0.606
32 52 1.207
32 53 3.555
32 54 1.886
32 55 2.112
32 56 3.012
32 57 0.804
32 58 1.379
32 59 1.129
32 60 2.301
32 61 1.654
32 62 1.856
32 63 2.574
32 64 1.409
32 65 1.076
32 66 2.261
32 67 1.640
32 68 2.066
32 69 2.242
32 70 2.247
32 71 2.285
32 72 0.437
32 73 0.666
32 74 3.294
32 75 2.727
32 76 3.532
32 77 1.003
32 78 0.601
32 79 0.414
32 80 0.464
32 81 2.846
32 82 0.712
32 83 0.726
32 84 2.080
32 85 0.666
32 86 2.320
32 87 2.060
32 88 1.476
32 89 0.348
32 90 1.926
32 91 0.386
32 92 0.572
32 93 2.244
32 94 2.715
32 95 1.453
32 96 0.527
32 97 2.171
32 98 1.972
32 99 2.780
33 34 0.875
33 35 2.080
33 36 1.494
33 37 4.151
33 38 2.851
33 39 4.467
33 40 1.982
33 41 1.440
33 42 4.939
33 43 3.835
33 44 1.644
33 45 0.736
33 46 2.155
33 47 1.882
33 48 3.529
33 49 2.190
33 50 3.732
33 51 2.964
33 52 2.384
33 53 0.124
33 54 1.665
33 55 1.462
33 56 0.549
33 57 2.755
33 58 2.239
33 59 2.424
33 60 1.285
33 61 1.910
33 62 1.750
33 63 0.996
33 64 2.177
33 65 2.541
33 66 1.291
33 67 5.147
33 68 1.487
33 69 1.331
33 70 1.303
33 71 1.278
33 72 3.257
33 73 4.045
33 74 0.323
33 75 0.823
33 76 0.019
33 77 2.584
33 78 3.997
33 79 3.679
33 80 3.471
33 81 0.726
33 82 4.025
33 83 2.876
33 84 1.473
33 85 4.110
33 86 1.232
33 87 1.495
33 88 2.082
33 89 3.343
33 90 1.625
33 91 3.780
33 92 3.050
33 93 1.319
33 94 0.853
33 95 2.115
33 96 3.940
33 97 1.379
33 98 1.578
33 99 0.782
34 35 1.235
34 36 0.645
34 37 3.285
34 38 1.982
34 39 3.605
34 40 1.140
34 41 0.590
34 42 4.084
34 43 2.978
34 44 0.790
34 45 0.309
34 46 1.300
34 47 1.053
34 48 2.678
34 49 1.332
34 50 2.874
34 51 2.097
34 52 1.531
34 53 0.877
34 54 0.797
34 55 0.636
34 56 0.371
34 57 1.888
34 58 1.401
34 59 1.555
34 60 0.496
34 61 1.053
34 62 0.930
34 63 0.256
34 64 1.327
34 65 1.692
34 66 0.436
34 67 4.285
34 68 0.625
34 69 0.515
34 70 0.437
34 71 0.450
34 72 2.399
34 73 3.190
34 74 0.623
34 75 0.081
34 76 0.857
34 77 1.726
34 78 3.140
34 79 2.823
34 80 2.620
34 81 0.277
34 82 3.176
34 83 2.017
34 84 0.615
34 85 3.250
34 86 0.358
34 87 0.639
34 88 1.219
34 89 2.482
34 90 0.760
34 91 2.919
34 92 2.190
34 93 0.446
34 94 0.220
34 95 1.258
34 96 3.081
34 97 0.512
34 98 0.709
34 99 0.211
35 36 0.591
35 37 2.081
35 38 0.806
35 39 2.390
35 40 0.098
35 41 0.646
35 42 2.859
35 43 1.756
35 44 0.446
35 45 1.356
35 46 0.102
35 47 0.214
35 48 1.448
35 49 0.148
35 50 1.654
35 51 0.905
35 52 0.307
35 53 2.102
35 54 0.463
35 55 0.618
35 56 1.532
35 57 0.707
35 58 0.169
35 59 0.412
35 60 0.802
35 61 0.194
35 62 0.347
35 63 1.086
35 64 0.101
35 65 0.461
35 66 0.799
35 67 3.069
35 68 0.613
35 69 0.750
35 70 0.801
35 71 0.802
35 72 1.180
35 73 1.965
35 74 1.857
35 75 1.268
35 76 2.062
35 77 0.511
35 78 1.918
35 79 1.599
35 80 1.391
35 81 1.359
35 82 1.945
35 83 0.802
35 84 0.621
35 85 2.031
35 86 0.893
35 87 0.596
35 88 0.151
35 89 1.268
35 90 0.489
35 91 1.704
35 92 0.975
35 93 0.857
35 94 1.229
35 95 0.098
35 96 1.862
35 97 0.729
35 98 0.548
35 99 1.299
36 37 2.658
36 38 1.362
36 39 2.973
36 40 0.495
36 41 0.055
36 42 3.447
36 43 2.342
36 44 0.151
36 45 0.782
36 46 0.661
36 47 0.411
36 48 2.038
36 49 0.697
36 50 2.239
36 51 1.472
36 52 0.891
36 53 1.512
36 54 0.203
36 55 0.088
36 56 0.948
36 57 1.265
36 58 0.756
36 59 0.937
36 60 0.253
36 61 0.416
36 62 0.299
36 63 0.508
36 64 0.685
36 65 1.050
36 66 0.209
36 67 3.653
36 68 0.070
36 69 0.184
36 70 0.219
36 71 0.219
36 72 1.764
36 73 2.553
36 74 1.267
36 75 0.677
36 76 1.475
36 77 1.090
36 78 2.504
36 79 2.186
36 80 1.980
36 81 0.780
36 82 2.535
36 83 1.382
36 84 0.057
36 85 2.616
36 86 0.318
36 87 0.037
36 88 0.591
36 89 1.849
36 90 0.158
36 91 2.286
36 92 1.556
36 93 0.328
36 94 0.649
36 95 0.622
36 96 2.447
36 97 0.160
36 98 0.149
36 99 0.716
37 38 1.303
37 39 0.340
37 40 2.180
37 41 2.712
37 42 0.842
37 43 0.369
37 44 2.508
37 45 3.435
37 46 1.999
37 47 2.290
37 48 0.685
37 49 1.962
37 50 0.456
37 51 1.188
37 52 1.775
37 53 4.162
37 54 2.488
37 55 2.697
37 56 3.607
37 57 1.397
37 58 1.934
37 59 1.730
37 60 2.882
37 61 2.242
37 62 2.425
37 63 3.163
37 64 1.981
37 65 1.625
37 66 2.859
37 67 1.007
37 68 2.665
37 69 2.828
37 70 2.850
37 71 2.876
37 72 0.906
37 73 0.278
37 74 3.905
37 75 3.329
37 76 4.132
37 77 1.571
37 78 0.260
37 79 0.516
37 80 0.737
37 81 3.437
37 82 0.370
37 83 1.279
37 84 2.678
37 85 0.169
37 86 2.928
37 87 2.656
37 88 2.069
37 89 0.814
37 90 2.526
37 91 0.389
37 92 1.106
37 93 2.859
37 94 3.306
37 95 2.037
37 96 0.264
37 97 2.774
37 98 2.576
37 99 3.374
38 39 1.628
38 40 0.902
38 41 1.415
38 42 2.117
38 43 1.015
38 44 1.211
38 45 2.143
38 46 0.714
38 47 1.020
38 48 0.750
38 49 0.673
38 50 0.912
38 51 0.124
38 52 0.510
38 53 2.860
38 54 1.186
38 55 1.407
38 56 2.309
38 57 0.100
38 58 0.687
38 59 0.427
38 60 1.596
38 61 0.949
38 62 1.152
38 63 1.870
38 64 0.706
38 65 0.402
38 66 1.560
38 67 2.307
38 68 1.364
38 69 1.537
38 70 1.548
38 71 1.581
38 72 0.454
38 73 1.232
38 74 2.602
38 75 2.028
38 76 2.832
38 77 0.313
38 78 1.176
38 79 0.868
38 80 0.698
38 81 2.142
38 82 1.234
38 83 0.162
38 84 1.378
38 85 1.279
38 86 1.625
38 87 1.357
38 88 0.771
38 89 0.518
38 90 1.226
38 91 0.947
38 92 0.257
38 93 1.556
38 94 2.012
38 95 0.747
38 96 1.112
38 97 1.472
38 98 1.274
38 99 2.077
39 40 2.489
39 41 3.027
39 42 0.503
39 43 0.637
39 44 2.823
39 45 3.746
39 46 2.312
39 47 2.596
39 48 0.956
39 49 2.277
39 50 0.738
39 51 1.510
39 52 2.085
39 53 4.482
39 54 2.808
39 55 3.008
39 56 3.921
39 57 1.720
39 58 2.238
39 59 2.053
39 60 3.192
39 61 2.557
39 62 2.731
39 63 3.476
39 64 2.292
39 65 1.931
39 66 3.177
39 67 0.680
39 68 2.983
39 69 3.139
39 70 3.169
39 71 3.190
39 72 1.211
39 73 0.446
39 74 4.227
39 75 3.647
39 76 4.448
39 77 1.883
39 78 0.480
39 79 0.795
39 80 1.012
39 81 3.749
39 82 0.502
39 83 1.591
39 84 2.995
39 85 0.361
39 86 3.250
39 87 2.972
39 88 2.387
39 89 1.124
39 90 2.846
39 91 0.687
39 92 1.417
39 93 3.184
39 94 3.619
39 95 2.352
39 96 0.529
39 97 3.094
39 98 2.897
39 99 3.687
40 41 0.550
40 42 2.957
40 43 1.855
40 44 0.353
40 45 1.257
40 46 0.190
40 47 0.121
40 48 1.546
40 49 0.234
40 50 1.752
40 51 1.003
40 52 0.405
40 53 2.005
40 54 0.380
40 55 0.520
40 56 1.434
40 57 0.803
40 58 0.261
40 59 0.500
40 60 0.703
40 61 0.125
40 62 0.250
40 63 0.988
40 64 0.199
40 65 0.559
40 66 0.704
40 67 3.167
40 68 0.521
40 69 0.652
40 70 0.708
40 71 0.705
40 72 1.278
40 73 2.063
40 74 1.762
40 75 1.171
40 76 1.964
40 77 0.609
40 78 2.016
40 79 1.698
40 80 1.489
40 81 1.261
40 82 2.043
40 83 0.901
40 84 0.528
40 85 2.130
40 86 0.801
40 87 0.502
40 88 0.187
40 89 1.367
40 90 0.402
40 91 1.802
40 92 1.074
40 93 0.772
40 94 1.131
40 95 0.167
40 96 1.961
40 97 0.637
40 98 0.462
40 99 1.201
41 42 3.501
41 43 2.396
41 44 0.204
41 45 0.731
41 46 0.716
41 47 0.465
41 48 2.092
41 49 0.750
41 50 2.293
41 51 1.525
41 52 0.945
41 53 1.457
41 54 0.245
41 55 0.094
41 56 0.895
41 57 1.317
41 58 0.811
41 59 0.989
41 60 0.216
41 61 0.470
41 62 0.350
41 63 0.457
41 64 0.740
41 65 1.104
41 66 0.155
41 67 3.707
41 68 0.075
41 69 0.144
41 70 0.167
41 71 0.169
41 72 1.818
41 73 2.607
41 74 1.212
41 75 0.623
41 76 1.421
41 77 1.144
41 78 2.558
41 79 2.240
41 80 2.035
41 81 0.728
41 82 2.590
41 83 1.436
41 84 0.054
41 85 2.670
41 86 0.268
41 87 0.062
41 88 0.644
41 89 1.903
41 90 0.200
41 91 2.340
41 92 1.610
41 93 0.290
41 94 0.598
41 95 0.676
41 96 2.501
41 97 0.116
41 98 0.177
41 99 0.663
42 43 1.107
42 44 3.298
42 45 4.213
42 46 2.786
42 47 3.061
42 48 1.411
42 49 2.753
42 50 1.210
42 51 1.996
42 52 2.556
42 53 4.958
42 54 3.288
42 55 3.477
42 56 4.391
42 57 2.206
42 58 2.702
42 59 2.538
42 60 3.658
42 61 3.032
42 62 3.195
42 63 3.945
42 64 2.762
42 65 2.399
42 66 3.653
42 67 0.266
42 68 3.460
42 69 3.609
42 70 3.648
42 71 3.661
42 72 1.685
42 73 0.895
42 74 4.707
42 75 4.123
42 76 4.921
42 77 2.358
42 78 0.945
42 79 1.262
42 80 1.469
42 81 4.218
42 82 0.919
42 83 2.068
42 84 3.471
42 85 0.838
42 86 3.731
42 87 3.448
42 88 2.866
42 89 1.605
42 90 3.324
42 91 1.170
42 92 1.895
42 93 3.669
42 94 4.088
42 95 2.827
42 96 1.006
42 97 3.572
42 98 3.377
42 99 4.158
43 44 2.192
43 45 3.112
43 46 1.681
43 47 1.961
43 48 0.323
43 49 1.646
43 50 0.103
43 51 0.892
43 52 1.452
43 53 3.853
43 54 2.182
43 55 2.374
43 56 3.288
43 57 1.101
43 58 1.602
43 59 1.432
43 60 2.557
43 61 1.927
43 62 2.095
43 63 2.842
43 64 1.658
43 65 1.296
43 66 2.547
43 67 1.313
43 68 2.354
43 69 2.506
43 70 2.541
43 71 2.557
43 72 0.579
43 73 0.218
43 74 3.601
43 75 3.018
43 76 3.817
43 77 1.252
43 78 0.162
43 79 0.158
43 80 0.378
43 81 3.116
43 82 0.240
43 83 0.961
43 84 2.365
43 85 0.276
43 86 2.624
43 87 2.342
43 88 1.759
43 89 0.499
43 90 2.218
43 91 0.088
43 92 0.788
43 93 2.562
43 94 2.986
43 95 1.721
43 96 0.110
43 97 2.466
43 98 2.270
43 99 3.055
44 45 0.932
44 46 0.512
44 47 0.285
44 48 1.889
44 49 0.546
44 50 2.089
44 51 1.321
44 52 0.742
44 53 1.661
44 54 0.101
44 55 0.207
44 56 1.099
44 57 1.114
44 58 0.613
44 59 0.787
44 60 0.395
44 61 0.266
44 62 0.206
44 63 0.659
44 64 0.538
44 65 0.902
44 66 0.355
44 67 3.503
44 68 0.168
44 69 0.330
44 70 0.355
44 71 0.370
44 72 1.614
44 73 2.403
44 74 1.413
44 75 0.826
44 76 1.625
44 77 0.940
44 78 2.354
44 79 2.036
44 80 1.832
44 81 0.931
44 82 2.387
44 83 1.232
44 84 0.176
44 85 2.466
44 86 0.448
44 87 0.151
44 88 0.440
44 89 1.699
44 90 0.079
44 91 2.136
44 92 1.406
44 93 0.428
44 94 0.801
44 95 0.471
44 96 2.297
44 97 0.284
44 98 0.132
44 99 0.867
45 46 1.436
45 47 1.152
45 48 2.802
45 49 1.474
45 50 3.009
45 51 2.252
45 52 1.662
45 53 0.781
45 54 0.970
45 55 0.739
45 56 0.195
45 57 2.045
45 58 1.511
45 59 1.719
45 60 0.555
45 61 1.195
45 62 1.019
45 63 0.274
45 64 1.455
45 65 1.816
45 66 0.597
45 67 4.425
45 68 0.789
45 69 0.608
45 70 0.622
45 71 0.563
45 72 2.535
45 73 3.319
45 74 0.591
45 75 0.229
45 76 0.718
45 77 1.865
45 78 3.273
45 79 2.955
45 80 2.744
45 81 0.040
45 82 3.297
45 83 2.157
45 84 0.772
45 85 3.387
45 86 0.581
45 87 0.790
45 88 1.372
45 89 2.623
45 90 0.927
45 91 3.059
45 92 2.330
45 93 0.694
45 94 0.137
45 95 1.399
45 96 3.218
45 97 0.695
45 98 0.889
45 99 0.099
46 47 0.311
46 48 1.377
46 49 0.045
46 50 1.577
46 51 0.817
46 52 0.231
46 53 2.172
46 54 0.511
46 55 0.698
46 56 1.609
46 57 0.615
46 58 0.155
46 59 0.311
46 60 0.884
46 61 0.247
46 62 0.440
46 63 1.164
46 64 0.048
46 65 0.393
46 66 0.867
46 67 2.992
46 68 0.675
46 69 0.829
46 70 0.864
46 71 0.878
46 72 1.102
46 73 1.891
46 74 1.924
46 75 1.337
46 76 2.136
46 77 0.429
46 78 1.842
46 79 1.524
46 80 1.320
46 81 1.438
46 82 1.875
46 83 0.721
46 84 0.686
46 85 1.955
46 86 0.951
46 87 0.662
46 88 0.111
46 89 1.188
46 90 0.543
46 91 1.625
46 92 0.895
46 93 0.905
46 94 1.307
46 95 0.046
46 96 1.786
46 97 0.790
46 98 0.599
46 99 1.375
47 48 1.650
47 49 0.355
47 50 1.859
47 51 1.118
47 52 0.518
47 53 1.909
47 54 0.343
47 55 0.421
47 56 1.333
47 57 0.920
47 58 0.359
47 59 0.621
47 60 0.598
47 61 0.167
47 62 0.135
47 63 0.886
47 64 0.315
47 65 0.666
47 66 0.619
47 67 3.274
47 68 0.449
47 69 0.551
47 70 0.629
47 71 0.609
47 72 1.387
47 73 2.167
47 74 1.671
47 75 1.079
47 76 1.863
47 77 0.723
47 78 2.122
47 79 1.803
47 80 1.592
47 81 1.158
47 82 2.145
47 83 1.013
47 84 0.452
47 85 2.237
47 86 0.727
47 87 0.425
47 88 0.300
47 89 1.477
47 90 0.351
47 91 1.911
47 92 1.185
47 93 0.713
47 94 1.029
47 95 0.288
47 96 2.068
47 97 0.563
47 98 0.411
47 99 1.100
48 49 1.346
48 50 0.230
48 51 0.626
48 52 1.147
48 53 3.549
48 54 1.884
48 55 2.066
48 56 2.980
48 57 0.825
48 58 1.291
48 59 1.147
48 60 2.247
48 61 1.624
48 62 1.783
48 63 2.534
48 64 1.352
48 65 0.988
48 66 2.244
48 67 1.628
48 68 2.053
48 69 2.198
48 70 2.241
48 71 2.251
48 72 0.296
48 73 0.518
48 74 3.301
48 75 2.714
48 76 3.510
48 77 0.953
48 78 0.477
48 79 0.169
48 80 0.057
48 81 2.806
48 82 0.498
48 83 0.669
48 84 2.063
48 85 0.596
48 86 2.326
48 87 2.039
48 88 1.462
48 89 0.251
48 90 1.919
48 91 0.301
48 92 0.502
48 93 2.270
48 94 2.677
48 95 1.419
48 96 0.432
48 97 2.166
48 98 1.973
48 99 2.747
49 50 1.543
49 51 0.778
49 52 0.203
49 53 2.206
49 54 0.539
49 55 0.736
49 56 1.645
49 57 0.574
49 58 0.168
49 59 0.266
49 60 0.923
49 61 0.281
49 62 0.483
49 63 1.201
49 64 0.073
49 65 0.366
49 66 0.900
49 67 2.957
49 68 0.708
49 69 0.866
49 70 0.895
49 71 0.914
49 72 1.068
49 73 1.858
49 74 1.956
49 75 1.371
49 76 2.172
49 77 0.394
49 78 1.808
49 79 1.491
49 80 1.288
49 81 1.475
49 82 1.844
49 83 0.686
49 84 0.719
49 85 1.920
49 86 0.981
49 87 0.696
49 88 0.122
49 89 1.153
49 90 0.573
49 91 1.590
49 92 0.860
49 93 0.930
49 94 1.344
49 95 0.075
49 96 1.751
49 97 0.821
49 98 0.628
49 99 1.412
50 51 0.790
50 52 1.349
50 53 3.749
50 54 2.078
50 55 2.272
50 56 3.185
50 57 0.998
50 58 1.500
50 59 1.328
50 60 2.455
50 61 1.823
50 62 1.993
50 63 2.739
50 64 1.555
50 65 1.193
50 66 2.444
50 67 1.416
50 68 2.250
50 69 2.403
50 70 2.438
50 71 2.454
50 72 0.475
50 73 0.320
50 74 3.497
50 75 2.914
50 76 3.714
50 77 1.149
50 78 0.266
50 79 0.061
50 80 0.282
50 81 3.013
50 82 0.331
50 83 0.858
50 84 2.262
50 85 0.378
50 86 2.520
50 87 2.239
50 88 1.656
50 89 0.396
50 90 2.114
50 91 0.077
50 92 0.685
50 93 2.459
50 94 2.883
50 95 1.618
50 96 0.210
50 97 2.362
50 98 2.167
50 99 2.952
51 52 0.602
51 53 2.975
51 54 1.301
51 55 1.514
51 56 2.421
51 57 0.210
51 58 0.774
51 59 0.543
51 60 1.702
51 61 1.057
51 62 1.252
51 63 1.979
51 64 0.804
51 65 0.473
51 66 1.672
51 67 2.189
51 68 1.477
51 69 1.645
51 70 1.662
51 71 1.691
51 72 0.331
51 73 1.109
51 74 2.718
51 75 2.142
51 76 2.945
51 77 0.397
51 78 1.054
51 79 0.744
51 80 0.574
51 81 2.252
51 82 1.110
51 83 0.142
51 84 1.490
51 85 1.158
51 86 1.741
51 87 1.469
51 88 0.882
51 89 0.395
51 90 1.339
51 91 0.826
51 92 0.142
51 93 1.674
51 94 2.121
51 95 0.853
51 96 0.991
51 97 1.586
51 98 1.389
51 99 2.188
52 53 2.403
52 54 0.741
52 55 0.923
52 56 1.837
52 57 0.411
52 58 0.179
52 59 0.202
52 60 1.108
52 61 0.478
52 62 0.652
52 63 1.391
52 64 0.207
52 65 0.162
52 66 1.097
52 67 2.764
52 68 0.906
52 69 1.055
52 70 1.095
52 71 1.106
52 72 0.874
52 73 1.661
52 74 2.155
52 75 1.568
52 76 2.365
52 77 0.205
52 78 1.613
52 79 1.295
52 80 1.089
52 81 1.665
52 82 1.645
52 83 0.496
52 84 0.917
52 85 1.726
52 86 1.182
52 87 0.893
52 88 0.325
52 89 0.962
52 90 0.774
52 91 1.398
52 92 0.669
52 93 1.133
52 94 1.534
52 95 0.274
52 96 1.557
52 97 1.021
52 98 0.830
52 99 1.603
53 54 1.674
53 55 1.488
53 56 0.587
53 57 2.765
53 58 2.264
53 59 2.433
53 60 1.317
53 61 1.926
53 62 1.779
53 63 1.026
53 64 2.197
53 65 2.562
53 66 1.306
53 67 5.162
53 68 1.499
53 69 1.358
53 70 1.313
53 71 1.301
53 72 3.274
53 73 4.064
53 74 0.272
53 75 0.835
53 76 0.128
53 77 2.600
53 78 4.015
53 79 3.697
53 80 3.492
53 81 0.765
53 82 4.047
53 83 2.892
53 84 1.487
53 85 4.126
53 86 1.235
53 87 1.510
53 88 2.095
53 89 3.358
53 90 1.636
53 91 3.795
53 92 3.065
53 93 1.314
53 94 0.886
53 95 2.132
53 96 3.957
53 97 1.388
53 98 1.586
53 99 0.813
54 55 0.281
54 56 1.126
54 57 1.091
54 58 0.632
54 59 0.759
54 60 0.456
54 61 0.270
54 62 0.293
54 63 0.697
54 64 0.544
54 65 0.904
54 66 0.376
54 67 3.488
54 68 0.181
54 69 0.386
54 70 0.362
54 71 0.412
54 72 1.603
54 73 2.395
54 74 1.419
54 75 0.841
54 76 1.646
54 77 0.931
54 78 2.344
54 79 2.027
54 80 1.827
54 81 0.965
54 82 2.382
54 83 1.221
54 84 0.198
54 85 2.453
54 86 0.442
54 87 0.183
54 88 0.423
54 89 1.685
54 90 0.045
54 91 2.122
54 92 1.393
54 93 0.395
54 94 0.835
54 95 0.467
54 96 2.285
54 97 0.286
54 98 0.089
54 99 0.897
55 56 0.914
55 57 1.309
55 58 0.777
55 59 0.986
55 60 0.189
55 61 0.459
55 62 0.294
55 63 0.468
55 64 0.716
55 65 1.079
55 66 0.215
55 67 3.687
55 68 0.153
55 69 0.131
55 70 0.243
55 71 0.188
55 72 1.797
55 73 2.583
55 74 1.250
55 75 0.658
55 76 1.444
55 77 1.126
55 78 2.536
55 79 2.218
55 80 2.009
55 81 0.741
55 82 2.563
55 83 1.418
55 84 0.135
55 85 2.649
55 86 0.343
55 87 0.124
55 88 0.638
55 89 1.885
55 90 0.237
55 91 2.321
55 92 1.592
55 93 0.380
55 94 0.611
55 95 0.661
55 96 2.480
55 97 0.207
55 98 0.236
55 99 0.681
56 57 2.213
56 58 1.691
56 59 1.883
56 60 0.736
56 61 1.364
56 62 1.200
56 63 0.447
56 64 1.630
56 65 1.993
56 66 0.751
56 67 4.600
56 68 0.946
56 69 0.783
56 70 0.768
56 71 0.731
56 72 2.710
56 73 3.497
56 74 0.400
56 75 0.301
56 76 0.531
56 77 2.038
56 78 3.449
56 79 3.131
56 80 2.923
56 81 0.178
56 82 3.477
56 83 2.330
56 84 0.932
56 85 3.563
56 86 0.708
56 87 0.952
56 88 1.539
56 89 2.797
56 90 1.086
56 91 3.234
56 92 2.504
56 93 0.809
56 94 0.304
56 95 1.570
56 96 3.394
56 97 0.843
56 98 1.042
56 99 0.233
57 58 0.588
57 59 0.333
57 60 1.497
57 61 0.851
57 62 1.053
57 63 1.772
57 64 0.606
57 65 0.311
57 66 1.463
57 67 2.399
57 68 1.268
57 69 1.439
57 70 1.453
57 71 1.484
57 72 0.530
57 73 1.317
57 74 2.508
57 75 1.932
57 76 2.736
57 77 0.217
57 78 1.262
57 79 0.951
57 80 0.771
57 81 2.045
57 82 1.315
57 83 0.177
57 84 1.282
57 85 1.368
57 86 1.531
57 87 1.260
57 88 0.674
57 89 0.602
57 90 1.130
57 91 1.036
57 92 0.323
57 93 1.464
57 94 1.914
57 95 0.648
57 96 1.200
57 97 1.377
57 98 1.179
57 99 1.980
58 59 0.350
58 60 0.956
58 61 0.363
58 62 0.493
58 63 1.244
58 64 0.107
58 65 0.309
58 66 0.965
58 67 2.916
58 68 0.781
58 69 0.908
58 70 0.968
58 71 0.964
58 72 1.029
58 73 1.808
58 74 2.022
58 75 1.431
58 76 2.221
58 77 0.377
58 78 1.763
58 79 1.445
58 80 1.233
58 81 1.516
58 82 1.786
58 83 0.660
58 84 0.789
58 85 1.878
58 86 1.061
58 87 0.763
58 88 0.265
58 89 1.120
58 90 0.658
58 91 1.553
58 92 0.830
58 93 1.027
58 94 1.387
58 95 0.197
58 96 1.710
58 97 0.897
58 98 0.717
58 99 1.458
59 60 1.175
59 61 0.528
59 62 0.747
59 63 1.445
59 64 0.319
59 65 0.273
59 66 1.133
59 67 2.732
59 68 0.938
59 69 1.114
59 70 1.121
59 71 1.157
59 72 0.857
59 73 1.647
59 74 2.176
59 75 1.601
59 76 2.405
59 77 0.227
59 78 1.594
59 79 1.280
59 80 1.091
59 81 1.717
59 82 1.642
59 83 0.479
59 84 0.952
59 85 1.700
59 86 1.198
59 87 0.931
59 88 0.348
59 89 0.933
59 90 0.799
59 91 1.368
59 92 0.646
59 93 1.132
59 94 1.587
59 95 0.335
59 96 1.532
59 97 1.045
59 98 0.847
59 99 1.652
60 61 0.648
60 62 0.465
60 63 0.290
60 64 0.901
60 65 1.261
60 66 0.184
60 67 3.870
60 68 0.290
60 69 0.072
60 70 0.234
60 71 0.097
60 72 1.981
60 73 2.765
60 74 1.089
60 75 0.502
60 76 1.267
60 77 1.312
60 78 2.718
60 79 2.400
60 80 2.190
60 81 0.560
60 82 2.742
60 83 1.604
60 84 0.269
60 85 2.833
60 86 0.303
60 87 0.276
60 88 0.827
60 89 2.070
60 90 0.411
60 91 2.505
60 92 1.777
60 93 0.394
60 94 0.432
60 95 0.849
60 96 2.664
60 97 0.259
60 98 0.393
60 99 0.504
61 62 0.245
61 63 0.922
61 64 0.276
61 65 0.639
61 66 0.620
61 67 3.237
61 68 0.429
61 69 0.588
61 70 0.617
61 71 0.634
61 72 1.348
61 73 2.138
61 74 1.677
61 75 1.091
61 76 1.891
61 77 0.675
61 78 2.089
61 79 1.771
61 80 1.567
61 81 1.195
61 82 2.122
61 83 0.967
61 84 0.439
61 85 2.200
61 86 0.705
61 87 0.416
61 88 0.180
61 89 1.433
61 90 0.298
61 91 1.870
61 92 1.140
61 93 0.665
61 94 1.064
61 95 0.206
61 96 2.031
61 97 0.543
61 98 0.356
61 99 1.131
62 63 0.754
62 64 0.448
62 65 0.800
62 66 0.501
62 67 3.409
62 68 0.349
62 69 0.421
62 70 0.517
62 71 0.482
62 72 1.521
62 73 2.301
62 74 1.544
62 75 0.952
62 76 1.731
62 77 0.857
62 78 2.256
62 79 1.938
62 80 1.726
62 81 1.025
62 82 2.278
62 83 1.147
62 84 0.348
62 85 2.371
62 86 0.617
62 87 0.320
62 88 0.412
62 89 1.611
62 90 0.284
62 91 2.045
62 92 1.319
62 93 0.619
62 94 0.897
62 95 0.412
62 96 2.202
62 97 0.457
62 98 0.338
62 99 0.968
63 64 1.184
63 65 1.547
63 66 0.326
63 67 4.155
63 68 0.515
63 69 0.336
63 70 0.357
63 71 0.289
63 72 2.265
63 73 3.051
63 74 0.803
63 75 0.230
63 76 0.977
63 77 1.593
63 78 3.004
63 79 2.685
63 80 2.476
63 81 0.273
63 82 3.030
63 83 1.886
63 84 0.499
63 85 3.117
63 86 0.336
63 87 0.516
63 88 1.098
63 89 2.352
63 90 0.654
63 91 2.789
63 92 2.059
63 93 0.455
63 94 0.143
63 95 1.126
63 96 2.948
63 97 0.426
63 98 0.617
63 99 0.214
64 65 0.365
64 66 0.893
64 67 2.971
64 68 0.703
64 69 0.848
64 70 0.892
64 71 0.899
64 72 1.081
64 73 1.868
64 74 1.950
64 75 1.362
64 76 2.159
64 77 0.411
64 78 1.820
64 79 1.502
64 80 1.295
64 81 1.458
64 82 1.850
64 83 0.703
64 84 0.713
64 85 1.933
64 86 0.981
64 87 0.688
64 88 0.158
64 89 1.169
64 90 0.574
64 91 1.605
64 92 0.876
64 93 0.939
64 94 1.327
64 95 0.090
64 96 1.764
64 97 0.818
64 98 0.631
64 99 1.396
65 66 1.257
65 67 2.609
65 68 1.067
65 69 1.210
65 70 1.255
65 71 1.263
65 72 0.721
65 73 1.504
65 74 2.315
65 75 1.727
65 76 2.522
65 77 0.100
65 78 1.457
65 79 1.139
65 80 0.930
65 81 1.820
65 82 1.485
65 83 0.352
65 84 1.077
65 85 1.572
65 86 1.344
65 87 1.053
65 88 0.487
65 89 0.812
65 90 0.935
65 91 1.245
65 92 0.521
65 93 1.296
65 94 1.690
65 95 0.436
65 96 1.403
65 97 1.182
65 98 0.992
65 99 1.759
66 67 3.857
66 68 0.195
66 69 0.138
66 70 0.050
66 71 0.088
66 72 1.968
66 73 2.758
66 74 1.058
66 75 0.471
66 76 1.273
66 77 1.295
66 78 2.709
66 79 2.391
66 80 2.187
66 81 0.590
66 82 2.742
66 83 1.586
66 84 0.182
66 85 2.820
66 86 0.133
66 87 0.205
66 88 0.790
66 89 2.053
66 90 0.335
66 91 2.490
66 92 1.760
66 93 0.209
66 94 0.460
66 95 0.826
66 96 2.651
66 97 0.101
66 98 0.292
66 99 0.521
67 68 3.663
67 69 3.819
67 70 3.849
67 71 3.869
67 72 1.890
67 73 1.110
67 74 4.907
67 75 4.327
67 76 5.128
67 77 2.563
67 78 1.153
67 79 1.471
67 80 1.685
67 81 4.428
67 82 1.147
67 83 2.271
67 84 3.675
67 85 1.038
67 86 3.930
67 87 3.652
67 88 3.067
67 89 1.804
67 90 3.525
67 91 1.367
67 92 2.097
67 93 3.863
67 94 4.298
67 95 3.031
67 96 1.207
67 97 3.774
67 98 3.576
67 99 4.367
68 69 0.218
68 70 0.188
68 71 0.233
68 72 1.775
68 73 2.566
68 74 1.248
68 75 0.665
68 76 1.468
68 77 1.102
68 78 2.516
68 79 2.198
68 80 1.995
68 81 0.783
68 82 2.551
68 83 1.393
68 84 0.021
68 85 2.627
68 86 0.280
68 87 0.034
68 88 0.596
68 89 1.859
68 90 0.139
68 91 2.296
68 92 1.566
68 93 0.270
68 94 0.653
68 95 0.633
68 96 2.458
68 97 0.116
68 98 0.104
68 99 0.716
69 70 0.185
69 71 0.069
69 72 1.929
69 73 2.714
69 74 1.123
69 75 0.531
69 76 1.313
69 77 1.257
69 78 2.667
69 79 2.349
69 80 2.140
69 81 0.610
69 82 2.694
69 83 1.550
69 84 0.197
69 85 2.781
69 86 0.269
69 87 0.205
69 88 0.767
69 89 2.016
69 90 0.341
69 91 2.453
69 92 1.723
69 93 0.344
69 94 0.480
69 95 0.791
69 96 2.612
69 97 0.194
69 98 0.321
69 99 0.549
70 71 0.138
70 72 1.962
70 73 2.753
70 74 1.060
70 75 0.480
70 76 1.285
70 77 1.289
70 78 2.703
70 79 2.386
70 80 2.183
70 81 0.612
70 82 2.739
70 83 1.580
70 84 0.179
70 85 2.814
70 86 0.101
70 87 0.205
70 88 0.782
70 89 2.045
70 90 0.324
70 91 2.483
70 92 1.753
70 93 0.160
70 94 0.485
70 95 0.821
70 96 2.645
70 97 0.076
70 98 0.275
70 99 0.541
71 72 1.979
71 73 2.767
71 74 1.062
71 75 0.470
71 76 1.259
71 77 1.307
71 78 2.719
71 79 2.401
71 80 2.193
71 81 0.561
71 82 2.748
71 83 1.599
71 84 0.214
71 85 2.832
71 86 0.208
71 87 0.229
71 88 0.810
71 89 2.066
71 90 0.368
71 91 2.503
71 92 1.773
71 93 0.297
71 94 0.431
71 95 0.839
71 96 2.663
71 97 0.173
71 98 0.337
71 99 0.498
72 73 0.792
72 74 3.022
72 75 2.439
72 76 3.239
72 77 0.673
72 78 0.741
72 79 0.424
72 80 0.244
72 81 2.539
72 82 0.785
72 83 0.383
72 84 1.787
72 85 0.852
72 86 2.045
72 87 1.763
72 88 1.180
72 89 0.098
72 90 1.639
72 91 0.524
72 92 0.211
72 93 1.985
72 94 2.408
72 95 1.142
72 96 0.683
72 97 1.887
72 98 1.692
72 99 2.477
73 74 3.813
73 75 3.229
73 76 4.026
73 77 1.464
73 78 0.066
73 79 0.368
73 80 0.576
73 81 3.324
73 82 0.093
73 83 1.174
73 84 2.577
73 85 0.114
73 86 2.837
73 87 2.553
73 88 1.972
73 89 0.715
73 90 2.430
73 91 0.295
73 92 1.002
73 93 2.777
73 94 3.194
73 95 1.932
73 96 0.139
73 97 2.678
73 98 2.483
73 99 3.264
74 75 0.592
74 76 0.309
74 77 2.349
74 78 3.763
74 79 3.446
74 80 3.244
74 81 0.565
74 82 3.799
74 83 2.640
74 84 1.238
74 85 3.873
74 86 0.977
74 87 1.262
74 88 1.842
74 89 3.104
74 90 1.383
74 91 3.541
74 92 2.812
74 93 1.050
74 94 0.670
74 95 1.882
74 96 3.704
74 97 1.135
74 98 1.331
74 99 0.597
75 76 0.805
75 77 1.765
75 78 3.180
75 79 2.862
75 80 2.657
75 81 0.196
75 82 3.212
75 83 2.057
75 84 0.652
75 85 3.291
75 86 0.411
75 87 0.675
75 88 1.260
75 89 2.523
75 90 0.803
75 91 2.960
75 92 2.230
75 93 0.509
75 94 0.154
75 95 1.297
75 96 3.122
75 97 0.556
75 98 0.755
75 99 0.132
76 77 2.565
76 78 3.978
76 79 3.660
76 80 3.453
76 81 0.707
76 82 4.007
76 83 2.857
76 84 1.455
76 85 4.091
76 86 1.214
76 87 1.477
76 88 2.063
76 89 3.324
76 90 1.607
76 91 3.761
76 92 3.031
76 93 1.301
76 94 0.834
76 95 2.097
76 96 3.922
76 97 1.361
76 98 1.559
76 99 0.763
77 78 1.414
77 79 1.097
77 80 0.896
77 81 1.867
77 82 1.451
77 83 0.292
77 84 1.113
77 85 1.526
77 86 1.374
77 87 1.090
77 88 0.509
77 89 0.759
77 90 0.966
77 91 1.196
77 92 0.466
77 93 1.318
77 94 1.736
77 95 0.469
77 96 1.357
77 97 1.214
77 98 1.020
77 99 1.804
78 79 0.318
78 80 0.533
78 81 3.277
78 82 0.138
78 83 1.123
78 84 2.527
78 85 0.122
78 86 2.786
78 87 2.504
78 88 1.921
78 89 0.661
78 90 2.380
78 91 0.233
78 92 0.951
78 93 2.725
78 94 3.147
78 95 1.883
78 96 0.074
78 97 2.628
78 98 2.432
78 99 3.216
79 80 0.221
79 81 2.959
79 82 0.367
79 83 0.807
79 84 2.210
79 85 0.434
79 86 2.469
79 87 2.186
79 88 1.604
79 89 0.350
79 90 2.063
79 91 0.135
79 92 0.635
79 93 2.409
79 94 2.829
79 95 1.565
79 96 0.267
79 97 2.311
79 98 2.116
79 99 2.898
80 81 2.749
80 82 0.555
80 83 0.612
80 84 2.006
80 85 0.652
80 86 2.269
80 87 1.982
80 88 1.405
80 89 0.211
80 90 1.861
80 91 0.350
80 92 0.448
80 93 2.214
80 94 2.620
80 95 1.362
80 96 0.487
80 97 2.109
80 98 1.916
80 99 2.689
81 82 3.302
81 83 2.159
81 84 0.768
81 85 3.391
81 86 0.565
81 87 0.787
81 88 1.371
81 89 2.626
81 90 0.923
81 91 3.062
81 92 2.333
81 93 0.675
81 94 0.131
81 95 1.400
81 96 3.222
81 97 0.686
81 98 0.882
81 99 0.074
82 83 1.165
82 84 2.561
82 85 0.203
82 86 2.824
82 87 2.537
82 88 1.960
82 89 0.716
82 90 2.417
82 91 0.327
82 92 0.996
82 93 2.768
82 94 3.173
82 95 1.917
82 96 0.200
82 97 2.664
82 98 2.471
82 99 3.243
83 84 1.405
83 85 1.234
83 86 1.663
83 87 1.382
83 88 0.798
83 89 0.467
83 90 1.256
83 91 0.904
83 92 0.174
83 93 1.603
83 94 2.029
83 95 0.761
83 96 1.065
83 97 1.505
83 98 1.309
83 99 2.097
84 85 2.639
84 86 0.275
84 87 0.027
84 88 0.608
84 89 1.871
84 90 0.155
84 91 2.308
84 92 1.578
84 93 0.274
84 94 0.637
84 95 0.645
84 96 2.469
84 97 0.111
84 98 0.124
84 99 0.701
85 86 2.895
85 87 2.616
85 88 2.031
85 89 0.768
85 90 2.490
85 91 0.332
85 92 1.061
85 93 2.832
85 94 3.261
85 95 1.995
85 96 0.169
85 97 2.738
85 98 2.542
85 99 3.329
86 87 0.302
86 88 0.865
86 89 2.127
86 90 0.408
86 91 2.564
86 92 1.835
86 93 0.120
86 94 0.445
86 95 0.908
86 96 2.727
86 97 0.164
86 98 0.354
86 99 0.492
87 88 0.587
87 89 1.848
87 90 0.139
87 91 2.285
87 92 1.555
87 93 0.300
87 94 0.656
87 95 0.621
87 96 2.447
87 97 0.139
87 98 0.118
87 99 0.721
88 89 1.263
88 90 0.459
88 91 1.700
88 92 0.971
88 93 0.811
88 94 1.240
88 95 0.069
88 96 1.862
88 97 0.707
88 98 0.511
88 99 1.306
89 90 1.722
89 91 0.437
89 92 0.293
89 93 2.064
89 94 2.495
89 95 1.227
89 96 0.600
89 97 1.970
89 98 1.773
89 99 2.564
90 91 2.159
90 92 1.429
90 93 0.370
90 94 0.792
90 95 0.500
90 96 2.321
90 97 0.248
90 98 0.061
90 99 0.855
91 92 0.730
91 93 2.500
91 94 2.932
91 95 1.665
91 96 0.165
91 97 2.407
91 98 2.211
91 99 3.000
92 93 1.775
92 94 2.202
92 95 0.934
92 96 0.892
92 97 1.678
92 98 1.482
92 99 2.270
93 94 0.559
93 95 0.860
93 96 2.664
93 97 0.174
93 98 0.310
93 99 0.602
94 95 1.269
94 96 3.092
94 97 0.558
94 98 0.753
94 99 0.074
95 96 1.825
95 97 0.747
95 98 0.555
95 99 1.337
96 97 2.569
96 98 2.373
96 99 3.160
97 98 0.199
97 99 0.616
98 99 0.813
