nodei nodej distance
0 1 0.517
0 2 3.058
0 3 0.423
0 4 2.377
0 5 1.159
0 6 2.168
0 7 3.029
0 8 0.980
0 9 1.816
0 10 1.265
0 11 1.778
0 12 2.463
0 13 2.647
0 14 1.009
0 15 1.142
0 16 3.437
0 17 2.275
0 18 1.839
0 19 0.526
0 20 2.152
0 21 1.013
0 22 1.021
0 23 2.552
0 24 1.843
0 25 2.073
0 26 2.211
0 27 2.253
0 28 2.659
0 29 2.906
1 2 2.575
1 3 0.670
1 4 2.057
1 5 0.779
1 6 2.004
1 7 2.653
1 8 0.651
1 9 1.744
1 10 0.822
1 11 1.270
1 12 2.034
1 13 2.172
1 14 0.600
1 15 1.015
1 16 2.927
1 17 1.900
1 18 1.731
1 19 0.108
1 20 1.720
1 21 0.508
1 22 0.892
1 23 2.067
1 24 1.672
1 25 1.627
1 26 1.766
1 27 1.773
1 28 2.175
1 29 2.396
2 3 3.223
2 4 2.995
2 5 2.516
2 6 2.204
2 7 1.116
2 8 2.645
2 9 2.502
2 10 1.804
2 11 1.340
2 12 2.362
2 13 1.979
2 14 2.472
2 15 2.371
2 16 0.710
2 17 1.205
2 18 2.381
2 19 2.619
2 20 2.280
2 21 2.070
2 22 3.047
2 23 0.508
2 24 3.337
2 25 2.182
2 26 0.925
2 27 0.806
2 28 1.869
2 29 1.430
3 4 2.092
3 5 0.996
3 6 2.558
3 7 3.318
3 8 0.800
3 9 2.226
3 10 1.492
3 11 1.895
3 12 2.282
3 13 2.530
3 14 0.899
3 15 1.531
3 16 3.526
3 17 2.564
3 18 2.242
3 19 0.607
3 20 1.983
3 21 1.156
3 22 0.685
3 23 2.716
3 24 1.481
3 25 1.924
3 26 2.435
3 27 2.428
3 28 2.559
3 29 2.875
4 5 1.279
4 6 3.760
4 7 3.738
4 8 1.418
4 9 3.649
4 10 2.299
4 11 2.014
4 12 0.690
4 13 1.148
4 14 1.462
4 15 2.958
4 16 2.839
4 17 3.157
4 18 3.598
4 19 1.968
4 20 0.718
4 21 1.979
4 22 1.410
4 23 2.643
4 24 0.799
4 25 0.829
4 26 2.753
4 27 2.518
4 28 1.254
4 29 1.786
5 6 2.598
5 7 2.911
5 8 0.197
5 9 2.421
5 10 1.168
5 11 1.206
5 12 1.307
5 13 1.534
5 14 0.184
5 15 1.708
5 16 2.679
5 17 2.210
5 18 2.385
5 19 0.695
5 20 0.999
5 21 0.782
5 22 0.540
5 23 2.038
5 24 1.016
5 25 0.930
5 26 1.918
5 27 1.796
5 28 1.565
5 29 1.911
6 7 1.403
6 8 2.565
6 9 0.464
6 10 1.462
6 11 1.878
6 12 3.429
6 13 3.299
6 14 2.430
6 15 1.027
6 16 2.888
6 17 1.010
6 18 0.372
6 19 2.111
6 20 3.165
6 21 1.818
6 22 2.886
6 23 1.909
6 24 3.606
6 25 3.040
6 26 1.424
6 27 1.720
6 28 3.233
6 29 3.099
7 8 2.975
7 9 1.823
7 10 1.843
7 11 1.757
7 12 3.197
7 13 2.895
7 14 2.802
7 15 2.024
7 16 1.812
7 17 0.755
7 18 1.704
7 19 2.735
7 20 3.031
7 21 2.230
7 22 3.373
7 23 1.157
7 24 3.881
7 25 2.913
7 26 1.005
7 27 1.221
7 28 2.796
7 29 2.450
8 9 2.356
8 10 1.179
8 11 1.315
8 12 1.496
8 13 1.731
8 14 0.176
8 15 1.632
8 16 2.842
8 17 2.255
8 18 2.329
8 19 0.555
8 20 1.191
8 21 0.778
8 22 0.407
8 23 2.156
8 24 1.046
8 25 1.126
8 26 1.997
8 27 1.901
8 28 1.761
8 29 2.101
9 10 1.382
9 11 1.921
9 12 3.398
9 13 3.330
9 14 2.243
9 15 0.729
9 16 3.153
9 17 1.303
9 18 0.123
9 19 1.852
9 20 3.113
9 21 1.671
9 22 2.635
9 23 2.139
9 24 3.401
9 25 2.992
9 26 1.637
9 27 1.904
9 28 3.278
9 29 3.219
10 11 0.648
10 12 2.016
10 13 1.973
10 14 1.020
10 15 0.799
10 16 2.250
10 17 1.097
10 18 1.315
10 19 0.895
10 20 1.732
10 21 0.402
10 22 1.557
10 23 1.302
10 24 2.185
10 25 1.610
10 26 0.950
10 27 1.000
10 28 1.933
10 29 1.971
11 12 1.572
11 13 1.422
11 14 1.140
11 15 1.432
11 16 1.660
11 17 1.144
11 18 1.831
11 19 1.300
11 20 1.341
11 21 0.765
11 22 1.721
11 23 0.843
11 24 2.131
11 25 1.216
11 26 0.753
11 27 0.590
11 28 1.362
11 29 1.331
12 13 0.459
12 14 1.457
12 15 2.770
12 16 2.156
12 17 2.695
12 18 3.328
12 19 1.971
12 20 0.314
12 21 1.789
12 22 1.666
12 23 2.061
12 24 1.346
12 25 0.417
12 26 2.255
12 27 1.986
12 28 0.564
12 29 1.097
13 14 1.649
13 15 2.764
13 16 1.712
13 17 2.473
13 18 3.246
13 19 2.129
13 20 0.605
13 21 1.832
13 22 1.977
13 23 1.739
13 24 1.776
13 25 0.620
13 26 2.014
13 27 1.721
13 28 0.113
13 29 0.643
14 15 1.526
14 16 2.684
14 17 2.086
14 18 2.209
14 19 0.522
14 20 1.144
14 21 0.623
14 22 0.583
14 23 1.982
14 24 1.177
14 25 1.064
14 26 1.821
14 27 1.725
14 28 1.670
14 29 1.977
15 16 2.925
15 17 1.314
15 18 0.721
15 19 1.123
15 20 2.471
15 21 0.990
15 22 1.907
15 23 1.914
15 24 2.674
15 25 2.355
15 26 1.446
15 27 1.627
15 28 2.728
15 29 2.763
16 17 1.879
16 18 3.034
16 19 2.948
16 20 2.170
16 21 2.424
16 22 3.218
16 23 1.022
16 24 3.335
16 25 2.102
16 26 1.521
16 27 1.299
16 28 1.599
16 29 1.073
17 18 1.181
17 19 1.984
17 20 2.481
17 21 1.493
17 22 2.646
17 23 0.909
17 24 3.206
17 25 2.357
17 26 0.466
17 27 0.772
17 28 2.390
17 29 2.168
18 19 1.839
18 20 3.047
18 21 1.623
18 22 2.623
18 23 2.023
18 24 3.375
18 25 2.924
18 26 1.522
18 27 1.793
18 28 3.191
18 29 3.119
19 20 1.657
19 21 0.550
19 22 0.784
19 23 2.112
19 24 1.567
19 25 1.570
19 26 1.831
19 27 1.822
19 28 2.137
19 29 2.380
20 21 1.485
20 22 1.390
20 23 1.926
20 24 1.194
20 25 0.126
20 26 2.059
20 27 1.811
20 28 0.677
20 29 1.167
21 22 1.156
21 23 1.563
21 24 1.796
21 25 1.372
21 26 1.292
21 27 1.272
21 28 1.814
21 29 1.960
22 23 2.561
22 24 0.824
22 25 1.357
22 26 2.401
22 27 2.307
22 28 2.025
22 29 2.418
23 24 2.906
23 25 1.815
23 26 0.502
23 27 0.303
23 28 1.640
23 29 1.313
24 25 1.239
24 26 2.877
24 27 2.708
24 28 1.862
24 29 2.361
25 26 1.937
25 27 1.692
25 28 0.674
25 29 1.130
26 27 0.307
26 28 1.928
26 29 1.705
27 28 1.632
27 29 1.397
28 29 0.533
