nodei nodej distance
0 1 2.344
0 2 0.837
0 3 1.164
0 4 0.512
0 5 3.133
0 6 1.644
0 7 0.923
0 8 1.724
0 9 0.696
0 10 1.700
0 11 0.730
0 12 3.099
0 13 2.353
0 14 1.726
0 15 2.320
0 16 1.799
0 17 0.370
0 18 1.714
0 19 2.151
0 20 2.057
0 21 2.304
0 22 1.113
0 23 2.922
0 24 1.975
0 25 2.926
0 26 2.118
0 27 0.546
0 28 1.490
0 29 2.560
0 30 1.334
0 31 1.875
0 32 1.357
0 33 2.835
0 34 1.573
0 35 2.059
0 36 2.952
0 37 2.104
0 38 1.891
0 39 1.838
0 40 2.676
0 41 2.712
0 42 1.470
0 43 3.978
0 44 2.984
0 45 3.150
0 46 1.442
0 47 0.370
0 48 2.068
0 49 2.050
0 50 2.197
0 51 1.144
0 52 1.718
0 53 1.407
0 54 1.095
0 55 0.444
0 56 1.717
0 57 2.441
0 58 1.185
0 59 2.120
0 60 1.914
0 61 1.976
0 62 2.269
0 63 2.579
0 64 3.304
0 65 1.559
0 66 2.058
0 67 1.389
0 68 1.057
0 69 1.177
0 70 2.445
0 71 1.328
0 72 1.633
0 73 2.878
0 74 2.596
0 75 2.731
0 76 1.318
0 77 1.379
0 78 2.209
0 79 2.119
0 80 1.757
0 81 1.976
0 82 2.382
0 83 1.641
0 84 1.673
0 85 2.076
0 86 2.039
0 87 1.439
0 88 1.761
0 89 0.566
0 90 1.165
0 91 1.556
0 92 1.849
0 93 3.279
0 94 2.367
0 95 2.024
0 96 2.224
0 97 1.148
0 98 2.940
0 99 3.552
1 2 1.735
1 3 3.506
1 4 2.321
1 5 1.937
1 6 2.895
1 7 1.514
1 8 1.472
1 9 2.958
1 10 3.159
1 11 2.727
1 12 4.331
1 13 2.506
1 14 2.827
1 15 0.838
1 16 3.289
1 17 2.619
1 18 2.986
1 19 3.485
1 20 3.457
1 21 1.727
1 22 2.185
1 23 2.647
1 24 1.758
1 25 4.087
1 26 1.891
1 27 2.784
1 28 2.409
1 29 4.290
1 30 3.614
1 31 0.503
1 32 1.333
1 33 4.004
1 34 3.442
1 35 2.142
1 36 1.070
1 37 3.569
1 38 0.901
1 39 2.717
1 40 2.895
1 41 2.341
1 42 2.388
1 43 4.783
1 44 3.502
1 45 3.554
1 46 1.371
1 47 2.198
1 48 3.463
1 49 1.434
1 50 3.420
1 51 2.307
1 52 1.895
1 53 1.304
1 54 2.426
1 55 1.965
1 56 1.905
1 57 1.343
1 58 1.792
1 59 0.225
1 60 0.435
1 61 0.488
1 62 2.589
1 63 3.320
1 64 3.574
1 65 1.120
1 66 3.528
1 67 2.749
1 68 1.318
1 69 1.873
1 70 2.707
1 71 2.215
1 72 2.226
1 73 1.786
1 74 3.111
1 75 3.012
1 76 3.142
1 77 3.224
1 78 0.776
1 79 2.051
1 80 3.373
1 81 1.538
1 82 0.180
1 83 2.073
1 84 1.339
1 85 1.465
1 86 0.385
1 87 1.645
1 88 3.052
1 89 1.814
1 90 2.501
1 91 0.947
1 92 1.484
1 93 4.618
1 94 3.866
1 95 3.067
1 96 1.426
1 97 1.890
1 98 4.061
1 99 4.325
2 3 1.929
2 4 1.162
2 5 2.297
2 6 1.360
2 7 0.249
2 8 0.889
2 9 1.275
2 10 1.557
2 11 0.996
2 12 2.904
2 13 1.669
2 14 1.362
2 15 1.527
2 16 1.684
2 17 0.968
2 18 1.451
2 19 1.963
2 20 1.902
2 21 1.479
2 22 0.602
2 23 2.179
2 24 1.166
2 25 2.687
2 26 1.322
2 27 1.105
2 28 0.982
2 29 2.641
2 30 1.913
2 31 1.354
2 32 0.534
2 33 2.596
2 34 1.730
2 35 1.321
2 36 2.163
2 37 1.993
2 38 1.100
2 39 1.370
2 40 2.040
2 41 1.938
2 42 0.958
2 43 3.620
2 44 2.471
2 45 2.606
2 46 1.374
2 47 0.962
2 48 1.911
2 49 1.213
2 50 1.949
2 51 0.710
2 52 0.951
2 53 0.585
2 54 0.779
2 55 0.401
2 56 0.953
2 57 1.606
2 58 0.412
2 59 1.515
2 60 1.306
2 61 1.495
2 62 1.627
2 63 2.125
2 64 2.724
2 65 1.349
2 66 1.947
2 67 1.145
2 68 0.469
2 69 0.444
2 70 1.802
2 71 0.761
2 72 0.994
2 73 2.042
2 74 2.053
2 75 2.119
2 76 1.428
2 77 1.508
2 78 1.426
2 79 1.353
2 80 1.727
2 81 1.144
2 82 1.724
2 83 0.939
2 84 0.837
2 85 1.240
2 86 1.375
2 87 0.621
2 88 1.515
2 89 0.347
2 90 0.868
2 91 0.820
2 92 1.821
2 93 3.146
2 94 2.291
2 95 1.663
2 96 1.387
2 97 0.427
2 98 2.682
2 99 3.165
3 4 1.306
3 5 4.153
3 6 2.066
3 7 2.067
3 8 2.764
3 9 0.734
3 10 1.941
3 11 1.146
3 12 3.115
3 13 3.105
3 14 2.212
3 15 3.453
3 16 1.970
3 17 0.966
3 18 2.091
3 19 2.318
3 20 2.204
3 21 3.290
3 22 1.938
3 23 3.720
3 24 2.940
3 25 3.022
3 26 3.051
3 27 0.866
3 28 2.188
3 29 2.273
3 30 0.607
3 31 3.029
3 32 2.463
3 33 2.944
3 34 1.469
3 35 2.909
3 36 4.089
3 37 2.182
3 38 3.024
3 39 2.410
3 40 3.331
3 41 3.572
3 42 2.178
3 43 4.141
3 44 3.444
3 45 3.636
3 46 2.471
3 47 1.352
3 48 2.214
3 49 3.093
3 50 2.430
3 51 1.897
3 52 2.639
3 53 2.514
3 54 1.776
3 55 1.580
3 56 2.634
3 57 3.512
3 58 2.179
3 59 3.282
3 60 3.077
3 61 3.121
3 62 2.974
3 63 3.007
3 64 3.829
3 65 2.640
3 66 2.147
3 67 1.864
3 68 2.218
3 69 2.140
3 70 3.131
3 71 2.124
3 72 2.425
3 73 3.900
3 74 3.134
3 75 3.349
3 76 1.417
3 77 1.414
3 78 3.348
3 79 3.003
3 80 1.834
3 81 2.997
3 82 3.546
3 83 2.497
3 84 2.747
3 85 3.113
3 86 3.203
3 87 2.452
3 88 2.103
3 89 1.719
3 90 1.795
3 91 2.707
3 92 2.807
3 93 3.189
3 94 2.338
3 95 2.432
3 96 3.272
3 97 2.109
3 98 3.061
3 99 3.785
4 5 3.413
4 6 2.153
4 7 1.142
4 8 2.028
4 9 1.102
4 10 2.212
4 11 1.231
4 12 3.609
4 13 2.791
4 14 2.229
4 15 2.477
4 16 2.309
4 17 0.839
4 18 2.225
4 19 2.663
4 20 2.568
4 21 2.629
4 22 1.575
4 23 3.332
4 24 2.327
4 25 3.437
4 26 2.484
4 27 0.991
4 28 1.967
4 29 3.038
4 30 1.659
4 31 1.822
4 32 1.607
4 33 3.347
4 34 2.055
4 35 2.468
4 36 3.086
4 37 2.612
4 38 2.063
4 39 2.328
4 40 3.134
4 41 3.099
4 42 1.945
4 43 4.489
4 44 3.476
4 45 3.636
4 46 1.168
4 47 0.200
4 48 2.578
4 49 2.338
4 50 2.709
4 51 1.623
4 52 2.106
4 53 1.654
4 54 1.590
4 55 0.782
4 56 2.107
4 57 2.688
4 58 1.562
4 59 2.108
4 60 1.920
4 61 1.888
4 62 2.722
4 63 3.078
4 64 3.782
4 65 1.351
4 66 2.566
4 67 1.897
4 68 1.185
4 69 1.574
4 70 2.899
4 71 1.786
4 72 2.079
4 73 3.162
4 74 3.079
4 75 3.197
4 76 1.815
4 77 1.871
4 78 2.356
4 79 2.510
4 80 2.262
4 81 2.287
4 82 2.396
4 83 2.063
4 84 1.947
4 85 2.368
4 86 2.079
4 87 1.782
4 88 2.272
4 89 0.819
4 90 1.665
4 91 1.696
4 92 1.507
4 93 3.784
4 94 2.871
4 95 2.530
4 96 2.502
4 97 1.548
4 98 3.452
4 99 4.060
5 6 2.521
5 7 2.271
5 8 1.410
5 9 3.432
5 10 2.817
5 11 3.043
5 12 3.416
5 13 1.464
5 14 2.372
5 15 1.152
5 16 2.917
5 17 3.199
5 18 2.577
5 19 2.902
5 20 2.940
5 21 0.869
5 22 2.237
5 23 1.124
5 24 1.222
5 25 3.172
5 26 1.143
5 27 3.288
5 28 2.117
5 29 3.829
5 30 3.963
5 31 2.179
5 32 1.806
5 33 3.117
5 34 3.346
5 35 1.381
5 36 1.011
5 37 3.066
5 38 1.431
5 39 2.151
5 40 1.660
5 41 0.936
5 42 2.115
5 43 3.457
5 44 2.252
5 45 2.202
5 46 2.985
5 47 3.222
5 48 2.941
5 49 1.084
5 50 2.769
5 51 2.306
5 52 1.537
5 53 1.758
5 54 2.446
5 55 2.697
5 56 1.543
5 57 0.743
5 58 1.978
5 59 1.946
5 60 1.954
5 61 2.284
5 62 1.634
5 63 2.314
5 64 2.118
5 65 2.774
5 66 3.045
5 67 2.553
5 68 2.254
5 69 2.013
5 70 1.618
5 71 2.086
5 72 1.838
5 73 0.255
5 74 2.014
5 75 1.768
5 76 3.118
5 77 3.185
5 78 1.262
5 79 1.251
5 80 3.074
5 81 1.162
5 82 1.758
5 83 1.716
5 84 1.469
5 85 1.058
5 86 1.770
5 87 1.708
5 88 2.625
5 89 2.611
5 90 2.463
5 91 1.794
5 92 3.271
5 93 3.733
5 94 3.298
5 95 2.428
5 96 0.913
5 97 2.045
5 98 3.119
5 99 3.055
6 7 1.601
6 8 1.493
6 9 1.388
6 10 0.301
6 11 1.013
6 12 1.545
6 13 1.158
6 14 0.163
6 15 2.358
6 16 0.418
6 17 1.400
6 18 0.093
6 19 0.608
6 20 0.563
6 21 1.708
6 22 0.764
6 23 1.765
6 24 1.398
6 25 1.335
6 26 1.406
6 27 1.345
6 28 0.494
6 29 1.418
6 30 1.646
6 31 2.626
6 32 1.572
6 33 1.243
6 34 0.845
6 35 1.141
6 36 2.904
6 37 0.673
6 38 2.039
6 39 0.394
6 40 1.290
6 41 1.707
6 42 0.512
6 43 2.339
6 44 1.397
6 45 1.582
6 46 2.726
6 47 1.983
6 48 0.571
6 49 1.716
6 50 0.591
6 51 0.650
6 52 1.109
6 53 1.595
6 54 0.601
6 55 1.495
6 56 1.099
6 57 2.124
6 58 1.120
6 59 2.702
6 60 2.514
6 61 2.779
6 62 0.995
6 63 0.966
6 64 1.767
6 65 2.709
6 66 0.633
6 67 0.255
6 68 1.812
6 69 1.040
6 70 1.121
6 71 0.682
6 72 0.740
6 73 2.302
6 74 1.068
6 75 1.293
6 76 0.692
6 77 0.733
6 78 2.311
6 79 1.274
6 80 0.557
6 81 1.581
6 82 2.825
6 83 0.898
6 84 1.592
6 85 1.711
6 86 2.510
6 87 1.255
6 88 0.159
6 89 1.581
6 90 0.513
6 91 1.962
6 92 3.174
6 93 1.788
6 94 0.971
6 95 0.388
6 96 1.862
6 97 1.031
6 98 1.336
6 99 1.908
7 8 0.896
7 9 1.455
7 10 1.804
7 11 1.215
7 12 3.142
7 13 1.808
7 14 1.595
7 15 1.397
7 16 1.932
7 17 1.128
7 18 1.693
7 19 2.206
7 20 2.148
7 21 1.500
7 22 0.838
7 23 2.276
7 24 1.223
7 25 2.922
7 26 1.390
7 27 1.282
7 28 1.201
7 29 2.890
7 30 2.106
7 31 1.113
7 32 0.465
7 33 2.831
7 34 1.973
7 35 1.439
7 36 2.030
7 37 2.240
7 38 0.968
7 39 1.585
7 40 2.194
7 41 2.016
7 42 1.176
7 43 3.834
7 44 2.659
7 45 2.784
7 46 1.154
7 47 0.951
7 48 2.156
7 49 1.197
7 50 2.187
7 51 0.951
7 52 1.062
7 53 0.513
7 54 1.027
7 55 0.487
7 56 1.066
7 57 1.551
7 58 0.570
7 59 1.292
7 60 1.081
7 61 1.251
7 62 1.785
7 63 2.331
7 64 2.890
7 65 1.110
7 66 2.194
7 67 1.391
7 68 0.220
7 69 0.626
7 70 1.957
7 71 0.977
7 72 1.175
7 73 2.020
7 74 2.239
7 75 2.280
7 76 1.672
7 77 1.752
7 78 1.286
7 79 1.449
7 80 1.976
7 81 1.154
7 82 1.518
7 83 1.094
7 84 0.806
7 85 1.229
7 86 1.168
7 87 0.697
7 88 1.757
7 89 0.359
7 90 1.115
7 91 0.641
7 92 1.596
7 93 3.388
7 94 2.538
7 95 1.891
7 96 1.360
7 97 0.619
7 98 2.914
7 99 3.376
8 9 2.060
8 10 1.782
8 11 1.696
8 12 2.863
8 13 1.095
8 14 1.398
8 15 0.867
8 16 1.907
8 17 1.802
8 18 1.578
8 19 2.051
8 20 2.038
8 21 0.604
8 22 0.926
8 23 1.437
8 24 0.367
8 25 2.617
8 26 0.539
8 27 1.905
8 28 1.000
8 29 2.912
8 30 2.639
8 31 1.347
8 32 0.450
8 33 2.535
8 34 2.186
8 35 0.707
8 36 1.447
8 37 2.157
8 38 0.573
8 39 1.259
8 40 1.500
8 41 1.153
8 42 0.984
8 43 3.336
8 44 2.070
8 45 2.149
8 46 1.861
8 47 1.832
8 48 2.043
8 49 0.329
8 50 1.970
8 51 1.028
8 52 0.423
8 53 0.415
8 54 1.170
8 55 1.289
8 56 0.434
8 57 0.752
8 58 0.589
8 59 1.315
8 60 1.169
8 61 1.502
8 62 1.144
8 63 1.853
8 64 2.206
8 65 1.718
8 66 2.120
8 67 1.406
8 68 0.942
8 69 0.641
8 70 1.284
8 71 0.854
8 72 0.773
8 73 1.155
8 74 1.663
8 75 1.607
8 76 1.910
8 77 1.987
8 78 0.819
8 79 0.653
8 80 2.022
8 81 0.259
8 82 1.371
8 83 0.614
8 84 0.150
8 85 0.353
8 86 1.100
8 87 0.318
8 88 1.642
8 89 1.213
8 90 1.219
8 91 0.674
8 92 2.251
8 93 3.154
8 94 2.446
8 95 1.610
8 96 0.508
8 97 0.672
8 98 2.589
8 99 2.875
9 10 1.320
9 11 0.413
9 12 2.636
9 13 2.377
9 14 1.520
9 15 2.797
9 16 1.381
9 17 0.346
9 18 1.427
9 19 1.745
9 20 1.636
9 21 2.566
9 22 1.206
9 23 2.990
9 24 2.214
9 25 2.501
9 26 2.321
9 27 0.174
9 28 1.458
9 29 1.958
9 30 0.658
9 31 2.514
9 32 1.799
9 33 2.415
9 34 0.997
9 35 2.175
9 36 3.431
9 37 1.647
9 38 2.373
9 39 1.703
9 40 2.619
9 41 2.838
9 42 1.447
9 43 3.604
9 44 2.783
9 45 2.969
9 46 2.138
9 47 1.033
9 48 1.647
9 49 2.385
9 50 1.832
9 51 1.163
9 52 1.909
9 53 1.848
9 54 1.043
9 55 0.993
9 56 1.904
9 57 2.811
9 58 1.471
9 59 2.733
9 60 2.522
9 61 2.629
9 62 2.251
9 63 2.350
9 64 3.153
9 65 2.251
9 66 1.605
9 67 1.163
9 68 1.640
9 69 1.425
9 70 2.412
9 71 1.390
9 72 1.691
9 73 3.180
9 74 2.447
9 75 2.645
9 76 0.823
9 77 0.853
9 78 2.699
9 79 2.270
9 80 1.283
9 81 2.283
9 82 2.972
9 83 1.763
9 84 2.056
9 85 2.403
9 86 2.622
9 87 1.743
9 88 1.451
9 89 1.146
9 90 1.066
9 91 2.088
9 92 2.541
9 93 2.770
9 94 1.865
9 95 1.769
9 96 2.564
9 97 1.393
9 98 2.528
9 99 3.213
10 11 1.002
10 12 1.404
10 13 1.429
10 14 0.446
10 15 2.649
10 16 0.131
10 17 1.407
10 18 0.241
10 19 0.451
10 20 0.361
10 21 2.009
10 22 0.989
10 23 2.022
10 24 1.698
10 25 1.225
10 26 1.707
10 27 1.316
10 28 0.783
10 29 1.135
10 30 1.461
10 31 2.865
10 32 1.828
10 33 1.135
10 34 0.588
10 35 1.439
10 36 3.202
10 37 0.437
10 38 2.318
10 39 0.673
10 40 1.512
10 41 1.986
10 42 0.798
10 43 2.298
10 44 1.509
10 45 1.705
10 46 2.896
10 47 2.058
10 48 0.372
10 49 2.013
10 50 0.514
10 51 0.867
10 52 1.406
10 53 1.855
10 54 0.778
10 55 1.628
10 56 1.396
10 57 2.424
10 58 1.370
10 59 2.960
10 60 2.767
10 61 3.016
10 62 1.260
10 63 1.072
10 64 1.905
10 65 2.900
10 66 0.390
10 67 0.417
10 68 2.021
10 69 1.289
10 70 1.369
10 71 0.948
10 72 1.039
10 73 2.601
10 74 1.241
10 75 1.496
10 76 0.524
10 77 0.536
10 78 2.598
10 79 1.572
10 80 0.257
10 81 1.879
10 82 3.096
10 83 1.195
10 84 1.874
10 85 2.010
10 86 2.774
10 87 1.530
10 88 0.205
10 89 1.733
10 90 0.690
10 91 2.217
10 92 3.343
10 93 1.611
10 94 0.734
10 95 0.520
10 96 2.161
10 97 1.275
10 98 1.241
10 99 1.895
11 12 2.383
11 13 1.964
11 14 1.132
11 15 2.476
11 16 1.088
11 17 0.406
11 18 1.065
11 19 1.449
11 20 1.348
11 21 2.175
11 22 0.807
11 23 2.577
11 24 1.822
11 25 2.221
11 26 1.921
11 27 0.334
11 28 1.045
11 29 1.839
11 30 0.945
11 31 2.320
11 32 1.487
11 33 2.132
11 34 0.855
11 35 1.765
11 36 3.103
11 37 1.384
11 38 2.062
11 39 1.302
11 40 2.212
11 41 2.427
11 42 1.034
11 43 3.300
11 44 2.406
11 45 2.588
11 46 2.092
11 47 1.099
11 48 1.359
11 49 2.015
11 50 1.513
11 51 0.754
11 52 1.511
11 53 1.533
11 54 0.631
11 55 0.827
11 56 1.506
11 57 2.446
11 58 1.110
11 59 2.506
11 60 2.295
11 61 2.450
11 62 1.839
11 63 1.979
11 64 2.765
11 65 2.160
11 66 1.339
11 67 0.773
11 68 1.423
11 69 1.054
11 70 2.003
11 71 0.981
11 72 1.280
11 73 2.793
11 74 2.055
11 75 2.242
11 76 0.589
11 77 0.651
11 78 2.386
11 79 1.863
11 80 1.031
11 81 1.905
11 82 2.720
11 83 1.357
11 84 1.709
11 85 2.030
11 86 2.371
11 87 1.378
11 88 1.099
11 89 0.974
11 90 0.653
11 91 1.814
11 92 2.523
11 93 2.553
11 94 1.640
11 95 1.400
11 96 2.193
11 97 1.023
11 98 2.241
11 99 2.889
12 13 1.997
12 14 1.552
12 15 3.668
12 16 1.300
12 17 2.786
12 18 1.455
12 19 0.957
12 20 1.043
12 21 2.826
12 22 2.304
12 23 2.332
12 24 2.632
12 25 0.251
12 26 2.553
12 27 2.671
12 28 1.966
12 29 1.008
12 30 2.529
12 31 4.123
12 32 3.057
12 33 0.327
12 34 1.661
12 35 2.260
12 36 4.102
12 37 0.999
12 38 3.436
12 39 1.619
12 40 1.759
12 41 2.480
12 42 1.990
12 43 1.065
12 44 1.237
12 45 1.377
12 46 4.271
12 47 3.460
12 48 1.033
12 49 2.981
12 50 0.955
12 51 2.193
12 52 2.439
12 53 3.070
12 54 2.142
12 55 3.024
12 56 2.429
12 57 3.302
12 58 2.630
12 59 4.159
12 60 3.987
12 61 4.279
12 62 1.850
12 63 1.108
12 64 1.571
12 65 4.252
12 66 1.044
12 67 1.778
12 68 3.349
12 69 2.554
12 70 1.814
12 71 2.186
12 72 2.108
12 73 3.273
12 74 1.403
12 75 1.657
12 76 1.820
12 77 1.783
12 78 3.654
12 79 2.383
12 80 1.358
12 81 2.853
12 82 4.233
12 83 2.258
12 84 2.992
12 85 2.963
12 86 3.952
12 87 2.703
12 88 1.394
12 89 3.120
12 90 2.052
12 91 3.438
12 92 4.719
12 93 0.317
12 94 0.779
12 95 1.274
12 96 3.076
12 97 2.550
12 98 0.297
12 99 0.854
13 14 0.996
13 15 1.743
13 16 1.508
13 17 2.258
13 18 1.190
13 19 1.445
13 20 1.493
13 21 0.845
13 22 1.244
13 23 0.619
13 24 0.753
13 25 1.747
13 26 0.616
13 27 2.277
13 28 0.919
13 29 2.370
13 30 2.766
13 31 2.439
13 32 1.475
13 33 1.682
13 34 2.002
13 35 0.390
13 36 2.112
13 37 1.617
13 38 1.619
13 39 0.763
13 40 0.406
13 41 0.564
13 42 0.931
13 43 2.280
13 44 0.997
13 45 1.057
13 46 2.908
13 47 2.593
13 48 1.493
13 49 1.074
13 50 1.308
13 51 1.240
13 52 0.753
13 53 1.460
13 54 1.340
13 55 2.012
13 56 0.748
13 57 1.322
13 58 1.258
13 59 2.378
13 60 2.252
13 61 2.593
13 62 0.174
13 63 0.893
13 64 1.113
13 65 2.791
13 66 1.600
13 67 1.276
13 68 1.936
13 69 1.228
13 70 0.203
13 71 1.031
13 72 0.721
13 73 1.290
13 74 0.626
13 75 0.514
13 76 1.832
13 77 1.883
13 78 1.756
13 79 0.456
13 80 1.678
13 81 0.969
13 82 2.375
13 83 0.731
13 84 1.245
13 85 1.046
13 86 2.158
13 87 1.127
13 88 1.225
13 89 2.009
13 90 1.311
13 91 1.767
13 92 3.320
13 93 2.311
13 94 1.836
13 95 0.980
13 96 1.123
13 97 1.250
13 98 1.701
13 99 1.827
14 15 2.256
14 16 0.548
14 17 1.507
14 18 0.205
14 19 0.658
14 20 0.640
14 21 1.571
14 22 0.760
14 23 1.602
14 24 1.273
14 25 1.327
14 26 1.268
14 27 1.466
14 28 0.421
14 29 1.526
14 30 1.804
14 31 2.582
14 32 1.519
14 33 1.237
14 34 1.006
14 35 0.995
14 36 2.786
14 37 0.761
14 38 1.956
14 39 0.232
14 40 1.132
14 41 1.547
14 42 0.444
14 43 2.283
14 44 1.276
14 45 1.455
14 46 2.736
14 47 2.052
14 48 0.646
14 49 1.600
14 50 0.603
14 51 0.659
14 52 0.997
14 53 1.537
14 54 0.646
14 55 1.539
14 56 0.987
14 57 1.998
14 58 1.081
14 59 2.641
14 60 2.459
14 61 2.737
14 62 0.832
14 63 0.856
14 64 1.633
14 65 2.704
14 66 0.727
14 67 0.360
14 68 1.798
14 69 1.003
14 70 0.959
14 71 0.635
14 72 0.629
14 73 2.157
14 74 0.927
14 75 1.140
14 76 0.852
14 77 0.895
14 78 2.216
14 79 1.129
14 80 0.702
14 81 1.465
14 82 2.748
14 83 0.789
14 84 1.506
14 85 1.593
14 86 2.443
14 87 1.183
14 88 0.258
14 89 1.612
14 90 0.565
14 91 1.906
14 92 3.183
14 93 1.813
14 94 1.048
14 95 0.307
14 96 1.739
14 97 0.999
14 98 1.320
14 99 1.841
15 16 2.774
15 17 2.496
15 18 2.441
15 19 2.903
15 20 2.896
15 21 0.918
15 22 1.765
15 23 1.817
15 24 1.037
15 25 3.419
15 26 1.133
15 27 2.630
15 28 1.866
15 29 3.776
15 30 3.418
15 31 1.027
15 32 0.998
15 33 3.342
15 34 3.042
15 35 1.415
15 36 0.635
15 37 3.018
15 38 0.430
15 39 2.100
15 40 2.112
15 41 1.514
15 42 1.851
15 43 4.019
15 44 2.734
15 45 2.767
15 46 1.861
15 47 2.306
15 48 2.901
15 49 0.687
15 50 2.813
15 51 1.875
15 52 1.261
15 53 0.949
15 54 2.015
15 55 1.881
15 56 1.272
15 57 0.505
15 58 1.385
15 59 0.803
15 60 0.803
15 61 1.133
15 62 1.851
15 63 2.604
15 64 2.768
15 65 1.637
15 66 2.982
15 67 2.271
15 68 1.295
15 69 1.455
15 70 1.945
15 71 1.718
15 72 1.628
15 73 0.968
15 74 2.365
15 75 2.231
15 76 2.759
15 77 2.838
15 78 0.124
15 79 1.303
15 80 2.889
15 81 0.816
15 82 0.674
15 83 1.467
15 84 0.792
15 85 0.708
15 86 0.618
15 87 1.148
15 88 2.505
15 89 1.756
15 90 2.071
15 91 0.781
15 92 2.122
15 93 3.970
15 94 3.302
15 95 2.448
15 96 0.623
15 97 1.482
15 98 3.384
15 99 3.568
16 17 1.493
16 18 0.344
16 19 0.365
16 20 0.260
16 21 2.119
16 22 1.119
16 23 2.090
16 24 1.814
16 25 1.134
16 26 1.816
16 27 1.391
16 28 0.908
16 29 1.007
16 30 1.463
16 31 2.996
16 32 1.958
16 33 1.045
16 34 0.557
16 35 1.543
16 36 3.322
16 37 0.314
16 38 2.446
16 39 0.766
16 40 1.561
16 41 2.069
16 42 0.924
16 43 2.224
16 44 1.505
16 45 1.703
16 46 3.017
16 47 2.161
16 48 0.271
16 49 2.133
16 50 0.461
16 51 0.997
16 52 1.527
16 53 1.985
16 54 0.905
16 55 1.745
16 56 1.516
16 57 2.540
16 58 1.500
16 59 3.091
16 60 2.898
16 61 3.147
16 62 1.336
16 63 1.073
16 64 1.910
16 65 3.026
16 66 0.267
16 67 0.547
16 68 2.150
16 69 1.419
16 70 1.434
16 71 1.078
16 72 1.158
16 73 2.704
16 74 1.269
16 75 1.536
16 76 0.563
16 77 0.556
16 78 2.724
16 79 1.677
16 80 0.176
16 81 1.999
16 82 3.226
16 83 1.316
16 84 2.002
16 85 2.129
16 86 2.905
16 87 1.659
16 88 0.291
16 89 1.854
16 90 0.818
16 91 2.348
16 92 3.465
16 93 1.495
16 94 0.607
16 95 0.559
16 96 2.279
16 97 1.405
16 98 1.155
16 99 1.834
17 18 1.459
17 19 1.854
17 20 1.754
17 21 2.342
17 22 1.028
17 23 2.855
17 24 1.997
17 25 2.627
17 26 2.120
17 27 0.181
17 28 1.350
17 29 2.202
17 30 1.003
17 31 2.171
17 32 1.501
17 33 2.538
17 34 1.217
17 35 2.010
17 36 3.131
17 37 1.788
17 38 2.068
17 39 1.654
17 40 2.542
17 41 2.675
17 42 1.334
17 43 3.704
17 44 2.782
17 45 2.958
17 46 1.805
17 47 0.731
17 48 1.764
17 49 2.131
17 50 1.917
17 51 1.018
17 52 1.707
17 53 1.551
17 54 0.928
17 55 0.654
17 56 1.704
17 57 2.547
17 58 1.221
17 59 2.394
17 60 2.184
17 61 2.284
17 62 2.150
17 63 2.361
17 64 3.127
17 65 1.909
17 66 1.742
17 67 1.151
17 68 1.303
17 69 1.188
17 70 2.321
17 71 1.233
17 72 1.545
17 73 2.945
17 74 2.415
17 75 2.583
17 76 0.979
17 77 1.032
17 78 2.393
17 79 2.090
17 80 1.432
17 81 2.039
17 82 2.639
17 83 1.589
17 84 1.781
17 85 2.152
17 86 2.290
17 87 1.493
17 88 1.497
17 89 0.805
17 90 0.978
17 91 1.767
17 92 2.217
17 93 2.951
17 94 2.038
17 95 1.788
17 96 2.310
17 97 1.157
17 98 2.646
17 99 3.291
18 19 0.515
18 20 0.471
18 21 1.775
18 22 0.856
18 23 1.789
18 24 1.471
18 25 1.248
18 26 1.472
18 27 1.395
18 28 0.581
18 29 1.335
18 30 1.650
18 31 2.718
18 32 1.664
18 33 1.156
18 34 0.815
18 35 1.200
18 36 2.981
18 37 0.584
18 38 2.127
18 39 0.432
18 40 1.294
18 41 1.746
18 42 0.600
18 43 2.265
18 44 1.358
18 45 1.547
18 46 2.815
18 47 2.058
18 48 0.479
18 49 1.794
18 50 0.504
18 51 0.741
18 52 1.188
18 53 1.686
18 54 0.688
18 55 1.579
18 56 1.177
18 57 2.197
18 58 1.213
18 59 2.793
18 60 2.606
18 61 2.872
18 62 1.023
18 63 0.923
18 64 1.738
18 65 2.800
18 66 0.545
18 67 0.331
18 68 1.904
18 69 1.133
18 70 1.139
18 71 0.773
18 72 0.818
18 73 2.362
18 74 1.050
18 75 1.288
18 76 0.694
18 77 0.726
18 78 2.397
18 79 1.334
18 80 0.497
18 81 1.659
18 82 2.914
18 83 0.978
18 84 1.679
18 85 1.788
18 86 2.601
18 87 1.344
18 88 0.067
18 89 1.668
18 90 0.599
18 91 2.054
18 92 3.264
18 93 1.696
18 94 0.880
18 95 0.343
18 96 1.937
18 97 1.123
18 98 1.251
18 99 1.838
19 20 0.114
19 21 2.162
19 22 1.371
19 23 1.972
19 24 1.895
19 25 0.774
19 26 1.863
19 27 1.755
19 28 1.077
19 29 0.927
19 30 1.788
19 31 3.230
19 32 2.171
19 33 0.684
19 34 0.865
19 35 1.572
19 36 3.411
19 37 0.192
19 38 2.612
19 39 0.806
19 40 1.403
19 41 2.005
19 42 1.098
19 43 1.859
19 44 1.222
19 45 1.421
19 46 3.321
19 47 2.509
19 48 0.105
19 49 2.234
19 50 0.155
19 51 1.255
19 52 1.642
19 53 2.192
19 54 1.191
19 55 2.067
19 56 1.631
19 57 2.613
19 58 1.725
19 59 3.297
19 60 3.113
19 61 3.384
19 62 1.271
19 63 0.814
19 64 1.635
19 65 3.312
19 66 0.199
19 67 0.824
19 68 2.418
19 69 1.645
19 70 1.327
19 71 1.282
19 72 1.278
19 73 2.709
19 74 1.066
19 75 1.353
19 76 0.925
19 77 0.910
19 78 2.868
19 79 1.707
19 80 0.484
19 81 2.099
19 82 3.406
19 83 1.438
19 84 2.163
19 85 2.224
19 86 3.101
19 87 1.840
19 88 0.450
19 89 2.165
19 90 1.101
19 91 2.560
19 92 3.770
19 93 1.183
19 94 0.405
19 95 0.478
19 96 2.361
19 97 1.637
19 98 0.792
19 99 1.473
20 21 2.181
20 22 1.318
20 23 2.037
20 24 1.901
20 25 0.873
20 26 1.880
20 27 1.650
20 28 1.049
20 29 0.898
20 30 1.674
20 31 3.188
20 32 2.135
20 33 0.785
20 34 0.752
20 35 1.593
20 36 3.418
20 37 0.127
20 38 2.593
20 39 0.815
20 40 1.477
20 41 2.055
20 42 1.069
20 43 1.968
20 44 1.327
20 45 1.526
20 46 3.251
20 47 2.417
20 48 0.011
20 49 2.235
20 50 0.252
20 51 1.199
20 52 1.636
20 53 2.158
20 54 1.125
20 55 1.988
20 56 1.625
20 57 2.624
20 58 1.683
20 59 3.265
20 60 3.077
20 61 3.341
20 62 1.318
20 63 0.911
20 64 1.739
20 65 3.250
20 66 0.109
20 67 0.758
20 68 2.362
20 69 1.603
20 70 1.386
20 71 1.245
20 72 1.268
20 73 2.741
20 74 1.151
20 75 1.434
20 76 0.815
20 77 0.797
20 78 2.856
20 79 1.728
20 80 0.370
20 81 2.100
20 82 3.383
20 83 1.429
20 84 2.144
20 85 2.227
20 86 3.072
20 87 1.814
20 88 0.405
20 89 2.092
20 90 1.036
20 91 2.525
20 92 3.700
20 93 1.251
20 94 0.410
20 95 0.513
20 96 2.369
20 97 1.592
20 98 0.895
20 99 1.586
21 22 1.368
21 23 0.935
21 24 0.353
21 25 2.575
21 26 0.303
21 27 2.424
21 28 1.270
21 29 3.080
21 30 3.095
21 31 1.761
21 32 1.048
21 33 2.505
21 34 2.508
21 35 0.591
21 36 1.276
21 37 2.308
21 38 0.906
21 39 1.368
21 40 1.197
21 41 0.629
21 42 1.264
21 43 3.105
21 44 1.822
21 45 1.849
21 46 2.409
21 47 2.432
21 48 2.184
21 49 0.348
21 50 2.047
21 51 1.438
21 52 0.669
21 53 1.008
21 54 1.579
21 55 1.879
21 56 0.676
21 57 0.478
21 58 1.127
21 59 1.634
21 60 1.549
21 61 1.903
21 62 0.977
21 63 1.732
21 64 1.852
21 65 2.239
21 66 2.280
21 67 1.708
21 68 1.535
21 69 1.154
21 70 1.044
21 71 1.220
21 72 0.990
21 73 0.622
21 74 1.471
21 75 1.316
21 76 2.266
21 77 2.336
21 78 0.954
21 79 0.456
21 80 2.265
21 81 0.346
21 82 1.578
21 83 0.856
21 84 0.711
21 85 0.310
21 86 1.417
21 87 0.865
21 88 1.829
21 89 1.812
21 90 1.600
21 91 1.178
21 92 2.768
21 93 3.136
21 94 2.567
21 95 1.686
21 96 0.300
21 97 1.186
21 98 2.533
21 99 2.659
22 23 1.830
22 24 1.015
22 25 2.085
22 26 1.115
22 27 1.077
22 28 0.402
22 29 2.109
22 30 1.732
22 31 1.877
22 32 0.853
22 33 1.994
22 34 1.283
22 35 0.983
22 36 2.369
22 37 1.417
22 38 1.386
22 39 0.785
22 40 1.564
22 41 1.648
22 42 0.378
22 43 3.027
22 44 1.918
22 45 2.069
22 46 1.976
22 47 1.382
22 48 1.327
22 49 1.229
22 50 1.349
22 51 0.123
22 52 0.704
22 53 0.886
22 54 0.251
22 55 0.821
22 56 0.699
22 57 1.663
22 58 0.396
22 59 1.980
22 60 1.783
22 61 2.028
22 62 1.156
22 63 1.547
22 64 2.209
22 65 1.948
22 66 1.373
22 67 0.572
22 68 1.047
22 69 0.317
22 70 1.332
22 71 0.214
22 72 0.523
22 73 1.988
22 74 1.511
22 75 1.623
22 76 0.995
22 77 1.075
22 78 1.693
22 79 1.068
22 80 1.190
22 81 1.111
22 82 2.135
22 83 0.563
22 84 0.973
22 85 1.240
22 86 1.803
22 87 0.619
22 88 0.921
22 89 0.868
22 90 0.318
22 91 1.238
22 92 2.423
22 93 2.552
22 94 1.717
22 95 1.062
22 96 1.404
22 97 0.296
22 98 2.080
22 99 2.576
23 24 1.073
23 25 2.096
23 26 0.900
23 27 2.885
23 28 1.532
23 29 2.875
23 30 3.385
23 31 2.695
23 32 1.876
23 33 2.051
23 34 2.604
23 35 0.865
23 36 2.002
23 37 2.156
23 38 1.840
23 39 1.372
23 40 0.588
23 41 0.306
23 42 1.543
23 43 2.340
23 44 1.133
23 45 1.079
23 46 3.298
23 47 3.132
23 48 2.035
23 49 1.271
23 50 1.823
23 51 1.840
23 52 1.229
23 53 1.847
23 54 1.949
23 55 2.551
23 56 1.227
23 57 1.320
23 58 1.771
23 59 2.565
23 60 2.484
23 61 2.838
23 62 0.771
23 63 1.261
23 64 1.009
23 65 3.146
23 66 2.146
23 67 1.895
23 68 2.365
23 69 1.759
23 70 0.656
23 71 1.622
23 72 1.311
23 73 1.049
23 74 0.956
23 75 0.678
23 76 2.447
23 77 2.496
23 78 1.871
23 79 0.829
23 80 2.263
23 81 1.223
23 82 2.490
23 83 1.281
23 84 1.576
23 85 1.234
23 86 2.350
23 87 1.580
23 88 1.817
23 89 2.526
23 90 1.925
23 91 2.085
23 92 3.678
23 93 2.648
23 94 2.337
23 95 1.539
23 96 1.228
23 97 1.785
23 98 2.038
23 99 1.932
24 25 2.382
24 26 0.173
24 27 2.074
24 28 0.937
24 29 2.796
24 30 2.743
24 31 1.691
24 32 0.804
24 33 2.306
24 34 2.175
24 35 0.385
24 36 1.517
24 37 2.026
24 38 0.866
24 39 1.089
24 40 1.154
24 41 0.796
24 42 0.929
24 43 3.025
24 44 1.746
24 45 1.810
24 46 2.228
24 47 2.128
24 48 1.905
24 49 0.349
24 50 1.793
24 51 1.086
24 52 0.318
24 53 0.774
24 54 1.228
24 55 1.561
24 56 0.326
24 57 0.726
24 58 0.791
24 59 1.625
24 60 1.499
24 61 1.843
24 62 0.831
24 63 1.574
24 64 1.854
24 65 2.085
24 66 1.995
24 67 1.375
24 68 1.295
24 69 0.810
24 70 0.951
24 71 0.870
24 72 0.662
24 73 0.974
24 74 1.353
24 75 1.266
24 76 1.925
24 77 1.996
24 78 1.029
24 79 0.299
24 80 1.952
24 81 0.224
24 82 1.635
24 83 0.516
24 84 0.512
24 85 0.333
24 86 1.405
24 87 0.545
24 88 1.530
24 89 1.508
24 90 1.251
24 91 1.034
24 92 2.618
24 93 2.934
24 94 2.299
24 95 1.427
24 96 0.467
24 97 0.842
24 98 2.348
24 99 2.567
25 26 2.302
25 27 2.522
25 28 1.736
25 29 1.056
25 30 2.453
25 31 3.887
25 32 2.821
25 33 0.092
25 34 1.555
25 35 2.009
25 36 3.850
25 37 0.855
25 38 3.190
25 39 1.380
25 40 1.518
25 41 2.235
25 42 1.760
25 43 1.118
25 44 1.023
25 45 1.179
25 46 4.058
25 47 3.282
25 48 0.863
25 49 2.731
25 50 0.744
25 51 1.978
25 52 2.193
25 53 2.833
25 54 1.935
25 55 2.826
25 56 2.183
25 57 3.051
25 58 2.401
25 59 3.917
25 60 3.747
25 61 4.044
25 62 1.599
25 63 0.860
25 64 1.383
25 65 4.032
25 66 0.896
25 67 1.576
25 68 3.125
25 69 2.326
25 70 1.565
25 71 1.958
25 72 1.866
25 73 3.025
25 74 1.158
25 75 1.418
25 76 1.678
25 77 1.650
25 78 3.405
25 79 2.132
25 80 1.218
25 81 2.603
25 82 3.987
25 83 2.015
25 84 2.748
25 85 2.712
25 86 3.708
25 87 2.464
25 88 1.190
25 89 2.916
25 90 1.847
25 91 3.200
25 92 4.506
25 93 0.564
25 94 0.698
25 95 1.040
25 96 2.825
25 97 2.323
25 98 0.068
25 99 0.807
26 27 2.187
26 28 0.976
26 29 2.778
26 30 2.826
26 31 1.849
26 32 0.976
26 33 2.229
26 34 2.212
26 35 0.296
26 36 1.559
26 37 2.006
26 38 1.011
26 39 1.066
26 40 1.007
26 41 0.626
26 42 0.973
26 43 2.897
26 44 1.613
26 45 1.665
26 46 2.400
26 47 2.284
26 48 1.883
26 49 0.458
26 50 1.751
26 51 1.172
26 52 0.413
26 53 0.947
26 54 1.309
26 55 1.712
26 56 0.418
26 57 0.756
26 58 0.934
26 59 1.768
26 60 1.652
26 61 1.999
26 62 0.719
26 63 1.474
26 64 1.699
26 65 2.256
26 66 1.978
26 67 1.414
26 68 1.467
26 69 0.944
26 70 0.818
26 71 0.948
26 72 0.696
26 73 0.907
26 74 1.234
26 75 1.122
26 76 1.976
26 77 2.044
26 78 1.141
26 79 0.171
26 80 1.963
26 81 0.359
26 82 1.759
26 83 0.574
26 84 0.682
26 85 0.430
26 86 1.548
26 87 0.703
26 88 1.526
26 89 1.667
26 90 1.322
26 91 1.202
26 92 2.789
26 93 2.860
26 94 2.268
26 95 1.388
26 96 0.523
26 97 0.974
26 98 2.264
26 99 2.442
27 28 1.360
27 29 2.047
27 30 0.831
27 31 2.342
27 32 1.632
27 33 2.435
27 34 1.068
27 35 2.056
27 36 3.264
27 37 1.674
27 38 2.204
27 39 1.633
27 40 2.539
27 41 2.721
27 42 1.346
27 43 3.613
27 44 2.740
27 45 2.921
27 46 1.985
27 47 0.900
27 48 1.661
27 49 2.232
27 50 1.830
27 51 1.047
27 52 1.774
27 53 1.682
27 54 0.938
27 55 0.820
27 56 1.770
27 57 2.655
27 58 1.317
27 59 2.559
27 60 2.349
27 61 2.458
27 62 2.159
27 63 2.311
27 64 3.098
27 65 2.090
27 66 1.630
27 67 1.106
27 68 1.466
27 69 1.276
27 70 2.325
27 71 1.271
27 72 1.578
27 73 3.035
27 74 2.388
27 75 2.572
27 76 0.852
27 77 0.897
27 78 2.530
27 79 2.145
27 80 1.313
27 81 2.133
27 82 2.798
27 83 1.639
27 84 1.896
27 85 2.251
27 86 2.449
27 87 1.591
27 88 1.426
27 89 0.973
27 90 0.973
27 91 1.916
27 92 2.395
27 93 2.822
27 94 1.911
27 95 1.732
27 96 2.412
27 97 1.244
27 98 2.546
27 99 3.210
28 29 1.912
28 30 1.883
28 31 2.162
28 32 1.098
28 33 1.647
28 34 1.239
28 35 0.756
28 36 2.422
28 37 1.165
28 38 1.545
28 39 0.387
28 40 1.194
28 41 1.399
28 42 0.025
28 43 2.637
28 44 1.517
28 45 1.670
28 46 2.353
28 47 1.777
28 48 1.056
28 49 1.236
28 50 1.022
28 51 0.347
28 52 0.631
28 53 1.116
28 54 0.423
28 55 1.222
28 56 0.621
28 57 1.655
28 58 0.665
28 59 2.221
28 60 2.038
28 61 2.317
28 62 0.801
28 63 1.147
28 64 1.816
28 65 2.306
28 66 1.126
28 67 0.439
28 68 1.396
28 69 0.590
28 70 0.971
28 71 0.225
28 72 0.280
28 73 1.884
28 74 1.113
28 75 1.242
28 76 1.001
28 77 1.068
28 78 1.818
28 79 0.874
28 80 1.028
28 81 1.103
28 82 2.334
28 83 0.422
28 84 1.098
28 85 1.235
28 86 2.024
28 87 0.765
28 88 0.647
28 89 1.268
28 90 0.393
28 91 1.485
28 92 2.797
28 93 2.232
28 94 1.459
28 95 0.696
28 96 1.390
28 97 0.590
28 98 1.723
28 99 2.183
29 30 1.666
29 31 3.979
29 32 2.958
29 33 1.026
29 34 0.987
29 35 2.491
29 36 4.312
29 37 0.772
29 38 3.452
29 39 1.713
29 40 2.293
29 41 2.927
29 42 1.929
29 43 2.064
29 44 1.971
29 45 2.156
29 46 3.912
29 47 2.929
29 48 0.896
29 49 3.126
29 50 1.063
29 51 1.986
29 52 2.522
29 53 2.987
29 54 1.878
29 55 2.625
29 56 2.511
29 57 3.521
29 58 2.498
29 59 4.088
29 60 3.892
29 61 4.127
29 62 2.197
29 63 1.644
29 64 2.372
29 65 3.951
29 66 0.801
29 67 1.541
29 68 3.110
29 69 2.417
29 70 2.243
29 71 2.083
29 72 2.152
29 73 3.635
29 74 1.935
29 75 2.226
29 76 1.260
29 77 1.190
29 78 3.730
29 79 2.626
29 80 0.920
29 81 2.991
29 82 4.231
29 83 2.312
29 84 3.008
29 85 3.119
29 86 3.907
29 87 2.665
29 88 1.273
29 89 2.755
29 90 1.796
29 91 3.346
29 92 4.351
29 93 0.963
29 94 0.538
29 95 1.403
29 96 3.263
29 97 2.401
29 98 1.121
29 99 1.845
30 31 3.173
30 32 2.423
30 33 2.379
30 34 0.922
30 35 2.636
30 36 4.047
30 37 1.634
30 38 3.000
30 39 2.024
30 40 2.936
30 41 3.279
30 42 1.879
30 43 3.570
30 44 2.967
30 45 3.163
30 46 2.765
30 47 1.635
30 48 1.683
30 49 2.955
30 50 1.914
30 51 1.657
30 52 2.426
30 53 2.471
30 54 1.517
30 55 1.651
30 56 2.420
30 57 3.388
30 58 2.055
30 59 3.389
30 60 3.178
30 61 3.287
30 62 2.617
30 63 2.531
30 64 3.366
30 65 2.893
30 66 1.603
30 67 1.490
30 68 2.295
30 69 1.997
30 70 2.759
30 71 1.878
30 72 2.149
30 73 3.717
30 74 2.696
30 75 2.937
30 76 0.956
30 77 0.927
30 78 3.325
30 79 2.747
30 80 1.308
30 81 2.842
30 82 3.624
30 83 2.253
30 84 2.654
30 85 2.968
30 86 3.274
30 87 2.321
30 88 1.647
30 89 1.804
30 90 1.507
30 91 2.732
30 92 3.150
30 93 2.589
30 94 1.760
30 95 1.977
30 96 3.132
30 97 1.967
30 98 2.496
30 99 3.234
31 32 1.066
31 33 3.800
31 34 3.084
31 35 2.053
31 36 1.461
31 37 3.291
31 38 0.855
31 39 2.507
31 40 2.843
31 41 2.390
31 42 2.139
31 43 4.675
31 44 3.416
31 45 3.495
31 46 0.898
31 47 1.705
31 48 3.195
31 49 1.425
31 50 3.184
31 51 1.999
31 52 1.743
31 53 1.055
31 54 2.101
31 55 1.523
31 56 1.753
31 57 1.486
31 58 1.505
31 59 0.310
31 60 0.225
31 61 0.157
31 62 2.491
31 63 3.178
31 64 3.545
31 65 0.651
31 66 3.248
31 67 2.449
31 68 0.899
31 69 1.585
31 70 2.631
31 71 1.949
31 72 2.026
31 73 1.984
31 74 3.006
31 75 2.953
31 76 2.782
31 77 2.863
31 78 0.918
31 79 1.989
31 80 3.060
31 81 1.493
31 82 0.611
31 83 1.888
31 84 1.198
31 85 1.461
31 86 0.412
31 87 1.426
31 88 2.785
31 89 1.370
31 90 2.184
31 91 0.692
31 92 1.099
31 93 4.394
31 94 3.591
31 95 2.849
31 96 1.479
31 97 1.595
31 98 3.868
31 99 4.213
32 33 2.734
32 34 2.125
32 35 1.087
32 36 1.632
32 37 2.243
32 38 0.576
32 39 1.442
32 40 1.877
32 41 1.599
32 42 1.075
32 43 3.637
32 44 2.404
32 45 2.506
32 46 1.436
32 47 1.415
32 48 2.142
32 49 0.734
32 50 2.120
32 51 0.975
32 52 0.727
32 53 0.051
32 54 1.097
32 55 0.913
32 56 0.735
32 57 1.090
32 58 0.459
32 59 1.132
32 60 0.943
32 61 1.223
32 62 1.490
32 63 2.131
32 64 2.585
32 65 1.317
32 66 2.201
32 67 1.417
32 68 0.493
32 69 0.540
32 70 1.648
32 71 0.890
32 72 0.965
32 73 1.555
32 74 1.986
32 75 1.976
32 76 1.828
32 77 1.910
32 78 0.902
32 79 1.066
32 80 2.041
32 81 0.702
32 82 1.283
32 83 0.837
32 84 0.343
32 85 0.766
32 86 0.950
32 87 0.370
32 88 1.730
32 89 0.810
32 90 1.170
32 91 0.390
32 92 1.845
32 93 3.329
32 94 2.542
32 95 1.783
32 96 0.895
32 97 0.557
32 98 2.803
32 99 3.175
33 34 1.476
33 35 1.935
33 36 3.781
33 37 0.771
33 38 3.108
33 39 1.294
33 40 1.469
33 41 2.181
33 42 1.671
33 43 1.197
33 44 1.002
33 45 1.168
33 46 3.967
33 47 3.191
33 48 0.774
33 49 2.655
33 50 0.652
33 51 1.887
33 52 2.112
33 53 2.746
33 54 1.844
33 55 2.734
33 56 2.101
33 57 2.980
33 58 2.312
33 59 3.832
33 60 3.662
33 61 3.957
33 62 1.531
33 63 0.803
33 64 1.377
33 65 3.941
33 66 0.811
33 67 1.484
33 68 3.035
33 69 2.236
33 70 1.505
33 71 1.868
33 72 1.782
33 73 2.966
33 74 1.105
33 75 1.373
33 76 1.593
33 77 1.566
33 78 3.327
33 79 2.059
33 80 1.133
33 81 2.526
33 82 3.906
33 83 1.931
33 84 2.665
33 85 2.637
33 86 3.625
33 87 2.379
33 88 1.098
33 89 2.824
33 90 1.755
33 91 3.114
33 92 4.415
33 93 0.631
33 94 0.632
33 95 0.952
33 96 2.751
33 97 2.234
33 98 0.117
33 99 0.866
34 35 1.967
34 36 3.632
34 37 0.715
34 38 2.669
34 39 1.239
34 40 2.100
34 41 2.552
34 42 1.246
34 43 2.672
34 44 2.059
34 45 2.258
34 46 2.940
34 47 1.942
34 48 0.761
34 49 2.458
34 50 0.995
34 51 1.168
34 52 1.863
34 53 2.162
34 54 1.033
34 55 1.659
34 56 1.854
34 57 2.886
34 58 1.676
34 59 3.229
34 60 3.024
34 61 3.224
34 62 1.837
34 63 1.628
34 64 2.465
34 65 2.994
34 66 0.683
34 67 0.800
34 68 2.193
34 69 1.599
34 70 1.953
34 71 1.334
34 72 1.518
34 73 3.118
34 74 1.822
34 75 2.083
34 76 0.302
34 77 0.221
34 78 2.974
34 79 2.095
34 80 0.390
34 81 2.329
34 82 3.406
34 83 1.659
34 84 2.250
34 85 2.461
34 86 3.066
34 87 1.895
34 88 0.791
34 89 1.796
34 90 0.971
34 91 2.498
34 92 3.375
34 93 1.775
34 94 0.882
34 95 1.104
34 96 2.621
34 97 1.576
34 98 1.592
34 99 2.319
35 36 1.855
35 37 1.719
35 38 1.246
35 39 0.782
35 40 0.796
35 41 0.666
35 42 0.758
35 43 2.642
35 44 1.367
35 45 1.442
35 46 2.522
35 47 2.268
35 48 1.595
35 49 0.729
35 50 1.457
35 51 1.012
35 52 0.377
35 53 1.070
35 54 1.137
35 55 1.686
35 56 0.373
35 57 1.053
35 58 0.910
35 59 2.004
35 60 1.870
35 61 2.208
35 62 0.447
35 63 1.191
35 64 1.504
35 65 2.401
35 66 1.693
35 67 1.180
35 68 1.555
35 69 0.895
35 70 0.578
35 71 0.786
35 72 0.489
35 73 1.162
35 74 0.969
35 75 0.901
35 76 1.749
35 77 1.813
35 78 1.413
35 79 0.136
35 80 1.696
35 81 0.609
35 82 2.020
35 83 0.422
35 84 0.856
35 85 0.707
35 86 1.785
35 87 0.747
35 88 1.251
35 89 1.667
35 90 1.132
35 91 1.378
35 92 2.931
35 93 2.566
35 94 1.976
35 95 1.095
35 96 0.816
35 97 0.920
35 98 1.972
35 99 2.183
36 37 3.543
36 38 1.065
36 39 2.606
36 40 2.427
36 41 1.733
36 42 2.410
36 43 4.320
36 44 3.055
36 45 3.049
36 46 2.354
36 47 2.922
36 48 3.422
36 49 1.188
36 50 3.306
36 51 2.474
36 52 1.795
36 53 1.582
36 54 2.616
36 55 2.515
36 56 1.806
36 57 0.803
36 58 2.002
36 59 1.165
36 60 1.265
36 61 1.516
36 62 2.252
36 63 3.004
36 64 3.007
36 65 2.111
36 66 3.511
36 67 2.846
36 68 1.916
36 69 2.068
36 70 2.306
36 71 2.299
36 72 2.164
36 73 0.966
36 74 2.733
36 75 2.546
36 76 3.357
36 77 3.435
36 78 0.743
36 79 1.726
36 80 3.450
36 81 1.323
36 82 0.897
36 83 2.006
36 84 1.401
36 85 1.193
36 86 1.072
36 87 1.750
36 88 3.042
36 89 2.387
36 90 2.666
36 91 1.402
36 92 2.537
36 93 4.412
36 94 3.816
36 95 2.941
36 96 1.050
36 97 2.096
36 98 3.809
36 99 3.889
37 38 2.710
37 39 0.941
37 40 1.591
37 41 2.179
37 42 1.184
37 43 1.966
37 44 1.408
37 45 1.607
37 46 3.331
37 47 2.468
37 48 0.125
37 49 2.359
37 50 0.347
37 51 1.296
37 52 1.759
37 53 2.267
37 54 1.213
37 55 2.059
37 56 1.748
37 57 2.750
37 58 1.789
37 59 3.375
37 60 3.185
37 61 3.443
37 62 1.443
37 63 1.005
37 64 1.822
37 65 3.337
37 66 0.047
37 67 0.849
37 68 2.456
37 69 1.708
37 70 1.507
37 71 1.354
37 72 1.390
37 73 2.868
37 74 1.257
37 75 1.544
37 76 0.825
37 77 0.796
37 78 2.976
37 79 1.855
37 80 0.364
37 81 2.224
37 82 3.498
37 83 1.551
37 84 2.261
37 85 2.351
37 86 3.184
37 87 1.928
37 88 0.518
37 89 2.168
37 90 1.125
37 91 2.634
37 92 3.779
37 93 1.182
37 94 0.300
37 95 0.639
37 96 2.494
37 97 1.696
37 98 0.886
37 99 1.604
38 39 1.828
38 40 2.017
38 41 1.535
38 42 1.527
38 43 3.889
38 44 2.612
38 45 2.674
38 46 1.563
38 47 1.887
38 48 2.599
38 49 0.572
38 50 2.538
38 51 1.503
38 52 0.997
38 53 0.529
38 54 1.637
38 55 1.451
38 56 1.007
38 57 0.692
38 58 0.995
38 59 0.759
38 60 0.646
38 61 0.999
38 62 1.693
38 63 2.419
38 64 2.709
38 65 1.367
38 66 2.671
38 67 1.922
38 68 0.877
38 69 1.070
38 70 1.817
38 71 1.371
38 72 1.340
38 73 1.204
38 74 2.215
38 75 2.130
38 76 2.379
38 77 2.459
38 78 0.326
38 79 1.164
38 80 2.548
38 81 0.653
38 82 0.798
38 83 1.183
38 84 0.450
38 85 0.607
38 86 0.539
38 87 0.788
38 88 2.192
38 89 1.327
38 90 1.701
38 91 0.373
38 92 1.886
38 93 3.726
38 94 3.002
38 95 2.180
38 96 0.629
38 97 1.094
38 98 3.162
38 99 3.429
39 40 0.922
39 41 1.315
39 42 0.412
39 43 2.250
39 44 1.147
39 45 1.312
39 46 2.738
39 47 2.143
39 48 0.818
39 49 1.428
39 50 0.713
39 51 0.711
39 52 0.841
39 53 1.453
39 54 0.743
39 55 1.601
39 56 0.830
39 57 1.810
39 58 1.036
39 59 2.541
39 60 2.368
39 61 2.664
39 62 0.601
39 63 0.762
39 64 1.474
39 65 2.685
39 66 0.912
39 67 0.546
39 68 1.775
39 69 0.966
39 70 0.735
39 71 0.609
39 72 0.490
39 73 1.941
39 74 0.762
39 75 0.942
39 76 1.076
39 77 1.123
39 78 2.070
39 79 0.918
39 80 0.928
39 81 1.294
39 82 2.626
39 83 0.646
39 84 1.380
39 85 1.417
39 86 2.336
39 87 1.085
39 88 0.475
39 89 1.653
39 90 0.679
39 91 1.820
39 92 3.181
39 93 1.901
39 94 1.210
39 95 0.351
39 96 1.556
39 97 0.969
39 98 1.361
39 99 1.796
40 41 0.727
40 42 1.212
40 43 1.909
40 44 0.629
40 45 0.659
40 46 3.307
40 47 2.939
40 48 1.474
40 49 1.461
40 50 1.251
40 51 1.537
40 52 1.152
40 53 1.863
40 54 1.614
40 55 2.363
40 56 1.146
40 57 1.663
40 58 1.634
40 59 2.774
40 60 2.653
40 61 2.996
40 62 0.414
40 63 0.673
40 64 0.708
40 65 3.194
40 66 1.586
40 67 1.468
40 68 2.331
40 69 1.596
40 70 0.238
40 71 1.350
40 72 1.058
40 73 1.533
40 74 0.367
40 75 0.120
40 76 1.982
40 77 2.019
40 78 2.136
40 79 0.855
40 80 1.737
40 81 1.364
40 82 2.759
40 83 1.103
40 84 1.650
40 85 1.430
40 86 2.554
40 87 1.524
40 88 1.310
40 89 2.374
40 90 1.568
40 91 2.173
40 92 3.722
40 93 2.076
40 94 1.756
40 95 1.002
40 96 1.490
40 97 1.615
40 98 1.463
40 99 1.466
41 42 1.405
41 43 2.588
41 44 1.338
41 45 1.317
41 46 3.008
41 47 2.899
41 48 2.055
41 49 0.969
41 50 1.864
41 51 1.676
41 52 0.996
41 53 1.567
41 54 1.797
41 55 2.322
41 56 0.996
41 57 1.022
41 58 1.539
41 59 2.259
41 60 2.178
41 61 2.532
41 62 0.738
41 63 1.378
41 64 1.278
41 65 2.851
41 66 2.163
41 67 1.798
41 68 2.091
41 69 1.536
41 70 0.690
41 71 1.451
41 72 1.147
41 73 0.809
41 74 1.078
41 75 0.840
41 76 2.365
41 77 2.421
41 78 1.566
41 79 0.593
41 80 2.238
41 81 0.927
41 82 2.186
41 83 1.086
41 84 1.287
41 85 0.931
41 86 2.043
41 87 1.325
41 88 1.784
41 89 2.285
41 90 1.786
41 91 1.788
41 92 3.383
41 93 2.797
41 94 2.391
41 95 1.543
41 96 0.922
41 97 1.565
41 98 2.183
41 99 2.163
42 43 2.662
42 44 1.540
42 45 1.693
42 46 2.328
42 47 1.755
42 48 1.076
42 49 1.224
42 50 1.045
42 51 0.326
42 52 0.620
42 53 1.094
42 54 0.409
42 55 1.199
42 56 0.611
42 57 1.645
42 58 0.641
42 59 2.199
42 60 2.016
42 61 2.294
42 62 0.817
42 63 1.172
42 64 1.837
42 65 2.281
42 66 1.145
42 67 0.446
42 68 1.371
42 69 0.566
42 70 0.988
42 71 0.200
42 72 0.277
42 73 1.880
42 74 1.135
42 75 1.262
42 76 1.003
42 77 1.072
42 78 1.801
42 79 0.874
42 80 1.041
42 81 1.091
42 82 2.314
42 83 0.413
42 84 1.080
42 85 1.224
42 86 2.004
42 87 0.745
42 88 0.666
42 89 1.244
42 90 0.383
42 91 1.463
42 92 2.772
42 93 2.256
42 94 1.479
42 95 0.721
42 96 1.380
42 97 0.565
42 98 1.747
42 99 2.208
43 44 1.285
43 45 1.271
43 46 4.987
43 47 4.322
43 48 1.957
43 49 3.354
43 50 1.787
43 51 2.938
43 52 2.932
43 53 3.637
43 54 2.927
43 55 3.822
43 56 2.923
43 57 3.570
43 58 3.275
43 59 4.645
43 60 4.504
43 61 4.832
43 62 2.196
43 63 1.509
43 64 1.340
43 65 4.925
43 66 2.005
43 67 2.594
43 68 4.018
43 69 3.210
43 70 2.078
43 71 2.860
43 72 2.681
43 73 3.386
43 74 1.674
43 75 1.789
43 76 2.782
43 77 2.760
43 78 4.037
43 79 2.733
43 80 2.326
43 81 3.246
43 82 4.655
43 83 2.801
43 84 3.482
43 85 3.326
43 86 4.427
43 87 3.267
43 88 2.218
43 89 3.891
43 90 2.843
43 91 3.985
43 92 5.428
43 93 1.148
43 94 1.811
43 95 1.976
43 96 3.396
43 97 3.215
43 98 1.081
43 99 0.462
44 45 0.199
44 46 3.803
44 47 3.290
44 48 1.320
44 49 2.071
44 50 1.075
44 51 1.855
44 52 1.682
44 53 2.398
44 54 1.889
44 55 2.739
44 56 1.673
44 57 2.291
44 58 2.089
44 59 3.370
44 60 3.237
44 61 3.572
44 62 0.926
44 63 0.438
44 64 0.414
44 65 3.714
44 66 1.422
44 67 1.634
44 68 2.822
44 69 2.035
44 70 0.796
44 71 1.721
44 72 1.484
44 73 2.147
44 74 0.421
44 75 0.509
44 76 2.031
44 77 2.045
44 78 2.752
44 79 1.451
44 80 1.669
44 81 1.965
44 82 3.372
44 83 1.578
44 84 2.218
44 85 2.042
44 86 3.151
44 87 2.037
44 88 1.342
44 89 2.779
44 90 1.821
44 91 2.732
44 92 4.233
44 93 1.545
44 94 1.469
44 95 1.015
44 96 2.112
44 97 2.047
44 98 0.958
44 99 0.837
45 46 3.920
45 47 3.447
45 48 1.519
45 49 2.120
45 50 1.274
45 51 2.013
45 52 1.779
45 53 2.496
45 54 2.055
45 55 2.889
45 56 1.771
45 57 2.306
45 58 2.215
45 59 3.432
45 60 3.309
45 61 3.649
45 62 1.016
45 63 0.633
45 64 0.217
45 65 3.821
45 66 1.621
45 67 1.815
45 68 2.939
45 69 2.165
45 70 0.865
45 71 1.866
45 72 1.613
45 73 2.118
45 74 0.557
45 75 0.544
45 76 2.225
45 77 2.241
45 78 2.793
45 79 1.511
45 80 1.868
45 81 2.023
45 82 3.417
45 83 1.694
45 84 2.298
45 85 2.089
45 86 3.213
45 87 2.142
45 88 1.534
45 89 2.922
45 90 1.990
45 91 2.818
45 92 4.344
45 93 1.676
45 94 1.661
45 95 1.205
45 96 2.145
45 97 2.179
45 98 1.112
45 99 0.853
46 47 1.136
46 48 3.261
46 49 2.063
46 50 3.317
46 51 2.080
46 52 2.155
46 53 1.458
46 54 2.130
46 55 1.287
46 56 2.161
46 57 2.253
46 58 1.718
46 59 1.206
46 60 1.090
46 61 0.884
46 62 2.909
46 63 3.484
46 64 4.012
46 65 0.252
46 66 3.284
46 67 2.497
46 68 0.981
46 69 1.779
46 70 3.074
46 71 2.129
46 72 2.321
46 73 2.766
46 74 3.382
46 75 3.402
46 76 2.653
46 77 2.726
46 78 1.741
46 79 2.501
46 80 3.030
46 81 2.082
46 82 1.503
46 83 2.227
46 84 1.722
46 85 2.100
46 86 1.285
46 87 1.783
46 88 2.877
46 89 1.165
46 90 2.220
46 91 1.234
46 92 0.449
46 93 4.502
46 94 3.623
46 95 3.037
46 96 2.171
46 97 1.772
46 98 4.055
46 99 4.530
47 48 2.428
47 49 2.144
47 50 2.548
47 51 1.434
47 52 1.906
47 53 1.464
47 54 1.409
47 55 0.582
47 56 1.907
47 57 2.500
47 58 1.362
47 59 1.980
47 60 1.785
47 61 1.784
47 62 2.526
47 63 2.897
47 64 3.591
47 65 1.290
47 66 2.421
47 67 1.728
47 68 1.011
47 69 1.374
47 70 2.703
47 71 1.592
47 72 1.882
47 73 2.970
47 74 2.890
47 75 3.003
47 76 1.688
47 77 1.749
47 78 2.187
47 79 2.310
47 80 2.124
47 81 2.091
47 82 2.262
47 83 1.864
47 84 1.754
47 85 2.174
47 86 1.935
47 87 1.583
47 88 2.107
47 89 0.620
47 90 1.487
47 91 1.524
47 92 1.516
47 93 3.645
47 94 2.735
47 95 2.355
47 96 2.310
47 97 1.349
47 98 3.294
47 99 3.889
48 49 2.240
48 50 0.246
48 51 1.208
48 52 1.641
48 53 2.165
48 54 1.134
48 55 1.998
48 56 1.630
48 57 2.628
48 58 1.691
48 59 3.272
48 60 3.085
48 61 3.349
48 62 1.318
48 63 0.905
48 64 1.732
48 65 3.259
48 66 0.111
48 67 0.767
48 68 2.371
48 69 1.611
48 70 1.385
48 71 1.252
48 72 1.273
48 73 2.743
48 74 1.146
48 75 1.430
48 76 0.825
48 77 0.808
48 78 2.862
48 79 1.731
48 80 0.379
48 81 2.105
48 82 3.390
48 83 1.434
48 84 2.150
48 85 2.231
48 86 3.079
48 87 1.820
48 88 0.412
48 89 2.101
48 90 1.045
48 91 2.532
48 92 3.709
48 93 1.242
48 94 0.403
48 95 0.514
48 96 2.373
48 97 1.600
48 98 0.885
48 99 1.575
49 50 2.137
49 51 1.321
49 52 0.607
49 53 0.689
49 54 1.465
49 55 1.612
49 56 0.617
49 57 0.435
49 58 0.915
49 59 1.319
49 60 1.218
49 61 1.570
49 62 1.170
49 63 1.920
49 64 2.145
49 65 1.891
49 66 2.326
49 67 1.664
49 68 1.209
49 69 0.962
49 70 1.276
49 71 1.127
49 72 0.976
49 73 0.830
49 74 1.689
49 75 1.577
49 76 2.193
49 77 2.268
49 78 0.685
49 79 0.623
49 80 2.263
49 81 0.135
49 82 1.301
49 83 0.818
49 84 0.391
49 85 0.038
49 86 1.100
49 87 0.642
49 88 1.855
49 89 1.529
49 90 1.504
49 91 0.830
49 92 2.421
49 93 3.283
49 94 2.637
49 95 1.771
49 96 0.179
49 97 0.993
49 98 2.697
49 99 2.899
50 51 1.239
50 52 1.554
50 53 2.137
50 54 1.191
50 55 2.082
50 56 1.543
50 57 2.505
50 58 1.683
50 59 3.238
50 60 3.058
50 61 3.339
50 62 1.135
50 63 0.661
50 64 1.487
50 65 3.297
50 66 0.351
50 67 0.833
50 68 2.394
50 69 1.605
50 70 1.182
50 71 1.238
50 72 1.198
50 73 2.582
50 74 0.911
50 75 1.199
50 76 1.022
50 77 1.017
50 78 2.783
50 79 1.591
50 80 0.606
50 81 2.003
50 82 3.335
50 83 1.357
50 84 2.089
50 85 2.124
50 86 3.037
50 87 1.778
50 88 0.446
50 89 2.172
50 90 1.103
50 91 2.506
50 92 3.765
50 93 1.210
50 94 0.529
50 95 0.366
50 96 2.257
50 97 1.600
50 98 0.749
50 99 1.381
51 52 0.769
51 53 1.007
51 54 0.144
51 55 0.891
51 56 0.762
51 57 1.755
51 58 0.517
51 59 2.103
51 60 1.906
51 61 2.150
51 62 1.137
51 63 1.471
51 64 2.162
51 65 2.059
51 66 1.252
51 67 0.450
51 68 1.163
51 69 0.437
51 70 1.310
51 71 0.227
51 72 0.531
51 73 2.060
51 74 1.457
51 75 1.588
51 76 0.884
51 77 0.963
51 78 1.806
51 79 1.109
51 80 1.067
51 81 1.199
51 82 2.256
51 83 0.604
51 84 1.083
51 85 1.330
51 86 1.925
51 87 0.728
51 88 0.806
51 89 0.954
51 90 0.198
51 91 1.361
51 92 2.528
51 93 2.437
51 94 1.596
51 95 0.965
51 96 1.493
51 97 0.418
51 98 1.975
51 99 2.490
52 53 0.717
52 54 0.910
52 55 1.327
52 56 0.011
52 57 1.024
52 58 0.544
52 59 1.733
52 60 1.578
52 61 1.900
52 62 0.763
52 63 1.438
52 64 1.859
52 65 2.044
52 66 1.724
52 67 1.064
52 68 1.182
52 69 0.541
52 70 0.921
52 71 0.552
52 72 0.370
52 73 1.291
52 74 1.267
52 75 1.249
52 76 1.609
52 77 1.681
52 78 1.228
52 79 0.404
52 80 1.656
52 81 0.473
52 82 1.794
52 83 0.211
52 84 0.558
52 85 0.604
52 86 1.520
52 87 0.373
52 88 1.250
52 89 1.298
52 90 0.933
52 91 1.053
52 92 2.571
52 93 2.731
52 94 2.041
52 95 1.191
52 96 0.760
52 97 0.570
52 98 2.166
52 99 2.470
53 54 1.132
53 55 0.963
53 56 0.726
53 57 1.040
53 58 0.490
53 59 1.107
53 60 0.922
53 61 1.212
53 62 1.480
53 63 2.133
53 64 2.572
53 65 1.331
53 66 2.226
53 67 1.446
53 68 0.528
53 69 0.571
53 70 1.636
53 71 0.913
53 72 0.972
53 73 1.507
53 74 1.981
53 75 1.964
53 76 1.867
53 77 1.948
53 78 0.854
53 79 1.043
53 80 2.071
53 81 0.662
53 82 1.249
53 83 0.838
53 84 0.299
53 85 0.722
53 86 0.920
53 87 0.372
53 88 1.753
53 89 0.860
53 90 1.204
53 91 0.369
53 92 1.861
53 93 3.345
53 94 2.566
53 95 1.796
53 96 0.848
53 97 0.590
53 98 2.814
53 99 3.175
54 55 0.897
54 56 0.903
54 57 1.899
54 58 0.644
54 59 2.218
54 60 2.018
54 61 2.250
54 62 1.224
54 63 1.489
54 64 2.214
54 65 2.125
54 66 1.168
54 67 0.367
54 68 1.244
54 69 0.566
54 70 1.393
54 71 0.361
54 72 0.650
54 73 2.201
54 74 1.503
54 75 1.656
54 76 0.744
54 77 0.824
54 78 1.943
54 79 1.239
54 80 0.958
54 81 1.343
54 82 2.381
54 83 0.737
54 84 1.222
54 85 1.474
54 86 2.045
54 87 0.868
54 88 0.748
54 89 0.980
54 90 0.090
54 91 1.479
54 92 2.579
54 93 2.373
54 94 1.511
54 95 0.952
54 96 1.637
54 97 0.544
54 98 1.937
54 99 2.486
55 56 1.327
55 57 1.998
55 58 0.783
55 59 1.740
55 60 1.530
55 61 1.643
55 62 1.949
55 63 2.362
55 64 3.025
55 65 1.336
55 66 2.012
55 67 1.249
55 68 0.650
55 69 0.792
55 70 2.126
55 71 1.024
55 72 1.305
55 73 2.442
55 74 2.332
55 75 2.431
55 76 1.368
55 77 1.443
55 78 1.772
55 79 1.731
55 80 1.747
55 81 1.545
55 82 1.985
55 83 1.282
55 84 1.232
55 85 1.640
55 86 1.637
55 87 1.018
55 88 1.636
55 89 0.153
55 90 0.983
55 91 1.127
55 92 1.729
55 93 3.238
55 94 2.346
55 95 1.846
55 96 1.786
55 97 0.767
55 98 2.830
55 99 3.378
56 57 1.034
56 58 0.545
56 59 1.743
56 60 1.588
56 61 1.910
56 62 0.755
56 63 1.428
56 64 1.852
56 65 2.052
56 66 1.713
56 67 1.055
56 68 1.188
56 69 0.540
56 70 0.914
56 71 0.544
56 72 0.359
56 73 1.298
56 74 1.258
56 75 1.242
56 76 1.600
56 77 1.672
56 78 1.239
56 79 0.404
56 80 1.646
56 81 0.483
56 82 1.805
56 83 0.201
56 84 0.569
56 85 0.614
56 86 1.531
56 87 0.379
56 88 1.239
56 89 1.300
56 90 0.925
56 91 1.063
56 92 2.578
56 93 2.721
56 94 2.030
56 95 1.180
56 96 0.770
56 97 0.569
56 98 2.155
56 99 2.461
57 58 1.341
57 59 1.295
57 60 1.261
57 61 1.608
57 62 1.455
57 63 2.210
57 64 2.292
57 65 2.050
57 66 2.719
57 67 2.088
57 68 1.517
57 69 1.392
57 70 1.521
57 71 1.558
57 72 1.385
57 73 0.513
57 74 1.948
57 75 1.783
57 76 2.624
57 77 2.699
57 78 0.582
57 79 0.923
57 80 2.676
57 81 0.558
57 82 1.178
57 83 1.233
57 84 0.770
57 85 0.426
57 86 1.094
57 87 1.069
57 88 2.256
57 89 1.900
57 90 1.937
57 91 1.051
57 92 2.560
57 93 3.611
57 94 3.018
57 95 2.141
57 96 0.265
57 97 1.423
57 98 3.010
57 99 3.128
58 59 1.591
58 60 1.397
58 61 1.659
58 62 1.222
58 63 1.768
58 64 2.325
58 65 1.651
58 66 1.746
58 67 0.957
58 68 0.743
58 69 0.081
58 70 1.396
58 71 0.446
58 72 0.605
58 73 1.724
58 74 1.669
58 75 1.716
58 76 1.384
58 77 1.465
58 78 1.307
58 79 0.948
58 80 1.581
58 81 0.818
58 82 1.740
58 83 0.531
58 84 0.602
58 85 0.934
58 86 1.409
58 87 0.273
58 88 1.279
58 89 0.757
58 90 0.713
58 91 0.848
58 92 2.155
58 93 2.894
58 94 2.088
58 95 1.361
58 96 1.094
58 97 0.100
58 98 2.388
58 99 2.816
59 60 0.211
59 61 0.353
59 62 2.449
59 63 3.168
59 64 3.464
59 65 0.957
59 66 3.333
59 67 2.548
59 68 1.094
59 69 1.672
59 70 2.576
59 71 2.020
59 72 2.051
59 73 1.771
59 74 2.971
59 75 2.888
59 76 2.929
59 77 3.010
59 78 0.713
59 79 1.922
59 80 3.170
59 81 1.410
59 82 0.301
59 83 1.902
59 84 1.174
59 85 1.353
59 86 0.220
59 87 1.460
59 88 2.860
59 89 1.589
59 90 2.296
59 91 0.743
59 92 1.374
59 93 4.441
59 94 3.673
59 95 2.889
59 96 1.337
59 97 1.687
59 98 3.893
59 99 4.185
60 61 0.354
60 62 2.312
60 63 3.016
60 64 3.351
60 65 0.851
60 66 3.143
60 67 2.353
60 68 0.883
60 69 1.478
60 70 2.447
60 71 1.833
60 72 1.881
60 73 1.759
60 74 2.831
60 75 2.765
60 76 2.723
60 77 2.804
60 78 0.693
60 79 1.798
60 80 2.973
60 81 1.294
60 82 0.477
60 83 1.736
60 84 1.023
60 85 1.253
60 86 0.196
60 87 1.284
60 88 2.673
60 89 1.379
60 90 2.097
60 91 0.553
60 92 1.320
60 93 4.265
60 94 3.484
60 95 2.715
60 96 1.262
60 97 1.492
60 98 3.726
60 99 4.043
61 62 2.646
61 63 3.335
61 64 3.697
61 65 0.633
61 66 3.400
61 67 2.600
61 68 1.033
61 69 1.739
61 70 2.785
61 71 2.104
61 72 2.183
61 73 2.099
61 74 3.162
61 75 3.106
61 76 2.923
61 77 3.003
61 78 1.032
61 79 2.142
61 80 3.208
61 81 1.642
61 82 0.631
61 83 2.046
61 84 1.354
61 85 1.606
61 86 0.516
61 87 1.583
61 88 2.938
61 89 1.490
61 90 2.333
61 91 0.850
61 92 1.021
61 93 4.550
61 94 3.743
61 95 3.005
61 96 1.616
61 97 1.748
61 98 4.025
61 99 4.370
62 63 0.757
62 64 1.106
62 65 2.806
62 66 1.426
62 67 1.128
62 68 1.930
62 69 1.182
62 70 0.177
62 71 0.941
62 72 0.644
62 73 1.455
62 74 0.522
62 75 0.495
62 76 1.676
62 77 1.724
62 78 1.855
62 79 0.549
62 80 1.507
62 81 1.054
62 82 2.466
62 83 0.692
62 84 1.293
62 85 1.145
62 86 2.231
62 87 1.127
62 88 1.055
62 89 1.959
62 90 1.187
62 91 1.808
62 92 3.330
62 93 2.162
62 94 1.664
62 95 0.806
62 96 1.239
62 97 1.201
62 98 1.557
62 99 1.737
63 64 0.837
63 65 3.417
63 66 1.012
63 67 1.210
63 68 2.511
63 69 1.706
63 70 0.706
63 71 1.364
63 72 1.173
63 73 2.165
63 74 0.306
63 75 0.589
63 76 1.593
63 77 1.608
63 78 2.603
63 79 1.303
63 80 1.240
63 81 1.798
63 82 3.205
63 83 1.294
63 84 1.995
63 85 1.897
63 86 2.952
63 87 1.761
63 88 0.905
63 89 2.415
63 90 1.414
63 91 2.486
63 92 3.923
63 93 1.423
63 94 1.115
63 95 0.581
63 96 1.995
63 97 1.713
63 98 0.811
63 99 1.048
64 65 3.902
64 66 1.835
64 67 1.993
64 68 3.034
64 69 2.281
64 70 0.938
64 71 2.001
64 72 1.731
64 73 2.058
64 74 0.712
64 75 0.611
64 76 2.423
64 77 2.441
64 78 2.804
64 79 1.556
64 80 2.076
64 81 2.058
64 82 3.429
64 83 1.796
64 84 2.356
64 85 2.112
64 86 3.244
64 87 2.229
64 88 1.729
64 89 3.049
64 90 2.153
64 91 2.879
64 92 4.430
64 93 1.862
64 94 1.878
64 95 1.398
64 96 2.151
64 97 2.297
64 98 1.315
64 99 0.965
65 66 3.291
65 67 2.492
65 68 0.910
65 69 1.719
65 70 2.965
65 71 2.081
65 72 2.245
65 73 2.561
65 74 3.294
65 75 3.293
65 76 2.700
65 77 2.776
65 78 1.519
65 79 2.368
65 80 3.053
65 81 1.924
65 82 1.253
65 83 2.137
65 84 1.573
65 85 1.929
65 86 1.047
65 87 1.679
65 88 2.864
65 89 1.198
65 90 2.214
65 91 1.063
65 92 0.533
65 93 4.495
65 94 3.633
65 95 2.999
65 96 1.987
65 97 1.717
65 98 4.024
65 99 4.464
66 67 0.804
66 68 2.411
66 69 1.665
66 70 1.495
66 71 1.313
66 72 1.355
66 73 2.844
66 74 1.257
66 75 1.541
66 76 0.782
66 77 0.755
66 78 2.940
66 79 1.828
66 80 0.322
66 81 2.191
66 82 3.458
66 83 1.515
66 84 2.223
66 85 2.318
66 86 3.143
66 87 1.888
66 88 0.479
66 89 2.121
66 90 1.079
66 91 2.592
66 92 3.732
66 93 1.229
66 94 0.344
66 95 0.620
66 96 2.462
66 97 1.653
66 98 0.926
66 99 1.638
67 68 1.607
67 69 0.876
67 70 1.276
67 71 0.554
67 72 0.718
67 73 2.321
67 74 1.285
67 75 1.486
67 76 0.569
67 77 0.633
67 78 2.213
67 79 1.304
67 80 0.626
67 81 1.533
67 82 2.692
67 83 0.859
67 84 1.486
67 85 1.665
67 86 2.366
67 87 1.135
67 88 0.386
67 89 1.342
67 90 0.278
67 91 1.805
67 92 2.945
67 93 2.006
67 94 1.149
67 95 0.639
67 96 1.824
67 97 0.861
67 98 1.581
67 99 2.163
68 69 0.809
68 70 2.097
68 71 1.172
68 72 1.343
68 73 2.008
68 74 2.401
68 75 2.423
68 76 1.891
68 77 1.971
68 78 1.177
68 79 1.547
68 80 2.196
68 81 1.190
68 82 1.336
68 83 1.246
68 84 0.825
68 85 1.244
68 86 0.988
68 87 0.809
68 88 1.969
68 89 0.501
68 90 1.332
68 91 0.515
68 92 1.413
68 93 3.599
68 94 2.755
68 95 2.090
68 96 1.356
68 97 0.807
68 98 3.116
68 99 3.558
69 70 1.358
69 71 0.369
69 72 0.553
69 73 1.760
69 74 1.616
69 75 1.675
69 76 1.309
69 77 1.389
69 78 1.380
69 79 0.944
69 80 1.500
69 81 0.858
69 82 1.820
69 83 0.497
69 84 0.667
69 85 0.978
69 86 1.490
69 87 0.324
69 88 1.199
69 89 0.781
69 90 0.634
69 91 0.929
69 92 2.219
69 93 2.816
69 94 2.008
69 95 1.287
69 96 1.141
69 97 0.032
69 98 2.313
69 99 2.752
70 71 1.117
70 72 0.821
70 73 1.461
70 74 0.427
70 75 0.328
70 76 1.810
70 77 1.854
70 78 1.959
70 79 0.655
70 80 1.608
70 81 1.169
70 82 2.577
70 83 0.865
70 84 1.434
70 85 1.248
70 86 2.356
70 87 1.291
70 88 1.164
70 89 2.136
70 90 1.353
70 91 1.954
70 92 3.492
70 93 2.129
70 94 1.705
70 95 0.883
70 96 1.325
70 97 1.377
70 98 1.517
70 99 1.624
71 72 0.312
71 73 1.842
71 74 1.309
71 75 1.411
71 76 1.066
71 77 1.141
71 78 1.659
71 79 0.881
71 80 1.177
71 81 1.000
71 82 2.148
71 83 0.377
71 84 0.932
71 85 1.132
71 86 1.830
71 87 0.583
71 88 0.840
71 89 1.058
71 90 0.381
71 91 1.280
71 92 2.573
71 93 2.448
71 94 1.652
71 95 0.919
71 96 1.294
71 97 0.366
71 98 1.946
71 99 2.404
72 73 1.604
72 74 1.064
72 75 1.129
72 76 1.280
72 77 1.348
72 78 1.590
72 79 0.599
72 80 1.291
72 81 0.841
72 82 2.137
72 83 0.161
72 84 0.891
72 85 0.971
72 86 1.845
72 87 0.600
72 88 0.880
72 89 1.319
72 90 0.644
72 91 1.336
72 92 2.756
72 93 2.391
72 94 1.675
72 95 0.841
72 96 1.122
72 97 0.567
72 98 1.845
72 99 2.220
73 74 1.873
73 75 1.648
73 76 2.883
73 77 2.952
73 78 1.067
73 79 1.028
73 80 2.858
73 81 0.907
73 82 1.611
73 83 1.476
73 84 1.216
73 85 0.803
73 86 1.583
73 87 1.453
73 88 2.413
73 89 2.358
73 90 2.221
73 91 1.559
73 92 3.067
73 93 3.589
73 94 3.109
73 95 2.232
73 96 0.660
73 97 1.792
73 98 2.976
73 99 2.968
74 75 0.291
74 76 1.743
74 77 1.770
74 78 2.374
74 79 1.066
74 80 1.444
74 81 1.576
74 82 2.987
74 83 1.158
74 84 1.810
74 85 1.663
74 86 2.753
74 87 1.617
74 88 1.050
74 89 2.366
74 90 1.441
74 91 2.319
74 92 3.812
74 93 1.720
74 94 1.401
74 95 0.721
74 96 1.747
74 97 1.628
74 98 1.106
74 99 1.215
75 76 1.981
75 77 2.015
75 78 2.254
75 79 0.967
75 80 1.712
75 81 1.479
75 82 2.876
75 83 1.186
75 84 1.757
75 85 1.547
75 86 2.669
75 87 1.619
75 88 1.298
75 89 2.448
75 90 1.605
75 91 2.279
75 92 3.820
75 93 1.973
75 94 1.692
75 95 0.979
75 96 1.609
75 97 1.692
75 98 1.362
75 99 1.346
76 77 0.081
76 78 2.688
76 79 1.872
76 80 0.462
76 81 2.066
76 82 3.109
76 83 1.411
76 84 1.967
76 85 2.198
76 86 2.768
76 87 1.612
76 88 0.695
76 89 1.502
76 90 0.691
76 91 2.199
76 92 3.091
76 93 1.973
76 94 1.060
76 95 1.027
76 96 2.360
76 97 1.285
76 98 1.706
76 99 2.397
77 78 2.767
77 79 1.937
77 80 0.433
77 81 2.141
77 82 3.190
77 83 1.481
77 84 2.046
77 85 2.273
77 86 2.849
77 87 1.690
77 88 0.720
77 89 1.578
77 90 0.769
77 91 2.280
77 92 3.163
77 93 1.925
77 94 1.015
77 95 1.050
77 96 2.434
77 97 1.365
77 98 1.680
77 99 2.383
78 79 1.308
78 80 2.835
78 81 0.805
78 82 0.625
78 83 1.430
78 84 0.727
78 85 0.711
78 86 0.516
78 87 1.081
78 88 2.461
78 89 1.644
78 90 2.003
78 91 0.663
78 92 2.010
78 93 3.952
78 94 3.264
78 95 2.420
78 96 0.653
78 97 1.405
78 98 3.373
78 99 3.583
79 80 1.829
79 81 0.514
79 82 1.923
79 83 0.506
79 84 0.802
79 85 0.597
79 86 1.702
79 87 0.752
79 88 1.386
79 89 1.700
79 90 1.241
79 91 1.327
79 92 2.900
79 93 2.690
79 94 2.111
79 95 1.230
79 96 0.694
79 97 0.972
79 98 2.093
79 99 2.277
80 81 2.129
80 82 3.318
80 83 1.445
80 84 2.108
80 85 2.260
80 86 2.990
80 87 1.759
80 88 0.454
80 89 1.866
80 90 0.876
80 91 2.428
80 92 3.475
80 93 1.522
80 94 0.610
80 95 0.735
80 96 2.413
80 97 1.483
80 98 1.247
80 99 1.953
81 82 1.412
81 83 0.684
81 84 0.367
81 85 0.133
81 86 1.190
81 87 0.546
81 88 1.719
81 89 1.472
81 90 1.379
81 91 0.862
81 92 2.456
81 93 3.154
81 94 2.502
81 95 1.637
81 96 0.294
81 97 0.890
81 98 2.570
81 99 2.789
82 83 1.981
82 84 1.246
82 85 1.330
82 86 0.350
82 87 1.570
82 88 2.980
82 89 1.837
82 90 2.453
82 91 0.912
82 92 1.645
82 93 4.524
82 94 3.793
82 95 2.977
82 96 1.278
82 97 1.839
82 98 3.958
82 99 4.199
83 84 0.735
83 85 0.815
83 86 1.694
83 87 0.467
83 88 1.040
83 89 1.278
83 90 0.748
83 91 1.196
83 92 2.655
83 93 2.545
83 94 1.835
83 95 0.997
83 96 0.969
83 97 0.519
83 98 1.991
83 99 2.338
84 85 0.424
84 86 0.962
84 87 0.355
84 88 1.744
84 89 1.142
84 90 1.279
84 91 0.524
84 92 2.106
84 93 3.280
84 94 2.553
84 95 1.732
84 96 0.556
84 97 0.696
84 98 2.722
84 99 3.020
85 86 1.133
85 87 0.661
85 88 1.848
85 89 1.558
85 90 1.511
85 91 0.868
85 92 2.459
85 93 3.266
85 94 2.627
85 95 1.759
85 96 0.164
85 97 1.010
85 98 2.677
85 99 2.872
86 87 1.260
86 88 2.667
86 89 1.490
86 90 2.120
86 91 0.569
86 92 1.511
86 93 4.236
86 94 3.481
86 95 2.685
86 96 1.122
86 97 1.507
86 98 3.684
86 99 3.967
87 88 1.410
87 89 0.964
87 90 0.923
87 91 0.736
87 92 2.203
87 93 2.982
87 94 2.223
87 95 1.431
87 96 0.821
87 97 0.355
87 98 2.444
87 99 2.805
88 89 1.727
88 90 0.658
88 91 2.120
88 92 3.326
88 93 1.631
88 94 0.813
88 95 0.331
88 96 1.996
88 97 1.190
88 98 1.195
88 99 1.796
89 90 1.069
89 91 0.991
89 92 1.611
89 93 3.343
89 94 2.459
89 95 1.918
89 96 1.698
89 97 0.760
89 98 2.917
89 99 3.443
90 91 1.555
90 92 2.668
90 93 2.284
90 94 1.423
90 95 0.869
90 96 1.674
90 97 0.614
90 98 1.848
90 99 2.404
91 92 1.595
91 93 3.714
91 94 2.932
91 95 2.165
91 96 0.940
91 97 0.945
91 98 3.180
91 99 3.523
92 93 4.951
92 94 4.070
92 95 3.483
92 96 2.512
92 97 2.213
92 98 4.502
92 99 4.970
93 94 0.913
93 95 1.551
93 96 3.382
93 97 2.810
93 98 0.614
93 99 1.057
94 95 0.881
94 96 2.766
94 97 1.996
94 98 0.747
94 99 1.498
95 96 1.892
95 97 1.285
95 98 1.027
95 99 1.535
96 97 1.172
96 98 2.787
96 99 2.946
97 98 2.312
97 99 2.758
98 99 0.752
