nodei nodej distance
0 1 2.193
0 2 2.738
0 3 1.845
0 4 0.365
0 5 1.260
0 6 0.346
0 7 0.531
0 8 2.855
0 9 2.110
0 10 0.568
0 11 2.234
0 12 3.303
0 13 0.836
0 14 0.324
0 15 0.901
0 16 0.200
0 17 2.022
0 18 0.655
0 19 0.085
0 20 1.830
0 21 0.625
0 22 0.919
0 23 0.370
0 24 0.540
0 25 0.312
0 26 1.767
0 27 0.251
0 28 0.396
0 29 1.418
0 30 0.423
0 31 3.899
0 32 1.197
0 33 1.496
0 34 1.440
0 35 1.756
0 36 0.509
0 37 1.282
0 38 2.026
0 39 2.595
0 40 2.460
0 41 0.154
0 42 0.875
0 43 2.014
0 44 0.760
0 45 1.694
0 46 0.928
0 47 0.685
0 48 0.411
0 49 1.684
0 50 1.807
0 51 1.245
0 52 0.450
0 53 3.807
0 54 2.606
0 55 0.813
0 56 0.802
0 57 0.395
0 58 1.704
0 59 0.117
0 60 2.166
0 61 0.101
0 62 1.182
0 63 0.056
0 64 0.289
0 65 0.490
0 66 0.320
0 67 2.236
0 68 1.265
0 69 1.246
0 70 2.416
0 71 1.611
0 72 0.405
0 73 0.932
0 74 0.603
0 75 2.549
0 76 0.716
0 77 2.013
0 78 0.563
0 79 1.349
0 80 0.643
0 81 0.482
0 82 0.954
0 83 0.382
0 84 2.649
0 85 0.083
0 86 0.364
0 87 1.009
0 88 1.811
0 89 1.125
0 90 4.108
0 91 0.156
0 92 1.114
0 93 0.091
0 94 0.684
0 95 0.564
0 96 0.544
0 97 0.251
0 98 0.515
0 99 1.846
1 2 0.550
1 3 0.348
1 4 2.552
1 5 0.934
1 6 1.847
1 7 1.662
1 8 0.662
1 9 4.299
1 10 1.625
1 11 0.045
1 12 1.110
1 13 1.357
1 14 1.876
1 15 1.292
1 16 2.000
1 17 0.171
1 18 1.540
1 19 2.269
1 20 0.363
1 21 2.811
1 22 1.274
1 23 2.559
1 24 1.654
1 25 2.496
1 26 3.956
1 27 1.947
1 28 1.796
1 29 0.775
1 30 1.773
1 31 1.706
1 32 3.384
1 33 0.697
1 34 0.753
1 35 0.438
1 36 2.686
1 37 0.911
1 38 0.166
1 39 4.783
1 40 0.269
1 41 2.042
1 42 3.066
1 43 0.179
1 44 2.948
1 45 0.500
1 46 1.265
1 47 1.508
1 48 2.597
1 49 0.510
1 50 0.387
1 51 3.432
1 52 2.641
1 53 1.615
1 54 0.413
1 55 1.380
1 56 1.390
1 57 2.580
1 58 0.488
1 59 2.076
1 60 4.355
1 61 2.277
1 62 1.011
1 63 2.240
1 64 2.473
1 65 1.703
1 66 1.881
1 67 4.425
1 68 3.455
1 69 3.435
1 70 0.224
1 71 0.582
1 72 1.789
1 73 3.124
1 74 1.593
1 75 0.357
1 76 2.907
1 77 4.200
1 78 1.630
1 79 3.537
1 80 1.551
1 81 2.674
1 82 3.141
1 83 2.568
1 84 0.457
1 85 2.143
1 86 2.541
1 87 3.197
1 88 0.381
1 89 3.315
1 90 1.916
1 91 2.334
1 92 3.305
1 93 2.233
1 94 1.509
1 95 2.750
1 96 2.730
1 97 1.958
1 98 1.679
1 99 0.349
2 3 0.895
2 4 3.099
2 5 1.478
2 6 2.392
2 7 2.207
2 8 0.144
2 9 4.846
2 10 2.169
2 11 0.507
2 12 0.572
2 13 1.903
2 14 2.423
2 15 1.838
2 16 2.547
2 17 0.719
2 18 2.087
2 19 2.815
2 20 0.909
2 21 3.358
2 22 1.822
2 23 3.105
2 24 2.200
2 25 3.043
2 26 4.503
2 27 2.494
2 28 2.342
2 29 1.322
2 30 2.321
2 31 1.164
2 32 3.932
2 33 1.245
2 34 1.297
2 35 0.981
2 36 3.234
2 37 1.458
2 38 0.715
2 39 5.331
2 40 0.282
2 41 2.588
2 42 3.612
2 43 0.726
2 44 3.495
2 45 1.044
2 46 1.812
2 47 2.054
2 48 3.144
2 49 1.058
2 50 0.931
2 51 3.979
2 52 3.187
2 53 1.072
2 54 0.150
2 55 1.926
2 56 1.936
2 57 3.127
2 58 1.035
2 59 2.622
2 60 4.902
2 61 2.824
2 62 1.556
2 63 2.785
2 64 3.020
2 65 2.248
2 66 2.428
2 67 4.972
2 68 4.002
2 69 3.982
2 70 0.335
2 71 1.127
2 72 2.335
2 73 3.669
2 74 2.140
2 75 0.212
2 76 3.453
2 77 4.747
2 78 2.174
2 79 4.084
2 80 2.097
2 81 3.220
2 82 3.688
2 83 3.115
2 84 0.108
2 85 2.690
2 86 3.088
2 87 3.744
2 88 0.928
2 89 3.862
2 90 1.372
2 91 2.880
2 92 3.851
2 93 2.780
2 94 2.056
2 95 3.297
2 96 3.277
2 97 2.506
2 98 2.225
2 99 0.892
3 4 2.205
3 5 0.587
3 6 1.499
3 7 1.314
3 8 1.010
3 9 3.952
3 10 1.277
3 11 0.389
3 12 1.458
3 13 1.009
3 14 1.529
3 15 0.944
3 16 1.653
3 17 0.177
3 18 1.192
3 19 1.922
3 20 0.017
3 21 2.464
3 22 0.927
3 23 2.211
3 24 1.306
3 25 2.149
3 26 3.609
3 27 1.600
3 28 1.449
3 29 0.427
3 30 1.426
3 31 2.054
3 32 3.037
3 33 0.350
3 34 0.405
3 35 0.094
3 36 2.340
3 37 0.564
3 38 0.182
3 39 4.436
3 40 0.615
3 41 1.694
3 42 2.718
3 43 0.169
3 44 2.600
3 45 0.153
3 46 0.918
3 47 1.160
3 48 2.250
3 49 0.164
3 50 0.045
3 51 3.085
3 52 2.293
3 53 1.962
3 54 0.761
3 55 1.032
3 56 1.043
3 57 2.233
3 58 0.141
3 59 1.729
3 60 4.008
3 61 1.930
3 62 0.663
3 63 1.892
3 64 2.126
3 65 1.355
3 66 1.534
3 67 4.078
3 68 3.108
3 69 3.087
3 70 0.572
3 71 0.234
3 72 1.441
3 73 2.776
3 74 1.246
3 75 0.705
3 76 2.560
3 77 3.853
3 78 1.282
3 79 3.189
3 80 1.203
3 81 2.327
3 82 2.794
3 83 2.220
3 84 0.804
3 85 1.795
3 86 2.194
3 87 2.850
3 88 0.033
3 89 2.968
3 90 2.264
3 91 1.986
3 92 2.958
3 93 1.885
3 94 1.162
3 95 2.403
3 96 2.383
3 97 1.611
3 98 1.331
3 99 0.033
4 5 1.622
4 6 0.707
4 7 0.893
4 8 3.214
4 9 1.747
4 10 0.931
4 11 2.594
4 12 3.663
4 13 1.196
4 14 0.677
4 15 1.261
4 16 0.552
4 17 2.382
4 18 1.013
4 19 0.284
4 20 2.190
4 21 0.260
4 22 1.278
4 23 0.014
4 24 0.899
4 25 0.057
4 26 1.404
4 27 0.605
4 28 0.757
4 29 1.778
4 30 0.779
4 31 4.259
4 32 0.833
4 33 1.856
4 34 1.801
4 35 2.117
4 36 0.148
4 37 1.641
4 38 2.386
4 39 2.232
4 40 2.820
4 41 0.511
4 42 0.514
4 43 2.374
4 44 0.396
4 45 2.055
4 46 1.287
4 47 1.045
4 48 0.046
4 49 2.043
4 50 2.168
4 51 0.881
4 52 0.094
4 53 4.167
4 54 2.966
4 55 1.173
4 56 1.163
4 57 0.031
4 58 2.064
4 59 0.478
4 60 1.803
4 61 0.275
4 62 1.544
4 63 0.314
4 64 0.080
4 65 0.853
4 66 0.672
4 67 1.873
4 68 0.903
4 69 0.883
4 70 2.775
4 71 1.972
4 72 0.764
4 73 0.572
4 74 0.960
4 75 2.909
4 76 0.355
4 77 1.649
4 78 0.926
4 79 0.985
4 80 1.002
4 81 0.131
4 82 0.590
4 83 0.020
4 84 3.009
4 85 0.410
4 86 0.048
4 87 0.645
4 88 2.172
4 89 0.763
4 90 4.468
4 91 0.219
4 92 0.753
4 93 0.321
4 94 1.043
4 95 0.199
4 96 0.179
4 97 0.596
4 98 0.874
4 99 2.207
5 6 0.915
5 7 0.729
5 8 1.596
5 9 3.369
5 10 0.692
5 11 0.975
5 12 2.044
5 13 0.427
5 14 0.947
5 15 0.363
5 16 1.070
5 17 0.764
5 18 0.611
5 19 1.338
5 20 0.571
5 21 1.881
5 22 0.348
5 23 1.627
5 24 0.723
5 25 1.566
5 26 3.026
5 27 1.017
5 28 0.864
5 29 0.166
5 30 0.844
5 31 2.640
5 32 2.454
5 33 0.245
5 34 0.182
5 35 0.497
5 36 1.758
5 37 0.060
5 38 0.768
5 39 3.854
5 40 1.201
5 41 1.110
5 42 2.134
5 43 0.755
5 44 2.017
5 45 0.435
5 46 0.338
5 47 0.577
5 48 1.667
5 49 0.430
5 50 0.548
5 51 2.502
5 52 1.709
5 53 2.548
5 54 1.347
5 55 0.451
5 56 0.458
5 57 1.650
5 58 0.447
5 59 1.144
5 60 3.425
5 61 1.347
5 62 0.079
5 63 1.308
5 64 1.543
5 65 0.770
5 66 0.952
5 67 3.495
5 68 2.524
5 69 2.504
5 70 1.158
5 71 0.353
5 72 0.858
5 73 2.192
5 74 0.665
5 75 1.291
5 76 1.976
5 77 3.270
5 78 0.697
5 79 2.607
5 80 0.620
5 81 1.742
5 82 2.211
5 83 1.637
5 84 1.390
5 85 1.213
5 86 1.612
5 87 2.267
5 88 0.553
5 89 2.384
5 90 2.849
5 91 1.403
5 92 2.373
5 93 1.303
5 94 0.579
5 95 1.820
5 96 1.800
5 97 1.030
5 98 0.749
5 99 0.587
6 7 0.187
6 8 2.509
6 9 2.454
6 10 0.224
6 11 1.888
6 12 2.957
6 13 0.490
6 14 0.054
6 15 0.555
6 16 0.157
6 17 1.676
6 18 0.308
6 19 0.423
6 20 1.484
6 21 0.966
6 22 0.573
6 23 0.712
6 24 0.194
6 25 0.651
6 26 2.111
6 27 0.105
6 28 0.051
6 29 1.072
6 30 0.082
6 31 3.553
6 32 1.540
6 33 1.150
6 34 1.095
6 35 1.411
6 36 0.845
6 37 0.936
6 38 1.680
6 39 2.939
6 40 2.114
6 41 0.195
6 42 1.219
6 43 1.668
6 44 1.103
6 45 1.349
6 46 0.582
6 47 0.339
6 48 0.752
6 49 1.338
6 50 1.462
6 51 1.588
6 52 0.794
6 53 3.461
6 54 2.260
6 55 0.467
6 56 0.457
6 57 0.735
6 58 1.358
6 59 0.230
6 60 2.510
6 61 0.432
6 62 0.837
6 63 0.393
6 64 0.628
6 65 0.147
6 66 0.060
6 67 2.580
6 68 1.609
6 69 1.589
6 70 2.070
6 71 1.265
6 72 0.060
6 73 1.277
6 74 0.257
6 75 2.203
6 76 1.061
6 77 2.356
6 78 0.219
6 79 1.692
6 80 0.296
6 81 0.828
6 82 1.297
6 83 0.723
6 84 2.303
6 85 0.299
6 86 0.698
6 87 1.352
6 88 1.466
6 89 1.469
6 90 3.763
6 91 0.489
6 92 1.459
6 93 0.390
6 94 0.337
6 95 0.905
6 96 0.885
6 97 0.129
6 98 0.169
6 99 1.501
7 8 2.324
7 9 2.640
7 10 0.038
7 11 1.703
7 12 2.772
7 13 0.306
7 14 0.225
7 15 0.371
7 16 0.344
7 17 1.491
7 18 0.132
7 19 0.609
7 20 1.299
7 21 1.153
7 22 0.390
7 23 0.899
7 24 0.039
7 25 0.838
7 26 2.297
7 27 0.291
7 28 0.136
7 29 0.887
7 30 0.127
7 31 3.368
7 32 1.726
7 33 0.966
7 34 0.910
7 35 1.225
7 36 1.031
7 37 0.751
7 38 1.495
7 39 3.125
7 40 1.929
7 41 0.382
7 42 1.405
7 43 1.483
7 44 1.289
7 45 1.163
7 46 0.398
7 47 0.155
7 48 0.938
7 49 1.153
7 50 1.276
7 51 1.774
7 52 0.980
7 53 3.276
7 54 2.075
7 55 0.283
7 56 0.271
7 57 0.921
7 58 1.173
7 59 0.415
7 60 2.696
7 61 0.618
7 62 0.651
7 63 0.579
7 64 0.814
7 65 0.041
7 66 0.231
7 67 2.766
7 68 1.795
7 69 1.776
7 70 1.885
7 71 1.080
7 72 0.133
7 73 1.463
7 74 0.092
7 75 2.019
7 76 1.247
7 77 2.542
7 78 0.033
7 79 1.878
7 80 0.116
7 81 1.013
7 82 1.483
7 83 0.909
7 84 2.118
7 85 0.486
7 86 0.885
7 87 1.538
7 88 1.281
7 89 1.655
7 90 3.577
7 91 0.675
7 92 1.644
7 93 0.577
7 94 0.155
7 95 1.092
7 96 1.071
7 97 0.309
7 98 0.047
7 99 1.315
8 9 4.960
8 10 2.287
8 11 0.621
8 12 0.448
8 13 2.019
8 14 2.538
8 15 1.954
8 16 2.662
8 17 0.833
8 18 2.202
8 19 2.931
8 20 1.025
8 21 3.473
8 22 1.936
8 23 3.220
8 24 2.316
8 25 3.158
8 26 4.617
8 27 2.609
8 28 2.458
8 29 1.437
8 30 2.435
8 31 1.045
8 32 4.046
8 33 1.359
8 34 1.414
8 35 1.099
8 36 3.348
8 37 1.573
8 38 0.828
8 39 5.445
8 40 0.396
8 41 2.704
8 42 3.728
8 43 0.841
8 44 3.609
8 45 1.161
8 46 1.927
8 47 2.170
8 48 3.259
8 49 1.171
8 50 1.048
8 51 4.093
8 52 3.303
8 53 0.953
8 54 0.249
8 55 2.042
8 56 2.052
8 57 3.242
8 58 1.150
8 59 2.738
8 60 5.016
8 61 2.939
8 62 1.673
8 63 2.902
8 64 3.135
8 65 2.365
8 66 2.543
8 67 5.087
8 68 4.117
8 69 4.096
8 70 0.439
8 71 1.244
8 72 2.451
8 73 3.786
8 74 2.255
8 75 0.306
8 76 3.569
8 77 4.861
8 78 2.292
8 79 4.198
8 80 2.213
8 81 3.336
8 82 3.803
8 83 3.229
8 84 0.207
8 85 2.804
8 86 3.202
8 87 3.859
8 88 1.043
8 89 3.977
8 90 1.255
8 91 2.995
8 92 3.967
8 93 2.894
8 94 2.171
8 95 3.412
8 96 3.391
8 97 2.620
8 98 2.341
8 99 1.010
9 10 2.678
9 11 4.341
9 12 5.409
9 13 2.943
9 14 2.423
9 15 3.008
9 16 2.299
9 17 4.128
9 18 2.759
9 19 2.031
9 20 3.937
9 21 1.488
9 22 3.025
9 23 1.742
9 24 2.646
9 25 1.803
9 26 0.343
9 27 2.352
9 28 2.505
9 29 3.525
9 30 2.526
9 31 6.005
9 32 0.914
9 33 3.602
9 34 3.549
9 35 3.865
9 36 1.613
9 37 3.388
9 38 4.133
9 39 0.485
9 40 4.567
9 41 2.259
9 42 1.235
9 43 4.121
9 44 1.352
9 45 3.802
9 46 3.034
9 47 2.792
9 48 1.702
9 49 3.789
9 50 3.915
9 51 0.867
9 52 1.661
9 53 5.913
9 54 4.712
9 55 2.920
9 56 2.911
9 57 1.719
9 58 3.811
9 59 2.225
9 60 0.056
9 61 2.022
9 62 3.291
9 63 2.061
9 64 1.826
9 65 2.600
9 66 2.418
9 67 0.127
9 68 0.845
9 69 0.864
9 70 4.521
9 71 3.719
9 72 2.511
9 73 1.179
9 74 2.706
9 75 4.655
9 76 1.394
9 77 0.104
9 78 2.673
9 79 0.762
9 80 2.749
9 81 1.629
9 82 1.158
9 83 1.732
9 84 4.755
9 85 2.156
9 86 1.758
9 87 1.102
9 88 3.919
9 89 0.986
9 90 6.215
9 91 1.966
9 92 0.997
9 93 2.066
9 94 2.790
9 95 1.549
9 96 1.569
9 97 2.341
9 98 2.621
9 99 3.954
10 11 1.666
10 12 2.735
10 13 0.270
10 14 0.262
10 15 0.335
10 16 0.381
10 17 1.454
10 18 0.102
10 19 0.647
10 20 1.262
10 21 1.190
10 22 0.354
10 23 0.936
10 24 0.053
10 25 0.875
10 26 2.334
10 27 0.328
10 28 0.173
10 29 0.850
10 30 0.163
10 31 3.331
10 32 1.763
10 33 0.929
10 34 0.872
10 35 1.188
10 36 1.069
10 37 0.714
10 38 1.458
10 39 3.163
10 40 1.892
10 41 0.419
10 42 1.443
10 43 1.446
10 44 1.326
10 45 1.126
10 46 0.362
10 47 0.119
10 48 0.976
10 49 1.116
10 50 1.239
10 51 1.812
10 52 1.017
10 53 3.239
10 54 2.038
10 55 0.247
10 56 0.234
10 57 0.959
10 58 1.136
10 59 0.453
10 60 2.734
10 61 0.656
10 62 0.614
10 63 0.617
10 64 0.852
10 65 0.078
10 66 0.268
10 67 2.803
10 68 1.833
10 69 1.813
10 70 1.848
10 71 1.043
10 72 0.170
10 73 1.500
10 74 0.075
10 75 1.982
10 76 1.284
10 77 2.580
10 78 0.005
10 79 1.916
10 80 0.084
10 81 1.050
10 82 1.521
10 83 0.947
10 84 2.081
10 85 0.523
10 86 0.923
10 87 1.576
10 88 1.243
10 89 1.693
10 90 3.540
10 91 0.713
10 92 1.682
10 93 0.614
10 94 0.121
10 95 1.129
10 96 1.109
10 97 0.346
10 98 0.074
10 99 1.278
11 12 1.069
11 13 1.398
11 14 1.918
11 15 1.334
11 16 2.042
11 17 0.213
11 18 1.582
11 19 2.311
11 20 0.404
11 21 2.853
11 22 1.316
11 23 2.600
11 24 1.696
11 25 2.538
11 26 3.998
11 27 1.989
11 28 1.838
11 29 0.816
11 30 1.816
11 31 1.665
11 32 3.427
11 33 0.739
11 34 0.794
11 35 0.479
11 36 2.729
11 37 0.953
11 38 0.209
11 39 4.826
11 40 0.226
11 41 2.084
11 42 3.108
11 43 0.220
11 44 2.990
11 45 0.540
11 46 1.307
11 47 1.550
11 48 2.639
11 49 0.552
11 50 0.427
11 51 3.474
11 52 2.683
11 53 1.573
11 54 0.372
11 55 1.422
11 56 1.432
11 57 2.622
11 58 0.530
11 59 2.118
11 60 4.397
11 61 2.319
11 62 1.052
11 63 2.281
11 64 2.515
11 65 1.744
11 66 1.923
11 67 4.467
11 68 3.497
11 69 3.477
11 70 0.185
11 71 0.623
11 72 1.831
11 73 3.165
11 74 1.635
11 75 0.317
11 76 2.949
11 77 4.242
11 78 1.671
11 79 3.579
11 80 1.592
11 81 2.716
11 82 3.183
11 83 2.610
11 84 0.415
11 85 2.185
11 86 2.583
11 87 3.239
11 88 0.423
11 89 3.357
11 90 1.874
11 91 2.376
11 92 3.347
11 93 2.275
11 94 1.551
11 95 2.792
11 96 2.772
11 97 2.000
11 98 1.721
11 99 0.389
12 13 2.467
12 14 2.986
12 15 2.402
12 16 3.111
12 17 1.281
12 18 2.650
12 19 3.380
12 20 1.473
12 21 3.921
12 22 2.385
12 23 3.669
12 24 2.764
12 25 3.607
12 26 5.066
12 27 3.058
12 28 2.907
12 29 1.885
12 30 2.884
12 31 0.596
12 32 4.494
12 33 1.807
12 34 1.863
12 35 1.547
12 36 3.796
12 37 2.021
12 38 1.277
12 39 5.893
12 40 0.844
12 41 3.152
12 42 4.176
12 43 1.289
12 44 4.058
12 45 1.609
12 46 2.375
12 47 2.619
12 48 3.707
12 49 1.620
12 50 1.496
12 51 4.542
12 52 3.751
12 53 0.505
12 54 0.697
12 55 2.490
12 56 2.501
12 57 3.690
12 58 1.599
12 59 3.187
12 60 5.465
12 61 3.388
12 62 2.121
12 63 3.350
12 64 3.583
12 65 2.813
12 66 2.991
12 67 5.535
12 68 4.565
12 69 4.545
12 70 0.887
12 71 1.692
12 72 2.899
12 73 4.234
12 74 2.703
12 75 0.754
12 76 4.018
12 77 5.309
12 78 2.740
12 79 4.647
12 80 2.661
12 81 3.785
12 82 4.251
12 83 3.678
12 84 0.654
12 85 3.253
12 86 3.651
12 87 4.307
12 88 1.492
12 89 4.425
12 90 0.806
12 91 3.444
12 92 4.416
12 93 3.343
12 94 2.620
12 95 3.861
12 96 3.840
12 97 3.068
12 98 2.789
12 99 1.458
13 14 0.520
13 15 0.065
13 16 0.644
13 17 1.186
13 18 0.184
13 19 0.913
13 20 0.994
13 21 1.455
13 22 0.083
13 23 1.202
13 24 0.297
13 25 1.140
13 26 2.600
13 27 0.591
13 28 0.440
13 29 0.582
13 30 0.418
13 31 3.063
13 32 2.029
13 33 0.660
13 34 0.606
13 35 0.922
13 36 1.332
13 37 0.446
13 38 1.190
13 39 3.428
13 40 1.624
13 41 0.685
13 42 1.709
13 43 1.178
13 44 1.592
13 45 0.859
13 46 0.092
13 47 0.152
13 48 1.241
13 49 0.848
13 50 0.972
13 51 2.076
13 52 1.284
13 53 2.971
13 54 1.770
13 55 0.023
13 56 0.040
13 57 1.224
13 58 0.868
13 59 0.720
13 60 2.999
13 61 0.921
13 62 0.349
13 63 0.883
13 64 1.117
13 65 0.347
13 66 0.526
13 67 3.069
13 68 2.099
13 69 2.079
13 70 1.580
13 71 0.776
13 72 0.432
13 73 1.767
13 74 0.238
13 75 1.713
13 76 1.551
13 77 2.844
13 78 0.275
13 79 2.181
13 80 0.194
13 81 1.318
13 82 1.785
13 83 1.212
13 84 1.813
13 85 0.787
13 86 1.186
13 87 1.841
13 88 0.976
13 89 1.959
13 90 3.273
13 91 0.977
13 92 1.949
13 93 0.877
13 94 0.153
13 95 1.394
13 96 1.374
13 97 0.603
13 98 0.322
13 99 1.011
14 15 0.585
14 16 0.125
14 17 1.705
14 18 0.336
14 19 0.395
14 20 1.514
14 21 0.935
14 22 0.602
14 23 0.683
14 24 0.224
14 25 0.621
14 26 2.080
14 27 0.073
14 28 0.096
14 29 1.102
14 30 0.103
14 31 3.582
14 32 1.509
14 33 1.179
14 34 1.126
14 35 1.442
14 36 0.811
14 37 0.965
14 38 1.710
14 39 2.908
14 40 2.144
14 41 0.170
14 42 1.190
14 43 1.698
14 44 1.072
14 45 1.379
14 46 0.611
14 47 0.371
14 48 0.721
14 49 1.366
14 50 1.492
14 51 1.556
14 52 0.766
14 53 3.491
14 54 2.289
14 55 0.497
14 56 0.489
14 57 0.704
14 58 1.388
14 59 0.208
14 60 2.479
14 61 0.402
14 62 0.869
14 63 0.366
14 64 0.597
14 65 0.188
14 66 0.006
14 67 2.549
14 68 1.579
14 69 1.559
14 70 2.099
14 71 1.296
14 72 0.092
14 73 1.248
14 74 0.283
14 75 2.232
14 76 1.032
14 77 2.324
14 78 0.257
14 79 1.661
14 80 0.327
14 81 0.800
14 82 1.265
14 83 0.692
14 84 2.332
14 85 0.267
14 86 0.665
14 87 1.321
14 88 1.496
14 89 1.439
14 90 3.792
14 91 0.458
14 92 1.430
14 93 0.357
14 94 0.368
14 95 0.874
14 96 0.854
14 97 0.084
14 98 0.198
14 99 1.531
15 16 0.709
15 17 1.121
15 18 0.249
15 19 0.978
15 20 0.929
15 21 1.520
15 22 0.021
15 23 1.267
15 24 0.362
15 25 1.205
15 26 2.665
15 27 0.656
15 28 0.505
15 29 0.517
15 30 0.482
15 31 2.998
15 32 2.093
15 33 0.595
15 34 0.541
15 35 0.857
15 36 1.396
15 37 0.381
15 38 1.125
15 39 3.493
15 40 1.559
15 41 0.750
15 42 1.774
15 43 1.113
15 44 1.656
15 45 0.794
15 46 0.028
15 47 0.217
15 48 1.305
15 49 0.783
15 50 0.907
15 51 2.141
15 52 1.349
15 53 2.907
15 54 1.705
15 55 0.088
15 56 0.101
15 57 1.288
15 58 0.803
15 59 0.785
15 60 3.064
15 61 0.986
15 62 0.284
15 63 0.948
15 64 1.181
15 65 0.412
15 66 0.590
15 67 3.134
15 68 2.164
15 69 2.143
15 70 1.515
15 71 0.711
15 72 0.497
15 73 1.832
15 74 0.302
15 75 1.648
15 76 1.616
15 77 2.909
15 78 0.340
15 79 2.246
15 80 0.259
15 81 1.383
15 82 1.850
15 83 1.276
15 84 1.748
15 85 0.851
15 86 1.250
15 87 1.906
15 88 0.911
15 89 2.024
15 90 3.208
15 91 1.042
15 92 2.013
15 93 0.942
15 94 0.218
15 95 1.459
15 96 1.439
15 97 0.668
15 98 0.387
15 99 0.947
16 17 1.830
16 18 0.461
16 19 0.270
16 20 1.638
16 21 0.811
16 22 0.726
16 23 0.558
16 24 0.347
16 25 0.496
16 26 1.956
16 27 0.053
16 28 0.208
16 29 1.226
16 30 0.227
16 31 3.707
16 32 1.384
16 33 1.304
16 34 1.250
16 35 1.566
16 36 0.688
16 37 1.089
16 38 1.834
16 39 2.784
16 40 2.268
16 41 0.049
16 42 1.065
16 43 1.822
16 44 0.947
16 45 1.503
16 46 0.735
16 47 0.494
16 48 0.597
16 49 1.491
16 50 1.616
16 51 1.432
16 52 0.641
16 53 3.615
16 54 2.414
16 55 0.621
16 56 0.612
16 57 0.580
16 58 1.512
16 59 0.087
16 60 2.355
16 61 0.277
16 62 0.992
16 63 0.241
16 64 0.473
16 65 0.304
16 66 0.121
16 67 2.425
16 68 1.455
16 69 1.435
16 70 2.223
16 71 1.420
16 72 0.212
16 73 1.124
16 74 0.408
16 75 2.357
16 76 0.907
16 77 2.200
16 78 0.376
16 79 1.537
16 80 0.450
16 81 0.675
16 82 1.141
16 83 0.567
16 84 2.457
16 85 0.142
16 86 0.542
16 87 1.197
16 88 1.620
16 89 1.315
16 90 3.916
16 91 0.333
16 92 1.305
16 93 0.233
16 94 0.491
16 95 0.750
16 96 0.730
16 97 0.054
16 98 0.322
16 99 1.655
17 18 1.369
17 19 2.099
17 20 0.193
17 21 2.641
17 22 1.104
17 23 2.388
17 24 1.483
17 25 2.326
17 26 3.785
17 27 1.777
17 28 1.626
17 29 0.604
17 30 1.603
17 31 1.877
17 32 3.214
17 33 0.526
17 34 0.582
17 35 0.269
17 36 2.516
17 37 0.741
17 38 0.005
17 39 4.613
17 40 0.438
17 41 1.871
17 42 2.895
17 43 0.015
17 44 2.777
17 45 0.329
17 46 1.095
17 47 1.338
17 48 2.426
17 49 0.339
17 50 0.217
17 51 3.262
17 52 2.470
17 53 1.785
17 54 0.584
17 55 1.210
17 56 1.220
17 57 2.409
17 58 0.318
17 59 1.906
17 60 4.184
17 61 2.107
17 62 0.840
17 63 2.069
17 64 2.302
17 65 1.532
17 66 1.711
17 67 4.255
17 68 3.285
17 69 3.264
17 70 0.394
17 71 0.411
17 72 1.618
17 73 2.953
17 74 1.422
17 75 0.528
17 76 2.737
17 77 4.029
17 78 1.459
17 79 3.366
17 80 1.380
17 81 2.504
17 82 2.971
17 83 2.397
17 84 0.627
17 85 1.972
17 86 2.371
17 87 3.027
17 88 0.211
17 89 3.145
17 90 2.087
17 91 2.163
17 92 3.135
17 93 2.062
17 94 1.339
17 95 2.580
17 96 2.559
17 97 1.788
17 98 1.508
17 99 0.181
18 19 0.730
18 20 1.178
18 21 1.272
18 22 0.265
18 23 1.019
18 24 0.115
18 25 0.957
18 26 2.416
18 27 0.407
18 28 0.259
18 29 0.765
18 30 0.234
18 31 3.246
18 32 1.845
18 33 0.843
18 34 0.789
18 35 1.105
18 36 1.148
18 37 0.629
18 38 1.373
18 39 3.244
18 40 1.808
18 41 0.503
18 42 1.526
18 43 1.361
18 44 1.408
18 45 1.043
18 46 0.275
18 47 0.044
18 48 1.057
18 49 1.030
18 50 1.156
18 51 1.893
18 52 1.101
18 53 3.155
18 54 1.953
18 55 0.161
18 56 0.155
18 57 1.040
18 58 1.052
18 59 0.538
18 60 2.815
18 61 0.737
18 62 0.533
18 63 0.700
18 64 0.933
18 65 0.172
18 66 0.342
18 67 2.885
18 68 1.916
18 69 1.895
18 70 1.763
18 71 0.959
18 72 0.250
18 73 1.584
18 74 0.054
18 75 1.896
18 76 1.368
18 77 2.660
18 78 0.105
18 79 1.997
18 80 0.020
18 81 1.135
18 82 1.602
18 83 1.028
18 84 1.996
18 85 0.603
18 86 1.002
18 87 1.657
18 88 1.159
18 89 1.775
18 90 3.456
18 91 0.794
18 92 1.766
18 93 0.693
18 94 0.035
18 95 1.211
18 96 1.190
18 97 0.419
18 98 0.139
18 99 1.195
19 20 1.907
19 21 0.544
19 22 0.995
19 23 0.289
19 24 0.616
19 25 0.229
19 26 1.688
19 27 0.323
19 28 0.474
19 29 1.495
19 30 0.497
19 31 3.976
19 32 1.117
19 33 1.573
19 34 1.518
19 35 1.834
19 36 0.425
19 37 1.358
19 38 2.103
19 39 2.516
19 40 2.537
19 41 0.228
19 42 0.796
19 43 2.091
19 44 0.680
19 45 1.772
19 46 1.004
19 47 0.761
19 48 0.330
19 49 1.760
19 50 1.885
19 51 1.165
19 52 0.372
19 53 3.884
19 54 2.683
19 55 0.889
19 56 0.880
19 57 0.313
19 58 1.781
19 59 0.194
19 60 2.087
19 61 0.021
19 62 1.260
19 63 0.030
19 64 0.206
19 65 0.569
19 66 0.391
19 67 2.157
19 68 1.186
19 69 1.167
19 70 2.493
19 71 1.688
19 72 0.481
19 73 0.854
19 74 0.677
19 75 2.626
19 76 0.638
19 77 1.933
19 78 0.642
19 79 1.269
19 80 0.719
19 81 0.405
19 82 0.874
19 83 0.301
19 84 2.726
19 85 0.131
19 86 0.280
19 87 0.929
19 88 1.889
19 89 1.046
19 90 4.185
19 91 0.071
19 92 1.036
19 93 0.060
19 94 0.760
19 95 0.483
19 96 0.463
19 97 0.317
19 98 0.591
19 99 1.924
20 21 2.449
20 22 0.912
20 23 2.196
20 24 1.291
20 25 2.134
20 26 3.594
20 27 1.585
20 28 1.434
20 29 0.412
20 30 1.411
20 31 2.069
20 32 3.023
20 33 0.336
20 34 0.389
20 35 0.077
20 36 2.325
20 37 0.549
20 38 0.197
20 39 4.422
20 40 0.630
20 41 1.679
20 42 2.703
20 43 0.184
20 44 2.586
20 45 0.137
20 46 0.903
20 47 1.145
20 48 2.235
20 49 0.152
20 50 0.028
20 51 3.070
20 52 2.278
20 53 1.977
20 54 0.776
20 55 1.018
20 56 1.028
20 57 2.218
20 58 0.126
20 59 1.714
20 60 3.993
20 61 1.915
20 62 0.648
20 63 1.877
20 64 2.111
20 65 1.340
20 66 1.519
20 67 4.063
20 68 3.093
20 69 3.073
20 70 0.587
20 71 0.219
20 72 1.426
20 73 2.761
20 74 1.231
20 75 0.720
20 76 2.545
20 77 3.838
20 78 1.267
20 79 3.175
20 80 1.188
20 81 2.312
20 82 2.779
20 83 2.206
20 84 0.819
20 85 1.781
20 86 2.179
20 87 2.835
20 88 0.019
20 89 2.953
20 90 2.279
20 91 1.972
20 92 2.943
20 93 1.871
20 94 1.147
20 95 2.388
20 96 2.368
20 97 1.596
20 98 1.317
20 99 0.029
21 22 1.537
21 23 0.256
21 24 1.158
21 25 0.315
21 26 1.145
21 27 0.864
21 28 1.017
21 29 2.037
21 30 1.038
21 31 4.517
21 32 0.573
21 33 2.114
21 34 2.061
21 35 2.377
21 36 0.131
21 37 1.900
21 38 2.645
21 39 1.973
21 40 3.079
21 41 0.771
21 42 0.258
21 43 2.633
21 44 0.136
21 45 2.314
21 46 1.546
21 47 1.304
21 48 0.215
21 49 2.302
21 50 2.427
21 51 0.621
21 52 0.180
21 53 4.426
21 54 3.224
21 55 1.432
21 56 1.423
21 57 0.232
21 58 2.323
21 59 0.738
21 60 1.544
21 61 0.535
21 62 1.803
21 63 0.574
21 64 0.339
21 65 1.112
21 66 0.930
21 67 1.614
21 68 0.644
21 69 0.624
21 70 3.034
21 71 2.231
21 72 1.023
21 73 0.318
21 74 1.218
21 75 3.167
21 76 0.107
21 77 1.389
21 78 1.185
21 79 0.726
21 80 1.261
21 81 0.157
21 82 0.330
21 83 0.244
21 84 3.268
21 85 0.669
21 86 0.271
21 87 0.386
21 88 2.431
21 89 0.505
21 90 4.727
21 91 0.478
21 92 0.497
21 93 0.579
21 94 1.303
21 95 0.061
21 96 0.081
21 97 0.853
21 98 1.133
21 99 2.467
22 23 1.284
22 24 0.379
22 25 1.222
22 26 2.681
22 27 0.673
22 28 0.523
22 29 0.500
22 30 0.499
22 31 2.981
22 32 2.110
22 33 0.578
22 34 0.525
22 35 0.840
22 36 1.413
22 37 0.364
22 38 1.108
22 39 3.509
22 40 1.542
22 41 0.767
22 42 1.791
22 43 1.096
22 44 1.673
22 45 0.778
22 46 0.010
22 47 0.235
22 48 1.322
22 49 0.765
22 50 0.891
22 51 2.158
22 52 1.367
22 53 2.889
22 54 1.688
22 55 0.106
22 56 0.121
22 57 1.305
22 58 0.786
22 59 0.803
22 60 3.081
22 61 1.003
22 62 0.269
22 63 0.965
22 64 1.198
22 65 0.431
22 66 0.607
22 67 3.151
22 68 2.181
22 69 2.160
22 70 1.498
22 71 0.694
22 72 0.514
22 73 1.849
22 74 0.319
22 75 1.631
22 76 1.633
22 77 2.926
22 78 0.358
22 79 2.262
22 80 0.276
22 81 1.400
22 82 1.867
22 83 1.293
22 84 1.731
22 85 0.868
22 86 1.267
22 87 1.923
22 88 0.894
22 89 2.041
22 90 3.191
22 91 1.059
22 92 2.031
22 93 0.958
22 94 0.235
22 95 1.476
22 96 1.455
22 97 0.684
22 98 0.404
22 99 0.930
23 24 0.905
23 25 0.066
23 26 1.398
23 27 0.611
23 28 0.763
23 29 1.784
23 30 0.785
23 31 4.265
23 32 0.827
23 33 1.862
23 34 1.807
23 35 2.123
23 36 0.148
23 37 1.648
23 38 2.392
23 39 2.226
23 40 2.826
23 41 0.517
23 42 0.507
23 43 2.380
23 44 0.391
23 45 2.061
23 46 1.293
23 47 1.051
23 48 0.046
23 49 2.049
23 50 2.174
23 51 0.876
23 52 0.085
23 53 4.173
23 54 2.972
23 55 1.179
23 56 1.169
23 57 0.034
23 58 2.070
23 59 0.483
23 60 1.798
23 61 0.281
23 62 1.549
23 63 0.320
23 64 0.089
23 65 0.858
23 66 0.678
23 67 1.867
23 68 0.897
23 69 0.877
23 70 2.782
23 71 1.978
23 72 0.770
23 73 0.565
23 74 0.966
23 75 2.915
23 76 0.349
23 77 1.644
23 78 0.931
23 79 0.980
23 80 1.008
23 81 0.121
23 82 0.585
23 83 0.027
23 84 3.015
23 85 0.416
23 86 0.062
23 87 0.640
23 88 2.178
23 89 0.757
23 90 4.475
23 91 0.226
23 92 0.747
23 93 0.328
23 94 1.049
23 95 0.194
23 96 0.175
23 97 0.603
23 98 0.880
23 99 2.213
24 25 0.843
24 26 2.303
24 27 0.294
24 28 0.144
24 29 0.879
24 30 0.121
24 31 3.360
24 32 1.731
24 33 0.957
24 34 0.903
24 35 1.219
24 36 1.035
24 37 0.743
24 38 1.487
24 39 3.131
24 40 1.921
24 41 0.388
24 42 1.412
24 43 1.475
24 44 1.294
24 45 1.156
24 46 0.389
24 47 0.147
24 48 0.944
24 49 1.145
24 50 1.269
24 51 1.779
24 52 0.987
24 53 3.269
24 54 2.067
24 55 0.274
24 56 0.265
24 57 0.927
24 58 1.165
24 59 0.423
24 60 2.702
24 61 0.624
24 62 0.645
24 63 0.586
24 64 0.820
24 65 0.065
24 66 0.229
24 67 2.772
24 68 1.802
24 69 1.782
24 70 1.877
24 71 1.073
24 72 0.135
24 73 1.470
24 74 0.065
24 75 2.010
24 76 1.254
24 77 2.547
24 78 0.050
24 79 1.884
24 80 0.103
24 81 1.021
24 82 1.488
24 83 0.914
24 84 2.110
24 85 0.489
24 86 0.889
24 87 1.544
24 88 1.273
24 89 1.662
24 90 3.570
24 91 0.680
24 92 1.651
24 93 0.580
24 94 0.144
24 95 1.097
24 96 1.077
24 97 0.308
24 98 0.026
24 99 1.308
25 26 1.460
25 27 0.549
25 28 0.702
25 29 1.722
25 30 0.723
25 31 4.203
25 32 0.888
25 33 1.800
25 34 1.746
25 35 2.062
25 36 0.197
25 37 1.585
25 38 2.330
25 39 2.288
25 40 2.764
25 41 0.456
25 42 0.570
25 43 2.318
25 44 0.451
25 45 1.999
25 46 1.231
25 47 0.989
25 48 0.101
25 49 1.987
25 50 2.112
25 51 0.936
25 52 0.150
25 53 4.111
25 54 2.910
25 55 1.117
25 56 1.108
25 57 0.084
25 58 2.008
25 59 0.423
25 60 1.859
25 61 0.220
25 62 1.488
25 63 0.260
25 64 0.024
25 65 0.797
25 66 0.616
25 67 1.929
25 68 0.959
25 69 0.938
25 70 2.719
25 71 1.916
25 72 0.708
25 73 0.628
25 74 0.904
25 75 2.853
25 76 0.412
25 77 1.704
25 78 0.870
25 79 1.041
25 80 0.946
25 81 0.186
25 82 0.645
25 83 0.071
25 84 2.953
25 85 0.354
25 86 0.058
25 87 0.701
25 88 2.116
25 89 0.819
25 90 4.413
25 91 0.163
25 92 0.809
25 93 0.264
25 94 0.987
25 95 0.254
25 96 0.234
25 97 0.539
25 98 0.818
25 99 2.152
26 27 2.009
26 28 2.161
26 29 3.182
26 30 2.182
26 31 5.662
26 32 0.571
26 33 3.259
26 34 3.205
26 35 3.521
26 36 1.270
26 37 3.045
26 38 3.790
26 39 0.828
26 40 4.224
26 41 1.915
26 42 0.892
26 43 3.778
26 44 1.008
26 45 3.459
26 46 2.691
26 47 2.449
26 48 1.359
26 49 3.446
26 50 3.572
26 51 0.524
26 52 1.317
26 53 5.571
26 54 4.369
26 55 2.576
26 56 2.567
26 57 1.376
26 58 3.468
26 59 1.882
26 60 0.399
26 61 1.679
26 62 2.948
26 63 1.718
26 64 1.483
26 65 2.256
26 66 2.075
26 67 0.469
26 68 0.502
26 69 0.521
26 70 4.178
26 71 3.375
26 72 2.168
26 73 0.836
26 74 2.363
26 75 4.312
26 76 1.051
26 77 0.248
26 78 2.329
26 79 0.419
26 80 2.406
26 81 1.285
26 82 0.815
26 83 1.388
26 84 4.412
26 85 1.813
26 86 1.415
26 87 0.759
26 88 3.575
26 89 0.642
26 90 5.872
26 91 1.622
26 92 0.654
26 93 1.723
26 94 2.447
26 95 1.206
26 96 1.226
26 97 1.998
26 98 2.277
26 99 3.611
27 28 0.155
27 29 1.173
27 30 0.174
27 31 3.654
27 32 1.438
27 33 1.250
27 34 1.196
27 35 1.512
27 36 0.741
27 37 1.036
27 38 1.781
27 39 2.837
27 40 2.215
27 41 0.097
27 42 1.119
27 43 1.769
27 44 1.001
27 45 1.450
27 46 0.682
27 47 0.440
27 48 0.650
27 49 1.438
27 50 1.563
27 51 1.486
27 52 0.694
27 53 3.562
27 54 2.361
27 55 0.567
27 56 0.559
27 57 0.633
27 58 1.459
27 59 0.134
27 60 2.408
27 61 0.330
27 62 0.939
27 63 0.293
27 64 0.526
27 65 0.251
27 66 0.069
27 67 2.478
27 68 1.508
27 69 1.488
27 70 2.170
27 71 1.366
27 72 0.159
27 73 1.177
27 74 0.355
27 75 2.304
27 76 0.960
27 77 2.253
27 78 0.323
27 79 1.590
27 80 0.397
27 81 0.728
27 82 1.194
27 83 0.621
27 84 2.404
27 85 0.196
27 86 0.595
27 87 1.250
27 88 1.567
27 89 1.368
27 90 3.863
27 91 0.387
27 92 1.358
27 93 0.286
27 94 0.438
27 95 0.803
27 96 0.783
27 97 0.038
27 98 0.268
27 99 1.602
28 29 1.022
28 30 0.050
28 31 3.503
28 32 1.590
28 33 1.100
28 34 1.045
28 35 1.360
28 36 0.896
28 37 0.885
28 38 1.630
28 39 2.990
28 40 2.064
28 41 0.246
28 42 1.270
28 43 1.617
28 44 1.153
28 45 1.298
28 46 0.532
28 47 0.288
28 48 0.803
28 49 1.288
28 50 1.411
28 51 1.638
28 52 0.845
28 53 3.411
28 54 2.210
28 55 0.417
28 56 0.406
28 57 0.786
28 58 1.308
28 59 0.280
28 60 2.561
28 61 0.483
28 62 0.786
28 63 0.444
28 64 0.679
28 65 0.096
28 66 0.102
28 67 2.630
28 68 1.660
28 69 1.640
28 70 2.020
28 71 1.215
28 72 0.023
28 73 1.327
28 74 0.209
28 75 2.153
28 76 1.111
28 77 2.406
28 78 0.168
28 79 1.743
28 80 0.246
28 81 0.878
28 82 1.347
28 83 0.774
28 84 2.253
28 85 0.350
28 86 0.749
28 87 1.403
28 88 1.415
28 89 1.520
28 90 3.712
28 91 0.540
28 92 1.509
28 93 0.441
28 94 0.287
28 95 0.956
28 96 0.936
28 97 0.177
28 98 0.121
28 99 1.450
29 30 0.999
29 31 2.481
29 32 2.610
29 33 0.079
29 34 0.039
29 35 0.341
29 36 1.913
29 37 0.136
29 38 0.608
29 39 4.009
29 40 1.042
29 41 1.267
29 42 2.291
29 43 0.596
29 44 2.173
29 45 0.279
29 46 0.491
29 47 0.734
29 48 1.822
29 49 0.266
29 50 0.391
29 51 2.658
29 52 1.866
29 53 2.389
29 54 1.188
29 55 0.605
29 56 0.616
29 57 1.805
29 58 0.286
29 59 1.302
29 60 3.581
29 61 1.503
29 62 0.239
29 63 1.465
29 64 1.698
29 65 0.928
29 66 1.107
29 67 3.651
29 68 2.681
29 69 2.660
29 70 0.998
29 71 0.195
29 72 1.014
29 73 2.349
29 74 0.819
29 75 1.131
29 76 2.133
29 77 3.426
29 78 0.855
29 79 2.762
29 80 0.776
29 81 1.900
29 82 2.367
29 83 1.793
29 84 1.231
29 85 1.368
29 86 1.767
29 87 2.423
29 88 0.394
29 89 2.541
29 90 2.691
29 91 1.559
29 92 2.531
29 93 1.458
29 94 0.735
29 95 1.976
29 96 1.955
29 97 1.184
29 98 0.904
29 99 0.431
30 31 3.480
30 32 1.611
30 33 1.077
30 34 1.023
30 35 1.339
30 36 0.914
30 37 0.863
30 38 1.607
30 39 3.010
30 40 2.041
30 41 0.270
30 42 1.292
30 43 1.595
30 44 1.174
30 45 1.277
30 46 0.509
30 47 0.268
30 48 0.823
30 49 1.264
30 50 1.390
30 51 1.659
30 52 0.868
30 53 3.388
30 54 2.187
30 55 0.394
30 56 0.387
30 57 0.806
30 58 1.285
30 59 0.306
30 60 2.582
30 61 0.504
30 62 0.766
30 63 0.467
30 64 0.699
30 65 0.096
30 66 0.108
30 67 2.652
30 68 1.682
30 69 1.661
30 70 1.996
30 71 1.193
30 72 0.027
30 73 1.350
30 74 0.181
30 75 2.130
30 76 1.134
30 77 2.427
30 78 0.158
30 79 1.763
30 80 0.224
30 81 0.902
30 82 1.368
30 83 0.794
30 84 2.230
30 85 0.369
30 86 0.768
30 87 1.424
30 88 1.393
30 89 1.542
30 90 3.690
30 91 0.560
30 92 1.532
30 93 0.459
30 94 0.265
30 95 0.977
30 96 0.956
30 97 0.186
30 98 0.096
30 99 1.429
31 32 5.091
31 33 2.403
31 34 2.459
31 35 2.143
31 36 4.392
31 37 2.617
31 38 1.873
31 39 6.489
31 40 1.439
31 41 3.748
31 42 4.772
31 43 1.885
31 44 4.654
31 45 2.205
31 46 2.971
31 47 3.215
31 48 4.303
31 49 2.216
31 50 2.092
31 51 5.138
31 52 4.347
31 53 0.093
31 54 1.293
31 55 3.086
31 56 3.097
31 57 4.286
31 58 2.195
31 59 3.783
31 60 6.061
31 61 3.984
31 62 2.717
31 63 3.946
31 64 4.179
31 65 3.409
31 66 3.587
31 67 6.131
31 68 5.162
31 69 5.141
31 70 1.483
31 71 2.288
31 72 3.495
31 73 4.830
31 74 3.299
31 75 1.350
31 76 4.614
31 77 5.905
31 78 3.336
31 79 5.243
31 80 3.257
31 81 4.381
31 82 4.847
31 83 4.274
31 84 1.250
31 85 3.849
31 86 4.247
31 87 4.903
31 88 2.087
31 89 5.021
31 90 0.212
31 91 4.040
31 92 5.012
31 93 3.939
31 94 3.216
31 95 4.457
31 96 4.436
31 97 3.664
31 98 3.385
31 99 2.053
32 33 2.688
32 34 2.634
32 35 2.950
32 36 0.699
32 37 2.474
32 38 3.218
32 39 1.399
32 40 3.652
32 41 1.344
32 42 0.323
32 43 3.206
32 44 0.437
32 45 2.888
32 46 2.120
32 47 1.878
32 48 0.788
32 49 2.875
32 50 3.001
32 51 0.050
32 52 0.747
32 53 4.999
32 54 3.798
32 55 2.005
32 56 1.996
32 57 0.805
32 58 2.896
32 59 1.311
32 60 0.970
32 61 1.108
32 62 2.376
32 63 1.147
32 64 0.912
32 65 1.685
32 66 1.504
32 67 1.041
32 68 0.077
32 69 0.051
32 70 3.607
32 71 2.804
32 72 1.596
32 73 0.272
32 74 1.792
32 75 3.740
32 76 0.481
32 77 0.816
32 78 1.758
32 79 0.152
32 80 1.835
32 81 0.716
32 82 0.243
32 83 0.817
32 84 3.841
32 85 1.242
32 86 0.844
32 87 0.188
32 88 3.004
32 89 0.081
32 90 5.300
32 91 1.051
32 92 0.102
32 93 1.152
32 94 1.876
32 95 0.634
32 96 0.655
32 97 1.426
32 98 1.706
32 99 3.040
33 34 0.070
33 35 0.267
33 36 1.990
33 37 0.214
33 38 0.530
33 39 4.087
33 40 0.965
33 41 1.345
33 42 2.369
33 43 0.519
33 44 2.251
33 45 0.204
33 46 0.568
33 47 0.812
33 48 1.900
33 49 0.188
33 50 0.315
33 51 2.735
33 52 1.944
33 53 2.312
33 54 1.110
33 55 0.683
33 56 0.694
33 57 1.883
33 58 0.209
33 59 1.380
33 60 3.658
33 61 1.580
33 62 0.317
33 63 1.543
33 64 1.776
33 65 1.007
33 66 1.184
33 67 3.728
33 68 2.758
33 69 2.738
33 70 0.920
33 71 0.120
33 72 1.092
33 73 2.427
33 74 0.896
33 75 1.053
33 76 2.211
33 77 3.503
33 78 0.934
33 79 2.840
33 80 0.854
33 81 1.978
33 82 2.444
33 83 1.871
33 84 1.153
33 85 1.446
33 86 1.844
33 87 2.500
33 88 0.317
33 89 2.618
33 90 2.613
33 91 1.637
33 92 2.608
33 93 1.536
33 94 0.813
33 95 2.054
33 96 2.033
33 97 1.261
33 98 0.982
33 99 0.355
34 35 0.316
34 36 1.937
34 37 0.163
34 38 0.586
34 39 4.033
34 40 1.019
34 41 1.290
34 42 2.314
34 43 0.573
34 44 2.197
34 45 0.254
34 46 0.515
34 47 0.757
34 48 1.846
34 49 0.248
34 50 0.367
34 51 2.682
34 52 1.889
34 53 2.367
34 54 1.166
34 55 0.629
34 56 0.638
34 57 1.829
34 58 0.265
34 59 1.325
34 60 3.605
34 61 1.526
34 62 0.258
34 63 1.488
34 64 1.722
34 65 0.950
34 66 1.131
34 67 3.675
34 68 2.704
34 69 2.684
34 70 0.976
34 71 0.171
34 72 1.038
34 73 2.372
34 74 0.843
34 75 1.110
34 76 2.156
34 77 3.450
34 78 0.877
34 79 2.786
34 80 0.799
34 81 1.922
34 82 2.391
34 83 1.817
34 84 1.208
34 85 1.392
34 86 1.791
34 87 2.446
34 88 0.371
34 89 2.564
34 90 2.668
34 91 1.583
34 92 2.554
34 93 1.482
34 94 0.758
34 95 2.000
34 96 1.979
34 97 1.209
34 98 0.928
34 99 0.406
35 36 2.253
35 37 0.477
35 38 0.274
35 39 4.349
35 40 0.704
35 41 1.606
35 42 2.630
35 43 0.259
35 44 2.513
35 45 0.063
35 46 0.831
35 47 1.073
35 48 2.162
35 49 0.097
35 50 0.052
35 51 2.998
35 52 2.205
35 53 2.051
35 54 0.850
35 55 0.945
35 56 0.954
35 57 2.145
35 58 0.064
35 59 1.641
35 60 3.921
35 61 1.842
35 62 0.574
35 63 1.804
35 64 2.038
35 65 1.266
35 66 1.447
35 67 3.991
35 68 3.020
35 69 3.000
35 70 0.662
35 71 0.147
35 72 1.354
35 73 2.688
35 74 1.159
35 75 0.795
35 76 2.472
35 77 3.766
35 78 1.193
35 79 3.102
35 80 1.115
35 81 2.238
35 82 2.707
35 83 2.133
35 84 0.893
35 85 1.708
35 86 2.107
35 87 2.763
35 88 0.063
35 89 2.880
35 90 2.352
35 91 1.899
35 92 2.870
35 93 1.798
35 94 1.074
35 95 2.316
35 96 2.295
35 97 1.525
35 98 1.244
35 99 0.090
36 37 1.776
36 38 2.520
36 39 2.097
36 40 2.955
36 41 0.650
36 42 0.388
36 43 2.508
36 44 0.265
36 45 2.191
36 46 1.422
36 47 1.182
36 48 0.102
36 49 2.177
36 50 2.303
36 51 0.746
36 52 0.106
36 53 4.301
36 54 3.100
36 55 1.308
36 56 1.300
36 57 0.117
36 58 2.199
36 59 0.619
36 60 1.669
36 61 0.414
36 62 1.680
36 63 0.456
36 64 0.219
36 65 0.991
36 66 0.806
36 67 1.739
36 68 0.771
36 69 0.749
36 70 2.909
36 71 2.107
36 72 0.900
36 73 0.448
36 74 1.094
36 75 3.042
36 76 0.237
36 77 1.513
36 78 1.064
36 79 0.851
36 80 1.138
36 81 0.113
36 82 0.455
36 83 0.128
36 84 3.143
36 85 0.546
36 86 0.146
36 87 0.512
36 88 2.307
36 89 0.633
36 90 4.602
36 91 0.357
36 92 0.625
36 93 0.455
36 94 1.179
36 95 0.079
36 96 0.059
36 97 0.729
36 98 1.009
36 99 2.343
37 38 0.745
37 39 3.873
37 40 1.179
37 41 1.131
37 42 2.155
37 43 0.733
37 44 2.037
37 45 0.415
37 46 0.354
37 47 0.597
37 48 1.686
37 49 0.402
37 50 0.527
37 51 2.521
37 52 1.730
37 53 2.526
37 54 1.324
37 55 0.469
37 56 0.480
37 57 1.669
37 58 0.423
37 59 1.166
37 60 3.444
37 61 1.366
37 62 0.108
37 63 1.329
37 64 1.562
37 65 0.792
37 66 0.970
37 67 3.514
37 68 2.544
37 69 2.524
37 70 1.134
37 71 0.331
37 72 0.878
37 73 2.212
37 74 0.682
37 75 1.268
37 76 1.996
37 77 3.289
37 78 0.719
37 79 2.626
37 80 0.639
37 81 1.763
37 82 2.230
37 83 1.657
37 84 1.367
37 85 1.232
37 86 1.630
37 87 2.286
37 88 0.530
37 89 2.404
37 90 2.827
37 91 1.423
37 92 2.394
37 93 1.322
37 94 0.598
37 95 1.840
37 96 1.819
37 97 1.048
37 98 0.768
37 99 0.567
38 39 4.617
38 40 0.434
38 41 1.875
38 42 2.899
38 43 0.019
38 44 2.781
38 45 0.334
38 46 1.099
38 47 1.342
38 48 2.431
38 49 0.343
38 50 0.222
38 51 3.266
38 52 2.475
38 53 1.781
38 54 0.580
38 55 1.214
38 56 1.224
38 57 2.413
38 58 0.322
38 59 1.910
38 60 4.189
38 61 2.111
38 62 0.845
38 63 2.073
38 64 2.307
38 65 1.536
38 66 1.715
38 67 4.259
38 68 3.289
38 69 3.268
38 70 0.390
38 71 0.416
38 72 1.623
38 73 2.957
38 74 1.427
38 75 0.523
38 76 2.741
38 77 4.033
38 78 1.463
38 79 3.370
38 80 1.384
38 81 2.508
38 82 2.975
38 83 2.401
38 84 0.623
38 85 1.976
38 86 2.375
38 87 3.031
38 88 0.215
38 89 3.149
38 90 2.082
38 91 2.167
38 92 3.139
38 93 2.066
38 94 1.343
38 95 2.584
38 96 2.563
38 97 1.792
38 98 1.513
38 99 0.186
39 40 5.051
39 41 2.743
39 42 1.720
39 43 4.605
39 44 1.836
39 45 4.287
39 46 3.519
39 47 3.277
39 48 2.187
39 49 4.274
39 50 4.400
39 51 1.351
39 52 2.145
39 53 6.398
39 54 5.197
39 55 3.404
39 56 3.395
39 57 2.204
39 58 4.296
39 59 2.710
39 60 0.429
39 61 2.507
39 62 3.776
39 63 2.546
39 64 2.311
39 65 3.084
39 66 2.903
39 67 0.360
39 68 1.330
39 69 1.349
39 70 5.006
39 71 4.203
39 72 2.996
39 73 1.664
39 74 3.191
39 75 5.139
39 76 1.879
39 77 0.584
39 78 3.157
39 79 1.247
39 80 3.234
39 81 2.114
39 82 1.642
39 83 2.216
39 84 5.240
39 85 2.641
39 86 2.243
39 87 1.587
39 88 4.403
39 89 1.470
39 90 6.699
39 91 2.450
39 92 1.482
39 93 2.551
39 94 3.275
39 95 2.034
39 96 2.054
39 97 2.825
39 98 3.105
39 99 4.439
40 41 2.309
40 42 3.333
40 43 0.446
40 44 3.215
40 45 0.766
40 46 1.533
40 47 1.776
40 48 2.865
40 49 0.778
40 50 0.653
40 51 3.700
40 52 2.908
40 53 1.347
40 54 0.147
40 55 1.648
40 56 1.658
40 57 2.848
40 58 0.756
40 59 2.344
40 60 4.623
40 61 2.545
40 62 1.278
40 63 2.507
40 64 2.741
40 65 1.970
40 66 2.149
40 67 4.693
40 68 3.723
40 69 3.703
40 70 0.061
40 71 0.849
40 72 2.056
40 73 3.391
40 74 1.861
40 75 0.101
40 76 3.175
40 77 4.468
40 78 1.897
40 79 3.805
40 80 1.818
40 81 2.942
40 82 3.409
40 83 2.836
40 84 0.189
40 85 2.410
40 86 2.809
40 87 3.465
40 88 0.648
40 89 3.583
40 90 1.648
40 91 2.601
40 92 3.573
40 93 2.500
40 94 1.777
40 95 3.018
40 96 2.998
40 97 2.226
40 98 1.947
40 99 0.614
41 42 1.024
41 43 1.863
41 44 0.907
41 45 1.544
41 46 0.777
41 47 0.534
41 48 0.556
41 49 1.533
41 50 1.657
41 51 1.392
41 52 0.599
41 53 3.657
41 54 2.455
41 55 0.662
41 56 0.652
41 57 0.539
41 58 1.553
41 59 0.038
41 60 2.315
41 61 0.236
41 62 1.032
41 63 0.198
41 64 0.433
41 65 0.341
41 66 0.166
41 67 2.384
41 68 1.414
41 69 1.394
41 70 2.265
41 71 1.461
41 72 0.253
41 73 1.082
41 74 0.450
41 75 2.398
41 76 0.866
41 77 2.160
41 78 0.414
41 79 1.496
41 80 0.491
41 81 0.633
41 82 1.101
41 83 0.527
41 84 2.498
41 85 0.106
41 86 0.504
41 87 1.156
41 88 1.661
41 89 1.274
41 90 3.958
41 91 0.294
41 92 1.263
41 93 0.197
41 94 0.532
41 95 0.710
41 96 0.690
41 97 0.102
41 98 0.363
41 99 1.696
42 43 2.887
42 44 0.124
42 45 2.568
42 46 1.801
42 47 1.558
42 48 0.470
42 49 2.556
42 50 2.681
42 51 0.373
42 52 0.425
42 53 4.681
42 54 3.479
42 55 1.686
42 56 1.676
42 57 0.487
42 58 2.577
42 59 0.990
42 60 1.291
42 61 0.789
42 62 2.056
42 63 0.826
42 64 0.593
42 65 1.365
42 66 1.185
42 67 1.361
42 68 0.390
42 69 0.372
42 70 3.289
42 71 2.485
42 72 1.277
42 73 0.061
42 74 1.473
42 75 3.422
42 76 0.159
42 77 1.138
42 78 1.438
42 79 0.475
42 80 1.515
42 81 0.393
42 82 0.095
42 83 0.499
42 84 3.522
42 85 0.923
42 86 0.529
42 87 0.138
42 88 2.685
42 89 0.250
42 90 4.982
42 91 0.732
42 92 0.240
42 93 0.834
42 94 1.556
42 95 0.317
42 96 0.338
42 97 1.109
42 98 1.387
42 99 2.720
43 44 2.769
43 45 0.320
43 46 1.087
43 47 1.329
43 48 2.418
43 49 0.332
43 50 0.208
43 51 3.254
43 52 2.462
43 53 1.794
43 54 0.592
43 55 1.201
43 56 1.211
43 57 2.401
43 58 0.310
43 59 1.898
43 60 4.177
43 61 2.099
43 62 0.832
43 63 2.061
43 64 2.294
43 65 1.524
43 66 1.703
43 67 4.247
43 68 3.277
43 69 3.256
43 70 0.403
43 71 0.403
43 72 1.610
43 73 2.945
43 74 1.415
43 75 0.537
43 76 2.729
43 77 4.022
43 78 1.451
43 79 3.358
43 80 1.372
43 81 2.495
43 82 2.963
43 83 2.389
43 84 0.635
43 85 1.964
43 86 2.363
43 87 3.019
43 88 0.202
43 89 3.137
43 90 2.095
43 91 2.155
43 92 3.127
43 93 2.054
43 94 1.331
43 95 2.572
43 96 2.551
43 97 1.780
43 98 1.500
43 99 0.170
44 45 2.451
44 46 1.683
44 47 1.441
44 48 0.351
44 49 2.438
44 50 2.564
44 51 0.485
44 52 0.312
44 53 4.562
44 54 3.361
44 55 1.568
44 56 1.559
44 57 0.368
44 58 2.460
44 59 0.874
44 60 1.408
44 61 0.671
44 62 1.939
44 63 0.710
44 64 0.475
44 65 1.248
44 66 1.067
44 67 1.477
44 68 0.508
44 69 0.487
44 70 3.170
44 71 2.367
44 72 1.159
44 73 0.185
44 74 1.355
44 75 3.304
44 76 0.061
44 77 1.253
44 78 1.321
44 79 0.589
44 80 1.398
44 81 0.283
44 82 0.194
44 83 0.380
44 84 3.404
44 85 0.805
44 86 0.408
44 87 0.249
44 88 2.567
44 89 0.368
44 90 4.864
44 91 0.614
44 92 0.361
44 93 0.715
44 94 1.439
44 95 0.197
44 96 0.218
44 97 0.990
44 98 1.269
44 99 2.603
45 46 0.768
45 47 1.010
45 48 2.100
45 49 0.056
45 50 0.113
45 51 2.935
45 52 2.143
45 53 2.113
45 54 0.912
45 55 0.883
45 56 0.892
45 57 2.083
45 58 0.029
45 59 1.578
45 60 3.858
45 61 1.780
45 62 0.512
45 63 1.742
45 64 1.976
45 65 1.204
45 66 1.384
45 67 3.928
45 68 2.958
45 69 2.938
45 70 0.723
45 71 0.084
45 72 1.291
45 73 2.626
45 74 1.096
45 75 0.857
45 76 2.409
45 77 3.703
45 78 1.131
45 79 3.040
45 80 1.053
45 81 2.176
45 82 2.644
45 83 2.071
45 84 0.955
45 85 1.646
45 86 2.045
45 87 2.700
45 88 0.119
45 89 2.818
45 90 2.414
45 91 1.837
45 92 2.807
45 93 1.736
45 94 1.012
45 95 2.253
45 96 2.233
45 97 1.462
45 98 1.182
45 99 0.152
46 47 0.244
46 48 1.332
46 49 0.756
46 50 0.881
46 51 2.167
46 52 1.376
46 53 2.880
46 54 1.678
46 55 0.115
46 56 0.129
46 57 1.315
46 58 0.777
46 59 0.812
46 60 3.090
46 61 1.012
46 62 0.260
46 63 0.975
46 64 1.208
46 65 0.440
46 66 0.616
46 67 3.160
46 68 2.190
46 69 2.170
46 70 1.488
46 71 0.684
46 72 0.524
46 73 1.858
46 74 0.328
46 75 1.622
46 76 1.642
46 77 2.935
46 78 0.367
46 79 2.272
46 80 0.286
46 81 1.409
46 82 1.876
46 83 1.303
46 84 1.722
46 85 0.878
46 86 1.276
46 87 1.932
46 88 0.884
46 89 2.050
46 90 3.181
46 91 1.069
46 92 2.040
46 93 0.968
46 94 0.245
46 95 1.485
46 96 1.465
46 97 0.694
46 98 0.414
46 99 0.920
47 48 1.090
47 49 0.999
47 50 1.123
47 51 1.926
47 52 1.133
47 53 3.123
47 54 1.921
47 55 0.129
47 56 0.119
47 57 1.073
47 58 1.020
47 59 0.568
47 60 2.848
47 61 0.770
47 62 0.499
47 63 0.732
47 64 0.966
47 65 0.196
47 66 0.376
47 67 2.918
47 68 1.948
47 69 1.928
47 70 1.731
47 71 0.927
47 72 0.281
47 73 1.616
47 74 0.094
47 75 1.865
47 76 1.399
47 77 2.694
47 78 0.124
47 79 2.030
47 80 0.045
47 81 1.166
47 82 1.635
47 83 1.061
47 84 1.964
47 85 0.636
47 86 1.035
47 87 1.690
47 88 1.127
47 89 1.808
47 90 3.424
47 91 0.827
47 92 1.797
47 93 0.727
47 94 0.012
47 95 1.243
47 96 1.223
47 97 0.454
47 98 0.172
47 99 1.162
48 49 2.087
48 50 2.213
48 51 0.836
48 52 0.064
48 53 4.212
48 54 3.010
48 55 1.217
48 56 1.208
48 57 0.017
48 58 2.109
48 59 0.524
48 60 1.758
48 61 0.320
48 62 1.589
48 63 0.360
48 64 0.124
48 65 0.898
48 66 0.716
48 67 1.828
48 68 0.858
48 69 0.838
48 70 2.820
48 71 2.016
48 72 0.809
48 73 0.529
48 74 1.004
48 75 2.953
48 76 0.312
48 77 1.604
48 78 0.971
48 79 0.940
48 80 1.047
48 81 0.099
48 82 0.545
48 83 0.029
48 84 3.053
48 85 0.454
48 86 0.065
48 87 0.600
48 88 2.216
48 89 0.718
48 90 4.513
48 91 0.263
48 92 0.709
48 93 0.365
48 94 1.088
48 95 0.154
48 96 0.133
48 97 0.639
48 98 0.918
48 99 2.252
49 50 0.136
49 51 2.922
49 52 2.132
49 53 2.124
49 54 0.923
49 55 0.871
49 56 0.882
49 57 2.070
49 58 0.034
49 59 1.568
49 60 3.845
49 61 1.768
49 62 0.504
49 63 1.730
49 64 1.964
49 65 1.194
49 66 1.372
49 67 3.916
49 68 2.946
49 69 2.925
49 70 0.732
49 71 0.083
49 72 1.280
49 73 2.614
49 74 1.083
49 75 0.866
49 76 2.398
49 77 3.690
49 78 1.121
49 79 3.027
49 80 1.041
49 81 2.165
49 82 2.632
49 83 2.058
49 84 0.966
49 85 1.633
49 86 2.031
49 87 2.687
49 88 0.133
49 89 2.806
49 90 2.426
49 91 1.824
49 92 2.796
49 93 1.723
49 94 1.000
49 95 2.241
49 96 2.220
49 97 1.449
49 98 1.170
49 99 0.175
50 51 3.048
50 52 2.256
50 53 2.000
50 54 0.799
50 55 0.996
50 56 1.005
50 57 2.196
50 58 0.107
50 59 1.691
50 60 3.971
50 61 1.893
50 62 0.625
50 63 1.855
50 64 2.089
50 65 1.317
50 66 1.497
50 67 4.041
50 68 3.071
50 69 3.051
50 70 0.611
50 71 0.197
50 72 1.404
50 73 2.739
50 74 1.209
50 75 0.744
50 76 2.523
50 77 3.816
50 78 1.244
50 79 3.153
50 80 1.166
50 81 2.289
50 82 2.757
50 83 2.184
50 84 0.842
50 85 1.759
50 86 2.158
50 87 2.813
50 88 0.021
50 89 2.931
50 90 2.301
50 91 1.950
50 92 2.920
50 93 1.849
50 94 1.125
50 95 2.366
50 96 2.346
50 97 1.575
50 98 1.295
50 99 0.040
51 52 0.796
51 53 5.047
51 54 3.845
51 55 2.053
51 56 2.044
51 57 0.853
51 58 2.944
51 59 1.359
51 60 0.923
51 61 1.156
51 62 2.424
51 63 1.195
51 64 0.960
51 65 1.734
51 66 1.551
51 67 0.993
51 68 0.053
51 69 0.027
51 70 3.654
51 71 2.852
51 72 1.644
51 73 0.322
51 74 1.839
51 75 3.788
51 76 0.531
51 77 0.768
51 78 1.807
51 79 0.105
51 80 1.883
51 81 0.765
51 82 0.291
51 83 0.865
51 84 3.888
51 85 1.290
51 86 0.891
51 87 0.236
51 88 3.052
51 89 0.131
51 90 5.348
51 91 1.099
51 92 0.151
51 93 1.200
51 94 1.924
51 95 0.682
51 96 0.703
51 97 1.474
51 98 1.754
51 99 3.088
52 53 4.256
52 54 3.054
52 55 1.261
52 56 1.251
52 57 0.077
52 58 2.153
52 59 0.565
52 60 1.717
52 61 0.365
52 62 1.631
52 63 0.401
52 64 0.173
52 65 0.939
52 66 0.762
52 67 1.786
52 68 0.816
52 69 0.797
52 70 2.864
52 71 2.060
52 72 0.852
52 73 0.483
52 74 1.049
52 75 2.998
52 76 0.267
52 77 1.563
52 78 1.012
52 79 0.899
52 80 1.090
52 81 0.037
52 82 0.506
52 83 0.086
52 84 3.097
52 85 0.500
52 86 0.128
52 87 0.560
52 88 2.260
52 89 0.675
52 90 4.557
52 91 0.310
52 92 0.664
52 93 0.412
52 94 1.132
52 95 0.121
52 96 0.105
52 97 0.686
52 98 0.962
52 99 2.295
53 54 1.202
53 55 2.995
53 56 3.005
53 57 4.195
53 58 2.103
53 59 3.691
53 60 5.969
53 61 3.892
53 62 2.625
53 63 3.854
53 64 4.088
53 65 3.317
53 66 3.496
53 67 6.040
53 68 5.070
53 69 5.049
53 70 1.392
53 71 2.196
53 72 3.404
53 73 4.738
53 74 3.208
53 75 1.259
53 76 4.522
53 77 5.814
53 78 3.244
53 79 5.151
53 80 3.165
53 81 4.289
53 82 4.756
53 83 4.183
53 84 1.158
53 85 3.757
53 86 4.155
53 87 4.812
53 88 1.996
53 89 4.930
53 90 0.301
53 91 3.948
53 92 4.920
53 93 3.847
53 94 3.124
53 95 4.365
53 96 4.345
53 97 3.573
53 98 3.294
53 99 1.961
54 55 1.793
54 56 1.804
54 57 2.993
54 58 0.902
54 59 2.490
54 60 4.768
54 61 2.690
54 62 1.424
54 63 2.653
54 64 2.886
54 65 2.116
54 66 2.294
54 67 4.838
54 68 3.869
54 69 3.848
54 70 0.191
54 71 0.995
54 72 2.202
54 73 3.537
54 74 2.006
54 75 0.062
54 76 3.321
54 77 4.613
54 78 2.043
54 79 3.950
54 80 1.964
54 81 3.088
54 82 3.554
54 83 2.981
54 84 0.044
54 85 2.556
54 86 2.954
54 87 3.610
54 88 0.794
54 89 3.728
54 90 1.503
54 91 2.747
54 92 3.719
54 93 2.646
54 94 1.923
54 95 3.164
54 96 3.143
54 97 2.371
54 98 2.092
54 99 0.761
55 56 0.026
55 57 1.200
55 58 0.892
55 59 0.697
55 60 2.976
55 61 0.897
55 62 0.372
55 63 0.860
55 64 1.093
55 65 0.324
55 66 0.502
55 67 3.046
55 68 2.076
55 69 2.055
55 70 1.603
55 71 0.799
55 72 0.409
55 73 1.744
55 74 0.215
55 75 1.737
55 76 1.527
55 77 2.821
55 78 0.252
55 79 2.157
55 80 0.171
55 81 1.294
55 82 1.762
55 83 1.188
55 84 1.836
55 85 0.763
55 86 1.162
55 87 1.817
55 88 0.999
55 89 1.935
55 90 3.296
55 91 0.954
55 92 1.925
55 93 0.853
55 94 0.129
55 95 1.371
55 96 1.350
55 97 0.580
55 98 0.299
55 99 1.035
56 57 1.191
56 58 0.902
56 59 0.686
56 60 2.967
56 61 0.888
56 62 0.380
56 63 0.850
56 64 1.084
56 65 0.312
56 66 0.494
56 67 3.036
56 68 2.066
56 69 2.046
56 70 1.614
56 71 0.809
56 72 0.400
56 73 1.734
56 74 0.209
56 75 1.747
56 76 1.518
56 77 2.812
56 78 0.239
56 79 2.148
56 80 0.162
56 81 1.284
56 82 1.753
56 83 1.179
56 84 1.847
56 85 0.754
56 86 1.154
56 87 1.808
56 88 1.009
56 89 1.926
56 90 3.306
56 91 0.945
56 92 1.915
56 93 0.845
56 94 0.122
56 95 1.362
56 96 1.341
56 97 0.573
56 98 0.291
56 99 1.044
57 58 2.092
57 59 0.507
57 60 1.775
57 61 0.303
57 62 1.572
57 63 0.343
57 64 0.107
57 65 0.881
57 66 0.699
57 67 1.845
57 68 0.875
57 69 0.855
57 70 2.803
57 71 1.999
57 72 0.792
57 73 0.546
57 74 0.987
57 75 2.936
57 76 0.329
57 77 1.621
57 78 0.954
57 79 0.957
57 80 1.030
57 81 0.113
57 82 0.562
57 83 0.012
57 84 3.036
57 85 0.437
57 86 0.051
57 87 0.617
57 88 2.199
57 89 0.736
57 90 4.496
57 91 0.246
57 92 0.726
57 93 0.348
57 94 1.071
57 95 0.171
57 96 0.150
57 97 0.622
57 98 0.901
57 99 2.235
58 59 1.588
58 60 3.867
58 61 1.789
58 62 0.523
58 63 1.751
58 64 1.985
58 65 1.214
58 66 1.393
58 67 3.937
58 68 2.967
58 69 2.947
58 70 0.712
58 71 0.094
58 72 1.301
58 73 2.635
58 74 1.105
58 75 0.845
58 76 2.419
58 77 3.712
58 78 1.141
58 79 3.049
58 80 1.062
58 81 2.186
58 82 2.653
58 83 2.080
58 84 0.945
58 85 1.655
58 86 2.053
58 87 2.709
58 88 0.108
58 89 2.827
58 90 2.404
58 91 1.846
58 92 2.817
58 93 1.745
58 94 1.021
58 95 2.262
58 96 2.242
58 97 1.470
58 98 1.191
58 99 0.147
59 60 2.281
59 61 0.205
59 62 1.066
59 63 0.164
59 64 0.400
59 65 0.375
59 66 0.204
59 67 2.351
59 68 1.380
59 69 1.361
59 70 2.300
59 71 1.495
59 72 0.288
59 73 1.047
59 74 0.486
59 75 2.433
59 76 0.831
59 77 2.127
59 78 0.448
59 79 1.463
59 80 0.526
59 81 0.598
59 82 1.068
59 83 0.495
59 84 2.533
59 85 0.083
59 86 0.473
59 87 1.123
59 88 1.695
59 89 1.240
59 90 3.992
59 91 0.262
59 92 1.229
59 93 0.169
59 94 0.567
59 95 0.677
59 96 0.657
59 97 0.140
59 98 0.399
59 99 1.730
60 61 2.078
60 62 3.347
60 63 2.117
60 64 1.882
60 65 2.656
60 66 2.474
60 67 0.072
60 68 0.901
60 69 0.920
60 70 4.577
60 71 3.775
60 72 2.567
60 73 1.235
60 74 2.762
60 75 4.711
60 76 1.450
60 77 0.159
60 78 2.729
60 79 0.818
60 80 2.805
60 81 1.685
60 82 1.214
60 83 1.787
60 84 4.811
60 85 2.212
60 86 1.814
60 87 1.158
60 88 3.975
60 89 1.041
60 90 6.271
60 91 2.022
60 92 1.053
60 93 2.122
60 94 2.846
60 95 1.605
60 96 1.625
60 97 2.397
60 98 2.677
60 99 4.010
61 62 1.268
61 63 0.045
61 64 0.196
61 65 0.578
61 66 0.397
61 67 2.148
61 68 1.178
61 69 1.158
61 70 2.500
61 71 1.696
61 72 0.489
61 73 0.847
61 74 0.684
61 75 2.634
61 76 0.630
61 77 1.924
61 78 0.651
61 79 1.260
61 80 0.727
61 81 0.399
61 82 0.865
61 83 0.291
61 84 2.734
61 85 0.135
61 86 0.268
61 87 0.920
61 88 1.897
61 89 1.038
61 90 4.193
61 91 0.058
61 92 1.028
61 93 0.053
61 94 0.768
61 95 0.474
61 96 0.453
61 97 0.322
61 98 0.598
61 99 1.932
62 63 1.230
62 64 1.465
62 65 0.692
62 66 0.874
62 67 3.417
62 68 2.446
62 69 2.426
62 70 1.235
62 71 0.429
62 72 0.780
62 73 2.114
62 74 0.587
62 75 1.368
62 76 1.898
62 77 3.192
62 78 0.619
62 79 2.529
62 80 0.542
62 81 1.664
62 82 2.133
62 83 1.559
62 84 1.467
62 85 1.135
62 86 1.534
62 87 2.189
62 88 0.630
62 89 2.306
62 90 2.926
62 91 1.325
62 92 2.296
62 93 1.225
62 94 0.501
62 95 1.742
62 96 1.722
62 97 0.952
62 98 0.671
62 99 0.664
63 64 0.237
63 65 0.538
63 66 0.361
63 67 2.187
63 68 1.216
63 69 1.197
63 70 2.463
63 71 1.658
63 72 0.451
63 73 0.884
63 74 0.648
63 75 2.596
63 76 0.668
63 77 1.963
63 78 0.611
63 79 1.299
63 80 0.689
63 81 0.435
63 82 0.904
63 83 0.331
63 84 2.696
63 85 0.104
63 86 0.310
63 87 0.959
63 88 1.859
63 89 1.076
63 90 4.156
63 91 0.101
63 92 1.066
63 93 0.053
63 94 0.730
63 95 0.513
63 96 0.493
63 97 0.288
63 98 0.561
63 99 1.894
64 65 0.774
64 66 0.592
64 67 1.952
64 68 0.982
64 69 0.962
64 70 2.696
64 71 1.892
64 72 0.685
64 73 0.652
64 74 0.880
64 75 2.829
64 76 0.435
64 77 1.728
64 78 0.847
64 79 1.064
64 80 0.923
64 81 0.209
64 82 0.669
64 83 0.095
64 84 2.929
64 85 0.330
64 86 0.077
64 87 0.724
64 88 2.092
64 89 0.842
64 90 4.389
64 91 0.139
64 92 0.833
64 93 0.241
64 94 0.964
64 95 0.278
64 96 0.257
64 97 0.516
64 98 0.794
64 99 2.128
65 66 0.194
65 67 2.725
65 68 1.755
65 69 1.735
65 70 1.926
65 71 1.121
65 72 0.096
65 73 1.422
65 74 0.128
65 75 2.060
65 76 1.206
65 77 2.502
65 78 0.073
65 79 1.838
65 80 0.157
65 81 0.972
65 82 1.443
65 83 0.869
65 84 2.159
65 85 0.446
65 86 0.845
65 87 1.498
65 88 1.322
65 89 1.614
65 90 3.618
65 91 0.635
65 92 1.604
65 93 0.537
65 94 0.196
65 95 1.051
65 96 1.031
65 97 0.272
65 98 0.054
65 99 1.356
66 67 2.544
66 68 1.574
66 69 1.554
66 70 2.104
66 71 1.301
66 72 0.098
66 73 1.244
66 74 0.288
66 75 2.237
66 76 1.027
66 77 2.319
66 78 0.263
66 79 1.656
66 80 0.332
66 81 0.796
66 82 1.260
66 83 0.687
66 84 2.337
66 85 0.262
66 86 0.660
66 87 1.316
66 88 1.501
66 89 1.434
66 90 3.797
66 91 0.453
66 92 1.425
66 93 0.352
66 94 0.373
66 95 0.869
66 96 0.849
66 97 0.079
66 98 0.204
66 99 1.537
67 68 0.970
67 69 0.990
67 70 4.648
67 71 3.845
67 72 2.637
67 73 1.304
67 74 2.832
67 75 4.781
67 76 1.519
67 77 0.230
67 78 2.798
67 79 0.888
67 80 2.875
67 81 1.754
67 82 1.284
67 83 1.857
67 84 4.882
67 85 2.282
67 86 1.884
67 87 1.228
67 88 4.045
67 89 1.111
67 90 6.341
67 91 2.092
67 92 1.122
67 93 2.192
67 94 2.916
67 95 1.675
67 96 1.695
67 97 2.467
67 98 2.747
67 99 4.080
68 69 0.030
68 70 3.678
68 71 2.875
68 72 1.667
68 73 0.335
68 74 1.862
68 75 3.811
68 76 0.549
68 77 0.748
68 78 1.828
68 79 0.090
68 80 1.905
68 81 0.784
68 82 0.316
68 83 0.888
68 84 3.912
68 85 1.313
68 86 0.915
68 87 0.259
68 88 3.075
68 89 0.141
68 90 5.371
68 91 1.122
68 92 0.154
68 93 1.223
68 94 1.946
68 95 0.705
68 96 0.726
68 97 1.498
68 98 1.776
68 99 3.110
69 70 3.657
69 71 2.854
69 72 1.647
69 73 0.318
69 74 1.842
69 75 3.791
69 76 0.530
69 77 0.767
69 78 1.808
69 79 0.103
69 80 1.885
69 81 0.765
69 82 0.294
69 83 0.867
69 84 3.891
69 85 1.292
69 86 0.894
69 87 0.238
69 88 3.054
69 89 0.124
69 90 5.351
69 91 1.101
69 92 0.141
69 93 1.202
69 94 1.926
69 95 0.684
69 96 0.705
69 97 1.477
69 98 1.756
69 99 3.090
70 71 0.806
70 72 2.012
70 73 3.347
70 74 1.816
70 75 0.134
70 76 3.130
70 77 4.422
70 78 1.853
70 79 3.759
70 80 1.774
70 81 2.898
70 82 3.364
70 83 2.791
70 84 0.235
70 85 2.366
70 86 2.763
70 87 3.420
70 88 0.605
70 89 3.538
70 90 1.693
70 91 2.557
70 92 3.528
70 93 2.455
70 94 1.733
70 95 2.973
70 96 2.953
70 97 2.181
70 98 1.902
70 99 0.573
71 72 1.208
71 73 2.542
71 74 1.013
71 75 0.939
71 76 2.326
71 77 3.620
71 78 1.048
71 79 2.956
71 80 0.970
71 81 2.093
71 82 2.561
71 83 1.987
71 84 1.038
71 85 1.562
71 86 1.961
71 87 2.616
71 88 0.201
71 89 2.734
71 90 2.497
71 91 1.753
71 92 2.724
71 93 1.652
71 94 0.928
71 95 2.170
71 96 2.149
71 97 1.378
71 98 1.098
71 99 0.236
72 73 1.335
72 74 0.198
72 75 2.145
72 76 1.118
72 77 2.412
72 78 0.165
72 79 1.749
72 80 0.238
72 81 0.886
72 82 1.353
72 83 0.779
72 84 2.245
72 85 0.355
72 86 0.754
72 87 1.409
72 88 1.408
72 89 1.526
72 90 3.705
72 91 0.545
72 92 1.516
72 93 0.445
72 94 0.279
72 95 0.962
72 96 0.942
72 97 0.176
72 98 0.110
72 99 1.443
73 74 1.531
73 75 3.480
73 76 0.217
73 77 1.083
73 78 1.495
73 79 0.422
73 80 1.573
73 81 0.450
73 82 0.081
73 83 0.558
73 84 3.580
73 85 0.982
73 86 0.588
73 87 0.098
73 88 2.743
73 89 0.195
73 90 5.040
73 91 0.791
73 92 0.182
73 93 0.893
73 94 1.614
73 95 0.377
73 96 0.398
73 97 1.168
73 98 1.445
73 99 2.778
74 75 1.949
74 76 1.315
74 77 2.607
74 78 0.076
74 79 1.944
74 80 0.050
74 81 1.083
74 82 1.548
74 83 0.975
74 84 2.049
74 85 0.550
74 86 0.948
74 87 1.604
74 88 1.213
74 89 1.722
74 90 3.509
74 91 0.741
74 92 1.713
74 93 0.640
74 94 0.088
74 95 1.157
74 96 1.137
74 97 0.366
74 98 0.088
74 99 1.249
75 76 3.264
75 77 4.555
75 78 1.987
75 79 3.893
75 80 1.907
75 81 3.031
75 82 3.497
75 83 2.924
75 84 0.106
75 85 2.499
75 86 2.897
75 87 3.553
75 88 0.738
75 89 3.671
75 90 1.560
75 91 2.690
75 92 3.662
75 93 2.589
75 94 1.866
75 95 3.107
75 96 3.086
75 97 2.314
75 98 2.035
75 99 0.706
76 77 1.297
76 78 1.279
76 79 0.633
76 80 1.357
76 81 0.235
76 82 0.243
76 83 0.341
76 84 3.364
76 85 0.765
76 86 0.373
76 87 0.294
76 88 2.526
76 89 0.409
76 90 4.823
76 91 0.574
76 92 0.398
76 93 0.676
76 94 1.398
76 95 0.162
76 96 0.183
76 97 0.951
76 98 1.228
76 99 2.562
77 78 2.575
77 79 0.664
77 80 2.650
77 81 1.532
77 82 1.059
77 83 1.633
77 84 4.656
77 85 2.058
77 86 1.659
77 87 1.004
77 88 3.820
77 89 0.889
77 90 6.115
77 91 1.867
77 92 0.901
77 93 1.967
77 94 2.692
77 95 1.450
77 96 1.471
77 97 2.242
77 98 2.522
77 99 3.856
78 79 1.911
78 80 0.088
78 81 1.045
78 82 1.516
78 83 0.942
78 84 2.086
78 85 0.518
78 86 0.918
78 87 1.571
78 88 1.248
78 89 1.688
78 90 3.545
78 91 0.708
78 92 1.677
78 93 0.609
78 94 0.125
78 95 1.124
78 96 1.104
78 97 0.341
78 98 0.070
78 99 1.283
79 80 1.987
79 81 0.868
79 82 0.396
79 83 0.969
79 84 3.993
79 85 1.394
79 86 0.996
79 87 0.340
79 88 3.156
79 89 0.227
79 90 5.453
79 91 1.203
79 92 0.242
79 93 1.304
79 94 2.028
79 95 0.787
79 96 0.807
79 97 1.579
79 98 1.858
79 99 3.192
80 81 1.124
80 82 1.591
80 83 1.018
80 84 2.007
80 85 0.593
80 86 0.992
80 87 1.647
80 88 1.170
80 89 1.765
80 90 3.467
80 91 0.784
80 92 1.755
80 93 0.683
80 94 0.041
80 95 1.200
80 96 1.180
80 97 0.410
80 98 0.129
80 99 1.205
81 82 0.476
81 83 0.123
81 84 3.131
81 85 0.534
81 86 0.164
81 87 0.529
81 88 2.293
81 89 0.643
81 90 4.590
81 91 0.345
81 92 0.632
81 93 0.447
81 94 1.165
81 95 0.102
81 96 0.092
81 97 0.721
81 98 0.996
81 99 2.328
82 83 0.574
82 84 3.598
82 85 0.999
82 86 0.600
82 87 0.058
82 88 2.761
82 89 0.180
82 90 5.057
82 91 0.808
82 92 0.178
82 93 0.909
82 94 1.633
82 95 0.391
82 96 0.412
82 97 1.183
82 98 1.463
82 99 2.797
83 84 3.024
83 85 0.425
83 86 0.043
83 87 0.629
83 88 2.187
83 89 0.748
83 90 4.484
83 91 0.234
83 92 0.738
83 93 0.335
83 94 1.059
83 95 0.183
83 96 0.162
83 97 0.610
83 98 0.889
83 99 2.223
84 85 2.599
84 86 2.997
84 87 3.653
84 88 0.837
84 89 3.772
84 90 1.460
84 91 2.790
84 92 3.762
84 93 2.689
84 94 1.966
84 95 3.207
84 96 3.186
84 97 2.415
84 98 2.135
84 99 0.803
85 86 0.400
85 87 1.054
85 88 1.762
85 89 1.173
85 90 4.059
85 91 0.191
85 92 1.163
85 93 0.091
85 94 0.634
85 95 0.608
85 96 0.587
85 97 0.187
85 98 0.464
85 99 1.798
86 87 0.657
86 88 2.161
86 89 0.776
86 90 4.457
86 91 0.210
86 92 0.768
86 93 0.309
86 94 1.033
86 95 0.212
86 96 0.191
86 97 0.583
86 98 0.863
86 99 2.197
87 88 2.817
87 89 0.122
87 90 5.113
87 91 0.863
87 92 0.121
87 93 0.964
87 94 1.688
87 95 0.447
87 96 0.467
87 97 1.239
87 98 1.518
87 99 2.852
88 89 2.934
88 90 2.297
88 91 1.953
88 92 2.924
88 93 1.852
88 94 1.129
88 95 2.370
88 96 2.349
88 97 1.578
88 98 1.298
88 99 0.045
89 90 5.231
89 91 0.982
89 92 0.024
89 93 1.083
89 94 1.806
89 95 0.565
89 96 0.586
89 97 1.358
89 98 1.636
89 99 2.970
90 91 4.250
90 92 5.221
90 93 4.149
90 94 3.425
90 95 4.666
90 96 4.646
90 97 3.874
90 98 3.595
90 99 2.262
91 92 0.972
91 93 0.103
91 94 0.825
91 95 0.417
91 96 0.396
91 97 0.377
91 98 0.655
91 99 1.989
92 93 1.074
92 94 1.796
92 95 0.556
92 96 0.577
92 97 1.349
92 98 1.626
92 99 2.960
93 94 0.724
93 95 0.518
93 96 0.497
93 97 0.275
93 98 0.554
93 99 1.888
94 95 1.242
94 96 1.221
94 97 0.451
94 98 0.170
94 99 1.164
95 96 0.021
95 97 0.793
95 98 1.072
95 99 2.406
96 97 0.772
96 98 1.051
96 99 2.385
97 98 0.282
97 99 1.614
98 99 1.334
