nodei nodej distance
0 1 0.651
0 2 0.419
0 3 0.685
0 4 1.914
0 5 4.678
0 6 4.338
0 7 4.761
0 8 4.799
0 9 4.380
0 10 4.741
0 11 4.190
0 12 3.987
0 13 3.985
0 14 4.317
0 15 4.200
0 16 4.680
0 17 4.499
0 18 4.552
0 19 3.512
0 20 5.116
0 21 3.912
0 22 4.609
0 23 4.182
0 24 4.395
0 25 4.773
0 26 4.382
0 27 4.369
0 28 4.129
0 29 4.737
0 30 4.543
0 31 4.752
0 32 4.010
0 33 4.376
0 34 4.146
0 35 4.136
0 36 4.057
0 37 4.425
0 38 4.592
0 39 4.530
0 40 4.227
0 41 5.109
0 42 4.802
0 43 4.793
0 44 4.165
0 45 4.802
0 46 5.173
0 47 4.795
0 48 5.105
0 49 3.975
0 50 4.616
0 51 5.158
0 52 3.759
0 53 4.007
0 54 4.967
0 55 4.331
0 56 4.201
0 57 3.950
0 58 4.125
0 59 3.724
0 60 5.002
0 61 5.448
0 62 5.101
0 63 4.979
0 64 4.692
0 65 4.493
0 66 4.029
0 67 4.638
0 68 4.170
0 69 4.948
0 70 3.585
0 71 4.901
0 72 3.979
0 73 4.773
0 74 4.567
0 75 5.510
0 76 3.783
0 77 4.432
0 78 4.465
0 79 4.128
0 80 4.652
0 81 4.160
0 82 4.337
0 83 4.848
0 84 4.679
0 85 3.938
0 86 4.636
0 87 5.260
0 88 5.065
0 89 5.047
0 90 5.449
0 91 3.553
0 92 4.152
0 93 4.342
0 94 3.711
0 95 5.314
0 96 5.166
0 97 4.825
0 98 3.538
0 99 4.827
1 2 0.815
1 3 0.430
1 4 2.085
1 5 4.154
1 6 3.687
1 7 4.245
1 8 4.152
1 9 3.765
1 10 4.090
1 11 3.614
1 12 3.381
1 13 3.348
1 14 3.708
1 15 3.561
1 16 4.044
1 17 3.858
1 18 3.904
1 19 2.861
1 20 4.528
1 21 3.346
1 22 3.994
1 23 3.545
1 24 3.751
1 25 4.134
1 26 3.731
1 27 3.777
1 28 3.549
1 29 4.171
1 30 3.935
1 31 4.131
1 32 3.361
1 33 3.728
1 34 3.549
1 35 3.550
1 36 3.496
1 37 3.776
1 38 3.947
1 39 3.882
1 40 3.596
1 41 4.545
1 42 4.152
1 43 4.265
1 44 3.517
1 45 4.155
1 46 4.523
1 47 4.283
1 48 4.488
1 49 3.370
1 50 3.967
1 51 4.527
1 52 3.116
1 53 3.365
1 54 4.329
1 55 3.821
1 56 3.634
1 57 3.365
1 58 3.485
1 59 3.075
1 60 4.366
1 61 4.882
1 62 4.457
1 63 4.396
1 64 4.104
1 65 3.904
1 66 3.389
1 67 4.003
1 68 3.522
1 69 4.353
1 70 3.054
1 71 4.322
1 72 3.354
1 73 4.229
1 74 3.917
1 75 4.965
1 76 3.134
1 77 3.788
1 78 3.856
1 79 3.582
1 80 4.128
1 81 3.534
1 82 3.738
1 83 4.198
1 84 4.029
1 85 3.298
1 86 3.991
1 87 4.703
1 88 4.516
1 89 4.478
1 90 4.798
1 91 2.906
1 92 3.502
1 93 3.752
1 94 3.102
1 95 4.665
1 96 4.564
1 97 4.222
1 98 2.888
1 99 4.205
2 3 0.594
2 4 1.495
2 5 4.503
2 6 4.410
2 7 4.578
2 8 4.907
2 9 4.320
2 10 4.801
2 11 4.076
2 12 3.915
2 13 3.976
2 14 4.249
2 15 4.200
2 16 4.668
2 17 4.503
2 18 4.653
2 19 3.586
2 20 5.012
2 21 3.788
2 22 4.549
2 23 4.172
2 24 4.407
2 25 4.770
2 26 4.443
2 27 4.273
2 28 4.020
2 29 4.606
2 30 4.472
2 31 4.701
2 32 4.102
2 33 4.482
2 34 4.061
2 35 4.036
2 36 3.926
2 37 4.527
2 38 4.711
2 39 4.562
2 40 4.203
2 41 4.973
2 42 4.886
2 43 4.621
2 44 4.265
2 45 4.911
2 46 5.254
2 47 4.608
2 48 5.046
2 49 3.904
2 50 4.663
2 51 5.127
2 52 3.775
2 53 4.018
2 54 4.955
2 55 4.146
2 56 4.075
2 57 3.848
2 58 4.128
2 59 3.821
2 60 4.986
2 61 5.313
2 62 5.220
2 63 4.867
2 64 4.589
2 65 4.393
2 66 4.166
2 67 4.623
2 68 4.206
2 69 4.855
2 70 3.426
2 71 4.785
2 72 3.944
2 73 4.619
2 74 4.654
2 75 5.352
2 76 3.833
2 77 4.557
2 78 4.396
2 79 3.978
2 80 4.477
2 81 4.123
2 82 4.253
2 83 4.932
2 84 4.726
2 85 3.938
2 86 4.755
2 87 5.117
2 88 4.912
2 89 4.918
2 90 5.528
2 91 3.586
2 92 4.212
2 93 4.244
2 94 3.649
2 95 5.346
2 96 5.081
2 97 4.743
2 98 3.606
2 99 4.780
3 4 1.663
3 5 3.995
3 6 3.820
3 7 4.077
3 8 4.324
3 9 3.742
3 10 4.208
3 11 3.523
3 12 3.341
3 13 3.385
3 14 3.674
3 15 3.607
3 16 4.078
3 17 3.910
3 18 4.068
3 19 2.996
3 20 4.454
3 21 3.241
3 22 3.971
3 23 3.581
3 24 3.814
3 25 4.179
3 26 3.851
3 27 3.710
3 28 3.464
3 29 4.064
3 30 3.898
3 31 4.120
3 32 3.516
3 33 3.900
3 34 3.493
3 35 3.475
3 36 3.384
3 37 3.943
3 38 4.132
3 39 3.968
3 40 3.615
3 41 4.435
3 42 4.298
3 43 4.110
3 44 3.681
3 45 4.328
3 46 4.664
3 47 4.111
3 48 4.468
3 49 3.329
3 50 4.070
3 51 4.541
3 52 3.181
3 53 3.425
3 54 4.365
3 55 3.647
3 56 3.529
3 57 3.288
3 58 3.535
3 59 3.237
3 60 4.397
3 61 4.774
3 62 4.640
3 63 4.314
3 64 4.031
3 65 3.833
3 66 3.596
3 67 4.033
3 68 3.612
3 69 4.292
3 70 2.903
3 71 4.234
3 72 3.358
3 73 4.094
3 74 4.067
3 75 4.830
3 76 3.240
3 77 3.980
3 78 3.821
3 79 3.449
3 80 3.969
3 81 3.538
3 82 3.684
3 83 4.344
3 84 4.132
3 85 3.345
3 86 4.176
3 87 4.584
3 88 4.386
3 89 4.375
3 90 4.938
3 91 2.992
3 92 3.620
3 93 3.682
3 94 3.071
3 95 4.752
3 96 4.514
3 97 4.174
3 98 3.016
3 99 4.198
4 5 4.145
4 6 4.932
4 7 4.182
4 8 5.515
4 9 4.409
4 10 5.262
4 11 3.984
4 12 3.995
4 13 4.268
4 14 4.313
4 15 4.498
4 16 4.899
4 17 4.795
4 18 5.250
4 19 4.170
4 20 4.890
4 21 3.688
4 22 4.621
4 23 4.444
4 24 4.737
4 25 5.024
4 26 4.929
4 27 4.235
4 28 3.954
4 29 4.413
4 30 4.509
4 31 4.795
4 32 4.703
4 33 5.106
4 34 4.079
4 35 3.999
4 36 3.784
4 37 5.135
4 38 5.360
4 39 4.945
4 40 4.425
4 41 4.736
4 42 5.422
4 43 4.267
4 44 4.882
4 45 5.521
4 46 5.760
4 47 4.195
4 48 5.088
4 49 3.983
4 50 5.088
4 51 5.266
4 52 4.162
4 53 4.370
4 54 5.169
4 55 3.772
4 56 3.940
4 57 3.825
4 58 4.444
4 59 4.456
4 60 5.186
4 61 5.060
4 62 5.849
4 63 4.728
4 64 4.501
4 65 4.328
4 66 4.902
4 67 4.843
4 68 4.624
4 69 4.785
4 70 3.233
4 71 4.634
4 72 4.145
4 73 4.331
4 74 5.211
4 75 5.009
4 76 4.322
4 77 5.233
4 78 4.443
4 79 3.762
4 80 4.120
4 81 4.307
4 82 4.256
4 83 5.465
4 84 5.146
4 85 4.260
4 86 5.403
4 87 4.842
4 88 4.614
4 89 4.709
4 90 6.019
4 91 4.044
4 92 4.708
4 93 4.200
4 94 3.785
4 95 5.691
4 96 5.029
4 97 4.723
4 98 4.170
4 99 4.880
5 6 2.675
5 7 0.128
5 8 3.209
5 9 1.306
5 10 2.657
5 11 0.810
5 12 1.274
5 13 1.847
5 14 1.222
5 15 1.907
5 16 1.852
5 17 1.980
5 18 3.036
5 19 2.629
5 20 0.978
5 21 0.921
5 22 1.313
5 23 1.820
5 24 2.062
5 25 1.973
5 26 2.571
5 27 0.930
5 28 0.889
5 29 0.530
5 30 1.184
5 31 1.442
5 32 2.811
5 33 3.041
5 34 1.093
5 35 0.957
5 36 0.766
5 37 3.011
5 38 3.244
5 39 2.291
5 40 1.677
5 41 0.658
5 42 2.951
5 43 0.122
5 44 2.923
5 45 3.217
5 46 3.068
5 47 0.185
5 48 1.469
5 49 1.276
5 50 2.470
5 51 1.810
5 52 2.099
5 53 2.027
5 54 1.942
5 55 0.373
5 56 0.709
5 57 1.046
5 58 1.944
5 59 2.831
5 60 1.916
5 61 0.938
5 62 3.468
5 63 0.831
5 64 0.840
5 65 0.863
5 66 3.278
5 67 1.802
5 68 2.272
5 69 1.021
5 70 1.100
5 71 0.745
5 72 1.594
5 73 0.263
5 74 2.900
5 75 0.868
5 76 2.396
5 77 3.256
5 78 1.198
5 79 0.609
5 80 0.026
5 81 1.554
5 82 1.048
5 83 2.967
5 84 2.488
5 85 1.932
5 86 3.263
5 87 0.714
5 88 0.483
5 89 0.679
5 90 3.196
5 91 2.281
5 92 2.515
5 93 0.912
5 94 1.467
5 95 2.597
5 96 1.218
5 97 1.112
5 98 2.575
5 99 1.498
6 7 2.798
6 8 0.625
6 9 1.373
6 10 0.420
6 11 1.915
6 12 1.488
6 13 0.897
6 14 1.453
6 15 0.773
6 16 0.961
6 17 0.745
6 18 0.385
6 19 0.826
6 20 2.109
6 21 1.997
6 22 1.427
6 23 0.862
6 24 0.629
6 25 0.918
6 26 0.122
6 27 1.745
6 28 1.854
6 29 2.218
6 30 1.525
6 31 1.381
6 32 0.374
6 33 0.368
6 34 1.616
6 35 1.770
6 36 2.074
6 37 0.336
6 38 0.580
6 39 0.466
6 40 1.000
6 41 2.438
6 42 0.490
6 43 2.687
6 44 0.330
6 45 0.633
6 46 0.846
6 47 2.855
6 48 1.640
6 49 1.492
6 50 0.387
6 51 1.401
6 52 0.820
6 53 0.716
6 54 1.107
6 55 2.680
6 56 2.032
6 57 1.781
6 58 0.751
6 59 0.648
6 60 1.162
6 61 2.615
6 62 0.956
6 63 2.115
6 64 1.907
6 65 1.821
6 66 0.737
6 67 0.981
6 68 0.422
6 69 1.909
6 70 2.339
6 71 2.130
6 72 1.152
6 73 2.492
6 74 0.290
6 75 2.899
6 76 0.611
6 77 0.582
6 78 1.492
6 79 2.262
6 80 2.667
6 81 1.133
6 82 1.627
6 83 0.534
6 84 0.435
6 85 0.841
6 86 0.607
6 87 2.600
6 88 2.597
6 89 2.338
6 90 1.119
6 91 0.889
6 92 0.231
6 93 1.764
6 94 1.468
6 95 1.062
6 96 1.931
6 97 1.733
6 98 0.804
6 99 1.380
7 8 3.327
7 9 1.427
7 10 2.773
7 11 0.937
7 12 1.402
7 13 1.974
7 14 1.345
7 15 2.031
7 16 1.964
7 17 2.098
7 18 3.158
7 19 2.756
7 20 1.045
7 21 1.043
7 22 1.426
7 23 1.944
7 24 2.183
7 25 2.083
7 26 2.693
7 27 1.054
7 28 1.016
7 29 0.629
7 30 1.300
7 31 1.550
7 32 2.937
7 33 3.165
7 34 1.220
7 35 1.085
7 36 0.889
7 37 3.134
7 38 3.365
7 39 2.410
7 40 1.801
7 41 0.695
7 42 3.068
7 43 0.143
7 44 3.048
7 45 3.336
7 46 3.178
7 47 0.057
7 48 1.556
7 49 1.403
7 50 2.588
7 51 1.903
7 52 2.226
7 53 2.153
7 54 2.046
7 55 0.432
7 56 0.836
7 57 1.172
7 58 2.069
7 59 2.959
7 60 2.017
7 61 0.942
7 62 3.584
7 63 0.908
7 64 0.947
7 65 0.982
7 66 3.404
7 67 1.916
7 68 2.396
7 69 1.108
7 70 1.194
7 71 0.828
7 72 1.721
7 73 0.346
7 74 3.021
7 75 0.829
7 76 2.523
7 77 3.379
7 78 1.316
7 79 0.725
7 80 0.144
7 81 1.680
7 82 1.172
7 83 3.083
7 84 2.604
7 85 2.059
7 86 3.384
7 87 0.721
7 88 0.497
7 89 0.733
7 90 3.300
7 91 2.409
7 92 2.640
7 93 1.037
7 94 1.593
7 95 2.697
7 96 1.292
7 97 1.211
7 98 2.702
7 99 1.603
8 9 1.907
8 10 0.568
8 11 2.486
8 12 2.082
8 13 1.508
8 14 2.001
8 15 1.352
8 16 1.384
8 17 1.229
8 18 0.265
8 19 1.351
8 20 2.527
8 21 2.595
8 22 1.910
8 23 1.442
8 24 1.154
8 25 1.290
8 26 0.685
8 27 2.289
8 28 2.431
8 29 2.720
8 30 2.029
8 31 1.821
8 32 0.817
8 33 0.425
8 34 2.191
8 35 2.346
8 36 2.660
8 37 0.384
8 38 0.236
8 39 0.918
8 40 1.566
8 41 2.890
8 42 0.277
8 43 3.206
8 44 0.645
8 45 0.009
8 46 0.494
8 47 3.382
8 48 1.999
8 49 2.088
8 50 0.740
8 51 1.688
8 52 1.445
8 53 1.332
8 54 1.417
8 55 3.250
8 56 2.603
8 57 2.377
8 58 1.347
8 59 1.088
8 60 1.466
8 61 3.016
8 62 0.336
8 63 2.565
8 64 2.400
8 65 2.346
8 66 0.826
8 67 1.424
8 68 1.034
8 69 2.347
8 70 2.956
8 71 2.597
8 72 1.754
8 73 3.004
8 74 0.338
8 75 3.320
8 76 1.213
8 77 0.408
8 78 2.011
8 79 2.843
8 80 3.204
8 81 1.709
8 82 2.173
8 83 0.283
8 84 0.731
8 85 1.459
8 86 0.202
8 87 3.038
8 88 3.070
8 89 2.793
8 90 0.732
8 91 1.491
8 92 0.854
8 93 2.313
8 94 2.086
8 95 1.043
8 96 2.314
8 97 2.184
8 98 1.346
8 99 1.796
9 10 1.366
9 11 0.610
9 12 0.417
9 13 0.630
9 14 0.112
9 15 0.617
9 16 0.607
9 17 0.682
9 18 1.731
9 19 1.483
9 20 0.883
9 21 0.817
9 22 0.229
9 23 0.537
9 24 0.757
9 25 0.745
9 26 1.266
9 27 0.383
9 28 0.578
9 29 0.851
9 30 0.200
9 31 0.389
9 32 1.544
9 33 1.741
9 34 0.361
9 35 0.498
9 36 0.819
9 37 1.708
9 38 1.938
9 39 0.990
9 40 0.390
9 41 1.121
9 42 1.656
9 43 1.314
9 44 1.637
9 45 1.916
9 46 1.812
9 47 1.483
9 48 0.726
9 49 0.429
9 50 1.173
9 51 0.857
9 52 0.934
9 53 0.780
9 54 0.809
9 55 1.356
9 56 0.723
9 57 0.619
9 58 0.669
9 59 1.618
9 60 0.811
9 61 1.370
9 62 2.179
9 63 0.824
9 64 0.558
9 65 0.448
9 66 2.013
9 67 0.549
9 68 0.982
9 69 0.672
9 70 1.278
9 71 0.807
9 72 0.455
9 73 1.120
9 74 1.595
9 75 1.607
9 76 1.187
9 77 1.955
9 78 0.133
9 79 0.977
9 80 1.299
9 81 0.313
9 82 0.270
9 83 1.675
9 84 1.196
9 85 0.720
9 86 1.957
9 87 1.296
9 88 1.249
9 89 1.021
9 90 1.979
9 91 1.169
9 92 1.228
9 93 0.408
9 94 0.672
9 95 1.444
9 96 0.828
9 97 0.500
9 98 1.427
9 99 0.473
10 11 1.962
10 12 1.590
10 13 1.065
10 14 1.465
10 15 0.868
10 16 0.819
10 17 0.684
10 18 0.493
10 19 1.231
10 20 1.960
10 21 2.100
10 22 1.350
10 23 0.952
10 24 0.638
10 25 0.722
10 26 0.359
10 27 1.748
10 28 1.913
10 29 2.160
10 30 1.474
10 31 1.255
10 32 0.790
10 33 0.620
10 34 1.673
10 35 1.828
10 36 2.149
10 37 0.557
10 38 0.682
10 39 0.386
10 40 1.057
10 41 2.323
10 42 0.297
10 43 2.650
10 44 0.706
10 45 0.576
10 46 0.508
10 47 2.828
10 48 1.436
10 49 1.597
10 50 0.202
10 51 1.138
10 52 1.101
10 53 0.917
10 54 0.857
10 55 2.720
10 56 2.078
10 57 1.881
10 58 0.887
10 59 1.068
10 60 0.909
10 61 2.451
10 62 0.813
10 63 1.998
10 64 1.839
10 65 1.796
10 66 1.081
10 67 0.861
10 68 0.640
10 69 1.779
10 70 2.496
10 71 2.031
10 72 1.283
10 73 2.446
10 74 0.353
10 75 2.753
10 76 0.970
10 77 0.783
10 78 1.461
10 79 2.325
10 80 2.653
10 81 1.204
10 82 1.635
10 83 0.310
10 84 0.170
10 85 1.040
10 86 0.682
10 87 2.470
10 88 2.504
10 89 2.226
10 90 0.757
10 91 1.233
10 92 0.589
10 93 1.774
10 94 1.643
10 95 0.650
10 96 1.749
10 97 1.618
10 98 1.202
10 99 1.228
11 12 0.465
11 13 1.051
11 14 0.502
11 15 1.143
11 16 1.217
11 17 1.280
11 18 2.290
11 19 1.819
11 20 0.938
11 21 0.298
11 22 0.734
11 23 1.053
11 24 1.333
11 25 1.353
11 26 1.820
11 27 0.272
11 28 0.082
11 29 0.568
11 30 0.594
11 31 0.909
11 32 2.017
11 33 2.275
11 34 0.299
11 35 0.149
11 36 0.223
11 37 2.251
11 38 2.493
11 39 1.579
11 40 0.921
11 41 0.942
11 42 2.246
11 43 0.862
11 44 2.139
11 45 2.494
11 46 2.419
11 47 0.995
11 48 1.127
11 49 0.466
11 50 1.764
11 51 1.377
11 52 1.290
11 53 1.235
11 54 1.396
11 55 0.765
11 56 0.117
11 57 0.267
11 58 1.167
11 59 2.024
11 60 1.388
11 61 1.272
11 62 2.771
11 63 0.791
11 64 0.523
11 65 0.344
11 66 2.480
11 67 1.159
11 68 1.499
11 69 0.804
11 70 0.758
11 71 0.711
11 72 0.793
11 73 0.719
11 74 2.162
11 75 1.400
11 76 1.590
11 77 2.488
11 78 0.558
11 79 0.367
11 80 0.795
11 81 0.783
11 82 0.349
11 83 2.268
11 84 1.792
11 85 1.132
11 86 2.516
11 87 1.110
11 88 0.961
11 89 0.867
11 90 2.589
11 91 1.472
11 92 1.737
11 93 0.236
11 94 0.671
11 95 2.046
11 96 1.046
11 97 0.743
11 98 1.765
11 99 0.990
12 13 0.600
12 14 0.334
12 15 0.731
12 16 0.948
12 17 0.935
12 18 1.870
12 19 1.357
12 20 1.173
12 21 0.513
12 22 0.640
12 23 0.643
12 24 0.952
12 25 1.085
12 26 1.402
12 27 0.444
12 28 0.389
12 29 0.956
12 30 0.557
12 31 0.806
12 32 1.561
12 33 1.839
12 34 0.204
12 35 0.317
12 36 0.589
12 37 1.820
12 38 2.068
12 39 1.204
12 40 0.536
12 41 1.303
12 42 1.859
12 43 1.320
12 44 1.691
12 45 2.091
12 46 2.075
12 47 1.459
12 48 1.133
12 49 0.012
12 50 1.389
12 51 1.271
12 52 0.826
12 53 0.786
12 54 1.192
12 55 1.206
12 56 0.574
12 57 0.295
12 58 0.738
12 59 1.559
12 60 1.202
12 61 1.605
12 62 2.384
12 63 1.067
12 64 0.766
12 65 0.575
12 66 2.021
12 67 0.889
12 68 1.066
12 69 0.981
12 70 0.921
12 71 1.015
12 72 0.339
12 73 1.162
12 74 1.750
12 75 1.787
12 76 1.126
12 77 2.050
12 78 0.481
12 79 0.779
12 80 1.260
12 81 0.388
12 82 0.369
12 83 1.886
12 84 1.426
12 85 0.676
12 86 2.094
12 87 1.481
12 88 1.371
12 89 1.213
12 90 2.274
12 91 1.011
12 92 1.295
12 93 0.434
12 94 0.283
12 95 1.791
12 96 1.183
12 97 0.841
12 98 1.302
12 99 0.890
13 14 0.664
13 15 0.231
13 16 0.696
13 17 0.535
13 18 1.282
13 19 0.854
13 20 1.505
13 21 1.102
13 22 0.797
13 23 0.197
13 24 0.471
13 25 0.794
13 26 0.823
13 27 0.936
13 28 0.982
13 29 1.454
13 30 0.826
13 31 0.866
13 32 0.966
13 33 1.241
13 34 0.756
13 35 0.902
13 36 1.189
13 37 1.225
13 38 1.475
13 39 0.698
13 40 0.280
13 41 1.747
13 42 1.306
13 43 1.878
13 44 1.091
13 45 1.516
13 46 1.570
13 47 2.031
13 48 1.226
13 49 0.603
13 50 0.868
13 51 1.188
13 52 0.309
13 53 0.186
13 54 0.982
13 55 1.805
13 56 1.165
13 57 0.889
13 58 0.181
13 59 0.998
13 60 1.017
13 61 1.999
13 62 1.823
13 63 1.453
13 64 1.182
13 65 1.041
13 66 1.431
13 67 0.655
13 68 0.476
13 69 1.292
13 70 1.448
13 71 1.435
13 72 0.261
13 73 1.701
13 74 1.171
13 75 2.235
13 76 0.563
13 77 1.451
13 78 0.763
13 79 1.379
13 80 1.835
13 81 0.319
13 82 0.821
13 83 1.339
13 84 0.918
13 85 0.091
13 86 1.504
13 87 1.924
13 88 1.863
13 89 1.648
13 90 1.800
13 91 0.555
13 92 0.697
13 93 0.945
13 94 0.582
13 95 1.424
13 96 1.415
13 97 1.113
13 98 0.798
13 99 0.919
14 15 0.686
14 16 0.718
14 17 0.782
14 18 1.818
14 19 1.509
14 20 0.887
14 21 0.705
14 22 0.309
14 23 0.601
14 24 0.847
14 25 0.856
14 26 1.350
14 27 0.292
14 28 0.467
14 29 0.792
14 30 0.227
14 31 0.482
14 32 1.604
14 33 1.820
14 34 0.250
14 35 0.386
14 36 0.708
14 37 1.790
14 38 2.024
14 39 1.086
14 40 0.456
14 41 1.088
14 42 1.753
14 43 1.237
14 44 1.706
14 45 2.009
14 46 1.917
14 47 1.402
14 48 0.799
14 49 0.346
14 50 1.270
14 51 0.957
14 52 0.957
14 53 0.828
14 54 0.920
14 55 1.254
14 56 0.616
14 57 0.510
14 58 0.729
14 59 1.661
14 60 0.920
14 61 1.356
14 62 2.277
14 63 0.808
14 64 0.523
14 65 0.380
14 66 2.074
14 67 0.659
14 68 1.052
14 69 0.682
14 70 1.168
14 71 0.778
14 72 0.453
14 73 1.049
14 74 1.684
14 75 1.577
14 76 1.226
14 77 2.034
14 78 0.149
14 79 0.869
14 80 1.214
14 81 0.348
14 82 0.174
14 83 1.774
14 84 1.296
14 85 0.754
14 86 2.044
14 87 1.265
14 88 1.200
14 89 0.990
14 90 2.088
14 91 1.183
14 92 1.297
14 93 0.313
14 94 0.606
14 95 1.556
14 96 0.863
14 97 0.524
14 98 1.452
14 99 0.568
15 16 0.489
15 17 0.305
15 18 1.147
15 19 0.949
15 20 1.441
15 21 1.244
15 22 0.725
15 23 0.090
15 24 0.245
15 25 0.573
15 26 0.677
15 27 0.977
15 28 1.083
15 29 1.468
15 30 0.792
15 31 0.746
15 32 0.928
15 33 1.136
15 34 0.845
15 35 0.999
15 36 1.309
15 37 1.109
15 38 1.350
15 39 0.488
15 40 0.230
15 41 1.725
15 42 1.129
15 43 1.924
15 44 1.021
15 45 1.361
15 46 1.366
15 47 2.088
15 48 1.088
15 49 0.737
15 50 0.667
15 51 1.000
15 52 0.462
15 53 0.221
15 54 0.771
15 55 1.908
15 56 1.260
15 57 1.026
15 58 0.082
15 59 1.027
15 60 0.810
15 61 1.946
15 62 1.653
15 63 1.414
15 64 1.171
15 65 1.062
15 66 1.397
15 67 0.458
15 68 0.366
15 69 1.230
15 70 1.628
15 71 1.411
15 72 0.415
15 73 1.734
15 74 1.022
15 75 2.205
15 76 0.620
15 77 1.350
15 78 0.745
15 79 1.494
15 80 1.898
15 81 0.361
15 82 0.859
15 83 1.158
15 84 0.711
15 85 0.263
15 86 1.374
15 87 1.896
15 88 1.864
15 89 1.624
15 90 1.586
15 91 0.705
15 92 0.611
15 93 0.994
15 94 0.780
15 95 1.193
15 96 1.315
15 97 1.047
15 98 0.894
15 99 0.783
16 17 0.242
16 18 1.256
16 19 1.402
16 20 1.157
16 21 1.415
16 22 0.538
16 23 0.499
16 24 0.382
16 25 0.139
16 26 0.839
16 27 0.972
16 28 1.185
16 29 1.345
16 30 0.671
16 31 0.438
16 32 1.245
16 33 1.315
16 34 0.959
16 35 1.104
16 36 1.426
16 37 1.268
16 38 1.463
16 39 0.500
16 40 0.476
16 41 1.508
16 42 1.115
16 43 1.837
16 44 1.278
16 45 1.393
16 46 1.220
16 47 2.018
16 48 0.684
16 49 0.959
16 50 0.651
16 51 0.518
16 52 0.950
16 53 0.703
16 54 0.287
16 55 1.948
16 56 1.327
16 57 1.206
16 58 0.570
16 59 1.419
16 60 0.322
16 61 1.659
16 62 1.621
16 63 1.183
16 64 1.023
16 65 0.998
16 66 1.685
16 67 0.060
16 68 0.700
16 69 0.967
16 70 1.862
16 71 1.213
16 72 0.755
16 73 1.632
16 74 1.110
16 75 1.951
16 76 1.064
16 77 1.520
16 78 0.673
16 79 1.583
16 80 1.849
16 81 0.593
16 82 0.870
16 83 1.126
16 84 0.654
16 85 0.748
16 86 1.473
16 87 1.661
16 88 1.686
16 89 1.410
16 90 1.374
16 91 1.190
16 92 0.906
16 93 1.003
16 94 1.116
16 95 0.845
16 96 0.970
16 97 0.801
16 98 1.350
16 99 0.422
17 18 1.070
17 19 1.167
17 20 1.365
17 21 1.435
17 22 0.690
17 23 0.352
17 24 0.141
17 25 0.281
17 26 0.626
17 27 1.065
17 28 1.234
17 29 1.496
17 30 0.802
17 31 0.636
17 32 1.009
17 33 1.108
17 34 0.996
17 35 1.150
17 36 1.473
17 37 1.066
17 38 1.279
17 39 0.312
17 40 0.403
17 41 1.696
17 42 0.974
17 43 1.978
17 44 1.052
17 45 1.237
17 46 1.146
17 47 2.154
17 48 0.920
17 49 0.943
17 50 0.491
17 51 0.753
17 52 0.745
17 53 0.495
17 54 0.491
17 55 2.036
17 56 1.396
17 57 1.218
17 58 0.375
17 59 1.177
17 60 0.537
17 61 1.871
17 62 1.496
17 63 1.372
17 64 1.178
17 65 1.117
17 66 1.456
17 67 0.244
17 68 0.458
17 69 1.165
17 70 1.855
17 71 1.391
17 72 0.669
17 73 1.777
17 74 0.928
17 75 2.154
17 76 0.829
17 77 1.318
17 78 0.782
17 79 1.645
17 80 1.975
17 81 0.548
17 82 0.952
17 83 0.993
17 84 0.514
17 85 0.565
17 86 1.293
17 87 1.856
17 88 1.861
17 89 1.596
17 90 1.340
17 91 0.975
17 92 0.669
17 93 1.090
17 94 1.044
17 95 0.898
17 96 1.194
17 97 0.989
17 98 1.116
17 99 0.640
18 19 1.088
18 20 2.413
18 21 2.380
18 22 1.760
18 23 1.237
18 24 0.975
18 25 1.183
18 26 0.470
18 27 2.109
18 28 2.231
18 29 2.564
18 30 1.870
18 31 1.691
18 32 0.555
18 33 0.184
18 34 1.992
18 35 2.147
18 36 2.454
18 37 0.128
18 38 0.209
18 39 0.762
18 40 1.371
18 41 2.761
18 42 0.304
18 43 3.042
18 44 0.388
18 45 0.271
18 46 0.657
18 47 3.214
18 48 1.909
18 49 1.874
18 50 0.608
18 51 1.626
18 52 1.194
18 53 1.101
18 54 1.340
18 55 3.055
18 56 2.407
18 57 2.164
18 58 1.132
18 59 0.832
18 60 1.392
18 61 2.913
18 62 0.600
18 63 2.436
18 64 2.248
18 65 2.177
18 66 0.645
18 67 1.288
18 68 0.806
18 69 2.223
18 70 2.724
18 71 2.459
18 72 1.536
18 73 2.844
18 74 0.147
18 75 3.208
18 76 0.952
18 77 0.291
18 78 1.843
18 79 2.641
18 80 3.030
18 81 1.508
18 82 1.992
18 83 0.344
18 84 0.621
18 85 1.226
18 86 0.227
18 87 2.917
18 88 2.931
18 89 2.662
18 90 0.925
18 91 1.229
18 92 0.605
18 93 2.130
18 94 1.853
18 95 1.092
18 96 2.215
18 97 2.052
18 98 1.082
18 99 1.677
19 20 2.359
19 21 1.772
19 22 1.646
19 23 0.992
19 24 1.030
19 25 1.440
19 26 0.873
19 27 1.761
19 28 1.740
19 29 2.286
19 30 1.681
19 31 1.692
19 32 0.535
19 33 0.936
19 34 1.549
19 35 1.673
19 36 1.899
19 37 0.969
19 38 1.191
19 39 1.076
19 40 1.121
19 41 2.597
19 42 1.302
19 43 2.677
19 44 0.712
19 45 1.357
19 46 1.668
19 47 2.813
19 48 2.037
19 49 1.354
19 50 1.124
19 51 1.919
19 52 0.552
19 53 0.733
19 54 1.653
19 55 2.518
19 56 1.922
19 57 1.596
19 58 0.870
19 59 0.304
19 60 1.702
19 61 2.853
19 62 1.682
19 63 2.307
19 64 2.031
19 65 1.877
19 66 0.817
19 67 1.386
19 68 0.730
19 69 2.146
19 70 1.966
19 71 2.286
19 72 1.063
19 73 2.515
19 74 1.072
19 75 3.085
19 76 0.338
19 77 1.071
19 78 1.616
19 79 2.089
19 80 2.613
19 81 1.171
19 82 1.653
19 83 1.347
19 84 1.186
19 85 0.764
19 86 1.234
19 87 2.774
19 88 2.701
19 89 2.498
19 90 1.943
19 91 0.349
19 92 0.647
19 93 1.764
19 94 1.183
19 95 1.834
19 96 2.256
19 97 1.966
19 98 0.057
19 99 1.732
20 21 1.233
20 22 0.718
20 23 1.379
20 24 1.489
20 25 1.238
20 26 1.989
20 27 0.751
20 28 0.992
20 29 0.502
20 30 0.683
20 31 0.728
20 32 2.352
20 33 2.470
20 34 0.986
20 35 0.980
20 36 1.114
20 37 2.424
20 38 2.620
20 39 1.656
20 40 1.241
20 41 0.395
20 42 2.252
20 43 0.901
20 44 2.413
20 45 2.535
20 46 2.280
20 47 1.082
20 48 0.561
20 49 1.183
20 50 1.806
20 51 0.916
20 52 1.813
20 53 1.637
20 54 1.129
20 55 1.259
20 56 0.958
20 57 1.167
20 58 1.510
20 59 2.468
20 60 1.087
20 61 0.508
20 62 2.732
20 63 0.165
20 64 0.424
20 65 0.624
20 66 2.812
20 67 1.130
20 68 1.780
20 69 0.213
20 70 1.661
20 71 0.263
20 72 1.334
20 73 0.714
20 74 2.267
20 75 0.795
20 76 2.050
20 77 2.676
20 78 0.755
20 79 1.131
20 80 0.990
20 81 1.194
20 82 0.804
20 83 2.256
20 84 1.803
20 85 1.595
20 86 2.628
20 87 0.516
20 88 0.609
20 89 0.320
20 90 2.357
20 91 2.052
20 92 2.017
20 93 0.776
20 94 1.455
20 95 1.733
20 96 0.255
20 97 0.395
20 98 2.302
20 99 0.736
21 22 0.983
21 23 1.155
21 24 1.463
21 25 1.553
21 26 1.914
21 27 0.551
21 28 0.268
21 29 0.826
21 30 0.852
21 31 1.163
21 32 2.045
21 33 2.342
21 34 0.457
21 35 0.329
21 36 0.160
21 37 2.326
21 38 2.576
21 39 1.714
21 40 1.044
21 41 1.200
21 42 2.372
21 43 1.004
21 44 2.184
21 45 2.603
21 46 2.580
21 47 1.096
21 48 1.411
21 49 0.507
21 50 1.899
21 51 1.638
21 52 1.284
21 53 1.287
21 54 1.625
21 55 0.747
21 56 0.289
21 57 0.219
21 58 1.249
21 59 2.009
21 60 1.624
21 61 1.537
21 62 2.897
21 63 1.082
21 64 0.821
21 65 0.640
21 66 2.494
21 67 1.355
21 68 1.574
21 69 1.102
21 70 0.473
21 71 0.997
21 72 0.844
21 73 0.910
21 74 2.262
21 75 1.632
21 76 1.590
21 77 2.551
21 78 0.801
21 79 0.325
21 80 0.900
21 81 0.896
21 82 0.594
21 83 2.399
21 84 1.935
21 85 1.169
21 86 2.603
21 87 1.358
21 88 1.184
21 89 1.135
21 90 2.770
21 91 1.424
21 92 1.798
21 93 0.515
21 94 0.590
21 95 2.258
21 96 1.344
21 97 1.036
21 98 1.722
21 99 1.247
22 23 0.662
22 24 0.798
22 25 0.661
22 26 1.311
22 27 0.466
22 28 0.724
22 29 0.810
22 30 0.142
22 31 0.180
22 32 1.643
22 33 1.794
22 34 0.546
22 35 0.654
22 36 0.955
22 37 1.754
22 38 1.969
22 39 1.000
22 40 0.525
22 41 1.013
22 42 1.646
22 43 1.300
22 44 1.716
22 45 1.919
22 46 1.756
22 47 1.480
22 48 0.497
22 49 0.652
22 50 1.171
22 51 0.656
22 52 1.107
22 53 0.920
22 54 0.667
22 55 1.424
22 56 0.832
22 57 0.806
22 58 0.792
22 59 1.751
22 60 0.656
22 61 1.222
22 62 2.158
22 63 0.694
22 64 0.489
22 65 0.466
22 66 2.108
22 67 0.490
22 68 1.071
22 69 0.505
22 70 1.454
22 71 0.703
22 72 0.665
22 73 1.095
22 74 1.618
22 75 1.484
22 76 1.333
22 77 2.005
22 78 0.182
22 79 1.088
22 80 1.311
22 81 0.500
22 82 0.391
22 83 1.660
22 84 1.182
22 85 0.885
22 86 1.983
22 87 1.179
22 88 1.172
22 89 0.912
22 90 1.897
22 91 1.350
22 92 1.312
22 93 0.501
22 94 0.901
22 95 1.325
22 96 0.620
22 97 0.323
22 98 1.590
22 99 0.264
23 24 0.320
23 25 0.600
23 26 0.767
23 27 0.891
23 28 0.993
23 29 1.387
23 30 0.719
23 31 0.701
23 32 1.006
23 33 1.224
23 34 0.755
23 35 0.910
23 36 1.219
23 37 1.198
23 38 1.440
23 39 0.569
23 40 0.147
23 41 1.652
23 42 1.217
23 43 1.839
23 44 1.105
23 45 1.450
23 46 1.447
23 47 2.001
23 48 1.054
23 49 0.649
23 50 0.751
23 51 0.995
23 52 0.476
23 53 0.259
23 54 0.785
23 55 1.818
23 56 1.171
23 57 0.937
23 58 0.133
23 59 1.090
23 60 0.820
23 61 1.882
23 62 1.742
23 63 1.345
23 64 1.094
23 65 0.979
23 66 1.476
23 67 0.458
23 68 0.452
23 69 1.167
23 70 1.544
23 71 1.338
23 72 0.333
23 73 1.650
23 74 1.112
23 75 2.134
23 76 0.672
23 77 1.438
23 78 0.667
23 79 1.404
23 80 1.811
23 81 0.271
23 82 0.773
23 83 1.245
23 84 0.793
23 85 0.257
23 86 1.463
23 87 1.825
23 88 1.786
23 89 1.552
23 90 1.662
23 91 0.724
23 92 0.696
23 93 0.908
23 94 0.704
23 95 1.249
23 96 1.265
23 97 0.984
23 98 0.936
23 99 0.746
24 25 0.410
24 26 0.515
24 27 1.137
24 28 1.281
24 29 1.592
24 30 0.898
24 31 0.763
24 32 0.873
24 33 0.996
24 34 1.040
24 35 1.196
24 36 1.514
24 37 0.959
24 38 1.183
24 39 0.252
24 40 0.419
24 41 1.810
24 42 0.914
24 43 2.067
24 44 0.924
24 45 1.163
24 46 1.127
24 47 2.239
24 48 1.058
24 49 0.959
24 50 0.437
24 51 0.892
24 52 0.636
24 53 0.389
24 54 0.624
24 55 2.096
24 56 1.450
24 57 1.243
24 58 0.293
24 59 1.036
24 60 0.672
24 61 1.997
24 62 1.440
24 63 1.488
24 64 1.279
24 65 1.202
24 66 1.325
24 67 0.382
24 68 0.317
24 69 1.286
24 70 1.862
24 71 1.501
24 72 0.654
24 73 1.869
24 74 0.838
24 75 2.275
24 76 0.693
24 77 1.209
24 78 0.869
24 79 1.693
24 80 2.056
24 81 0.566
24 82 1.020
24 83 0.938
24 84 0.475
24 85 0.480
24 86 1.201
24 87 1.974
24 88 1.968
24 89 1.709
24 90 1.342
24 91 0.855
24 92 0.533
24 93 1.159
24 94 1.023
24 95 0.958
24 96 1.326
24 97 1.107
24 98 0.980
24 99 0.773
25 26 0.796
25 27 1.106
25 28 1.323
25 29 1.460
25 30 0.798
25 31 0.540
25 32 1.231
25 33 1.258
25 34 1.098
25 35 1.242
25 36 1.564
25 37 1.207
25 38 1.387
25 39 0.452
25 40 0.599
25 41 1.602
25 42 1.016
25 43 1.954
25 44 1.244
25 45 1.298
25 46 1.095
25 47 2.136
25 48 0.728
25 49 1.096
25 50 0.575
25 51 0.495
25 52 1.025
25 53 0.774
25 54 0.214
25 55 2.079
25 56 1.463
25 57 1.344
25 58 0.649
25 59 1.427
25 60 0.264
25 61 1.732
25 62 1.511
25 63 1.278
25 64 1.138
25 65 1.126
25 66 1.653
25 67 0.198
25 68 0.717
25 69 1.058
25 70 2.000
25 71 1.315
25 72 0.879
25 73 1.747
25 74 1.035
25 75 2.032
25 76 1.103
25 77 1.456
25 78 0.806
25 79 1.719
25 80 1.971
25 81 0.724
25 82 1.006
25 83 1.023
25 84 0.566
25 85 0.836
25 86 1.393
25 87 1.748
25 88 1.787
25 89 1.506
25 90 1.240
25 91 1.256
25 92 0.897
25 93 1.137
25 94 1.246
25 95 0.707
25 96 1.033
25 97 0.901
25 98 1.390
25 99 0.507
26 27 1.642
26 28 1.761
26 29 2.107
26 30 1.413
26 31 1.261
26 32 0.472
26 33 0.483
26 34 1.522
26 35 1.677
26 36 1.985
26 37 0.444
26 38 0.674
26 39 0.344
26 40 0.901
26 41 2.321
26 42 0.504
26 43 2.579
26 44 0.450
26 45 0.693
26 46 0.832
26 47 2.749
26 48 1.518
26 49 1.407
26 50 0.280
26 51 1.279
26 52 0.786
26 53 0.648
26 54 0.986
26 55 2.585
26 56 1.937
26 57 1.697
26 58 0.665
26 59 0.730
26 60 1.041
26 61 2.495
26 62 1.004
26 63 1.998
26 64 1.794
26 65 1.713
26 66 0.858
26 67 0.860
26 68 0.349
26 69 1.790
26 70 2.270
26 71 2.014
26 72 1.071
26 73 2.383
26 74 0.348
26 75 2.780
26 76 0.617
26 77 0.694
26 78 1.382
26 79 2.171
26 80 2.563
26 81 1.038
26 82 1.524
26 83 0.544
26 84 0.334
26 85 0.775
26 86 0.697
26 87 2.482
26 88 2.483
26 89 2.221
26 90 1.097
26 91 0.887
26 92 0.231
26 93 1.662
26 94 1.401
26 95 0.977
26 96 1.809
26 97 1.615
26 98 0.844
26 99 1.259
27 28 0.282
27 29 0.526
27 30 0.325
27 31 0.639
27 32 1.890
27 33 2.112
27 34 0.243
27 35 0.240
27 36 0.495
27 37 2.082
27 38 2.316
27 39 1.373
27 40 0.747
27 41 0.860
27 42 2.038
27 43 0.948
27 44 1.996
27 45 2.298
27 46 2.188
27 47 1.110
27 48 0.860
27 49 0.452
27 50 1.555
27 51 1.105
27 52 1.213
27 53 1.109
27 54 1.133
27 55 0.977
27 56 0.366
27 57 0.427
27 58 1.017
27 59 1.933
27 60 1.122
27 61 1.162
27 62 2.561
27 63 0.630
27 64 0.330
27 65 0.133
27 66 2.359
27 67 0.917
27 68 1.343
27 69 0.582
27 70 1.021
27 71 0.573
27 72 0.699
27 73 0.765
27 74 1.975
27 75 1.346
27 76 1.496
27 77 2.326
27 78 0.300
27 79 0.622
27 80 0.922
27 81 0.630
27 82 0.118
27 83 2.057
27 84 1.578
27 85 1.024
27 86 2.336
27 87 1.038
27 88 0.941
27 89 0.769
27 90 2.346
27 91 1.424
27 92 1.587
27 93 0.037
27 94 0.717
27 95 1.788
27 96 0.813
27 97 0.489
27 98 1.705
27 99 0.719
28 29 0.643
28 30 0.589
28 31 0.902
28 32 1.946
28 33 2.211
28 34 0.240
28 35 0.085
28 36 0.241
28 37 2.189
28 38 2.433
28 39 1.529
28 40 0.865
28 41 1.015
28 42 2.194
28 43 0.943
28 44 2.072
28 45 2.439
28 46 2.378
28 47 1.073
28 48 1.142
28 49 0.389
28 50 1.714
28 51 1.375
28 52 1.214
28 53 1.167
28 54 1.377
28 55 0.827
28 56 0.185
28 57 0.190
28 58 1.103
28 59 1.948
28 60 1.373
28 61 1.343
28 62 2.721
28 63 0.850
28 64 0.570
28 65 0.380
28 66 2.408
28 67 1.126
28 68 1.435
28 69 0.845
28 70 0.740
28 71 0.774
28 72 0.721
28 73 0.801
28 74 2.104
28 75 1.478
28 76 1.515
28 77 2.424
28 78 0.543
28 79 0.413
28 80 0.873
28 81 0.723
28 82 0.333
28 83 2.218
28 84 1.745
28 85 1.061
28 86 2.457
28 87 1.185
28 88 1.041
28 89 0.938
28 90 2.554
28 91 1.392
28 92 1.671
28 93 0.246
28 94 0.589
28 95 2.021
28 96 1.084
28 97 0.769
28 98 1.686
28 99 0.985
29 30 0.695
29 31 0.923
29 32 2.393
29 33 2.586
29 34 0.753
29 35 0.671
29 36 0.681
29 37 2.551
29 38 2.773
29 39 1.807
29 40 1.240
29 41 0.375
29 42 2.457
29 43 0.495
29 44 2.488
29 45 2.729
29 46 2.552
29 47 0.679
29 48 0.942
29 49 0.962
29 50 1.981
29 51 1.281
29 52 1.737
29 53 1.620
29 54 1.417
29 55 0.762
29 56 0.537
29 57 0.833
29 58 1.518
29 59 2.452
29 60 1.389
29 61 0.712
29 62 2.967
29 63 0.338
29 64 0.322
29 65 0.412
29 66 2.863
29 67 1.300
29 68 1.833
29 69 0.497
29 70 1.202
29 71 0.241
29 72 1.223
29 73 0.287
29 74 2.424
29 75 0.838
29 76 2.016
29 77 2.800
29 78 0.727
29 79 0.653
29 80 0.535
29 81 1.140
29 82 0.634
29 83 2.469
29 84 1.992
29 85 1.543
29 86 2.789
29 87 0.542
29 88 0.416
29 89 0.311
29 90 2.672
29 91 1.950
29 92 2.079
29 93 0.526
29 94 1.211
29 95 2.069
29 96 0.714
29 97 0.582
29 98 2.230
29 99 0.974
30 31 0.315
30 32 1.720
30 33 1.893
30 34 0.431
30 35 0.524
30 36 0.816
30 37 1.857
30 38 2.078
30 39 1.114
30 40 0.574
30 41 0.934
30 42 1.769
30 43 1.177
30 44 1.803
30 45 2.038
30 46 1.890
30 47 1.354
30 48 0.583
30 49 0.569
30 50 1.289
30 51 0.786
30 52 1.132
30 53 0.969
30 54 0.809
30 55 1.284
30 56 0.691
30 57 0.686
30 58 0.851
30 59 1.807
30 60 0.798
30 61 1.172
30 62 2.284
30 63 0.628
30 64 0.382
30 65 0.328
30 66 2.188
30 67 0.619
30 68 1.151
30 69 0.472
30 70 1.325
30 71 0.620
30 72 0.653
30 73 0.976
30 74 1.729
30 75 1.416
30 76 1.380
30 77 2.106
30 78 0.079
30 79 0.946
30 80 1.181
30 81 0.511
30 82 0.259
30 83 1.784
30 84 1.304
30 85 0.917
30 86 2.094
30 87 1.106
30 88 1.075
30 89 0.833
30 90 2.036
30 91 1.369
30 92 1.396
30 93 0.360
30 94 0.833
30 95 1.467
30 96 0.638
30 97 0.302
30 98 1.624
30 99 0.397
31 32 1.631
31 33 1.742
31 34 0.724
31 35 0.834
31 36 1.131
31 37 1.698
31 38 1.899
31 39 0.931
31 40 0.586
31 41 1.071
31 42 1.551
31 43 1.418
31 44 1.686
31 45 1.830
31 46 1.629
31 47 1.601
31 48 0.364
31 49 0.818
31 50 1.089
31 51 0.477
31 52 1.171
31 53 0.959
31 54 0.507
31 55 1.580
31 56 1.005
31 57 0.985
31 58 0.823
31 59 1.766
31 60 0.489
31 61 1.235
31 62 2.051
31 63 0.745
31 64 0.603
31 65 0.623
31 66 2.087
31 67 0.404
31 68 1.062
31 69 0.531
31 70 1.634
31 71 0.777
31 72 0.781
31 73 1.210
31 74 1.546
31 75 1.519
31 76 1.366
31 77 1.950
31 78 0.362
31 79 1.259
31 80 1.443
31 81 0.604
31 82 0.570
31 83 1.560
31 84 1.091
31 85 0.947
31 86 1.910
31 87 1.225
31 88 1.250
31 89 0.972
31 90 1.754
31 91 1.419
31 92 1.294
31 93 0.675
31 94 1.055
31 95 1.167
31 96 0.571
31 97 0.363
31 98 1.637
31 99 0.085
32 33 0.403
32 34 1.722
32 35 1.868
32 36 2.146
32 37 0.434
32 38 0.662
32 39 0.788
32 40 1.154
32 41 2.652
32 42 0.792
32 43 2.837
32 44 0.181
32 45 0.823
32 46 1.165
32 47 2.994
32 48 1.928
32 49 1.562
32 50 0.752
32 51 1.724
32 52 0.769
32 53 0.784
32 54 1.434
32 55 2.766
32 56 2.131
32 57 1.841
32 58 0.876
32 59 0.288
32 60 1.488
32 61 2.860
32 62 1.148
32 63 2.337
32 64 2.099
32 65 1.984
32 66 0.470
32 67 1.253
32 68 0.572
32 69 2.144
32 70 2.326
32 71 2.338
32 72 1.225
32 73 2.653
32 74 0.557
32 75 3.128
32 76 0.473
32 77 0.561
32 78 1.673
32 79 2.338
32 80 2.800
32 81 1.260
32 82 1.772
32 83 0.838
32 84 0.804
32 85 0.885
32 86 0.703
32 87 2.821
32 88 2.792
32 89 2.551
32 90 1.441
32 91 0.727
32 92 0.340
32 93 1.902
32 94 1.472
32 95 1.436
32 96 2.198
32 97 1.963
32 98 0.533
32 99 1.646
33 34 1.976
33 35 2.128
33 36 2.427
33 37 0.065
33 38 0.261
33 39 0.815
33 40 1.365
33 41 2.804
33 42 0.482
33 43 3.054
33 44 0.224
33 45 0.429
33 46 0.841
33 47 3.221
33 48 1.986
33 49 1.842
33 50 0.691
33 51 1.724
33 52 1.111
33 53 1.055
33 54 1.432
33 55 3.038
33 56 2.391
33 57 2.130
33 58 1.108
33 59 0.664
33 60 1.486
33 61 2.974
33 62 0.747
33 63 2.481
33 64 2.275
33 65 2.189
33 66 0.472
33 67 1.340
33 68 0.776
33 69 2.272
33 70 2.662
33 71 2.497
33 72 1.500
33 73 2.860
33 74 0.275
33 75 3.262
33 76 0.843
33 77 0.214
33 78 1.860
33 79 2.616
33 80 3.033
33 81 1.494
33 82 1.993
33 83 0.524
33 84 0.718
33 85 1.175
33 86 0.301
33 87 2.965
33 88 2.965
33 89 2.704
33 90 1.109
33 91 1.113
33 92 0.544
33 93 2.130
33 94 1.794
33 95 1.249
33 96 2.284
33 97 2.097
33 98 0.937
33 99 1.737
34 35 0.156
34 36 0.477
34 37 1.952
34 38 2.195
34 39 1.288
34 40 0.624
34 41 1.100
34 42 1.954
34 43 1.131
34 44 1.842
34 45 2.199
34 46 2.141
34 47 1.277
34 48 1.013
34 49 0.211
34 50 1.474
34 51 1.201
34 52 1.009
34 53 0.939
34 54 1.170
34 55 1.063
34 56 0.416
34 57 0.261
34 58 0.868
34 59 1.740
34 60 1.171
34 61 1.405
34 62 2.480
34 63 0.871
34 64 0.571
34 65 0.375
34 66 2.187
34 67 0.900
34 68 1.200
34 69 0.804
34 70 0.917
34 71 0.816
34 72 0.501
34 73 0.966
34 74 1.865
34 75 1.583
34 76 1.303
34 77 2.189
34 78 0.365
34 79 0.653
34 80 1.080
34 81 0.484
34 82 0.191
34 83 1.978
34 84 1.505
34 85 0.839
34 86 2.218
34 87 1.277
34 88 1.168
34 89 1.010
34 90 2.322
34 91 1.206
34 92 1.438
34 93 0.230
34 94 0.474
34 95 1.802
34 96 1.021
34 97 0.682
34 98 1.494
34 99 0.809
35 36 0.324
35 37 2.105
35 38 2.349
35 39 1.444
35 40 0.780
35 41 1.037
35 42 2.109
35 43 1.005
35 44 1.991
35 45 2.355
35 46 2.293
35 47 1.142
35 48 1.090
35 49 0.319
35 50 1.629
35 51 1.309
35 52 1.142
35 53 1.087
35 54 1.301
35 55 0.909
35 56 0.264
35 57 0.188
35 58 1.021
35 59 1.875
35 60 1.298
35 61 1.358
35 62 2.636
35 63 0.847
35 64 0.556
35 65 0.357
35 66 2.331
35 67 1.045
35 68 1.353
35 69 0.820
35 70 0.801
35 71 0.777
35 72 0.643
35 73 0.853
35 74 2.020
35 75 1.509
35 76 1.441
35 77 2.341
35 78 0.472
35 79 0.498
35 80 0.943
35 81 0.639
35 82 0.265
35 83 2.133
35 84 1.660
35 85 0.983
35 86 2.373
35 87 1.210
35 88 1.079
35 89 0.954
35 90 2.471
35 91 1.327
35 92 1.589
35 93 0.209
35 94 0.542
35 95 1.942
35 96 1.053
35 97 0.728
35 98 1.619
35 99 0.918
36 37 2.407
36 38 2.654
36 39 1.764
36 40 1.096
36 41 1.052
36 42 2.428
36 43 0.845
36 44 2.279
36 45 2.669
36 46 2.617
36 47 0.943
36 48 1.345
36 49 0.586
36 50 1.950
36 51 1.599
36 52 1.395
36 53 1.375
36 54 1.614
36 55 0.623
36 56 0.157
36 57 0.307
36 58 1.323
36 59 2.126
36 60 1.608
36 61 1.391
36 62 2.954
36 63 0.958
36 64 0.718
36 65 0.557
36 66 2.602
36 67 1.368
36 68 1.653
36 69 1.002
36 70 0.551
36 71 0.868
36 72 0.928
36 73 0.751
36 74 2.331
36 75 1.475
36 76 1.700
36 77 2.638
36 78 0.778
36 79 0.192
36 80 0.745
36 81 0.952
36 82 0.567
36 83 2.452
36 84 1.981
36 85 1.263
36 86 2.680
36 87 1.207
36 88 1.027
36 89 0.992
36 90 2.795
36 91 1.551
36 92 1.884
36 93 0.458
36 94 0.719
36 95 2.261
36 96 1.247
36 97 0.958
36 98 1.848
36 99 1.213
37 38 0.255
37 39 0.768
37 40 1.337
37 41 2.762
37 42 0.419
37 43 3.022
37 44 0.262
37 45 0.389
37 46 0.781
37 47 3.191
37 48 1.935
37 49 1.824
37 50 0.636
37 51 1.668
37 52 1.110
37 53 1.040
37 54 1.377
37 55 3.015
37 56 2.368
37 57 2.112
37 58 1.085
37 59 0.706
37 60 1.431
37 61 2.928
37 62 0.714
37 63 2.438
37 64 2.238
37 65 2.156
37 66 0.537
37 67 1.295
37 68 0.754
37 69 2.229
37 70 2.655
37 71 2.457
37 72 1.482
37 73 2.826
37 74 0.210
37 75 3.217
37 76 0.853
37 77 0.252
37 78 1.826
37 79 2.596
37 80 3.003
37 81 1.469
37 82 1.964
37 83 0.461
37 84 0.660
37 85 1.162
37 86 0.289
37 87 2.922
37 88 2.926
37 89 2.662
37 90 1.051
37 91 1.127
37 92 0.532
37 93 2.101
37 94 1.785
37 95 1.184
37 96 2.235
37 97 2.055
37 98 0.965
37 99 1.690
38 39 0.971
38 40 1.575
38 41 2.969
38 42 0.438
38 43 3.250
38 44 0.481
38 45 0.236
38 46 0.725
38 47 3.421
38 48 2.111
38 49 2.072
38 50 0.813
38 51 1.820
38 52 1.365
38 53 1.292
38 54 1.537
38 55 3.258
38 56 2.610
38 57 2.361
38 58 1.331
38 59 0.908
38 60 1.589
38 61 3.118
38 62 0.510
38 63 2.644
38 64 2.456
38 65 2.384
38 66 0.594
38 67 1.496
38 68 1.002
38 69 2.430
38 70 2.909
38 71 2.668
38 72 1.732
38 73 3.052
38 74 0.353
38 75 3.414
38 76 1.103
38 77 0.173
38 78 2.052
38 79 2.841
38 80 3.237
38 81 1.711
38 82 2.198
38 83 0.464
38 84 0.822
38 85 1.415
38 86 0.044
38 87 3.124
38 88 3.139
38 89 2.870
38 90 0.968
38 91 1.374
38 92 0.786
38 93 2.336
38 94 2.039
38 95 1.238
38 96 2.419
38 97 2.260
38 98 1.194
38 99 1.884
39 40 0.670
39 41 1.999
39 42 0.667
39 43 2.290
39 44 0.792
39 45 0.926
39 46 0.878
39 47 2.465
39 48 1.175
39 49 1.211
39 50 0.186
39 51 0.939
39 52 0.796
39 53 0.575
39 54 0.647
39 55 2.340
39 56 1.695
39 57 1.495
39 58 0.517
39 59 1.009
39 60 0.702
39 61 2.159
39 62 1.193
39 63 1.674
39 64 1.489
39 65 1.429
39 66 1.201
39 67 0.527
39 68 0.360
39 69 1.462
39 70 2.112
39 71 1.697
39 72 0.902
39 73 2.089
39 74 0.618
39 75 2.450
39 76 0.758
39 77 1.020
39 78 1.094
39 79 1.941
39 80 2.286
39 81 0.818
39 82 1.258
39 83 0.689
39 84 0.224
39 85 0.688
39 86 0.984
39 87 2.156
39 88 2.169
39 89 1.900
39 90 1.102
39 91 0.978
39 92 0.468
39 93 1.397
39 94 1.267
39 95 0.785
39 96 1.469
39 97 1.290
39 98 1.034
39 99 0.922
40 41 1.507
40 42 1.332
40 43 1.693
40 44 1.251
40 45 1.575
40 46 1.539
40 47 1.857
40 48 0.947
40 49 0.544
40 50 0.856
40 51 0.931
40 52 0.586
40 53 0.397
40 54 0.758
40 55 1.686
40 56 1.038
40 57 0.825
40 58 0.279
40 59 1.234
40 60 0.785
40 61 1.741
40 62 1.858
40 63 1.201
40 64 0.947
40 65 0.832
40 66 1.623
40 67 0.425
40 68 0.597
40 69 1.028
40 70 1.453
40 71 1.192
40 72 0.280
40 73 1.504
40 74 1.241
40 75 1.990
40 76 0.809
40 77 1.579
40 78 0.520
40 79 1.277
40 80 1.668
40 81 0.148
40 82 0.629
40 83 1.357
40 84 0.891
40 85 0.363
40 86 1.597
40 87 1.680
40 88 1.639
40 89 1.406
40 90 1.741
40 91 0.834
40 92 0.841
40 93 0.765
40 94 0.650
40 95 1.286
40 96 1.138
40 97 0.846
40 98 1.065
40 99 0.641
41 42 2.618
41 43 0.558
41 44 2.729
41 45 2.899
41 46 2.664
41 47 0.723
41 48 0.954
41 49 1.311
41 50 2.159
41 51 1.310
41 52 2.045
41 53 1.900
41 54 1.510
41 55 0.996
41 56 0.912
41 57 1.205
41 58 1.785
41 59 2.738
41 60 1.471
41 61 0.340
41 62 3.108
41 63 0.325
41 64 0.565
41 65 0.732
41 66 3.119
41 67 1.473
41 68 2.081
41 69 0.544
41 70 1.556
41 71 0.314
41 72 1.538
41 73 0.416
41 74 2.616
41 75 0.489
41 76 2.308
41 77 3.014
41 78 0.988
41 79 1.001
41 80 0.676
41 81 1.429
41 82 0.953
41 83 2.625
41 84 2.161
41 85 1.838
41 86 2.980
41 87 0.178
41 88 0.218
41 89 0.101
41 90 2.748
41 91 2.269
41 92 2.324
41 93 0.870
41 94 1.569
41 95 2.126
41 96 0.649
41 97 0.709
41 98 2.540
41 99 1.095
42 43 2.945
42 44 0.652
42 45 0.285
42 46 0.373
42 47 3.123
42 48 1.722
42 49 1.865
42 50 0.483
42 51 1.412
42 52 1.290
42 53 1.142
42 54 1.140
42 55 3.007
42 56 2.362
42 57 2.153
42 58 1.136
42 59 1.080
42 60 1.189
42 61 2.740
42 62 0.526
42 63 2.293
42 64 2.135
42 65 2.089
42 66 0.949
42 67 1.157
42 68 0.846
42 69 2.074
42 70 2.752
42 71 2.327
42 72 1.541
42 73 2.742
42 74 0.236
42 75 3.045
42 76 1.101
42 77 0.578
42 78 1.755
42 79 2.607
42 80 2.947
42 81 1.478
42 82 1.925
42 83 0.046
42 84 0.464
42 85 1.268
42 86 0.425
42 87 2.765
42 88 2.800
42 89 2.521
42 90 0.649
42 91 1.378
42 92 0.715
42 93 2.063
42 94 1.888
42 95 0.801
42 96 2.038
42 97 1.914
42 98 1.285
42 99 1.523
43 44 2.944
43 45 3.215
43 46 3.047
43 47 0.187
43 48 1.415
43 49 1.323
43 50 2.467
43 51 1.763
43 52 2.140
43 53 2.055
43 54 1.911
43 55 0.495
43 56 0.770
43 57 1.110
43 58 1.965
43 59 2.870
43 60 1.881
43 61 0.822
43 62 3.458
43 63 0.765
43 64 0.816
43 65 0.866
43 66 3.306
43 67 1.790
43 68 2.290
43 69 0.967
43 70 1.211
43 71 0.686
43 72 1.630
43 73 0.208
43 74 2.904
43 75 0.746
43 76 2.433
43 77 3.269
43 78 1.199
43 79 0.702
43 80 0.148
43 81 1.578
43 82 1.066
43 83 2.959
43 84 2.481
43 85 1.965
43 86 3.268
43 87 0.599
43 88 0.369
43 89 0.591
43 90 3.165
43 91 2.331
43 92 2.534
43 93 0.935
43 94 1.529
43 95 2.560
43 96 1.148
43 97 1.074
43 98 2.622
43 99 1.468
44 45 0.649
44 46 1.024
44 47 3.105
44 48 1.961
44 49 1.693
44 50 0.713
44 51 1.729
44 52 0.924
44 53 0.905
44 54 1.436
44 55 2.896
44 56 2.255
44 57 1.977
44 58 0.979
44 59 0.444
44 60 1.491
44 61 2.921
44 62 0.971
44 63 2.410
44 64 2.185
44 65 2.083
44 66 0.409
44 67 1.293
44 68 0.655
44 69 2.209
44 70 2.483
44 71 2.417
44 72 1.352
44 73 2.755
44 74 0.417
44 75 3.198
44 76 0.640
44 77 0.386
44 78 1.762
44 79 2.470
44 80 2.913
44 81 1.368
44 82 1.877
44 83 0.697
44 84 0.757
44 85 1.017
44 86 0.523
44 87 2.895
44 88 2.879
44 89 2.628
44 90 1.297
44 91 0.902
44 92 0.410
44 93 2.011
44 94 1.622
44 95 1.356
44 96 2.245
44 97 2.030
44 98 0.713
44 99 1.691
45 46 0.497
45 47 3.391
45 48 2.007
45 49 2.096
45 50 0.748
45 51 1.696
45 52 1.452
45 53 1.340
45 54 1.425
45 55 3.259
45 56 2.612
45 57 2.385
45 58 1.356
45 59 1.093
45 60 1.474
45 61 3.025
45 62 0.330
45 63 2.574
45 64 2.408
45 65 2.355
45 66 0.826
45 67 1.433
45 68 1.042
45 69 2.355
45 70 2.964
45 71 2.606
45 72 1.763
45 73 3.013
45 74 0.346
45 75 3.328
45 76 1.220
45 77 0.408
45 78 2.020
45 79 2.852
45 80 3.212
45 81 1.717
45 82 2.182
45 83 0.290
45 84 0.739
45 85 1.467
45 86 0.200
45 87 3.047
45 88 3.079
45 89 2.801
45 90 0.733
45 91 1.498
45 92 0.861
45 93 2.321
45 94 2.094
45 95 1.048
45 96 2.322
45 97 2.193
45 98 1.352
45 99 1.804
46 47 3.230
46 48 1.725
46 49 2.083
46 50 0.702
46 51 1.382
46 52 1.604
46 53 1.425
46 54 1.154
46 55 3.165
46 56 2.533
46 57 2.362
46 58 1.391
46 59 1.453
46 60 1.193
46 61 2.741
46 62 0.491
46 63 2.346
46 64 2.231
46 65 2.218
46 66 1.294
46 67 1.273
46 68 1.145
46 69 2.124
46 70 2.989
46 71 2.394
46 72 1.780
46 73 2.840
46 74 0.609
46 75 3.056
46 76 1.447
46 77 0.891
46 78 1.891
46 79 2.786
46 80 3.066
46 81 1.687
46 82 2.081
46 83 0.327
46 84 0.655
46 85 1.548
46 86 0.695
46 87 2.795
46 88 2.861
46 89 2.572
46 90 0.276
46 91 1.719
46 92 1.058
46 93 2.217
46 94 2.145
46 95 0.619
46 96 2.045
46 97 1.982
46 98 1.649
46 99 1.584
47 48 1.601
47 49 1.461
47 50 2.643
47 51 1.949
47 52 2.283
47 53 2.210
47 54 2.096
47 55 0.464
47 56 0.893
47 57 1.228
47 58 2.126
47 59 3.016
47 60 2.067
47 61 0.954
47 62 3.638
47 63 0.949
47 64 0.999
47 65 1.037
47 66 3.462
47 67 1.970
47 68 2.453
47 69 1.153
47 70 1.235
47 71 0.872
47 72 1.778
47 73 0.393
47 74 3.077
47 75 0.822
47 76 2.580
47 77 3.436
47 78 1.372
47 79 0.777
47 80 0.200
47 81 1.737
47 82 1.229
47 83 3.138
47 84 2.659
47 85 2.116
47 86 3.440
47 87 0.736
47 88 0.518
47 89 0.767
47 90 3.351
47 91 2.466
47 92 2.697
47 93 1.094
47 94 1.649
47 95 2.746
47 96 1.331
47 97 1.260
47 98 2.760
47 99 1.653
48 49 1.145
48 50 1.302
48 51 0.356
48 52 1.528
48 53 1.307
48 54 0.583
48 55 1.683
48 56 1.199
48 57 1.263
48 58 1.168
48 59 2.089
48 60 0.537
48 61 1.021
48 62 2.185
48 63 0.657
48 64 0.674
48 65 0.790
48 66 2.368
48 67 0.677
48 68 1.372
48 69 0.448
48 70 1.882
48 71 0.728
48 72 1.144
48 73 1.212
48 74 1.762
48 75 1.332
48 76 1.706
48 77 2.184
48 78 0.655
48 79 1.435
48 80 1.476
48 81 0.968
48 82 0.832
48 83 1.722
48 84 1.289
48 85 1.305
48 86 2.115
48 87 1.073
48 88 1.163
48 89 0.870
48 90 1.796
48 91 1.776
48 92 1.588
48 93 0.897
48 94 1.397
48 95 1.172
48 96 0.320
48 97 0.395
48 98 1.982
48 99 0.307
49 50 1.396
49 51 1.283
49 52 0.825
49 53 0.789
49 54 1.203
49 55 1.204
49 56 0.574
49 57 0.289
49 58 0.742
49 59 1.559
49 60 1.214
49 61 1.613
49 62 2.390
49 63 1.076
49 64 0.775
49 65 0.583
49 66 2.022
49 67 0.900
49 68 1.070
49 69 0.991
49 70 0.912
49 71 1.024
49 72 0.342
49 73 1.166
49 74 1.755
49 75 1.794
49 76 1.126
49 77 2.053
49 78 0.492
49 79 0.777
49 80 1.261
49 81 0.396
49 82 0.379
49 83 1.893
49 84 1.434
49 85 0.678
49 86 2.099
49 87 1.488
49 88 1.377
49 89 1.220
49 90 2.283
49 91 1.008
49 92 1.299
49 93 0.441
49 94 0.273
49 95 1.801
49 96 1.194
49 97 0.852
49 98 1.300
49 99 0.902
50 51 1.033
50 52 0.926
50 53 0.728
50 54 0.742
50 55 2.524
50 56 1.881
50 57 1.680
50 58 0.689
50 59 1.006
50 60 0.796
50 61 2.305
50 62 1.007
50 63 1.834
50 64 1.660
50 65 1.608
50 66 1.115
50 67 0.687
50 68 0.467
50 69 1.618
50 70 2.294
50 71 1.862
50 72 1.082
50 73 2.264
50 74 0.461
50 75 2.601
50 76 0.833
50 77 0.883
50 78 1.273
50 79 2.127
50 80 2.466
50 81 1.003
50 82 1.441
50 83 0.504
50 84 0.063
50 85 0.848
50 86 0.822
50 87 2.312
50 88 2.335
50 89 2.061
50 90 0.938
50 91 1.080
50 92 0.480
50 93 1.580
50 94 1.444
50 95 0.710
50 96 1.607
50 97 1.451
50 98 1.089
50 99 1.071
51 52 1.462
51 53 1.218
51 54 0.293
51 55 2.001
51 56 1.465
51 57 1.462
51 58 1.082
51 59 1.921
51 60 0.239
51 61 1.360
51 62 1.852
51 63 1.011
51 64 0.989
51 65 1.066
51 66 2.137
51 67 0.543
51 68 1.206
51 69 0.797
51 70 2.110
51 71 1.078
51 72 1.183
51 73 1.557
51 74 1.480
51 75 1.676
51 76 1.581
51 77 1.910
51 78 0.839
51 79 1.714
51 80 1.816
51 81 1.004
51 82 1.044
51 83 1.407
51 84 1.008
51 85 1.251
51 86 1.820
51 87 1.426
51 88 1.519
51 89 1.227
51 90 1.441
51 91 1.705
51 92 1.392
51 93 1.141
51 94 1.501
51 95 0.817
51 96 0.670
51 97 0.706
51 98 1.867
51 99 0.392
52 53 0.250
52 54 1.229
52 55 2.018
52 56 1.398
52 57 1.089
52 58 0.380
52 59 0.734
52 60 1.271
52 61 2.304
52 62 1.776
52 63 1.756
52 64 1.479
52 65 1.327
52 66 1.210
52 67 0.920
52 68 0.461
52 69 1.600
52 70 1.558
52 71 1.734
52 72 0.514
52 73 1.972
52 74 1.110
52 75 2.533
52 76 0.306
52 77 1.306
52 78 1.066
52 79 1.588
52 80 2.085
52 81 0.621
52 82 1.103
52 83 1.329
52 84 0.986
52 85 0.224
52 86 1.400
52 87 2.222
52 88 2.151
52 89 1.946
52 90 1.857
52 91 0.248
52 92 0.591
52 93 1.217
52 94 0.704
52 95 1.575
52 96 1.724
52 97 1.422
52 98 0.495
52 99 1.220
53 54 0.979
53 55 1.991
53 56 1.350
53 57 1.075
53 58 0.139
53 59 0.838
53 60 1.022
53 61 2.137
53 62 1.652
53 63 1.597
53 64 1.338
53 65 1.208
53 66 1.251
53 67 0.676
53 68 0.299
53 69 1.424
53 70 1.624
53 71 1.586
53 72 0.447
53 73 1.874
53 74 0.994
53 75 2.385
53 76 0.413
53 77 1.265
53 78 0.912
53 79 1.566
53 80 2.016
53 81 0.481
53 82 0.992
53 83 1.177
53 84 0.783
53 85 0.127
53 86 1.321
53 87 2.075
53 88 2.026
53 89 1.800
53 90 1.666
53 91 0.487
53 92 0.511
53 93 1.120
53 94 0.754
53 95 1.341
53 96 1.524
53 97 1.242
53 98 0.678
53 99 1.000
54 55 2.086
54 56 1.498
54 57 1.427
54 58 0.850
54 59 1.638
54 60 0.054
54 61 1.604
54 62 1.604
54 63 1.193
54 64 1.102
54 65 1.128
54 66 1.844
54 67 0.333
54 68 0.930
54 69 0.972
54 70 2.086
54 71 1.244
54 72 1.032
54 73 1.703
54 74 1.193
54 75 1.913
54 76 1.317
54 77 1.622
54 78 0.838
54 79 1.755
54 80 1.944
54 81 0.863
54 82 1.048
54 83 1.139
54 84 0.720
54 85 1.032
54 86 1.539
54 87 1.644
54 88 1.708
54 89 1.419
54 90 1.255
54 91 1.464
54 92 1.104
54 93 1.167
54 94 1.384
54 95 0.660
54 96 0.901
54 97 0.837
54 98 1.604
54 99 0.444
55 56 0.648
55 57 0.930
55 58 1.930
55 59 2.749
55 60 2.068
55 61 1.299
55 62 3.532
55 63 1.098
55 64 1.012
55 65 0.959
55 66 3.224
55 67 1.893
55 68 2.262
55 69 1.251
55 70 0.782
55 71 1.003
55 72 1.544
55 73 0.580
55 74 2.927
55 75 1.241
55 76 2.323
55 77 3.250
55 78 1.274
55 79 0.431
55 80 0.348
55 81 1.547
55 82 1.086
55 83 3.028
55 84 2.550
55 85 1.882
55 86 3.282
55 87 1.077
55 88 0.846
55 89 0.995
55 90 3.319
55 91 2.170
55 92 2.497
55 93 0.948
55 94 1.335
55 95 2.746
55 96 1.476
55 97 1.297
55 98 2.467
55 99 1.649
56 57 0.340
56 58 1.284
56 59 2.132
56 60 1.488
56 61 1.249
56 62 2.888
56 63 0.802
56 64 0.562
56 65 0.409
56 66 2.593
56 67 1.270
56 68 1.616
56 69 0.846
56 70 0.707
56 71 0.714
56 72 0.906
56 73 0.645
56 74 2.279
56 75 1.352
56 76 1.700
56 77 2.604
56 78 0.662
56 79 0.257
56 80 0.693
56 81 0.900
56 82 0.457
56 83 2.385
56 84 1.909
56 85 1.245
56 86 2.634
56 87 1.072
56 88 0.906
56 89 0.846
56 90 2.701
56 91 1.574
56 92 1.853
56 93 0.331
56 94 0.759
56 95 2.151
56 96 1.091
56 97 0.808
56 98 1.868
56 99 1.084
57 58 1.032
57 59 1.820
57 60 1.429
57 61 1.532
57 62 2.678
57 63 1.031
57 64 0.743
57 65 0.545
57 66 2.296
57 67 1.146
57 68 1.359
57 69 1.008
57 70 0.659
57 71 0.958
57 72 0.630
57 73 0.981
57 74 2.044
57 75 1.667
57 76 1.394
57 77 2.340
57 78 0.624
57 79 0.499
57 80 1.028
57 81 0.677
57 82 0.431
57 83 2.180
57 84 1.716
57 85 0.960
57 86 2.388
57 87 1.375
57 88 1.228
57 89 1.127
57 90 2.554
57 91 1.247
57 92 1.585
57 93 0.396
57 94 0.421
57 95 2.051
57 96 1.239
57 97 0.911
57 98 1.544
57 99 1.070
58 59 0.959
58 60 0.891
58 61 2.013
58 62 1.657
58 63 1.477
58 64 1.226
58 65 1.108
58 66 1.346
58 67 0.540
58 68 0.332
58 69 1.298
58 70 1.616
58 71 1.471
58 72 0.407
58 73 1.779
58 74 1.013
58 75 2.267
58 76 0.544
58 77 1.321
58 78 0.800
58 79 1.511
58 80 1.934
58 81 0.389
58 82 0.899
58 83 1.167
58 84 0.737
58 85 0.190
58 86 1.357
58 87 1.958
58 88 1.918
58 89 1.684
58 90 1.619
58 91 0.623
58 92 0.572
58 93 1.032
58 94 0.756
58 95 1.251
58 96 1.390
58 97 1.115
58 98 0.814
58 99 0.862
59 60 1.690
59 61 2.972
59 62 1.410
59 63 2.435
59 64 2.176
59 65 2.040
59 66 0.517
59 67 1.415
59 68 0.719
59 69 2.256
59 70 2.238
59 71 2.424
59 72 1.240
59 73 2.697
59 74 0.844
59 75 3.223
59 76 0.437
59 77 0.777
59 78 1.751
59 79 2.318
59 80 2.818
59 81 1.314
59 82 1.819
59 83 1.126
59 84 1.063
59 85 0.909
59 86 0.952
59 87 2.913
59 88 2.861
59 89 2.638
59 90 1.728
59 91 0.600
59 92 0.542
59 93 1.940
59 94 1.421
59 95 1.706
59 96 2.337
59 97 2.074
59 98 0.328
59 99 1.793
60 61 1.558
60 62 1.649
60 63 1.156
60 64 1.077
60 65 1.111
60 66 1.899
60 67 0.364
60 68 0.981
60 69 0.935
60 70 2.088
60 71 1.210
60 72 1.056
60 73 1.673
60 74 1.246
60 75 1.868
60 76 1.365
60 77 1.675
60 78 0.831
60 79 1.744
60 80 1.918
60 81 0.884
60 82 1.041
60 83 1.187
60 84 0.773
60 85 1.070
60 86 1.591
60 87 1.602
60 88 1.671
60 89 1.381
60 90 1.286
60 91 1.508
60 92 1.157
60 93 1.157
60 94 1.402
60 95 0.682
60 96 0.856
60 97 0.807
60 98 1.652
60 99 0.420
61 62 3.206
61 63 0.549
61 64 0.843
61 65 1.030
61 66 3.320
61 67 1.634
61 68 2.288
61 69 0.717
61 70 1.895
61 71 0.590
61 72 1.810
61 73 0.729
61 74 2.766
61 75 0.320
61 76 2.550
61 77 3.179
61 78 1.238
61 79 1.339
61 80 0.960
61 81 1.683
61 82 1.243
61 83 2.742
61 84 2.298
61 85 2.089
61 86 3.125
61 87 0.224
61 88 0.455
61 89 0.405
61 90 2.793
61 91 2.537
61 92 2.525
61 93 1.177
61 94 1.879
61 95 2.166
61 96 0.703
61 97 0.899
61 98 2.796
61 99 1.238
62 63 2.786
62 64 2.644
62 65 2.608
62 66 1.086
62 67 1.668
62 68 1.354
62 69 2.565
62 70 3.271
62 71 2.826
62 72 2.063
62 73 3.253
62 74 0.666
62 75 3.517
62 76 1.549
62 77 0.671
62 78 2.274
62 79 3.133
62 80 3.465
62 81 2.004
62 82 2.448
62 83 0.504
62 84 0.983
62 85 1.779
62 86 0.465
62 87 3.247
62 88 3.298
62 89 3.013
62 90 0.613
62 91 1.828
62 92 1.186
62 93 2.587
62 94 2.404
62 95 1.110
62 96 2.505
62 97 2.412
62 98 1.679
62 99 2.015
63 64 0.301
63 65 0.498
63 66 2.802
63 67 1.148
63 68 1.765
63 69 0.222
63 70 1.502
63 71 0.098
63 72 1.261
63 73 0.568
63 74 2.291
63 75 0.791
63 76 2.008
63 77 2.690
63 78 0.691
63 79 0.968
63 80 0.842
63 81 1.136
63 82 0.700
63 83 2.301
63 84 1.836
63 85 1.544
63 86 2.655
63 87 0.485
63 88 0.515
63 89 0.228
63 90 2.439
63 91 1.989
63 92 2.007
63 93 0.650
63 94 1.345
63 95 1.822
63 96 0.387
63 97 0.384
63 98 2.250
63 99 0.771
64 65 0.200
64 66 2.568
64 67 0.978
64 68 1.532
64 69 0.284
64 70 1.268
64 71 0.256
64 72 0.974
64 73 0.609
64 74 2.106
64 75 1.054
64 76 1.743
64 77 2.488
64 78 0.427
64 79 0.774
64 80 0.842
64 81 0.864
64 82 0.400
64 83 2.148
64 84 1.671
64 85 1.273
64 86 2.471
64 87 0.742
64 88 0.694
64 89 0.467
64 90 2.355
64 91 1.706
64 92 1.777
64 93 0.353
64 94 1.044
64 95 1.758
64 96 0.529
64 97 0.284
64 98 1.975
64 99 0.658
65 66 2.453
65 67 0.947
65 68 1.428
65 69 0.466
65 70 1.102
65 71 0.440
65 72 0.814
65 73 0.672
65 74 2.039
65 75 1.219
65 76 1.604
65 77 2.403
65 78 0.335
65 79 0.650
65 80 0.858
65 81 0.728
65 82 0.224
65 83 2.106
65 84 1.626
65 85 1.131
65 86 2.403
65 87 0.910
65 88 0.824
65 89 0.639
65 90 2.363
65 91 1.544
65 92 1.673
65 93 0.153
65 94 0.850
65 95 1.788
65 96 0.705
65 97 0.401
65 98 1.821
65 99 0.695
66 67 1.698
66 68 1.037
66 69 2.606
66 70 2.747
66 71 2.806
66 72 1.688
66 73 3.123
66 74 0.745
66 75 3.592
66 76 0.905
66 77 0.422
66 78 2.142
66 79 2.794
66 80 3.266
66 81 1.729
66 82 2.241
66 83 0.989
66 84 1.154
66 85 1.348
66 86 0.635
66 87 3.287
66 88 3.261
66 89 3.017
66 90 1.552
66 91 1.112
66 92 0.796
66 93 2.371
66 94 1.912
66 95 1.719
66 96 2.649
66 97 2.425
66 98 0.845
66 99 2.096
67 68 0.697
67 69 0.935
67 70 1.802
67 71 1.174
67 72 0.701
67 73 1.586
67 74 1.143
67 75 1.922
67 76 1.049
67 77 1.547
67 78 0.619
67 79 1.526
67 80 1.800
67 81 0.537
67 82 0.814
67 83 1.170
67 84 0.694
67 85 0.712
67 86 1.507
67 87 1.629
67 88 1.647
67 89 1.374
67 90 1.431
67 91 1.162
67 92 0.913
67 93 0.947
67 94 1.060
67 95 0.905
67 96 0.951
67 97 0.764
67 98 1.333
67 99 0.399
68 69 1.572
68 70 1.922
68 71 1.768
68 72 0.730
68 73 2.100
68 74 0.696
68 75 2.556
68 76 0.402
68 77 0.989
68 78 1.108
68 79 1.842
68 80 2.263
68 81 0.720
68 82 1.224
68 83 0.883
68 84 0.528
68 85 0.425
68 86 1.029
68 87 2.250
68 88 2.226
68 89 1.980
68 90 1.396
68 91 0.620
68 92 0.245
68 93 1.359
68 94 1.052
68 95 1.144
68 96 1.632
68 97 1.390
68 98 0.684
68 99 1.081
69 70 1.552
69 71 0.281
69 72 1.124
69 73 0.763
69 74 2.077
69 75 0.990
69 76 1.837
69 77 2.481
69 78 0.545
69 79 1.052
69 80 1.028
69 81 0.981
69 82 0.616
69 83 2.081
69 84 1.618
69 85 1.382
69 86 2.440
69 87 0.694
69 88 0.737
69 89 0.449
69 90 2.219
69 91 1.839
69 92 1.810
69 93 0.611
69 94 1.264
69 95 1.603
69 96 0.245
69 97 0.183
69 98 2.089
69 99 0.551
70 71 1.409
70 72 1.213
70 73 1.193
70 74 2.618
70 75 1.928
70 76 1.854
70 77 2.863
70 78 1.272
70 79 0.555
70 80 1.074
70 81 1.307
70 82 1.066
70 83 2.783
70 84 2.336
70 85 1.498
70 86 2.941
70 87 1.692
70 88 1.486
70 89 1.510
70 90 3.194
70 91 1.638
70 92 2.124
70 93 0.985
70 94 0.871
70 95 2.707
70 96 1.797
70 97 1.501
70 98 1.924
70 99 1.718
71 72 1.231
71 73 0.485
71 74 2.315
71 75 0.800
71 76 1.994
71 77 2.708
71 78 0.674
71 79 0.872
71 80 0.754
71 81 1.116
71 82 0.654
71 83 2.336
71 84 1.867
71 85 1.526
71 86 2.680
71 87 0.489
71 88 0.473
71 89 0.214
71 90 2.496
71 91 1.961
71 92 2.012
71 93 0.589
71 94 1.290
71 95 1.882
71 96 0.477
71 97 0.414
71 98 2.229
71 99 0.812
72 73 1.458
72 74 1.419
72 75 2.027
72 76 0.803
72 77 1.711
72 78 0.579
72 79 1.118
72 80 1.581
72 81 0.180
72 82 0.590
72 83 1.570
72 84 1.125
72 85 0.340
72 86 1.759
72 87 1.716
72 88 1.638
72 89 1.441
72 90 1.995
72 91 0.731
72 92 0.957
72 93 0.703
72 94 0.375
72 95 1.562
72 96 1.280
72 97 0.954
72 98 1.007
72 99 0.851
73 74 2.704
73 75 0.737
73 76 2.260
73 77 3.074
73 78 1.001
73 79 0.647
73 80 0.276
73 81 1.394
73 82 0.882
73 83 2.755
73 84 2.277
73 85 1.789
73 86 3.069
73 87 0.512
73 88 0.294
73 89 0.422
73 90 2.958
73 91 2.172
73 92 2.345
73 93 0.756
73 94 1.390
73 95 2.352
73 96 0.955
73 97 0.866
73 98 2.460
73 99 1.260
74 75 3.061
74 76 0.893
74 77 0.432
74 78 1.705
74 79 2.516
74 80 2.894
74 81 1.381
74 82 1.858
74 83 0.282
74 84 0.474
74 85 1.120
74 86 0.365
74 87 2.771
74 88 2.787
74 89 2.517
74 90 0.885
74 91 1.172
74 92 0.520
74 93 1.997
74 94 1.748
74 95 0.975
74 96 2.068
74 97 1.907
74 98 1.058
74 99 1.531
75 76 2.794
75 77 3.469
75 78 1.474
75 79 1.384
75 80 0.894
75 81 1.916
75 82 1.442
75 83 3.048
75 84 2.597
75 85 2.326
75 86 3.422
75 87 0.312
75 88 0.449
75 89 0.587
75 90 3.111
75 91 2.759
75 92 2.796
75 93 1.353
75 94 2.048
75 95 2.484
75 96 1.012
75 97 1.168
75 98 3.029
75 99 1.530
76 77 1.026
76 78 1.320
76 79 1.893
76 80 2.383
76 81 0.880
76 82 1.383
76 83 1.144
76 84 0.896
76 85 0.473
76 86 1.141
76 87 2.483
76 88 2.426
76 89 2.208
76 90 1.714
76 91 0.279
76 92 0.388
76 93 1.503
76 94 1.008
76 95 1.534
76 96 1.934
76 97 1.655
76 98 0.287
76 99 1.402
77 78 2.074
77 79 2.828
77 80 3.247
77 81 1.708
77 82 2.207
77 83 0.611
77 84 0.902
77 85 1.382
77 86 0.213
77 87 3.174
77 88 3.177
77 89 2.914
77 90 1.140
77 91 1.287
77 92 0.754
77 93 2.344
77 94 1.998
77 95 1.377
77 96 2.486
77 97 2.306
77 98 1.080
77 99 1.942
78 79 0.919
78 80 1.193
78 81 0.445
78 82 0.211
78 83 1.772
78 84 1.291
78 85 0.853
78 86 2.069
78 87 1.163
78 88 1.119
78 89 0.888
78 90 2.046
78 91 1.300
78 92 1.353
78 93 0.332
78 94 0.755
78 95 1.489
78 96 0.717
78 97 0.380
78 98 1.560
78 99 0.447
79 80 0.586
79 81 1.135
79 82 0.713
79 83 2.630
79 84 2.157
79 85 1.454
79 86 2.866
79 87 1.138
79 88 0.937
79 89 0.957
79 90 2.956
79 91 1.741
79 92 2.074
79 93 0.588
79 94 0.907
79 95 2.408
79 96 1.296
79 97 1.040
79 98 2.038
79 99 1.337
80 81 1.544
80 82 1.040
80 83 2.963
80 84 2.483
80 85 1.919
80 86 3.256
80 87 0.737
80 88 0.506
80 89 0.694
80 90 3.196
80 91 2.266
80 92 2.505
80 93 0.903
80 94 1.449
80 95 2.599
80 96 1.228
80 97 1.115
80 98 2.560
80 99 1.500
81 82 0.512
81 83 1.504
81 84 1.039
81 85 0.409
81 86 1.734
81 87 1.605
81 88 1.547
81 89 1.329
81 90 1.887
81 91 0.858
81 92 0.961
81 93 0.643
81 94 0.523
81 95 1.421
81 96 1.120
81 97 0.805
81 98 1.114
81 99 0.672
82 83 1.944
82 84 1.465
82 85 0.910
82 86 2.218
82 87 1.132
82 88 1.048
82 89 0.859
82 90 2.244
82 91 1.320
82 92 1.469
82 93 0.139
82 94 0.651
82 95 1.697
82 96 0.830
82 97 0.491
82 98 1.597
82 99 0.653
83 84 0.480
83 85 1.303
83 86 0.447
83 87 2.770
83 88 2.809
83 89 2.529
83 90 0.602
83 91 1.421
83 92 0.758
83 93 2.083
83 94 1.921
83 95 0.774
83 96 2.039
83 97 1.922
83 98 1.331
83 99 1.530
84 85 0.901
84 86 0.827
84 87 2.311
84 88 2.340
84 89 2.063
84 90 0.884
84 91 1.142
84 92 0.541
84 93 1.604
84 94 1.490
84 95 0.649
84 96 1.598
84 97 1.454
84 98 1.151
84 99 1.068
85 86 1.445
85 87 2.014
85 88 1.954
85 89 1.739
85 90 1.785
85 91 0.472
85 92 0.631
85 93 1.032
85 94 0.628
85 95 1.439
85 96 1.500
85 97 1.202
85 98 0.708
85 99 0.998
86 87 3.134
86 88 3.152
86 89 2.881
86 90 0.933
86 91 1.413
86 92 0.817
86 93 2.357
86 94 2.070
86 95 1.221
86 96 2.425
86 97 2.272
86 98 1.236
86 99 1.892
87 88 0.231
87 89 0.276
87 90 2.867
87 91 2.447
87 92 2.492
87 93 1.047
87 94 1.745
87 95 2.242
87 96 0.756
87 97 0.868
87 98 2.717
87 99 1.243
88 89 0.293
88 90 2.953
88 91 2.365
88 92 2.471
88 93 0.942
88 94 1.621
88 95 2.333
88 96 0.864
88 97 0.887
88 98 2.645
88 99 1.282
89 90 2.661
89 91 2.172
89 92 2.223
89 93 0.780
89 94 1.482
89 95 2.041
89 96 0.575
89 97 0.610
89 98 2.441
89 99 0.999
90 91 1.984
90 92 1.327
90 93 2.377
90 94 2.366
90 95 0.627
90 96 2.111
90 97 2.092
90 98 1.922
90 99 1.698
91 92 0.663
91 93 1.425
91 94 0.835
91 95 1.763
91 96 1.969
91 97 1.663
91 98 0.297
91 99 1.469
92 93 1.603
92 94 1.254
92 95 1.190
92 96 1.859
92 97 1.629
92 98 0.615
92 99 1.306
93 94 0.702
93 95 1.821
93 96 0.844
93 97 0.523
93 98 1.708
93 99 0.755
94 95 1.936
94 96 1.464
94 97 1.122
94 98 1.132
94 99 1.135
95 96 1.486
95 97 1.486
95 98 1.797
95 99 1.102
96 97 0.342
96 98 2.200
96 99 0.554
97 98 1.909
97 99 0.399
98 99 1.677
