nodei nodej distance
0 1 1.781
0 2 2.091
0 3 1.095
0 4 0.387
0 5 1.309
0 6 0.498
0 7 0.910
0 8 1.277
0 9 2.029
0 10 3.756
0 11 0.919
0 12 2.374
0 13 0.756
0 14 2.850
0 15 0.981
0 16 1.464
0 17 1.480
0 18 0.042
0 19 0.096
0 20 0.337
0 21 2.199
0 22 0.390
0 23 1.637
0 24 0.945
0 25 2.348
0 26 2.374
0 27 2.580
0 28 0.444
0 29 0.548
0 30 1.773
0 31 0.646
0 32 0.693
0 33 0.566
0 34 1.644
0 35 2.737
0 36 0.733
0 37 0.524
0 38 1.537
0 39 0.885
0 40 0.827
0 41 1.903
0 42 1.957
0 43 0.737
0 44 1.076
0 45 0.870
0 46 1.183
0 47 0.951
0 48 1.075
0 49 0.501
0 50 0.791
0 51 2.573
0 52 2.183
0 53 1.078
0 54 0.245
0 55 1.792
0 56 2.690
0 57 0.472
0 58 0.656
0 59 0.978
0 60 1.771
0 61 3.390
0 62 3.307
0 63 1.279
0 64 1.070
0 65 0.832
0 66 0.911
0 67 0.155
0 68 2.038
0 69 0.072
0 70 0.364
0 71 1.759
0 72 0.299
0 73 2.083
0 74 0.953
0 75 2.219
0 76 4.422
0 77 1.304
0 78 1.999
0 79 1.992
0 80 0.515
0 81 3.453
0 82 3.843
0 83 0.161
0 84 0.287
0 85 2.470
0 86 2.227
0 87 2.117
0 88 0.132
0 89 3.015
0 90 0.371
0 91 0.453
0 92 0.355
0 93 0.386
0 94 1.207
0 95 0.913
0 96 1.301
0 97 1.340
0 98 0.547
0 99 0.176
1 2 0.334
1 3 2.876
1 4 1.395
1 5 3.090
1 6 2.279
1 7 2.691
1 8 0.517
1 9 3.810
1 10 5.537
1 11 2.700
1 12 0.593
1 13 2.534
1 14 4.631
1 15 2.762
1 16 3.245
1 17 0.302
1 18 1.753
1 19 1.692
1 20 1.453
1 21 3.979
1 22 1.394
1 23 3.417
1 24 2.726
1 25 4.129
1 26 4.155
1 27 4.361
1 28 2.223
1 29 1.233
1 30 3.554
1 31 1.153
1 32 2.469
1 33 1.221
1 34 3.424
1 35 4.518
1 36 2.514
1 37 1.263
1 38 0.246
1 39 2.665
1 40 0.957
1 41 3.684
1 42 3.738
1 43 2.517
1 44 2.857
1 45 2.651
1 46 0.598
1 47 2.732
1 48 2.856
1 49 1.293
1 50 2.569
1 51 4.352
1 52 3.964
1 53 0.705
1 54 1.537
1 55 3.573
1 56 4.471
1 57 2.252
1 58 1.127
1 59 2.758
1 60 3.552
1 61 5.171
1 62 5.088
1 63 3.060
1 64 2.851
1 65 0.950
1 66 0.870
1 67 1.628
1 68 3.819
1 69 1.714
1 70 1.417
1 71 3.540
1 72 2.079
1 73 3.863
1 74 2.731
1 75 0.440
1 76 6.203
1 77 3.085
1 78 3.780
1 79 3.773
1 80 2.294
1 81 5.234
1 82 5.623
1 83 1.639
1 84 2.065
1 85 4.251
1 86 4.007
1 87 3.898
1 88 1.724
1 89 4.795
1 90 1.420
1 91 2.234
1 92 2.129
1 93 2.163
1 94 2.987
1 95 2.692
1 96 3.082
1 97 3.120
1 98 2.328
1 99 1.952
2 3 3.186
2 4 1.707
2 5 3.399
2 6 2.588
2 7 2.998
2 8 0.846
2 9 4.118
2 10 5.846
2 11 3.009
2 12 0.325
2 13 2.847
2 14 4.940
2 15 3.072
2 16 3.552
2 17 0.618
2 18 2.066
2 19 2.000
2 20 1.758
2 21 4.290
2 22 1.708
2 23 3.723
2 24 3.036
2 25 4.438
2 26 4.460
2 27 4.667
2 28 2.530
2 29 1.546
2 30 3.863
2 31 1.475
2 32 2.782
2 33 1.539
2 34 3.735
2 35 4.827
2 36 2.824
2 37 1.580
2 38 0.573
2 39 2.977
2 40 1.275
2 41 3.992
2 42 4.046
2 43 2.828
2 44 3.166
2 45 2.961
2 46 0.911
2 47 3.042
2 48 3.163
2 49 1.596
2 50 2.882
2 51 4.664
2 52 4.272
2 53 1.024
2 54 1.849
2 55 3.881
2 56 4.780
2 57 2.563
2 58 1.444
2 59 3.063
2 60 3.858
2 61 5.480
2 62 5.396
2 63 3.368
2 64 3.161
2 65 1.262
2 66 1.184
2 67 1.940
2 68 4.129
2 69 2.023
2 70 1.728
2 71 3.849
2 72 2.390
2 73 4.169
2 74 3.044
2 75 0.163
2 76 6.513
2 77 3.392
2 78 4.088
2 79 4.083
2 80 2.601
2 81 5.543
2 82 5.934
2 83 1.954
2 84 2.377
2 85 4.560
2 86 4.318
2 87 4.206
2 88 2.042
2 89 5.104
2 90 1.737
2 91 2.542
2 92 2.443
2 93 2.475
2 94 3.298
2 95 3.004
2 96 3.388
2 97 3.431
2 98 2.636
2 99 2.259
3 4 1.482
3 5 0.214
3 6 0.598
3 7 0.197
3 8 2.369
3 9 0.933
3 10 2.661
3 11 0.178
3 12 3.469
3 13 0.346
3 14 1.755
3 15 0.114
3 16 0.375
3 17 2.575
3 18 1.123
3 19 1.186
3 20 1.428
3 21 1.104
3 22 1.483
3 23 0.549
3 24 0.151
3 25 1.253
3 26 1.282
3 27 1.486
3 28 0.657
3 29 1.643
3 30 0.677
3 31 1.732
3 32 0.416
3 33 1.657
3 34 0.549
3 35 1.642
3 36 0.362
3 37 1.615
3 38 2.632
3 39 0.213
3 40 1.920
3 41 0.808
3 42 0.864
3 43 0.359
3 44 0.022
3 45 0.226
3 46 2.279
3 47 0.144
3 48 0.061
3 49 1.592
3 50 0.313
3 51 1.478
3 52 1.088
3 53 2.172
3 54 1.340
3 55 0.697
3 56 1.595
3 57 0.625
3 58 1.750
3 59 0.153
3 60 0.679
3 61 2.295
3 62 2.212
3 63 0.188
3 64 0.025
3 65 1.927
3 66 2.006
3 67 1.248
3 68 0.943
3 69 1.163
3 70 1.460
3 71 0.664
3 72 0.797
3 73 0.991
3 74 0.160
3 75 3.315
3 76 3.327
3 77 0.220
3 78 0.905
3 79 0.897
3 80 0.588
3 81 2.358
3 82 2.748
3 83 1.240
3 84 0.812
3 85 1.375
3 86 1.132
3 87 1.023
3 88 1.159
3 89 1.919
3 90 1.459
3 91 0.644
3 92 0.750
3 93 0.715
3 94 0.113
3 95 0.193
3 96 0.219
3 97 0.248
3 98 0.550
3 99 0.927
4 5 1.695
4 6 0.885
4 7 1.298
4 8 0.889
4 9 2.415
4 10 4.143
4 11 1.306
4 12 1.987
4 13 1.140
4 14 3.237
4 15 1.368
4 16 1.852
4 17 1.094
4 18 0.359
4 19 0.302
4 20 0.108
4 21 2.584
4 22 0.019
4 23 2.024
4 24 1.331
4 25 2.735
4 26 2.761
4 27 2.967
4 28 0.831
4 29 0.162
4 30 2.159
4 31 0.267
4 32 1.075
4 33 0.181
4 34 2.030
4 35 3.124
4 36 1.120
4 37 0.139
4 38 1.150
4 39 1.271
4 40 0.439
4 41 2.290
4 42 2.344
4 43 1.123
4 44 1.462
4 45 1.256
4 46 0.798
4 47 1.338
4 48 1.462
4 49 0.158
4 50 1.175
4 51 2.958
4 52 2.569
4 53 0.691
4 54 0.142
4 55 2.179
4 56 3.077
4 57 0.857
4 58 0.269
4 59 1.366
4 60 2.158
4 61 3.776
4 62 3.693
4 63 1.666
4 64 1.456
4 65 0.446
4 66 0.525
4 67 0.233
4 68 2.424
4 69 0.323
4 70 0.029
4 71 2.146
4 72 0.685
4 73 2.470
4 74 1.337
4 75 1.833
4 76 4.809
4 77 1.692
4 78 2.386
4 79 2.378
4 80 0.902
4 81 3.840
4 82 4.229
4 83 0.248
4 84 0.670
4 85 2.857
4 86 2.613
4 87 2.504
4 88 0.339
4 89 3.401
4 90 0.060
4 91 0.841
4 92 0.735
4 93 0.768
4 94 1.593
4 95 1.298
4 96 1.689
4 97 1.725
4 98 0.934
4 99 0.561
5 6 0.811
5 7 0.403
5 8 2.583
5 9 0.720
5 10 2.448
5 11 0.390
5 12 3.682
5 13 0.559
5 14 1.541
5 15 0.328
5 16 0.165
5 17 2.789
5 18 1.337
5 19 1.399
5 20 1.641
5 21 0.891
5 22 1.697
5 23 0.338
5 24 0.365
5 25 1.040
5 26 1.068
5 27 1.272
5 28 0.869
5 29 1.857
5 30 0.464
5 31 1.946
5 32 0.629
5 33 1.871
5 34 0.338
5 35 1.428
5 36 0.576
5 37 1.829
5 38 2.845
5 39 0.426
5 40 2.134
5 41 0.594
5 42 0.650
5 43 0.573
5 44 0.233
5 45 0.439
5 46 2.492
5 47 0.357
5 48 0.239
5 49 1.804
5 50 0.526
5 51 1.267
5 52 0.874
5 53 2.386
5 54 1.553
5 55 0.484
5 56 1.381
5 57 0.839
5 58 1.964
5 59 0.344
5 60 0.466
5 61 2.082
5 62 1.998
5 63 0.041
5 64 0.239
5 65 2.140
5 66 2.220
5 67 1.462
5 68 0.730
5 69 1.376
5 70 1.673
5 71 0.450
5 72 1.010
5 73 0.777
5 74 0.368
5 75 3.528
5 76 3.114
5 77 0.060
5 78 0.692
5 79 0.684
5 80 0.799
5 81 2.145
5 82 2.535
5 83 1.453
5 84 1.026
5 85 1.162
5 86 0.919
5 87 0.809
5 88 1.373
5 89 1.706
5 90 1.673
5 91 0.857
5 92 0.964
5 93 0.929
5 94 0.108
5 95 0.404
5 96 0.068
5 97 0.067
5 98 0.763
5 99 1.140
6 7 0.413
6 8 1.774
6 9 1.531
6 10 3.259
6 11 0.421
6 12 2.872
6 13 0.266
6 14 2.353
6 15 0.484
6 16 0.967
6 17 1.978
6 18 0.527
6 19 0.588
6 20 0.830
6 21 1.702
6 22 0.887
6 23 1.140
6 24 0.449
6 25 1.851
6 26 1.876
6 27 2.082
6 28 0.070
6 29 1.046
6 30 1.275
6 31 1.139
6 32 0.215
6 33 1.062
6 34 1.147
6 35 2.240
6 36 0.236
6 37 1.020
6 38 2.035
6 39 0.390
6 40 1.324
6 41 1.405
6 42 1.460
6 43 0.241
6 44 0.578
6 45 0.374
6 46 1.681
6 47 0.454
6 48 0.578
6 49 0.994
6 50 0.301
6 51 2.076
6 52 1.685
6 53 1.576
6 54 0.743
6 55 1.294
6 56 2.193
6 57 0.049
6 58 1.153
6 59 0.483
6 60 1.273
6 61 2.893
6 62 2.809
6 63 0.781
6 64 0.573
6 65 1.329
6 66 1.409
6 67 0.651
6 68 1.541
6 69 0.565
6 70 0.862
6 71 1.261
6 72 0.200
6 73 1.585
6 74 0.461
6 75 2.717
6 76 3.925
6 77 0.807
6 78 1.502
6 79 1.495
6 80 0.050
6 81 2.956
6 82 3.346
6 83 0.646
6 84 0.220
6 85 1.973
6 86 1.730
6 87 1.619
6 88 0.571
6 89 2.517
6 90 0.864
6 91 0.048
6 92 0.170
6 93 0.134
6 94 0.710
6 95 0.420
6 96 0.804
6 97 0.844
6 98 0.050
6 99 0.330
7 8 2.187
7 9 1.120
7 10 2.848
7 11 0.039
7 12 3.284
7 13 0.193
7 14 1.942
7 15 0.096
7 16 0.554
7 17 2.390
7 18 0.940
7 19 0.999
7 20 1.240
7 21 1.294
7 22 1.300
7 23 0.727
7 24 0.083
7 25 1.440
7 26 1.464
7 27 1.670
7 28 0.468
7 29 1.459
7 30 0.866
7 31 1.552
7 32 0.264
7 33 1.475
7 34 0.741
7 35 1.829
7 36 0.183
7 37 1.433
7 38 2.447
7 39 0.095
7 40 1.737
7 41 0.995
7 42 1.048
7 43 0.188
7 44 0.176
7 45 0.082
7 46 2.093
7 47 0.067
7 48 0.165
7 49 1.402
7 50 0.172
7 51 1.670
7 52 1.274
7 53 1.988
7 54 1.155
7 55 0.883
7 56 1.782
7 57 0.446
7 58 1.567
7 59 0.072
7 60 0.861
7 61 2.482
7 62 2.398
7 63 0.370
7 64 0.173
7 65 1.741
7 66 1.821
7 67 1.065
7 68 1.133
7 69 0.977
7 70 1.275
7 71 0.851
7 72 0.613
7 73 1.172
7 74 0.136
7 75 3.129
7 76 3.515
7 77 0.394
7 78 1.090
7 79 1.086
7 80 0.397
7 81 2.545
7 82 2.936
7 83 1.059
7 84 0.632
7 85 1.562
7 86 1.321
7 87 1.208
7 88 0.983
7 89 2.106
7 90 1.278
7 91 0.457
7 92 0.574
7 93 0.538
7 94 0.309
7 95 0.119
7 96 0.391
7 97 0.444
7 98 0.364
7 99 0.739
8 9 3.303
8 10 5.029
8 11 2.194
8 12 1.103
8 13 2.026
8 14 4.124
8 15 2.255
8 16 2.740
8 17 0.236
8 18 1.247
8 19 1.190
8 20 0.958
8 21 3.470
8 22 0.887
8 23 2.913
8 24 2.219
8 25 3.622
8 26 3.650
8 27 3.855
8 28 1.720
8 29 0.730
8 30 3.046
8 31 0.639
8 32 1.959
8 33 0.712
8 34 2.916
8 35 4.010
8 36 2.008
8 37 0.754
8 38 0.273
8 39 2.157
8 40 0.450
8 41 3.177
8 42 3.233
8 43 2.010
8 44 2.350
8 45 2.144
8 46 0.145
8 47 2.226
8 48 2.351
8 49 0.804
8 50 2.060
8 51 3.842
8 52 3.457
8 53 0.205
8 54 1.032
8 55 3.067
8 56 3.964
8 57 1.744
8 58 0.620
8 59 2.255
8 60 3.047
8 61 4.663
8 62 4.581
8 63 2.554
8 64 2.344
8 65 0.455
8 66 0.373
8 67 1.122
8 68 3.310
8 69 1.212
8 70 0.913
8 71 3.033
8 72 1.574
8 73 3.358
8 74 2.222
8 75 0.956
8 76 5.694
8 77 2.580
8 78 3.275
8 79 3.265
8 80 1.791
8 81 4.726
8 82 5.114
8 83 1.130
8 84 1.557
8 85 3.744
8 86 3.498
8 87 3.392
8 88 1.212
8 89 4.288
8 90 0.910
8 91 1.730
8 92 1.620
8 93 1.654
8 94 2.479
8 95 2.183
8 96 2.578
8 97 2.611
8 98 1.823
8 99 1.450
9 10 1.728
9 11 1.110
9 12 4.402
9 13 1.277
9 14 0.822
9 15 1.048
9 16 0.568
9 17 3.509
9 18 2.056
9 19 2.119
9 20 2.360
9 21 0.184
9 22 2.417
9 23 0.403
9 24 1.084
9 25 0.320
9 26 0.357
9 27 0.555
9 28 1.588
9 29 2.577
9 30 0.257
9 31 2.665
9 32 1.345
9 33 2.591
9 34 0.390
9 35 0.709
9 36 1.295
9 37 2.549
9 38 3.565
9 39 1.145
9 40 2.854
9 41 0.126
9 42 0.082
9 43 1.293
9 44 0.953
9 45 1.159
9 46 3.212
9 47 1.077
9 48 0.955
9 49 2.523
9 50 1.243
9 51 0.556
9 52 0.154
9 53 3.106
9 54 2.273
9 55 0.237
9 56 0.662
9 57 1.558
9 58 2.683
9 59 1.056
9 60 0.266
9 61 1.362
9 62 1.278
9 63 0.750
9 64 0.959
9 65 2.860
9 66 2.940
9 67 2.182
9 68 0.053
9 69 2.096
9 70 2.393
9 71 0.270
9 72 1.730
9 73 0.095
9 74 1.082
9 75 4.248
9 76 2.395
9 77 0.727
9 78 0.047
9 79 0.048
9 80 1.518
9 81 1.425
9 82 1.816
9 83 2.173
9 84 1.746
9 85 0.442
9 86 0.207
9 87 0.092
9 88 2.092
9 89 0.986
9 90 2.392
9 91 1.576
9 92 1.683
9 93 1.648
9 94 0.823
9 95 1.120
9 96 0.731
9 97 0.694
9 98 1.482
9 99 1.859
10 11 2.838
10 12 6.130
10 13 3.004
10 14 0.906
10 15 2.775
10 16 2.294
10 17 5.237
10 18 3.784
10 19 3.847
10 20 4.088
10 21 1.560
10 22 4.144
10 23 2.124
10 24 2.811
10 25 1.408
10 26 1.389
10 27 1.181
10 28 3.316
10 29 4.304
10 30 1.984
10 31 4.391
10 32 3.071
10 33 4.318
10 34 2.114
10 35 1.019
10 36 3.023
10 37 4.276
10 38 5.293
10 39 2.872
10 40 4.581
10 41 1.854
10 42 1.800
10 43 3.020
10 44 2.681
10 45 2.886
10 46 4.940
10 47 2.805
10 48 2.683
10 49 4.250
10 50 2.969
10 51 1.192
10 52 1.574
10 53 4.833
10 54 4.001
10 55 1.965
10 56 1.066
10 57 3.286
10 58 4.411
10 59 2.783
10 60 1.988
10 61 0.367
10 62 0.452
10 63 2.478
10 64 2.686
10 65 4.588
10 66 4.668
10 67 3.909
10 68 1.719
10 69 3.824
10 70 4.121
10 71 1.997
10 72 3.458
10 73 1.678
10 74 2.808
10 75 5.976
10 76 0.668
10 77 2.454
10 78 1.758
10 79 1.764
10 80 3.245
10 81 0.303
10 82 0.116
10 83 3.900
10 84 3.473
10 85 1.286
10 86 1.531
10 87 1.640
10 88 3.817
10 89 0.742
10 90 4.119
10 91 3.304
10 92 3.409
10 93 3.375
10 94 2.550
10 95 2.846
10 96 2.458
10 97 2.418
10 98 3.210
10 99 3.587
11 12 3.293
11 13 0.183
11 14 1.931
11 15 0.068
11 16 0.546
11 17 2.399
11 18 0.947
11 19 1.009
11 20 1.250
11 21 1.281
11 22 1.308
11 23 0.720
11 24 0.046
11 25 1.429
11 26 1.456
11 27 1.661
11 28 0.479
11 29 1.467
11 30 0.854
11 31 1.558
11 32 0.255
11 33 1.482
11 34 0.727
11 35 1.819
11 36 0.186
11 37 1.440
11 38 2.456
11 39 0.065
11 40 1.745
11 41 0.984
11 42 1.039
11 43 0.186
11 44 0.158
11 45 0.060
11 46 2.102
11 47 0.036
11 48 0.158
11 49 1.414
11 50 0.156
11 51 1.656
11 52 1.264
11 53 1.997
11 54 1.164
11 55 0.873
11 56 1.771
11 57 0.450
11 58 1.574
11 59 0.088
11 60 0.852
11 61 2.472
11 62 2.388
11 63 0.360
11 64 0.154
11 65 1.750
11 66 1.830
11 67 1.072
11 68 1.120
11 69 0.986
11 70 1.283
11 71 0.840
11 72 0.621
11 73 1.164
11 74 0.098
11 75 3.138
11 76 3.504
11 77 0.387
11 78 1.081
11 79 1.074
11 80 0.410
11 81 2.535
11 82 2.925
11 83 1.065
11 84 0.638
11 85 1.551
11 86 1.309
11 87 1.198
11 88 0.987
11 89 2.096
11 90 1.284
11 91 0.466
11 92 0.577
11 93 0.542
11 94 0.291
11 95 0.082
11 96 0.385
11 97 0.426
11 98 0.373
11 99 0.750
12 13 3.126
12 14 5.224
12 15 3.355
12 16 3.838
12 17 0.894
12 18 2.346
12 19 2.285
12 20 2.046
12 21 4.571
12 22 1.986
12 23 4.010
12 24 3.318
12 25 4.722
12 26 4.747
12 27 4.954
12 28 2.816
12 29 1.825
12 30 4.146
12 31 1.743
12 32 3.060
12 33 1.813
12 34 4.017
12 35 5.111
12 36 3.107
12 37 1.855
12 38 0.837
12 39 3.258
12 40 1.549
12 41 4.277
12 42 4.331
12 43 3.110
12 44 3.449
12 45 3.243
12 46 1.191
12 47 3.325
12 48 3.449
12 49 1.885
12 50 3.161
12 51 4.944
12 52 4.556
12 53 1.296
12 54 2.129
12 55 4.166
12 56 5.064
12 57 2.844
12 58 1.719
12 59 3.351
12 60 4.144
12 61 5.763
12 62 5.680
12 63 3.653
12 64 3.443
12 65 1.543
12 66 1.463
12 67 2.220
12 68 4.411
12 69 2.307
12 70 2.009
12 71 4.133
12 72 2.672
12 73 4.456
12 74 3.323
12 75 0.165
12 76 6.795
12 77 3.678
12 78 4.373
12 79 4.365
12 80 2.887
12 81 5.827
12 82 6.215
12 83 2.231
12 84 2.657
12 85 4.844
12 86 4.599
12 87 4.491
12 88 2.315
12 89 5.388
12 90 2.012
12 91 2.827
12 92 2.721
12 93 2.755
12 94 3.580
12 95 3.284
12 96 3.675
12 97 3.712
12 98 2.921
12 99 2.545
13 14 2.098
13 15 0.234
13 16 0.720
13 17 2.234
13 18 0.781
13 19 0.849
13 20 1.091
13 21 1.445
13 22 1.141
13 23 0.895
13 24 0.196
13 25 1.597
13 26 1.627
13 27 1.831
13 28 0.332
13 29 1.302
13 30 1.021
13 31 1.388
13 32 0.072
13 33 1.314
13 34 0.890
13 35 1.985
13 36 0.065
13 37 1.272
13 38 2.289
13 39 0.133
13 40 1.578
13 41 1.152
13 42 1.209
13 43 0.043
13 44 0.328
13 45 0.124
13 46 1.938
13 47 0.208
13 48 0.339
13 49 1.255
13 50 0.035
13 51 1.818
13 52 1.431
13 53 1.830
13 54 0.998
13 55 1.042
13 56 1.938
13 57 0.284
13 58 1.407
13 59 0.265
13 60 1.025
13 61 2.637
13 62 2.555
13 63 0.533
13 64 0.321
13 65 1.586
13 66 1.665
13 67 0.907
13 68 1.285
13 69 0.825
13 70 1.119
13 71 1.008
13 72 0.458
13 73 1.336
13 74 0.197
13 75 2.973
13 76 3.669
13 77 0.563
13 78 1.250
13 79 1.240
13 80 0.270
13 81 2.701
13 82 3.089
13 83 0.896
13 84 0.470
13 85 1.719
13 86 1.473
13 87 1.367
13 88 0.814
13 89 2.262
13 90 1.115
13 91 0.314
13 92 0.406
13 93 0.372
13 94 0.454
13 95 0.158
13 96 0.562
13 97 0.585
13 98 0.223
13 99 0.594
14 15 1.869
14 16 1.388
14 17 4.330
14 18 2.878
14 19 2.940
14 20 3.181
14 21 0.656
14 22 3.238
14 23 1.219
14 24 1.906
14 25 0.502
14 26 0.488
14 27 0.280
14 28 2.410
14 29 3.398
14 30 1.078
14 31 3.486
14 32 2.166
14 33 3.412
14 34 1.208
14 35 0.115
14 36 2.117
14 37 3.370
14 38 4.387
14 39 1.966
14 40 3.675
14 41 0.947
14 42 0.894
14 43 2.114
14 44 1.774
14 45 1.980
14 46 4.034
14 47 1.899
14 48 1.776
14 49 3.344
14 50 2.064
14 51 0.308
14 52 0.668
14 53 3.927
14 54 3.095
14 55 1.059
14 56 0.160
14 57 2.380
14 58 3.505
14 59 1.877
14 60 1.082
14 61 0.541
14 62 0.457
14 63 1.572
14 64 1.780
14 65 3.682
14 66 3.761
14 67 3.003
14 68 0.814
14 69 2.918
14 70 3.215
14 71 1.091
14 72 2.552
14 73 0.774
14 74 1.903
14 75 5.069
14 76 1.574
14 77 1.548
14 78 0.852
14 79 0.859
14 80 2.339
14 81 0.603
14 82 0.996
14 83 2.994
14 84 2.567
14 85 0.380
14 86 0.627
14 87 0.734
14 88 2.912
14 89 0.165
14 90 3.213
14 91 2.398
14 92 2.504
14 93 2.470
14 94 1.644
14 95 1.941
14 96 1.552
14 97 1.513
14 98 2.304
14 99 2.681
15 16 0.487
15 17 2.461
15 18 1.009
15 19 1.072
15 20 1.314
15 21 1.218
15 22 1.369
15 23 0.661
15 24 0.038
15 25 1.367
15 26 1.395
15 27 1.600
15 28 0.544
15 29 1.529
15 30 0.791
15 31 1.618
15 32 0.305
15 33 1.543
15 34 0.663
15 35 1.756
15 36 0.248
15 37 1.501
15 38 2.518
15 39 0.101
15 40 1.806
15 41 0.922
15 42 0.977
15 43 0.245
15 44 0.095
15 45 0.112
15 46 2.165
15 47 0.032
15 48 0.109
15 49 1.478
15 50 0.202
15 51 1.592
15 52 1.202
15 53 2.058
15 54 1.225
15 55 0.811
15 56 1.709
15 57 0.511
15 58 1.636
15 59 0.094
15 60 0.792
15 61 2.409
15 62 2.326
15 63 0.300
15 64 0.089
15 65 1.813
15 66 1.892
15 67 1.134
15 68 1.057
15 69 1.049
15 70 1.345
15 71 0.778
15 72 0.683
15 73 1.104
15 74 0.074
15 75 3.201
15 76 3.441
15 77 0.330
15 78 1.019
15 79 1.011
15 80 0.475
15 81 2.472
15 82 2.862
15 83 1.126
15 84 0.698
15 85 1.489
15 86 1.246
15 87 1.137
15 88 1.046
15 89 2.033
15 90 1.345
15 91 0.530
15 92 0.636
15 93 0.601
15 94 0.226
15 95 0.089
15 96 0.328
15 97 0.361
15 98 0.436
15 99 0.813
16 17 2.944
16 18 1.493
16 19 1.554
16 20 1.794
16 21 0.745
16 22 1.854
16 23 0.174
16 24 0.525
16 25 0.886
16 26 0.910
16 27 1.116
16 28 1.022
16 29 2.013
16 30 0.318
16 31 2.104
16 32 0.791
16 33 2.028
16 34 0.210
16 35 1.276
16 36 0.732
16 37 1.986
16 38 3.001
16 39 0.587
16 40 2.291
16 41 0.442
16 42 0.494
16 43 0.732
16 44 0.392
16 45 0.599
16 46 2.647
16 47 0.515
16 48 0.389
16 49 1.956
16 50 0.688
16 51 1.121
16 52 0.721
16 53 2.542
16 54 1.709
16 55 0.330
16 56 1.228
16 57 0.997
16 58 2.120
16 59 0.489
16 60 0.306
16 61 1.929
16 62 1.844
16 63 0.187
16 64 0.400
16 65 2.295
16 66 2.376
16 67 1.618
16 68 0.584
16 69 1.531
16 70 1.829
16 71 0.300
16 72 1.167
16 73 0.618
16 74 0.532
16 75 3.683
16 76 2.961
16 77 0.160
16 78 0.536
16 79 0.535
16 80 0.952
16 81 1.991
16 82 2.383
16 83 1.611
16 84 1.184
16 85 1.008
16 86 0.771
16 87 0.654
16 88 1.533
16 89 1.552
16 90 1.831
16 91 1.011
16 92 1.123
16 93 1.088
16 94 0.273
16 95 0.567
16 96 0.164
16 97 0.173
16 98 0.918
16 99 1.293
17 18 1.453
17 19 1.390
17 20 1.151
17 21 3.678
17 22 1.094
17 23 3.116
17 24 2.425
17 25 3.828
17 26 3.853
17 27 4.060
17 28 1.922
17 29 0.932
17 30 3.253
17 31 0.857
17 32 2.169
17 33 0.923
17 34 3.124
17 35 4.217
17 36 2.213
17 37 0.964
17 38 0.070
17 39 2.365
17 40 0.658
17 41 3.383
17 42 3.437
17 43 2.217
17 44 2.556
17 45 2.350
17 46 0.297
17 47 2.432
17 48 2.555
17 49 0.991
17 50 2.269
17 51 4.052
17 52 3.663
17 53 0.406
17 54 1.236
17 55 3.272
17 56 4.170
17 57 1.951
17 58 0.828
17 59 2.456
17 60 3.250
17 61 4.870
17 62 4.787
17 63 2.759
17 64 2.550
17 65 0.649
17 66 0.569
17 67 1.327
17 68 3.518
17 69 1.413
17 70 1.116
17 71 3.239
17 72 1.779
17 73 3.562
17 74 2.431
17 75 0.739
17 76 5.903
17 77 2.784
17 78 3.479
17 79 3.472
17 80 1.993
17 81 4.934
17 82 5.323
17 83 1.339
17 84 1.764
17 85 3.950
17 86 3.707
17 87 3.597
17 88 1.426
17 89 4.495
17 90 1.121
17 91 1.933
17 92 1.829
17 93 1.862
17 94 2.687
17 95 2.392
17 96 2.781
17 97 2.819
17 98 2.027
17 99 1.651
18 19 0.089
18 20 0.318
18 21 2.225
18 22 0.360
18 23 1.666
18 24 0.972
18 25 2.376
18 26 2.403
18 27 2.609
18 28 0.475
18 29 0.521
18 30 1.800
18 31 0.613
18 32 0.717
18 33 0.535
18 34 1.671
18 35 2.765
18 36 0.761
18 37 0.493
18 38 1.509
18 39 0.912
18 40 0.798
18 41 1.931
18 42 1.986
18 43 0.764
18 44 1.104
18 45 0.897
18 46 1.156
18 47 0.979
18 48 1.104
18 49 0.481
18 50 0.816
18 51 2.599
18 52 2.210
18 53 1.049
18 54 0.217
18 55 1.820
18 56 2.718
18 57 0.498
18 58 0.627
18 59 1.009
18 60 1.800
18 61 3.418
18 62 3.335
18 63 1.308
18 64 1.098
18 65 0.805
18 66 0.884
18 67 0.126
18 68 2.065
18 69 0.069
18 70 0.337
18 71 1.787
18 72 0.327
18 73 2.112
18 74 0.978
18 75 2.192
18 76 4.450
18 77 1.334
18 78 2.028
18 79 2.020
18 80 0.546
18 81 3.481
18 82 3.870
18 83 0.123
18 84 0.311
18 85 2.498
18 86 2.254
18 87 2.145
18 88 0.092
18 89 3.042
18 90 0.338
18 91 0.484
18 92 0.377
18 93 0.410
18 94 1.234
18 95 0.939
18 96 1.331
18 97 1.366
18 98 0.576
18 99 0.212
19 20 0.243
19 21 2.290
19 22 0.308
19 23 1.726
19 24 1.037
19 25 2.438
19 26 2.463
19 27 2.669
19 28 0.531
19 29 0.461
19 30 1.863
19 31 0.567
19 32 0.787
19 33 0.483
19 34 1.735
19 35 2.828
19 36 0.824
19 37 0.441
19 38 1.448
19 39 0.977
19 40 0.740
19 41 1.993
19 42 2.047
19 43 0.828
19 44 1.166
19 45 0.962
19 46 1.094
19 47 1.042
19 48 1.164
19 49 0.407
19 50 0.884
19 51 2.664
19 52 2.273
19 53 0.990
19 54 0.163
19 55 1.882
19 56 2.781
19 57 0.565
19 58 0.571
19 59 1.066
19 60 1.860
19 61 3.481
19 62 3.397
19 63 1.369
19 64 1.161
19 65 0.742
19 66 0.822
19 67 0.083
19 68 2.129
19 69 0.024
19 70 0.277
19 71 1.849
19 72 0.391
19 73 2.172
19 74 1.046
19 75 2.129
19 76 4.513
19 77 1.393
19 78 2.089
19 79 2.083
19 80 0.602
19 81 3.544
19 82 3.934
19 83 0.119
19 84 0.382
19 85 2.561
19 86 2.318
19 87 2.207
19 88 0.153
19 89 3.105
19 90 0.295
19 91 0.543
19 92 0.450
19 93 0.480
19 94 1.298
19 95 1.006
19 96 1.390
19 97 1.432
19 98 0.637
19 99 0.260
20 21 2.532
20 22 0.125
20 23 1.965
20 24 1.279
20 25 2.679
20 26 2.703
20 27 2.909
20 28 0.772
20 29 0.234
20 30 2.105
20 31 0.360
20 32 1.029
20 33 0.270
20 34 1.977
20 35 3.069
20 36 1.066
20 37 0.232
20 38 1.211
20 39 1.220
20 40 0.509
20 41 2.234
20 42 2.287
20 43 1.071
20 44 1.408
20 45 1.204
20 46 0.855
20 47 1.284
20 48 1.405
20 49 0.164
20 50 1.127
20 51 2.906
20 52 2.514
20 53 0.755
20 54 0.121
20 55 2.123
20 56 3.021
20 57 0.807
20 58 0.345
20 59 1.306
20 60 2.100
20 61 3.722
20 62 3.637
20 63 1.610
20 64 1.403
20 65 0.505
20 66 0.586
20 67 0.197
20 68 2.371
20 69 0.266
20 70 0.081
20 71 2.090
20 72 0.633
20 73 2.411
20 74 1.288
20 75 1.889
20 76 4.754
20 77 1.634
20 78 2.330
20 79 2.324
20 80 0.842
20 81 3.785
20 82 4.175
20 83 0.234
20 84 0.624
20 85 2.801
20 86 2.559
20 87 2.448
20 88 0.327
20 89 3.346
20 90 0.150
20 91 0.784
20 92 0.692
20 93 0.722
20 94 1.540
20 95 1.248
20 96 1.630
20 97 1.674
20 98 0.878
20 99 0.501
21 22 2.585
21 23 0.584
21 24 1.253
21 25 0.172
21 26 0.242
21 27 0.406
21 28 1.760
21 29 2.746
21 30 0.428
21 31 2.831
21 32 1.511
21 33 2.758
21 34 0.555
21 35 0.542
21 36 1.466
21 37 2.717
21 38 3.734
21 39 1.314
21 40 3.022
21 41 0.305
21 42 0.265
21 43 1.462
21 44 1.124
21 45 1.328
21 46 3.382
21 47 1.248
21 48 1.129
21 49 2.695
21 50 1.410
21 51 0.376
21 52 0.079
21 53 3.275
21 54 2.442
21 55 0.415
21 56 0.497
21 57 1.727
21 58 2.852
21 59 1.231
21 60 0.448
21 61 1.193
21 62 1.113
21 63 0.924
21 64 1.129
21 65 3.030
21 66 3.109
21 67 2.351
21 68 0.161
21 69 2.267
21 70 2.563
21 71 0.444
21 72 1.900
21 73 0.191
21 74 1.248
21 75 4.418
21 76 2.224
21 77 0.903
21 78 0.226
21 79 0.210
21 80 1.690
21 81 1.257
21 82 1.644
21 83 2.340
21 84 1.914
21 85 0.283
21 86 0.030
21 87 0.125
21 88 2.258
21 89 0.819
21 90 2.560
21 91 1.747
21 92 1.850
21 93 1.816
21 94 0.992
21 95 1.287
21 96 0.907
21 97 0.859
21 98 1.654
21 99 2.031
22 23 2.026
22 24 1.333
22 25 2.736
22 26 2.763
22 27 2.969
22 28 0.834
22 29 0.163
22 30 2.160
22 31 0.260
22 32 1.075
22 33 0.176
22 34 2.031
22 35 3.125
22 36 1.121
22 37 0.134
22 38 1.149
22 39 1.272
22 40 0.437
22 41 2.291
22 42 2.346
22 43 1.124
22 44 1.464
22 45 1.258
22 46 0.798
22 47 1.339
22 48 1.464
22 49 0.172
22 50 1.176
22 51 2.958
22 52 2.571
22 53 0.689
22 54 0.145
22 55 2.180
22 56 3.078
22 57 0.858
22 58 0.267
22 59 1.368
22 60 2.160
22 61 3.777
22 62 3.695
22 63 1.668
22 64 1.458
22 65 0.447
22 66 0.525
22 67 0.236
22 68 2.425
22 69 0.328
22 70 0.044
22 71 2.147
22 72 0.687
22 73 2.472
22 74 1.337
22 75 1.833
22 76 4.809
22 77 1.694
22 78 2.388
22 79 2.380
22 80 0.905
22 81 3.841
22 82 4.230
22 83 0.246
22 84 0.671
22 85 2.858
22 86 2.613
22 87 2.506
22 88 0.336
22 89 3.402
22 90 0.044
22 91 0.843
22 92 0.735
22 93 0.769
22 94 1.594
22 95 1.298
22 96 1.691
22 97 1.726
22 98 0.936
22 99 0.565
23 24 0.699
23 25 0.717
23 26 0.737
23 27 0.944
23 28 1.194
23 29 2.185
23 30 0.173
23 31 2.278
23 32 0.965
23 33 2.201
23 34 0.140
23 35 1.107
23 36 0.906
23 37 2.159
23 38 3.174
23 39 0.762
23 40 2.464
23 41 0.279
23 42 0.325
23 43 0.905
23 44 0.567
23 45 0.773
23 46 2.819
23 47 0.689
23 48 0.562
23 49 2.127
23 50 0.862
23 51 0.959
23 52 0.553
23 53 2.715
23 54 1.882
23 55 0.171
23 56 1.059
23 57 1.170
23 58 2.293
23 59 0.660
23 60 0.137
23 61 1.760
23 62 1.673
23 63 0.361
23 64 0.574
23 65 2.468
23 66 2.548
23 67 1.791
23 68 0.425
23 69 1.703
23 70 2.001
23 71 0.150
23 72 1.340
23 73 0.446
23 74 0.706
23 75 3.855
23 76 2.792
23 77 0.333
23 78 0.367
23 79 0.375
23 80 1.123
23 81 1.821
23 82 2.214
23 83 1.785
23 84 1.357
23 85 0.839
23 86 0.609
23 87 0.486
23 88 1.706
23 89 1.383
23 90 2.004
23 91 1.183
23 92 1.297
23 93 1.262
23 94 0.446
23 95 0.741
23 96 0.336
23 97 0.332
23 98 1.090
23 99 1.465
24 25 1.404
24 26 1.433
24 27 1.637
24 28 0.509
24 29 1.493
24 30 0.828
24 31 1.581
24 32 0.267
24 33 1.507
24 34 0.699
24 35 1.792
24 36 0.213
24 37 1.465
24 38 2.481
24 39 0.063
24 40 1.770
24 41 0.959
24 42 1.014
24 43 0.209
24 44 0.132
24 45 0.075
24 46 2.128
24 47 0.024
24 48 0.146
24 49 1.442
24 50 0.164
24 51 1.628
24 52 1.238
24 53 2.022
24 54 1.189
24 55 0.848
24 56 1.745
24 57 0.474
24 58 1.599
24 59 0.109
24 60 0.829
24 61 2.445
24 62 2.362
24 63 0.338
24 64 0.125
24 65 1.777
24 66 1.856
24 67 1.098
24 68 1.093
24 69 1.013
24 70 1.309
24 71 0.815
24 72 0.647
24 73 1.141
24 74 0.056
24 75 3.164
24 76 3.477
24 77 0.368
24 78 1.056
24 79 1.047
24 80 0.441
24 81 2.508
24 82 2.898
24 83 1.089
24 84 0.662
24 85 1.526
24 86 1.281
24 87 1.173
24 88 1.009
24 89 2.070
24 90 1.308
24 91 0.495
24 92 0.599
24 93 0.564
24 94 0.262
24 95 0.055
24 96 0.366
24 97 0.395
24 98 0.401
24 99 0.778
25 26 0.089
25 27 0.238
25 28 1.908
25 29 2.897
25 30 0.577
25 31 2.985
25 32 1.665
25 33 2.910
25 34 0.708
25 35 0.390
25 36 1.615
25 37 2.869
25 38 3.885
25 39 1.465
25 40 3.174
25 41 0.445
25 42 0.392
25 43 1.613
25 44 1.273
25 45 1.479
25 46 3.532
25 47 1.397
25 48 1.274
25 49 2.842
25 50 1.563
25 51 0.262
25 52 0.166
25 53 3.426
25 54 2.593
25 55 0.557
25 56 0.342
25 57 1.878
25 58 3.003
25 59 1.375
25 60 0.581
25 61 1.043
25 62 0.958
25 63 1.070
25 64 1.279
25 65 3.180
25 66 3.260
25 67 2.502
25 68 0.317
25 69 2.416
25 70 2.713
25 71 0.589
25 72 2.050
25 73 0.276
25 74 1.402
25 75 4.568
25 76 2.076
25 77 1.046
25 78 0.350
25 79 0.359
25 80 1.837
25 81 1.105
25 82 1.497
25 83 2.493
25 84 2.065
25 85 0.122
25 86 0.143
25 87 0.232
25 88 2.411
25 89 0.667
25 90 2.712
25 91 1.896
25 92 2.003
25 93 1.968
25 94 1.143
25 95 1.440
25 96 1.050
25 97 1.013
25 98 1.802
25 99 2.179
26 27 0.209
26 28 1.932
26 29 2.922
26 30 0.611
26 31 3.014
26 32 1.696
26 33 2.938
26 34 0.745
26 35 0.384
26 36 1.642
26 37 2.896
26 38 3.911
26 39 1.495
26 40 3.200
26 41 0.478
26 42 0.419
26 43 1.641
26 44 1.300
26 45 1.507
26 46 3.557
26 47 1.424
26 48 1.299
26 49 2.865
26 50 1.594
26 51 0.300
26 52 0.210
26 53 3.452
26 54 2.619
26 55 0.586
26 56 0.334
26 57 1.906
26 58 3.030
26 59 1.397
26 60 0.603
26 61 1.028
26 62 0.938
26 63 1.096
26 64 1.307
26 65 3.205
26 66 3.285
26 67 2.528
26 68 0.366
26 69 2.440
26 70 2.738
26 71 0.621
26 72 2.076
26 73 0.291
26 74 1.434
26 75 4.592
26 76 2.057
26 77 1.070
26 78 0.378
26 79 0.401
26 80 1.861
26 81 1.087
26 82 1.483
26 83 2.521
26 84 2.093
26 85 0.134
26 86 0.216
26 87 0.265
26 88 2.441
26 89 0.651
26 90 2.740
26 91 1.921
26 92 2.032
26 93 1.997
26 94 1.174
26 95 1.471
26 96 1.073
26 97 1.046
26 98 1.827
26 99 2.203
27 28 2.138
27 29 3.128
27 30 0.811
27 31 3.218
27 32 1.900
27 33 3.143
27 34 0.944
27 35 0.181
27 36 1.847
27 37 3.101
27 38 4.117
27 39 1.699
27 40 3.406
27 41 0.679
27 42 0.623
27 43 1.845
27 44 1.505
27 45 1.712
27 46 3.763
27 47 1.629
27 48 1.505
27 49 3.072
27 50 1.797
27 51 0.198
27 52 0.401
27 53 3.658
27 54 2.825
27 55 0.789
27 56 0.134
27 57 2.111
27 58 3.235
27 59 1.604
27 60 0.809
27 61 0.819
27 62 0.729
27 63 1.301
27 64 1.512
27 65 3.411
27 66 3.491
27 67 2.734
27 68 0.555
27 69 2.647
27 70 2.944
27 71 0.823
27 72 2.282
27 73 0.498
27 74 1.637
27 75 4.798
27 76 1.849
27 77 1.276
27 78 0.581
27 79 0.595
27 80 2.067
27 81 0.878
27 82 1.274
27 83 2.726
27 84 2.298
27 85 0.126
27 86 0.376
27 87 0.464
27 88 2.645
27 89 0.443
27 90 2.945
27 91 2.127
27 92 2.236
27 93 2.201
27 94 1.377
27 95 1.674
27 96 1.279
27 97 1.248
27 98 2.033
27 99 2.409
28 29 0.991
28 30 1.333
28 31 1.089
28 32 0.284
28 33 1.009
28 34 1.206
28 35 2.297
28 36 0.297
28 37 0.967
28 38 1.979
28 39 0.453
28 40 1.270
28 41 1.462
28 42 1.516
28 43 0.304
28 44 0.637
28 45 0.435
28 46 1.625
28 47 0.513
28 48 0.633
28 49 0.935
28 50 0.367
28 51 2.136
28 52 1.742
28 53 1.521
28 54 0.689
28 55 1.351
28 56 2.250
28 57 0.087
28 58 1.100
28 59 0.535
28 60 1.329
28 61 2.950
28 62 2.866
28 63 0.838
28 64 0.632
28 65 1.273
28 66 1.354
28 67 0.598
28 68 1.600
28 69 0.509
28 70 0.807
28 71 1.319
28 72 0.154
28 73 1.640
28 74 0.525
28 75 2.660
28 76 3.983
28 77 0.862
28 78 1.558
28 79 1.553
28 80 0.071
28 81 3.013
28 82 3.404
28 83 0.597
28 84 0.183
28 85 2.030
28 86 1.788
28 87 1.676
28 88 0.527
28 89 2.574
28 90 0.814
28 91 0.025
28 92 0.152
28 93 0.122
28 94 0.770
28 95 0.484
28 96 0.859
28 97 0.904
28 98 0.109
28 99 0.271
29 30 2.321
29 31 0.139
29 32 1.237
29 33 0.058
29 34 2.192
29 35 3.285
29 36 1.281
29 37 0.058
29 38 0.988
29 39 1.433
29 40 0.279
29 41 2.451
29 42 2.506
29 43 1.284
29 44 1.624
29 45 1.418
29 46 0.636
29 47 1.500
29 48 1.623
29 49 0.122
29 50 1.337
29 51 3.119
29 52 2.731
29 53 0.530
29 54 0.304
29 55 2.340
29 56 3.238
29 57 1.019
29 58 0.112
29 59 1.526
29 60 2.319
29 61 3.938
29 62 3.855
29 63 1.827
29 64 1.618
29 65 0.284
29 66 0.363
29 67 0.395
29 68 2.586
29 69 0.483
29 70 0.184
29 71 2.307
29 72 0.847
29 73 2.631
29 74 1.499
29 75 1.672
29 76 4.970
29 77 1.853
29 78 2.548
29 79 2.540
29 80 1.062
29 81 4.001
29 82 4.391
29 83 0.409
29 84 0.832
29 85 3.019
29 86 2.774
29 87 2.666
29 88 0.498
29 89 3.563
29 90 0.196
29 91 1.002
29 92 0.897
29 93 0.930
29 94 1.754
29 95 1.460
29 96 1.850
29 97 1.887
29 98 1.095
29 99 0.721
30 31 2.408
30 32 1.089
30 33 2.334
30 34 0.134
30 35 0.965
30 36 1.039
30 37 2.292
30 38 3.309
30 39 0.889
30 40 2.598
30 41 0.133
30 42 0.194
30 43 1.036
30 44 0.697
30 45 0.903
30 46 2.956
30 47 0.821
30 48 0.701
30 49 2.268
30 50 0.986
30 51 0.804
30 52 0.411
30 53 2.850
30 54 2.017
30 55 0.043
30 56 0.918
30 57 1.302
30 58 2.427
30 59 0.803
30 60 0.081
30 61 1.618
30 62 1.535
30 63 0.496
30 64 0.703
30 65 2.604
30 66 2.684
30 67 1.926
30 68 0.267
30 69 1.840
30 70 2.137
30 71 0.026
30 72 1.474
30 73 0.324
30 74 0.826
30 75 3.992
30 76 2.650
30 77 0.475
30 78 0.234
30 79 0.220
30 80 1.263
30 81 1.681
30 82 2.071
30 83 1.916
30 84 1.489
30 85 0.698
30 86 0.455
30 87 0.347
30 88 1.835
30 89 1.242
30 90 2.136
30 91 1.321
30 92 1.426
30 93 1.392
30 94 0.567
30 95 0.864
30 96 0.480
30 97 0.437
30 98 1.227
30 99 1.604
31 32 1.320
31 33 0.090
31 34 2.277
31 35 3.372
31 36 1.372
31 37 0.129
31 38 0.908
31 39 1.520
31 40 0.205
31 41 2.540
31 42 2.596
31 43 1.373
31 44 1.713
31 45 1.507
31 46 0.567
31 47 1.589
31 48 1.716
31 49 0.261
31 50 1.422
31 51 3.203
31 52 2.819
31 53 0.451
31 54 0.404
31 55 2.429
31 56 3.326
31 57 1.108
31 58 0.079
31 59 1.622
31 60 2.410
31 61 4.024
31 62 3.943
31 63 1.918
31 64 1.707
31 65 0.239
31 66 0.301
31 67 0.492
31 68 2.672
31 69 0.587
31 70 0.295
31 71 2.396
31 72 0.939
31 73 2.722
31 74 1.583
31 75 1.593
31 76 5.055
31 77 1.945
31 78 2.638
31 79 2.627
31 80 1.160
31 81 4.088
31 82 4.475
31 83 0.493
31 84 0.921
31 85 3.106
31 86 2.860
31 87 2.754
31 88 0.574
31 89 3.650
31 90 0.275
31 91 1.097
31 92 0.982
31 93 1.017
31 94 1.842
31 95 1.545
31 96 1.942
31 97 1.972
31 98 1.189
31 99 0.822
32 33 1.248
32 34 0.957
32 35 2.052
32 36 0.102
32 37 1.206
32 38 2.224
32 39 0.204
32 40 1.512
32 41 1.221
32 42 1.278
32 43 0.084
32 44 0.399
32 45 0.196
32 46 1.873
32 47 0.280
32 48 0.411
32 49 1.194
32 50 0.103
32 51 1.883
32 52 1.500
32 53 1.764
32 54 0.934
32 55 1.111
32 56 2.006
32 57 0.224
32 58 1.341
32 59 0.336
32 60 1.094
32 61 2.704
32 62 2.623
32 63 0.604
32 64 0.391
32 65 1.521
32 66 1.600
32 67 0.843
32 68 1.352
32 69 0.763
32 70 1.054
32 71 1.077
32 72 0.397
32 73 1.405
32 74 0.263
32 75 2.908
32 76 3.735
32 77 0.635
32 78 1.319
32 79 1.307
32 80 0.230
32 81 2.768
32 82 3.155
32 83 0.830
32 84 0.406
32 85 1.787
32 86 1.540
32 87 1.436
32 88 0.747
32 89 2.330
32 90 1.049
32 91 0.263
32 92 0.340
32 93 0.307
32 94 0.523
32 95 0.225
32 96 0.633
32 97 0.652
32 98 0.180
32 99 0.535
33 34 2.204
33 35 3.298
33 36 1.296
33 37 0.042
33 38 0.976
33 39 1.445
33 40 0.265
33 41 2.465
33 42 2.520
33 43 1.298
33 44 1.638
33 45 1.432
33 46 0.628
33 47 1.514
33 48 1.639
33 49 0.179
33 50 1.349
33 51 3.131
33 52 2.745
33 53 0.517
33 54 0.321
33 55 2.355
33 56 3.252
33 57 1.032
33 58 0.096
33 59 1.544
33 60 2.335
33 61 3.951
33 62 3.869
33 63 1.842
33 64 1.632
33 65 0.282
33 66 0.356
33 67 0.411
33 68 2.599
33 69 0.504
33 70 0.208
33 71 2.321
33 72 0.862
33 73 2.646
33 74 1.510
33 75 1.661
33 76 4.983
33 77 1.869
33 78 2.562
33 79 2.553
33 80 1.080
33 81 4.015
33 82 4.403
33 83 0.418
33 84 0.845
33 85 3.032
33 86 2.787
33 87 2.680
33 88 0.503
33 89 3.576
33 90 0.199
33 91 1.019
33 92 0.908
33 93 0.942
33 94 1.767
33 95 1.471
33 96 1.866
33 97 1.899
33 98 1.111
33 99 0.741
34 35 1.095
34 36 0.911
34 37 2.162
34 38 3.179
34 39 0.759
34 40 2.468
34 41 0.267
34 42 0.328
34 43 0.907
34 44 0.569
34 45 0.774
34 46 2.827
34 47 0.694
34 48 0.577
34 49 2.141
34 50 0.856
34 51 0.929
34 52 0.543
34 53 2.720
34 54 1.888
34 55 0.166
34 56 1.048
34 57 1.173
34 58 2.297
34 59 0.681
34 60 0.172
34 61 1.747
34 62 1.665
34 63 0.373
34 64 0.574
34 65 2.475
34 66 2.555
34 67 1.797
34 68 0.395
34 69 1.712
34 70 2.008
34 71 0.129
34 72 1.345
34 73 0.458
34 74 0.694
34 75 3.863
34 76 2.779
34 77 0.357
34 78 0.368
34 79 0.350
34 80 1.137
34 81 1.811
34 82 2.199
34 83 1.786
34 84 1.360
34 85 0.829
34 86 0.583
34 87 0.481
34 88 1.704
34 89 1.372
34 90 2.005
34 91 1.193
34 92 1.296
34 93 1.262
34 94 0.437
34 95 0.733
34 96 0.363
34 97 0.305
34 98 1.099
34 99 1.477
35 36 2.004
35 37 3.257
35 38 4.274
35 39 1.853
35 40 3.562
35 41 0.835
35 42 0.783
35 43 2.001
35 44 1.661
35 45 1.867
35 46 3.921
35 47 1.786
35 48 1.664
35 49 3.232
35 50 1.950
35 51 0.200
35 52 0.555
35 53 3.814
35 54 2.981
35 55 0.946
35 56 0.049
35 57 2.267
35 58 3.392
35 59 1.765
35 60 0.971
35 61 0.653
35 62 0.571
35 63 1.459
35 64 1.667
35 65 3.569
35 66 3.648
35 67 2.890
35 68 0.700
35 69 2.805
35 70 3.101
35 71 0.978
35 72 2.439
35 73 0.664
35 74 1.789
35 75 4.957
35 76 1.686
35 77 1.436
35 78 0.740
35 79 0.745
35 80 2.227
35 81 0.716
35 82 1.107
35 83 2.881
35 84 2.454
35 85 0.268
35 86 0.513
35 87 0.622
35 88 2.799
35 89 0.278
35 90 3.100
35 91 2.285
35 92 2.390
35 93 2.356
35 94 1.531
35 95 1.827
35 96 1.440
35 97 1.400
35 98 2.191
35 99 2.568
36 37 1.254
36 38 2.270
36 39 0.156
36 40 1.559
36 41 1.170
36 42 1.225
36 43 0.023
36 44 0.343
36 45 0.138
36 46 1.917
36 47 0.218
36 48 0.344
36 49 1.230
36 50 0.088
36 51 1.840
36 52 1.449
36 53 1.811
36 54 0.978
36 55 1.059
36 56 1.957
36 57 0.264
36 58 1.388
36 59 0.255
36 60 1.038
36 61 2.657
36 62 2.574
36 63 0.546
36 64 0.337
36 65 1.565
36 66 1.644
36 67 0.887
36 68 1.305
36 69 0.801
36 70 1.098
36 71 1.026
36 72 0.435
36 73 1.350
36 74 0.230
36 75 2.953
36 76 3.689
36 77 0.573
36 78 1.267
36 79 1.259
36 80 0.229
36 81 2.720
36 82 3.110
36 83 0.879
36 84 0.451
36 85 1.737
36 86 1.494
36 87 1.384
36 88 0.801
36 89 2.281
36 90 1.098
36 91 0.282
36 92 0.392
36 93 0.356
36 94 0.474
36 95 0.189
36 96 0.571
36 97 0.608
36 98 0.188
36 99 0.565
37 38 1.018
37 39 1.404
37 40 0.306
37 41 2.423
37 42 2.479
37 43 1.256
37 44 1.596
37 45 1.390
37 46 0.668
37 47 1.472
37 48 1.597
37 49 0.161
37 50 1.307
37 51 3.089
37 52 2.703
37 53 0.558
37 54 0.279
37 55 2.313
37 56 3.210
37 57 0.990
37 58 0.136
37 59 1.501
37 60 2.293
37 61 3.909
37 62 3.827
37 63 1.800
37 64 1.590
37 65 0.321
37 66 0.396
37 67 0.369
37 68 2.557
37 69 0.462
37 70 0.166
37 71 2.279
37 72 0.820
37 73 2.604
37 74 1.469
37 75 1.702
37 76 4.941
37 77 1.826
37 78 2.521
37 79 2.511
37 80 1.038
37 81 3.973
37 82 4.361
37 83 0.376
37 84 0.803
37 85 2.990
37 86 2.745
37 87 2.638
37 88 0.462
37 89 3.534
37 90 0.157
37 91 0.977
37 92 0.867
37 93 0.900
37 94 1.726
37 95 1.430
37 96 1.824
37 97 1.857
37 98 1.069
37 99 0.699
38 39 2.421
38 40 0.712
38 41 3.440
38 42 3.494
38 43 2.273
38 44 2.612
38 45 2.406
38 46 0.356
38 47 2.488
38 48 2.612
38 49 1.052
38 50 2.324
38 51 4.107
38 52 3.719
38 53 0.459
38 54 1.292
38 55 3.329
38 56 4.227
38 57 2.007
38 58 0.882
38 59 2.514
38 60 3.308
38 61 4.926
38 62 4.843
38 63 2.816
38 64 2.606
38 65 0.706
38 66 0.626
38 67 1.383
38 68 3.574
38 69 1.471
38 70 1.172
38 71 3.296
38 72 1.835
38 73 3.619
38 74 2.486
38 75 0.685
38 76 5.958
38 77 2.841
38 78 3.536
38 79 3.528
38 80 2.050
38 81 4.990
38 82 5.378
38 83 1.394
38 84 1.820
38 85 4.007
38 86 3.762
38 87 3.654
38 88 1.479
38 89 4.551
38 90 1.175
38 91 1.990
38 92 1.884
38 93 1.918
38 94 2.743
38 95 2.447
38 96 2.838
38 97 2.875
38 98 2.084
38 99 1.708
39 40 1.709
39 41 1.020
39 42 1.076
39 43 0.149
39 44 0.195
39 45 0.024
39 46 2.068
39 47 0.078
39 48 0.208
39 49 1.383
39 50 0.101
39 51 1.687
39 52 1.299
39 53 1.961
39 54 1.129
39 55 0.910
39 56 1.806
39 57 0.414
39 58 1.538
39 59 0.152
39 60 0.892
39 61 2.506
39 62 2.423
39 63 0.400
39 64 0.188
39 65 1.716
39 66 1.796
39 67 1.038
39 68 1.153
39 69 0.954
39 70 1.249
39 71 0.876
39 72 0.587
39 73 1.203
39 74 0.076
39 75 3.104
39 76 3.538
39 77 0.430
39 78 1.118
39 79 1.108
39 80 0.385
39 81 2.569
39 82 2.958
39 83 1.028
39 84 0.601
39 85 1.587
39 86 1.342
39 87 1.235
39 88 0.947
39 89 2.131
39 90 1.247
39 91 0.437
39 92 0.538
39 93 0.503
39 94 0.322
39 95 0.037
39 96 0.429
39 97 0.455
39 98 0.344
39 99 0.720
40 41 2.728
40 42 2.783
40 43 1.561
40 44 1.901
40 45 1.695
40 46 0.364
40 47 1.777
40 48 1.902
40 49 0.363
40 50 1.613
40 51 3.395
40 52 3.008
40 53 0.252
40 54 0.582
40 55 2.618
40 56 3.515
40 57 1.296
40 58 0.171
40 59 1.805
40 60 2.597
40 61 4.215
40 62 4.132
40 63 2.105
40 64 1.895
40 65 0.060
40 66 0.097
40 67 0.673
40 68 2.862
40 69 0.762
40 70 0.463
40 71 2.584
40 72 1.124
40 73 2.909
40 74 1.774
40 75 1.396
40 76 5.247
40 77 2.131
40 78 2.825
40 79 2.817
40 80 1.341
40 81 4.278
40 82 4.667
40 83 0.682
40 84 1.108
40 85 3.296
40 86 3.051
40 87 2.943
40 88 0.767
40 89 3.840
40 90 0.463
40 91 1.280
40 92 1.172
40 93 1.206
40 94 2.031
40 95 1.735
40 96 2.128
40 97 2.163
40 98 1.373
40 99 1.000
41 42 0.063
41 43 1.167
41 44 0.827
41 45 1.034
41 46 3.086
41 47 0.952
41 48 0.829
41 49 2.397
41 50 1.118
41 51 0.680
41 52 0.280
41 53 2.980
41 54 2.147
41 55 0.111
41 56 0.788
41 57 1.433
41 58 2.558
41 59 0.930
41 60 0.143
41 61 1.488
41 62 1.404
41 63 0.624
41 64 0.833
41 65 2.734
41 66 2.814
41 67 2.056
41 68 0.147
41 69 1.970
41 70 2.267
41 71 0.144
41 72 1.604
41 73 0.192
41 74 0.958
41 75 4.122
41 76 2.520
41 77 0.601
41 78 0.101
41 79 0.097
41 80 1.392
41 81 1.551
41 82 1.942
41 83 2.047
41 84 1.620
41 85 0.567
41 86 0.331
41 87 0.215
41 88 1.967
41 89 1.112
41 90 2.267
41 91 1.450
41 92 1.558
41 93 1.523
41 94 0.698
41 95 0.996
41 96 0.605
41 97 0.569
41 98 1.356
41 99 1.733
42 43 1.223
42 44 0.883
42 45 1.089
42 46 3.141
42 47 1.007
42 48 0.883
42 49 2.450
42 50 1.175
42 51 0.635
42 52 0.228
42 53 3.035
42 54 2.202
42 55 0.167
42 56 0.735
42 57 1.488
42 58 2.613
42 59 0.983
42 60 0.188
42 61 1.435
42 62 1.350
42 63 0.678
42 64 0.889
42 65 2.789
42 66 2.869
42 67 2.111
42 68 0.122
42 69 2.024
42 70 2.322
42 71 0.202
42 72 1.659
42 73 0.130
42 74 1.015
42 75 4.176
42 76 2.468
42 77 0.654
42 78 0.042
42 79 0.078
42 80 1.445
42 81 1.497
42 82 1.890
42 83 2.103
42 84 1.676
42 85 0.515
42 86 0.288
42 87 0.161
42 88 2.023
42 89 1.059
42 90 2.322
42 91 1.504
42 92 1.614
42 93 1.579
42 94 0.755
42 95 1.052
42 96 0.657
42 97 0.628
42 98 1.411
42 99 1.787
43 44 0.340
43 45 0.134
43 46 1.920
43 47 0.216
43 48 0.345
43 49 1.234
43 50 0.069
43 51 1.836
43 52 1.447
43 53 1.813
43 54 0.980
43 55 1.057
43 56 1.954
43 57 0.266
43 58 1.391
43 59 0.261
43 60 1.037
43 61 2.654
43 62 2.571
43 63 0.545
43 64 0.334
43 65 1.568
43 66 1.647
43 67 0.889
43 68 1.302
43 69 0.805
43 70 1.101
43 71 1.023
43 72 0.438
43 73 1.349
43 74 0.220
43 75 2.956
43 76 3.686
43 77 0.573
43 78 1.265
43 79 1.256
43 80 0.239
43 81 2.717
43 82 3.106
43 83 0.880
43 84 0.453
43 85 1.734
43 86 1.490
43 87 1.382
43 88 0.801
43 89 2.278
43 90 1.100
43 91 0.288
43 92 0.391
43 93 0.356
43 94 0.470
43 95 0.180
43 96 0.571
43 97 0.603
43 98 0.195
43 99 0.571
44 45 0.207
44 46 2.259
44 47 0.124
44 48 0.048
44 49 1.571
44 50 0.295
44 51 1.499
44 52 1.107
44 53 2.153
44 54 1.320
44 55 0.717
44 56 1.614
44 57 0.606
44 58 1.731
44 59 0.132
44 60 0.697
44 61 2.314
44 62 2.231
44 63 0.205
44 64 0.011
44 65 1.907
44 66 1.987
44 67 1.229
44 68 0.963
44 69 1.143
44 70 1.440
44 71 0.683
44 72 0.777
44 73 1.009
44 74 0.147
44 75 3.295
44 76 3.347
44 77 0.236
44 78 0.924
44 79 0.916
44 80 0.567
44 81 2.378
44 82 2.767
44 83 1.221
44 84 0.793
44 85 1.395
44 86 1.151
44 87 1.042
44 88 1.141
44 89 1.939
44 90 1.440
44 91 0.624
44 92 0.731
44 93 0.696
44 94 0.134
44 95 0.177
44 96 0.235
44 97 0.269
44 98 0.530
44 99 0.907
45 46 2.053
45 47 0.084
45 48 0.215
45 49 1.367
45 50 0.096
45 51 1.703
45 52 1.313
45 53 1.947
45 54 1.114
45 55 0.923
45 56 1.820
45 57 0.399
45 58 1.524
45 59 0.147
45 60 0.904
45 61 2.520
45 62 2.437
45 63 0.412
45 64 0.200
45 65 1.702
45 66 1.781
45 67 1.023
45 68 1.168
45 69 0.938
45 70 1.234
45 71 0.889
45 72 0.572
45 73 1.216
45 74 0.098
45 75 3.089
45 76 3.552
45 77 0.441
45 78 1.131
45 79 1.122
45 80 0.367
45 81 2.583
45 82 2.973
45 83 1.014
45 84 0.587
45 85 1.601
45 86 1.357
45 87 1.248
45 88 0.934
45 89 2.145
45 90 1.233
45 91 0.420
45 92 0.525
45 93 0.490
45 94 0.337
45 95 0.061
45 96 0.439
45 97 0.470
45 98 0.326
45 99 0.703
46 47 2.135
46 48 2.258
46 49 0.696
46 50 1.973
46 51 3.755
46 52 3.366
46 53 0.119
46 54 0.939
46 55 2.975
46 56 3.874
46 57 1.654
46 58 0.532
46 59 2.160
46 60 2.954
46 61 4.574
46 62 4.490
46 63 2.462
46 64 2.253
46 65 0.352
46 66 0.273
46 67 1.031
46 68 3.221
46 69 1.116
46 70 0.819
46 71 2.942
46 72 1.482
46 73 3.265
46 74 2.135
46 75 1.036
46 76 5.606
46 77 2.487
46 78 3.183
46 79 3.175
46 80 1.696
46 81 4.637
46 82 5.026
46 83 1.043
46 84 1.468
46 85 3.654
46 86 3.410
46 87 3.300
46 88 1.130
46 89 4.198
46 90 0.826
46 91 1.636
46 92 1.533
46 93 1.566
46 94 2.390
46 95 2.095
46 96 2.484
46 97 2.523
46 98 1.730
46 99 1.354
47 48 0.131
47 49 1.447
47 50 0.178
47 51 1.623
47 52 1.231
47 53 2.029
47 54 1.196
47 55 0.841
47 56 1.739
47 57 0.482
47 58 1.606
47 59 0.086
47 60 0.821
47 61 2.439
47 62 2.356
47 63 0.329
47 64 0.119
47 65 1.783
47 66 1.863
47 67 1.105
47 68 1.087
47 69 1.019
47 70 1.316
47 71 0.808
47 72 0.653
47 73 1.133
47 74 0.078
47 75 3.171
47 76 3.471
47 77 0.357
47 78 1.049
47 79 1.041
47 80 0.444
47 81 2.502
47 82 2.892
47 83 1.096
47 84 0.669
47 85 1.519
47 86 1.276
47 87 1.166
47 88 1.017
47 89 2.063
47 90 1.316
47 91 0.499
47 92 0.608
47 93 0.573
47 94 0.257
47 95 0.078
47 96 0.355
47 97 0.392
47 98 0.406
47 99 0.783
48 49 1.568
48 50 0.308
48 51 1.505
48 52 1.109
48 53 2.153
48 54 1.320
48 55 0.718
48 56 1.617
48 57 0.608
48 58 1.731
48 59 0.106
48 60 0.696
48 61 2.317
48 62 2.232
48 63 0.205
48 64 0.058
48 65 1.906
48 66 1.986
48 67 1.229
48 68 0.968
48 69 1.142
48 70 1.439
48 71 0.686
48 72 0.777
48 73 1.008
48 74 0.175
48 75 3.294
48 76 3.350
48 77 0.229
48 78 0.925
48 79 0.920
48 80 0.563
48 81 2.380
48 82 2.771
48 83 1.223
48 84 0.795
48 85 1.397
48 86 1.156
48 87 1.043
48 88 1.145
48 89 1.941
48 90 1.442
48 91 0.622
48 92 0.736
48 93 0.700
48 94 0.154
48 95 0.198
48 96 0.227
48 97 0.284
48 98 0.528
48 99 0.904
49 50 1.291
49 51 3.070
49 52 2.677
49 53 0.600
49 54 0.272
49 55 2.286
49 56 3.184
49 57 0.971
49 58 0.216
49 59 1.468
49 60 2.263
49 61 3.885
49 62 3.800
49 63 1.773
49 64 1.566
49 65 0.350
49 66 0.431
49 67 0.357
49 68 2.534
49 69 0.430
49 70 0.162
49 71 2.253
49 72 0.797
49 73 2.574
49 74 1.452
49 75 1.728
49 76 4.917
49 77 1.796
49 78 2.492
49 79 2.487
49 80 1.005
49 81 3.947
49 82 4.338
49 83 0.386
49 84 0.788
49 85 2.964
49 86 2.723
49 87 2.611
49 88 0.480
49 89 3.509
49 90 0.216
49 91 0.948
49 92 0.856
49 93 0.887
49 94 1.704
49 95 1.412
49 96 1.793
49 97 1.837
49 98 1.042
49 99 0.664
50 51 1.783
50 52 1.397
50 53 1.865
50 54 1.033
50 55 1.008
50 56 1.904
50 57 0.320
50 58 1.442
50 59 0.241
50 60 0.991
50 61 2.602
50 62 2.521
50 63 0.501
50 64 0.288
50 65 1.621
50 66 1.700
50 67 0.942
50 68 1.250
50 69 0.861
50 70 1.154
50 71 0.974
50 72 0.493
50 73 1.302
50 74 0.162
50 75 3.008
50 76 3.634
50 77 0.531
50 78 1.217
50 79 1.205
50 80 0.304
50 81 2.666
50 82 3.054
50 83 0.931
50 84 0.505
50 85 1.684
50 86 1.438
50 87 1.333
50 88 0.848
50 89 2.228
50 90 1.150
50 91 0.349
50 92 0.440
50 93 0.407
50 94 0.420
50 95 0.123
50 96 0.530
50 97 0.551
50 98 0.258
50 99 0.629
51 52 0.410
51 53 3.647
51 54 2.816
51 55 0.791
51 56 0.173
51 57 2.101
51 58 3.224
51 59 1.608
51 60 0.822
51 61 0.825
51 62 0.753
51 63 1.300
51 64 1.504
51 65 3.403
51 66 3.483
51 67 2.725
51 68 0.537
51 69 2.641
51 70 2.936
51 71 0.821
51 72 2.274
51 73 0.531
51 74 1.621
51 75 4.791
51 76 1.853
51 77 1.279
51 78 0.594
51 79 0.586
51 80 2.066
51 81 0.891
51 82 1.273
51 83 2.713
51 84 2.287
51 85 0.167
51 86 0.350
51 87 0.478
51 88 2.629
51 89 0.461
51 90 2.932
51 91 2.122
51 92 2.223
51 93 2.189
51 94 1.366
51 95 1.660
51 96 1.284
51 97 1.233
51 98 2.028
51 99 2.406
52 53 3.260
52 54 2.427
52 55 0.391
52 56 0.508
52 57 1.712
52 58 2.837
52 59 1.209
52 60 0.416
52 61 1.208
52 62 1.124
52 63 0.904
52 64 1.113
52 65 3.014
52 66 3.094
52 67 2.336
52 68 0.156
52 69 2.250
52 70 2.547
52 71 0.424
52 72 1.884
52 73 0.125
52 74 1.236
52 75 4.402
52 76 2.241
52 77 0.881
52 78 0.186
52 79 0.194
52 80 1.671
52 81 1.271
52 82 1.662
52 83 2.327
52 84 1.900
52 85 0.288
52 86 0.081
52 87 0.068
52 88 2.246
52 89 0.832
52 90 2.546
52 91 1.730
52 92 1.837
52 93 1.802
52 94 0.977
52 95 1.274
52 96 0.884
52 97 0.847
52 98 1.636
52 99 2.013
53 54 0.833
53 55 2.870
53 56 3.767
53 57 1.548
53 58 0.423
53 59 2.056
53 60 2.849
53 61 4.467
53 62 4.384
53 63 2.357
53 64 2.147
53 65 0.250
53 66 0.169
53 67 0.924
53 68 3.115
53 69 1.012
53 70 0.714
53 71 2.836
53 72 1.376
53 73 3.161
53 74 2.027
53 75 1.144
53 76 5.499
53 77 2.382
53 78 3.077
53 79 3.069
53 80 1.592
53 81 4.530
53 82 4.919
53 83 0.934
53 84 1.361
53 85 3.548
53 86 3.303
53 87 3.195
53 88 1.020
53 89 4.092
53 90 0.716
53 91 1.531
53 92 1.425
53 93 1.458
53 94 2.283
53 95 1.988
53 96 2.379
53 97 2.415
53 98 1.625
53 99 1.250
54 55 2.036
54 56 2.935
54 57 0.715
54 58 0.411
54 59 1.223
54 60 2.016
54 61 3.634
54 62 3.551
54 63 1.524
54 64 1.314
54 65 0.588
54 66 0.667
54 67 0.091
54 68 2.282
54 69 0.183
54 70 0.121
54 71 2.003
54 72 0.543
54 73 2.327
54 74 1.195
54 75 1.975
54 76 4.666
54 77 1.549
54 78 2.244
54 79 2.236
54 80 0.760
54 81 3.698
54 82 4.087
54 83 0.115
54 84 0.528
54 85 2.715
54 86 2.471
54 87 2.362
54 88 0.209
54 89 3.259
54 90 0.133
54 91 0.699
54 92 0.594
54 93 0.627
54 94 1.451
54 95 1.156
54 96 1.546
54 97 1.583
54 98 0.792
54 99 0.419
55 56 0.899
55 57 1.322
55 58 2.447
55 59 0.819
55 60 0.048
55 61 1.599
55 62 1.515
55 63 0.513
55 64 0.723
55 65 2.623
55 66 2.703
55 67 1.945
55 68 0.255
55 69 1.859
55 70 2.156
55 71 0.037
55 72 1.494
55 73 0.296
55 74 0.848
55 75 4.011
55 76 2.632
55 77 0.490
55 78 0.208
55 79 0.206
55 80 1.281
55 81 1.662
55 82 2.053
55 83 1.937
55 84 1.510
55 85 0.679
55 86 0.441
55 87 0.325
55 88 1.856
55 89 1.223
55 90 2.156
55 91 1.339
55 92 1.447
55 93 1.413
55 94 0.588
55 95 0.886
55 96 0.494
55 97 0.461
55 98 1.245
55 99 1.622
56 57 2.220
56 58 3.345
56 59 1.717
56 60 0.923
56 61 0.701
56 62 0.617
56 63 1.412
56 64 1.620
56 65 3.522
56 66 3.601
56 67 2.843
56 68 0.654
56 69 2.758
56 70 3.055
56 71 0.931
56 72 2.392
56 73 0.615
56 74 1.743
56 75 4.910
56 76 1.733
56 77 1.388
56 78 0.692
56 79 0.699
56 80 2.179
56 81 0.763
56 82 1.155
56 83 2.834
56 84 2.407
56 85 0.220
56 86 0.468
56 87 0.574
56 88 2.752
56 89 0.324
56 90 3.053
56 91 2.238
56 92 2.344
56 93 2.310
56 94 1.484
56 95 1.781
56 96 1.392
56 97 1.353
56 98 2.144
56 99 2.521
57 58 1.125
57 59 0.517
57 60 1.303
57 61 2.919
57 62 2.837
57 63 0.810
57 64 0.600
57 65 1.303
57 66 1.382
57 67 0.624
57 68 1.567
57 69 0.541
57 70 0.835
57 71 1.289
57 72 0.174
57 73 1.614
57 74 0.481
57 75 2.690
57 76 3.951
57 77 0.837
57 78 1.530
57 79 1.521
57 80 0.098
57 81 2.983
57 82 3.372
57 83 0.615
57 84 0.187
57 85 2.000
57 86 1.756
57 87 1.647
57 88 0.537
57 89 2.544
57 90 0.834
57 91 0.062
57 92 0.129
57 93 0.093
57 94 0.736
57 95 0.441
57 96 0.835
57 97 0.868
57 98 0.092
57 99 0.311
58 59 1.635
58 60 2.427
58 61 4.044
58 62 3.962
58 63 1.935
58 64 1.724
58 65 0.186
58 66 0.260
58 67 0.502
58 68 2.692
58 69 0.592
58 70 0.293
58 71 2.414
58 72 0.954
58 73 2.738
58 74 1.604
58 75 1.567
58 76 5.076
58 77 1.960
58 78 2.655
58 79 2.646
58 80 1.171
58 81 4.108
58 82 4.496
58 83 0.512
58 84 0.938
58 85 3.125
58 86 2.880
58 87 2.772
58 88 0.598
58 89 3.669
58 90 0.293
58 91 1.110
58 92 1.002
58 93 1.036
58 94 1.860
58 95 1.565
58 96 1.958
58 97 1.992
58 98 1.203
58 99 0.830
59 60 0.795
59 61 2.418
59 62 2.332
59 63 0.308
59 64 0.134
59 65 1.808
59 66 1.889
59 67 1.133
59 68 1.070
59 69 1.044
59 70 1.342
59 71 0.788
59 72 0.682
59 73 1.106
59 74 0.162
59 75 3.195
59 76 3.450
59 77 0.329
59 78 1.025
59 79 1.022
59 80 0.464
59 81 2.480
59 82 2.872
59 83 1.128
59 84 0.702
59 85 1.497
59 86 1.259
59 87 1.143
59 88 1.053
59 89 2.041
59 90 1.347
59 91 0.525
59 92 0.645
59 93 0.609
59 94 0.258
59 95 0.162
59 96 0.325
59 97 0.390
59 98 0.433
59 99 0.806
60 61 1.624
60 62 1.537
60 63 0.492
60 64 0.704
60 65 2.602
60 66 2.682
60 67 1.925
60 68 0.290
60 69 1.837
60 70 2.135
60 71 0.060
60 72 1.473
60 73 0.312
60 74 0.833
60 75 3.989
60 76 2.656
60 77 0.467
60 78 0.231
60 79 0.240
60 80 1.258
60 81 1.685
60 82 2.078
60 83 1.917
60 84 1.490
60 85 0.703
60 86 0.472
60 87 0.349
60 88 1.838
60 89 1.247
60 90 2.137
60 91 1.317
60 92 1.428
60 93 1.394
60 94 0.572
60 95 0.869
60 96 0.470
60 97 0.449
60 98 1.224
60 99 1.600
61 62 0.107
61 63 2.112
61 64 2.320
61 65 4.222
61 66 4.301
61 67 3.543
61 68 1.352
61 69 3.458
61 70 3.754
61 71 1.632
61 72 3.092
61 73 1.315
61 74 2.441
61 75 5.610
61 76 1.033
61 77 2.089
61 78 1.393
61 79 1.398
61 80 2.880
61 81 0.069
61 82 0.455
61 83 3.533
61 84 3.106
61 85 0.921
61 86 1.164
61 87 1.275
61 88 3.450
61 89 0.377
61 90 3.752
61 91 2.938
61 92 3.043
61 93 3.009
61 94 2.184
61 95 2.480
61 96 2.093
61 97 2.052
61 98 2.844
61 99 3.221
62 63 2.028
62 64 2.237
62 65 4.138
62 66 4.218
62 67 3.460
62 68 1.271
62 69 3.374
62 70 3.671
62 71 1.548
62 72 3.008
62 73 1.227
62 74 2.360
62 75 5.526
62 76 1.120
62 77 2.004
62 78 1.308
62 79 1.316
62 80 2.795
62 81 0.152
62 82 0.549
62 83 3.451
62 84 3.024
62 85 0.837
62 86 1.084
62 87 1.190
62 88 3.369
62 89 0.294
62 90 3.670
62 91 2.854
62 92 2.961
62 93 2.927
62 94 2.101
62 95 2.398
62 96 2.007
62 97 1.970
62 98 2.760
62 99 3.137
63 64 0.213
63 65 2.110
63 66 2.190
63 67 1.433
63 68 0.763
63 69 1.346
63 70 1.643
63 71 0.481
63 72 0.981
63 73 0.804
63 74 0.346
63 75 3.498
63 76 3.145
63 77 0.039
63 78 0.720
63 79 0.715
63 80 0.768
63 81 2.175
63 82 2.566
63 83 1.425
63 84 0.998
63 85 1.192
63 86 0.951
63 87 0.838
63 88 1.346
63 89 1.736
63 90 1.644
63 91 0.826
63 92 0.936
63 93 0.901
63 94 0.095
63 95 0.380
63 96 0.044
63 97 0.107
63 98 0.732
63 99 1.109
64 65 1.901
64 66 1.981
64 67 1.223
64 68 0.968
64 69 1.138
64 70 1.434
64 71 0.689
64 72 0.771
64 73 1.016
64 74 0.137
64 75 3.289
64 76 3.352
64 77 0.244
64 78 0.931
64 79 0.922
64 80 0.563
64 81 2.383
64 82 2.773
64 83 1.214
64 84 0.787
64 85 1.401
64 86 1.157
64 87 1.048
64 88 1.134
64 89 1.945
64 90 1.434
64 91 0.619
64 92 0.725
64 93 0.690
64 94 0.138
64 95 0.168
64 96 0.243
64 97 0.273
64 98 0.525
64 99 0.902
65 66 0.081
65 67 0.679
65 68 2.870
65 69 0.765
65 70 0.467
65 71 2.590
65 72 1.130
65 73 2.914
65 74 1.783
65 75 1.388
65 76 5.254
65 77 2.135
65 78 2.831
65 79 2.824
65 80 1.344
65 81 4.285
65 82 4.674
65 83 0.693
65 84 1.116
65 85 3.302
65 86 3.058
65 87 2.949
65 88 0.781
65 89 3.846
65 90 0.477
65 91 1.284
65 92 1.181
65 93 1.214
65 94 2.038
65 95 1.744
65 96 2.132
65 97 2.171
65 98 1.378
65 99 1.002
66 67 0.758
66 68 2.949
66 69 0.845
66 70 0.547
66 71 2.670
66 72 1.210
66 73 2.994
66 74 1.862
66 75 1.308
66 76 5.333
66 77 2.215
66 78 2.911
66 79 2.903
66 80 1.425
66 81 4.365
66 82 4.754
66 83 0.771
66 84 1.195
66 85 3.382
66 86 3.137
66 87 3.028
66 88 0.858
66 89 3.926
66 90 0.553
66 91 1.365
66 92 1.260
66 93 1.293
66 94 2.118
66 95 1.823
66 96 2.212
66 97 2.250
66 98 1.458
66 99 1.083
67 68 2.191
67 69 0.098
67 70 0.211
67 71 1.912
67 72 0.452
67 73 2.236
67 74 1.104
67 75 2.066
67 76 4.575
67 77 1.458
67 78 2.153
67 79 2.145
67 80 0.669
67 81 3.607
67 82 3.996
67 83 0.054
67 84 0.437
67 85 2.624
67 86 2.379
67 87 2.271
67 88 0.134
67 89 3.168
67 90 0.218
67 91 0.608
67 92 0.503
67 93 0.536
67 94 1.359
67 95 1.065
67 96 1.455
67 97 1.492
67 98 0.701
67 99 0.330
68 69 2.106
68 70 2.402
68 71 0.284
68 72 1.740
68 73 0.139
68 74 1.089
68 75 4.257
68 76 2.384
68 77 0.742
68 78 0.097
68 79 0.051
68 80 1.530
68 81 1.416
68 82 1.805
68 83 2.181
68 84 1.754
68 85 0.436
68 86 0.189
68 87 0.110
68 88 2.098
68 89 0.978
68 90 2.400
68 91 1.587
68 92 1.690
68 93 1.656
68 94 0.831
68 95 1.127
68 96 0.746
68 97 0.699
68 98 1.493
68 99 1.870
69 70 0.299
69 71 1.826
69 72 0.367
69 73 2.149
69 74 1.022
69 75 2.152
69 76 4.490
69 77 1.371
69 78 2.066
69 79 2.060
69 80 0.580
69 81 3.521
69 82 3.911
69 83 0.125
69 84 0.358
69 85 2.538
69 86 2.295
69 87 2.184
69 88 0.143
69 89 3.082
69 90 0.314
69 91 0.520
69 92 0.426
69 93 0.456
69 94 1.275
69 95 0.982
69 96 1.368
69 97 1.408
69 98 0.614
69 99 0.238
70 71 2.123
70 72 0.663
70 73 2.447
70 74 1.316
70 75 1.855
70 76 4.787
70 77 1.669
70 78 2.364
70 79 2.356
70 80 0.878
70 81 3.818
70 82 4.207
70 83 0.231
70 84 0.649
70 85 2.835
70 86 2.591
70 87 2.482
70 88 0.323
70 89 3.379
70 90 0.073
70 91 0.818
70 92 0.715
70 93 0.747
70 94 1.571
70 95 1.276
70 96 1.666
70 97 1.703
70 98 0.911
70 99 0.537
71 72 1.460
71 73 0.332
71 74 0.814
71 75 3.978
71 76 2.664
71 77 0.459
71 78 0.243
71 79 0.235
71 80 1.248
71 81 1.694
71 82 2.085
71 83 1.903
71 84 1.476
71 85 0.711
71 86 0.471
71 87 0.359
71 88 1.822
71 89 1.256
71 90 2.123
71 91 1.306
71 92 1.413
71 93 1.379
71 94 0.554
71 95 0.851
71 96 0.463
71 97 0.426
71 98 1.213
71 99 1.590
72 73 1.785
72 74 0.655
72 75 2.518
72 76 4.124
72 77 1.007
72 78 1.701
72 79 1.694
72 80 0.223
72 81 3.155
72 82 3.544
72 83 0.446
72 84 0.038
72 85 2.172
72 86 1.928
72 87 1.819
72 88 0.374
72 89 2.716
72 90 0.665
72 91 0.158
72 92 0.080
72 93 0.096
72 94 0.908
72 95 0.615
72 96 1.004
72 97 1.041
72 98 0.250
72 99 0.140
73 74 1.143
73 75 4.301
73 76 2.346
73 77 0.778
73 78 0.092
73 79 0.141
73 80 1.569
73 81 1.376
73 82 1.770
73 83 2.229
73 84 1.802
73 85 0.396
73 86 0.203
73 87 0.066
73 88 2.150
73 89 0.938
73 90 2.449
73 91 1.629
73 92 1.740
73 93 1.705
73 94 0.883
73 95 1.180
73 96 0.781
73 97 0.757
73 98 1.536
73 99 1.911
74 75 3.170
74 76 3.472
74 77 0.380
74 78 1.057
74 79 1.044
74 80 0.459
74 81 2.505
74 82 2.892
74 83 1.092
74 84 0.667
74 85 1.524
74 86 1.277
74 87 1.173
74 88 1.010
74 89 2.066
74 90 1.312
74 91 0.508
74 92 0.602
74 93 0.569
74 94 0.261
74 95 0.041
74 96 0.379
74 97 0.389
74 98 0.415
74 99 0.790
75 76 6.642
75 77 3.523
75 78 4.218
75 79 4.211
75 80 2.731
75 81 5.673
75 82 6.062
75 83 2.078
75 84 2.504
75 85 4.690
75 86 4.446
75 87 4.336
75 88 2.164
75 89 5.234
75 90 1.860
75 91 2.672
75 92 2.568
75 93 2.602
75 94 3.426
75 95 3.131
75 96 3.519
75 97 3.558
75 98 2.766
75 99 2.389
76 77 3.122
76 78 2.426
76 79 2.430
76 80 3.912
76 81 0.971
76 82 0.580
76 83 4.565
76 84 4.138
76 85 1.953
76 86 2.196
76 87 2.307
76 88 4.482
76 89 1.409
76 90 4.784
76 91 3.970
76 92 4.074
76 93 4.041
76 94 3.216
76 95 3.511
76 96 3.125
76 97 3.084
76 98 3.877
76 99 4.254
77 78 0.696
77 79 0.694
77 80 0.791
77 81 2.151
77 82 2.543
77 83 1.452
77 84 1.024
77 85 1.168
77 86 0.930
77 87 0.814
77 88 1.374
77 89 1.713
77 90 1.671
77 91 0.851
77 92 0.964
77 93 0.929
77 94 0.134
77 95 0.412
77 96 0.008
77 97 0.125
77 98 0.758
77 99 1.133
78 79 0.067
78 80 1.487
78 81 1.455
78 82 1.848
78 83 2.145
78 84 1.717
78 85 0.472
78 86 0.248
78 87 0.119
78 88 2.065
78 89 1.017
78 90 2.364
78 91 1.546
78 92 1.655
78 93 1.621
78 94 0.797
78 95 1.094
78 96 0.700
78 97 0.669
78 98 1.453
78 99 1.829
79 80 1.483
79 81 1.461
79 82 1.851
79 83 2.135
79 84 1.708
79 85 0.480
79 86 0.236
79 87 0.136
79 88 2.054
79 89 1.023
79 90 2.355
79 91 1.540
79 92 1.645
79 93 1.611
79 94 0.786
79 95 1.082
79 96 0.698
79 97 0.655
79 98 1.446
79 99 1.823
80 81 2.942
80 82 3.333
80 83 0.667
80 84 0.249
80 85 1.959
80 86 1.718
80 87 1.606
80 88 0.597
80 89 2.504
80 90 0.885
80 91 0.066
80 92 0.208
80 93 0.173
80 94 0.701
80 95 0.418
80 96 0.788
80 97 0.835
80 98 0.050
80 99 0.342
81 82 0.397
81 83 3.597
81 84 3.170
81 85 0.983
81 86 1.228
81 87 1.337
81 88 3.515
81 89 0.439
81 90 3.816
81 91 3.001
81 92 3.106
81 93 3.072
81 94 2.247
81 95 2.543
81 96 2.155
81 97 2.116
81 98 2.907
81 99 3.284
82 83 3.985
82 84 3.558
82 85 1.375
82 86 1.616
82 87 1.729
82 88 3.901
82 89 0.832
82 90 4.204
82 91 3.391
82 92 3.494
82 93 3.461
82 94 2.636
82 95 2.931
82 96 2.547
82 97 2.504
82 98 3.297
82 99 3.674
83 84 0.428
83 85 2.614
83 86 2.369
83 87 2.262
83 88 0.094
83 89 3.158
83 90 0.219
83 91 0.604
83 92 0.490
83 93 0.524
83 94 1.350
83 95 1.053
83 96 1.449
83 97 1.481
83 98 0.696
83 99 0.335
84 85 2.187
84 86 1.942
84 87 1.835
84 88 0.351
84 89 2.731
84 90 0.647
84 91 0.183
84 92 0.069
84 93 0.099
84 94 0.923
84 95 0.627
84 96 1.022
84 97 1.055
84 98 0.270
84 99 0.145
85 86 0.253
85 87 0.354
85 88 2.533
85 89 0.544
85 90 2.834
85 91 2.018
85 92 2.124
85 93 2.090
85 94 1.265
85 95 1.562
85 96 1.172
85 97 1.134
85 98 1.924
85 99 2.301
86 87 0.139
86 88 2.286
86 89 0.790
86 90 2.588
86 91 1.775
86 92 1.879
86 93 1.845
86 94 1.020
86 95 1.315
86 96 0.934
86 97 0.888
86 98 1.681
86 99 2.059
87 88 2.181
87 89 0.898
87 90 2.482
87 91 1.664
87 92 1.772
87 93 1.738
87 94 0.913
87 95 1.210
87 96 0.818
87 97 0.784
87 98 1.571
87 99 1.947
88 89 3.076
88 90 0.305
88 91 0.532
88 92 0.410
88 93 0.445
88 94 1.268
88 95 0.971
88 96 1.371
88 97 1.399
88 98 0.621
88 99 0.281
89 90 3.377
89 91 2.562
89 92 2.668
89 93 2.634
89 94 1.809
89 95 2.105
89 96 1.716
89 97 1.677
89 98 2.468
89 99 2.845
90 91 0.822
90 92 0.710
90 93 0.744
90 94 1.569
90 95 1.273
90 96 1.668
90 97 1.701
90 98 0.914
90 99 0.547
91 92 0.144
91 93 0.110
91 94 0.756
91 95 0.468
91 96 0.848
91 97 0.890
91 98 0.094
91 99 0.284
92 93 0.037
92 94 0.860
92 95 0.563
92 96 0.962
92 97 0.991
92 98 0.219
92 99 0.213
93 94 0.825
93 95 0.529
93 96 0.927
93 97 0.957
93 98 0.182
93 99 0.235
94 95 0.298
94 96 0.137
94 97 0.135
94 98 0.662
94 99 1.040
95 96 0.412
95 97 0.428
95 98 0.375
95 99 0.750
96 97 0.133
96 98 0.755
96 99 1.130
97 98 0.796
97 99 1.173
98 99 0.377
