nodei nodej distance
0 1 1.469
0 2 2.329
0 3 1.128
0 4 0.732
0 5 1.209
0 6 2.735
0 7 1.472
0 8 1.438
0 9 1.922
0 10 1.886
0 11 2.041
0 12 1.336
0 13 1.188
0 14 2.220
0 15 2.967
0 16 1.913
0 17 2.103
0 18 1.356
0 19 3.421
0 20 1.317
0 21 1.563
0 22 1.241
0 23 1.989
0 24 1.508
0 25 1.334
0 26 1.515
0 27 1.777
0 28 1.958
0 29 3.088
0 30 1.368
0 31 1.222
0 32 1.760
0 33 1.661
0 34 1.822
0 35 2.308
0 36 1.170
0 37 1.774
0 38 2.564
0 39 1.840
0 40 2.922
0 41 2.090
0 42 2.450
0 43 1.186
0 44 1.468
0 45 2.603
0 46 1.636
0 47 1.273
0 48 2.929
0 49 1.081
0 50 1.449
0 51 3.892
0 52 1.340
0 53 1.458
0 54 3.181
0 55 1.236
0 56 3.033
0 57 2.183
0 58 1.289
0 59 1.370
0 60 0.850
0 61 1.482
0 62 2.451
0 63 0.821
0 64 3.178
0 65 0.568
0 66 2.115
0 67 0.995
0 68 1.644
0 69 1.012
0 70 1.355
0 71 1.737
0 72 1.706
0 73 1.197
0 74 1.452
0 75 1.753
0 76 0.778
0 77 1.011
0 78 1.711
0 79 1.512
0 80 1.812
0 81 1.887
0 82 0.811
0 83 2.543
0 84 1.466
0 85 1.422
0 86 1.005
0 87 1.805
0 88 1.418
0 89 1.560
0 90 1.874
0 91 2.139
0 92 1.194
0 93 1.655
0 94 1.370
0 95 2.477
0 96 2.898
0 97 2.235
0 98 2.055
0 99 1.491
1 2 3.786
1 3 2.597
1 4 0.936
1 5 1.339
1 6 4.150
1 7 1.707
1 8 1.469
1 9 1.546
1 10 3.202
1 11 1.513
1 12 2.681
1 13 1.714
1 14 0.999
1 15 4.293
1 16 3.359
1 17 3.382
1 18 2.547
1 19 4.814
1 20 2.685
1 21 2.926
1 22 2.563
1 23 3.374
1 24 2.654
1 25 2.131
1 26 2.764
1 27 2.842
1 28 1.396
1 29 4.468
1 30 1.322
1 31 1.816
1 32 1.566
1 33 2.820
1 34 2.046
1 35 3.548
1 36 2.285
1 37 3.061
1 38 4.021
1 39 2.990
1 40 4.291
1 41 3.420
1 42 3.850
1 43 1.877
1 44 1.295
1 45 1.507
1 46 1.711
1 47 2.461
1 48 4.325
1 49 1.942
1 50 2.678
1 51 5.311
1 52 2.436
1 53 2.272
1 54 4.546
1 55 2.011
1 56 4.431
1 57 1.398
1 58 2.463
1 59 2.645
1 60 1.700
1 61 0.755
1 62 1.174
1 63 2.032
1 64 4.611
1 65 1.576
1 66 3.468
1 67 1.414
1 68 1.181
1 69 2.202
1 70 2.256
1 71 0.968
1 72 2.852
1 73 1.849
1 74 2.703
1 75 3.050
1 76 1.656
1 77 2.312
1 78 3.029
1 79 1.310
1 80 3.014
1 81 2.812
1 82 2.063
1 83 3.967
1 84 2.463
1 85 2.839
1 86 1.871
1 87 0.866
1 88 2.773
1 89 1.532
1 90 3.147
1 91 3.492
1 92 1.241
1 93 2.373
1 94 1.806
1 95 3.801
1 96 4.330
1 97 1.518
1 98 3.463
1 99 2.038
2 3 1.233
2 4 2.918
2 5 2.995
2 6 0.607
2 7 2.959
2 8 3.129
2 9 3.661
2 10 1.035
2 11 3.844
2 12 1.254
2 13 2.636
2 14 4.391
2 15 1.184
2 16 0.443
2 17 1.132
2 18 1.605
2 19 1.262
2 20 1.211
2 21 1.039
2 22 1.379
2 23 0.699
2 24 1.644
2 25 2.296
2 26 1.394
2 27 1.771
2 28 3.814
2 29 1.036
2 30 3.166
2 31 2.561
2 32 3.436
2 33 1.569
2 34 3.073
2 35 1.278
2 36 1.839
2 37 1.175
2 38 0.235
2 39 1.559
2 40 0.969
2 41 0.927
2 42 0.557
2 43 2.452
2 44 3.291
2 45 4.655
2 46 3.156
2 47 1.650
2 48 0.839
2 49 2.258
2 50 1.476
2 51 1.625
2 52 1.805
2 53 2.260
2 54 1.172
2 55 2.339
2 56 0.912
2 57 4.114
2 58 1.671
2 59 1.405
2 60 2.345
2 61 3.604
2 62 4.630
2 63 1.884
2 64 0.898
2 65 2.306
2 66 0.819
2 67 2.744
2 68 3.562
2 69 1.793
2 70 2.137
2 71 3.788
2 72 1.590
2 73 2.497
2 74 1.418
2 75 1.152
2 76 2.341
2 77 1.594
2 78 1.101
2 79 3.330
2 80 1.422
2 81 2.065
2 82 1.828
2 83 0.424
2 84 1.955
2 85 0.990
2 86 2.274
2 87 3.917
2 88 1.167
2 89 3.217
2 90 1.191
2 91 0.814
2 92 3.053
2 93 2.406
2 94 2.739
2 95 0.967
2 96 0.645
2 97 4.109
2 98 0.546
2 99 2.625
3 4 1.793
3 5 2.040
3 6 1.721
3 7 2.135
3 8 2.227
3 9 2.768
3 10 1.172
3 11 2.928
3 12 0.766
3 13 1.788
3 14 3.300
3 15 2.094
3 16 0.863
3 17 1.416
3 18 1.108
3 19 2.420
3 20 0.694
3 21 0.834
3 22 0.792
3 23 1.096
3 24 1.255
3 25 1.619
3 26 1.071
3 27 1.533
3 28 2.872
3 29 2.120
3 30 2.219
3 31 1.751
3 32 2.561
3 33 1.317
3 34 2.372
3 35 1.650
3 36 1.170
3 37 1.152
3 38 1.466
3 39 1.446
3 40 1.981
3 41 1.303
3 42 1.478
3 43 1.656
3 44 2.341
3 45 3.633
3 46 2.334
3 47 1.081
3 48 1.939
3 49 1.459
3 50 1.079
3 51 2.844
3 52 1.256
3 53 1.661
3 54 2.234
3 55 1.599
3 56 2.036
3 57 3.144
3 58 1.111
3 59 0.949
3 60 1.418
3 61 2.528
3 62 3.537
3 63 0.983
3 64 2.117
3 65 1.267
3 66 1.276
3 67 1.780
3 68 2.581
3 69 1.020
3 70 1.516
3 71 2.751
3 72 1.365
3 73 1.694
3 74 1.035
3 75 1.118
3 76 1.383
3 77 0.806
3 78 1.043
3 79 2.384
3 80 1.339
3 81 1.788
3 82 0.916
3 83 1.516
3 84 1.451
3 85 0.575
3 86 1.433
3 87 2.852
3 88 0.776
3 89 2.337
3 90 1.251
3 91 1.297
3 92 2.071
3 93 1.867
3 94 1.943
3 95 1.646
3 96 1.845
3 97 3.167
3 98 1.098
3 99 1.925
4 5 0.645
4 6 3.240
4 7 1.010
4 8 0.867
4 9 1.258
4 10 2.271
4 11 1.349
4 12 1.760
4 13 0.876
4 14 1.508
4 15 3.360
4 16 2.480
4 17 2.446
4 18 1.611
4 19 3.893
4 20 1.770
4 21 2.007
4 22 1.639
4 23 2.458
4 24 1.719
4 25 1.240
4 26 1.829
4 27 1.917
4 28 1.256
4 29 3.544
4 30 0.752
4 31 0.964
4 32 1.138
4 33 1.885
4 34 1.388
4 35 2.612
4 36 1.350
4 37 2.128
4 38 3.149
4 39 2.057
4 40 3.365
4 41 2.490
4 42 2.936
4 43 0.998
4 44 0.819
4 45 1.872
4 46 1.111
4 47 1.526
4 48 3.407
4 49 1.027
4 50 1.742
4 51 4.399
4 52 1.503
4 53 1.384
4 54 3.618
4 55 1.119
4 56 3.513
4 57 1.458
4 58 1.527
4 59 1.713
4 60 0.773
4 61 0.751
4 62 1.744
4 63 1.102
4 64 3.711
4 65 0.644
4 66 2.541
4 67 0.571
4 68 0.939
4 69 1.267
4 70 1.347
4 71 1.005
4 72 1.919
4 73 0.980
4 74 1.769
4 75 2.117
4 76 0.724
4 77 1.388
4 78 2.099
4 79 0.860
4 80 2.078
4 81 1.913
4 82 1.138
4 83 3.064
4 84 1.542
4 85 1.944
4 86 0.951
4 87 1.076
4 88 1.854
4 89 0.979
4 90 2.212
4 91 2.566
4 92 0.584
4 93 1.518
4 94 1.017
4 95 2.869
4 96 3.430
4 97 1.520
4 98 2.556
4 99 1.224
5 6 3.204
5 7 0.382
5 8 0.232
5 9 0.736
5 10 2.167
5 11 0.888
5 12 1.749
5 13 0.428
5 14 1.469
5 15 3.202
5 16 2.553
5 17 2.289
5 18 1.470
5 19 3.800
5 20 1.786
5 21 1.985
5 22 1.622
5 23 2.423
5 24 1.521
5 25 0.874
5 26 1.707
5 27 1.631
5 28 0.834
5 29 3.444
5 30 0.179
5 31 0.533
5 32 0.553
5 33 1.676
5 34 0.754
5 35 2.408
5 36 1.198
5 37 2.007
5 38 3.213
5 39 1.821
5 40 3.257
5 41 2.383
5 42 2.892
5 43 0.626
5 44 0.302
5 45 1.664
5 46 0.466
5 47 1.398
5 48 3.336
5 49 0.774
5 50 1.613
5 51 4.333
5 52 1.301
5 53 1.000
5 54 3.496
5 55 0.769
5 56 3.441
5 57 1.122
5 58 1.387
5 59 1.634
5 60 0.652
5 61 0.732
5 62 1.702
5 63 1.119
5 64 3.692
5 65 0.780
5 66 2.458
5 67 0.261
5 68 0.567
5 69 1.205
5 70 1.031
5 71 0.823
5 72 1.695
5 73 0.586
5 74 1.658
5 75 2.008
5 76 0.667
5 77 1.402
5 78 2.014
5 79 0.344
5 80 1.883
5 81 1.534
5 82 1.180
5 83 3.054
5 84 1.258
5 85 2.008
5 86 0.736
5 87 0.983
5 88 1.841
5 89 0.353
5 90 2.069
5 91 2.481
5 92 0.099
5 93 1.059
5 94 0.473
5 95 2.733
5 96 3.418
5 97 1.131
5 98 2.548
5 99 0.708
6 7 3.097
6 8 3.301
6 9 3.806
6 10 1.049
6 11 3.998
6 12 1.484
6 13 2.806
6 14 4.652
6 15 0.622
6 16 0.858
6 17 1.007
6 18 1.738
6 19 0.700
6 20 1.470
6 21 1.238
6 22 1.609
6 23 0.787
6 24 1.719
6 25 2.408
6 26 1.502
6 27 1.745
6 28 3.985
6 29 0.431
6 30 3.363
6 31 2.716
6 32 3.579
6 33 1.595
6 34 3.138
6 35 1.040
6 36 2.006
6 37 1.212
6 38 0.499
6 39 1.517
6 40 0.377
6 41 0.848
6 42 0.312
6 43 2.608
6 44 3.485
6 45 4.861
6 46 3.282
6 47 1.806
6 48 0.234
6 49 2.434
6 50 1.595
6 51 1.161
6 52 1.922
6 53 2.338
6 54 0.565
6 55 2.478
6 56 0.319
6 57 4.296
6 58 1.819
6 59 1.572
6 60 2.578
6 61 3.871
6 62 4.890
6 63 2.149
6 64 0.491
6 65 2.601
6 66 0.756
6 67 2.971
6 68 3.766
6 69 2.014
6 70 2.240
6 71 4.022
6 72 1.597
6 73 2.653
6 74 1.548
6 75 1.205
6 76 2.590
6 77 1.856
6 78 1.191
6 79 3.520
6 80 1.401
6 81 2.010
6 82 2.106
6 83 0.206
6 84 2.026
6 85 1.316
6 86 2.468
6 87 4.168
6 88 1.390
6 89 3.373
6 90 1.175
6 91 0.735
6 92 3.275
6 93 2.439
6 94 2.875
6 95 0.632
6 96 0.238
6 97 4.272
6 98 0.686
6 99 2.719
7 8 0.263
7 9 0.710
7 10 2.048
7 11 0.901
7 12 1.708
7 13 0.347
7 14 1.699
7 15 3.025
7 16 2.526
7 17 2.134
7 18 1.369
7 19 3.652
7 20 1.758
7 21 1.923
7 22 1.586
7 23 2.336
7 24 1.379
7 25 0.690
7 26 1.600
7 27 1.424
7 28 0.896
7 29 3.296
7 30 0.398
7 31 0.401
7 32 0.483
7 33 1.516
7 34 0.378
7 35 2.220
7 36 1.120
7 37 1.885
7 38 3.165
7 39 1.636
7 40 3.107
7 41 2.255
7 42 2.786
7 43 0.509
7 44 0.476
7 45 1.792
7 46 0.201
7 47 1.313
7 48 3.206
7 49 0.708
7 50 1.508
7 51 4.194
7 52 1.177
7 53 0.780
7 54 3.334
7 55 0.623
7 56 3.308
7 57 1.211
7 58 1.295
7 59 1.558
7 60 0.725
7 61 1.043
7 62 1.917
7 63 1.158
7 64 3.588
7 65 0.954
7 66 2.341
7 67 0.485
7 68 0.741
7 69 1.184
7 70 0.858
7 71 1.052
7 72 1.524
7 73 0.465
7 74 1.561
7 75 1.892
7 76 0.775
7 77 1.403
7 78 1.913
7 79 0.491
7 80 1.721
7 81 1.272
7 82 1.225
7 83 2.965
7 84 1.080
7 85 1.997
7 86 0.711
7 87 1.231
7 88 1.793
7 89 0.286
7 90 1.930
7 91 2.363
7 92 0.474
7 93 0.770
7 94 0.223
7 95 2.577
7 96 3.321
7 97 1.177
7 98 2.474
7 99 0.414
8 9 0.543
8 10 2.255
8 11 0.716
8 12 1.876
8 13 0.497
8 14 1.442
8 15 3.257
8 16 2.690
8 17 2.356
8 18 1.564
8 19 3.874
8 20 1.919
8 21 2.103
8 22 1.751
8 23 2.530
8 24 1.593
8 25 0.912
8 26 1.799
8 27 1.663
8 28 0.686
8 29 3.518
8 30 0.147
8 31 0.586
8 32 0.336
8 33 1.738
8 34 0.578
8 35 2.455
8 36 1.302
8 37 2.093
8 38 3.341
8 39 1.868
8 40 3.329
8 41 2.467
8 42 2.989
8 43 0.693
8 44 0.214
8 45 1.564
8 46 0.254
8 47 1.500
8 48 3.420
8 49 0.875
8 50 1.706
8 51 4.413
8 52 1.381
8 53 1.018
8 54 3.561
8 55 0.826
8 56 3.524
8 57 0.995
8 58 1.485
8 59 1.743
8 60 0.814
8 61 0.783
8 62 1.663
8 63 1.277
8 64 3.792
8 65 0.984
8 66 2.548
8 67 0.462
8 68 0.487
8 69 1.337
8 70 1.079
8 71 0.792
8 72 1.750
8 73 0.648
8 74 1.756
8 75 2.097
8 76 0.844
8 77 1.546
8 78 2.111
8 79 0.233
8 80 1.945
8 81 1.526
8 82 1.341
8 83 3.161
8 84 1.306
8 85 2.151
8 86 0.856
8 87 0.969
8 88 1.965
8 89 0.121
8 90 2.145
8 91 2.571
8 92 0.284
8 93 1.028
8 94 0.451
8 95 2.801
8 96 3.521
8 97 0.980
8 98 2.662
8 99 0.669
9 10 2.758
9 11 0.195
9 12 2.407
9 13 1.026
9 14 1.149
9 15 3.719
9 16 3.224
9 17 2.838
9 18 2.077
9 19 4.354
9 20 2.453
9 21 2.628
9 22 2.283
9 23 3.045
9 24 2.088
9 25 1.399
9 26 2.309
9 27 2.118
9 28 0.235
9 29 3.999
9 30 0.561
9 31 1.101
9 32 0.227
9 33 2.222
9 34 0.780
9 35 2.914
9 36 1.824
9 37 2.594
9 38 3.869
9 39 2.335
9 40 3.810
9 41 2.964
9 42 3.496
9 43 1.210
9 44 0.454
9 45 1.116
9 46 0.530
9 47 2.020
9 48 3.913
9 49 1.403
9 50 2.217
9 51 4.898
9 52 1.886
9 53 1.480
9 54 4.034
9 55 1.332
9 56 4.015
9 57 0.531
9 58 2.002
9 59 2.264
9 60 1.357
9 61 0.794
9 62 1.330
9 63 1.819
9 64 4.297
9 65 1.515
9 66 3.051
9 67 0.992
9 68 0.374
9 69 1.873
9 70 1.567
9 71 0.611
9 72 2.228
9 73 1.165
9 74 2.270
9 75 2.601
9 76 1.386
9 77 2.086
9 78 2.622
9 79 0.410
9 80 2.426
9 81 1.935
9 82 1.884
9 83 3.674
9 84 1.786
9 85 2.688
9 86 1.392
9 87 0.778
9 88 2.494
9 89 0.444
9 90 2.638
9 91 3.072
9 92 0.731
9 93 1.434
9 94 0.932
9 95 3.281
9 96 4.031
9 97 0.473
9 98 3.181
9 99 1.101
10 11 2.949
10 12 0.550
10 13 1.761
10 14 3.628
10 15 1.093
10 16 0.713
10 17 0.245
10 18 0.697
10 19 1.638
10 20 0.579
10 21 0.351
10 22 0.650
10 23 0.336
10 24 0.670
10 25 1.359
10 26 0.461
10 27 0.740
10 28 2.937
10 29 1.283
10 30 2.322
10 31 1.670
10 32 2.530
10 33 0.556
10 34 2.099
10 35 0.478
10 36 0.971
10 37 0.163
10 38 1.190
10 39 0.524
10 40 1.099
10 41 0.220
10 42 0.739
10 43 1.563
10 44 2.443
10 45 3.818
10 46 2.233
10 47 0.772
10 48 1.169
10 49 1.394
10 50 0.554
10 51 2.166
10 52 0.874
10 53 1.292
10 54 1.349
10 55 1.430
10 56 1.273
10 57 3.249
10 58 0.781
10 59 0.558
10 60 1.559
10 61 2.854
10 62 3.863
10 63 1.170
10 64 1.540
10 65 1.627
10 66 0.293
10 67 1.943
10 68 2.724
10 69 1.008
10 70 1.191
10 71 2.989
10 72 0.568
10 73 1.607
10 74 0.513
10 75 0.160
10 76 1.581
10 77 0.897
10 78 0.175
10 79 2.476
10 80 0.388
10 81 1.031
10 82 1.141
10 83 0.927
10 84 0.980
10 85 0.597
10 86 1.434
10 87 3.141
10 88 0.474
10 89 2.325
10 90 0.156
10 91 0.315
10 92 2.243
10 93 1.407
10 94 1.826
10 95 0.600
10 96 1.275
10 97 3.224
10 98 0.490
10 99 1.672
11 12 2.590
11 13 1.208
11 14 0.999
11 15 3.914
11 16 3.405
11 17 3.032
11 18 2.266
11 19 4.549
11 20 2.635
11 21 2.814
11 22 2.465
11 23 3.234
11 24 2.280
11 25 1.591
11 26 2.499
11 27 2.312
11 28 0.118
11 29 4.194
11 30 0.709
11 31 1.287
11 32 0.420
11 33 2.415
11 34 0.968
11 35 3.109
11 36 2.010
11 37 2.786
11 38 4.054
11 39 2.530
11 40 4.004
11 41 3.156
11 42 3.687
11 43 1.397
11 44 0.590
11 45 0.925
11 46 0.724
11 47 2.207
11 48 4.106
11 49 1.586
11 50 2.407
11 51 5.092
11 52 2.077
11 53 1.674
11 54 4.229
11 55 1.521
11 56 4.208
11 57 0.343
11 58 2.190
11 59 2.451
11 60 1.526
11 61 0.782
11 62 1.164
11 63 1.991
11 64 4.488
11 65 1.666
11 66 3.242
11 67 1.148
11 68 0.414
11 69 2.053
11 70 1.759
11 71 0.547
11 72 2.422
11 73 1.352
11 74 2.458
11 75 2.792
11 76 1.550
11 77 2.263
11 78 2.812
11 79 0.546
11 80 2.619
11 81 2.130
11 82 2.055
11 83 3.864
11 84 1.979
11 85 2.867
11 86 1.571
11 87 0.687
11 88 2.678
11 89 0.628
11 90 2.831
11 91 3.264
11 92 0.867
11 93 1.629
11 94 1.123
11 95 3.475
11 96 4.221
11 97 0.278
11 98 3.369
11 99 1.296
12 13 1.382
12 14 3.176
12 15 1.635
12 16 0.818
12 17 0.776
12 18 0.399
12 19 2.134
12 20 0.075
12 21 0.246
12 22 0.128
12 23 0.698
12 24 0.514
12 25 1.061
12 26 0.306
12 27 0.774
12 28 2.562
12 29 1.787
12 30 1.917
12 31 1.308
12 32 2.183
12 33 0.552
12 34 1.847
12 35 0.995
12 36 0.591
12 37 0.454
12 38 1.466
12 39 0.682
12 40 1.611
12 41 0.755
12 42 1.177
12 43 1.199
12 44 2.042
12 45 3.413
12 46 1.906
12 47 0.416
12 48 1.647
12 49 1.005
12 50 0.325
12 51 2.639
12 52 0.592
12 53 1.050
12 54 1.868
12 55 1.092
12 56 1.753
12 57 2.864
12 58 0.442
12 59 0.200
12 60 1.106
12 61 2.392
12 62 3.414
12 63 0.665
12 64 1.963
12 65 1.118
12 66 0.790
12 67 1.504
12 68 2.317
12 69 0.544
12 70 0.914
12 71 2.555
12 72 0.600
12 73 1.244
12 74 0.274
12 75 0.428
12 76 1.111
12 77 0.372
12 78 0.377
12 79 2.080
12 80 0.585
12 81 1.044
12 82 0.623
12 83 1.317
12 84 0.773
12 85 0.311
12 86 1.021
12 87 2.695
12 88 0.094
12 89 1.964
12 90 0.559
12 91 0.814
12 92 1.812
12 93 1.228
12 94 1.489
12 95 1.142
12 96 1.684
12 97 2.856
12 98 0.807
12 99 1.392
13 14 1.894
13 15 2.780
13 16 2.198
13 17 1.871
13 18 1.068
13 19 3.386
13 20 1.428
13 21 1.606
13 22 1.258
13 23 2.033
13 24 1.104
13 25 0.446
13 26 1.304
13 27 1.203
13 28 1.184
13 29 3.030
13 30 0.564
13 31 0.106
13 32 0.803
13 33 1.254
13 34 0.641
13 35 1.982
13 36 0.804
13 37 1.599
13 38 2.846
13 39 1.395
13 40 2.842
13 41 1.974
13 42 2.493
13 43 0.201
13 44 0.682
13 45 2.057
13 46 0.548
13 47 1.003
13 48 2.928
13 49 0.378
13 50 1.210
13 51 3.923
13 52 0.888
13 53 0.575
13 54 3.078
13 55 0.342
13 56 3.032
13 57 1.492
13 58 0.988
13 59 1.246
13 60 0.385
13 61 1.158
13 62 2.124
13 63 0.811
13 64 3.296
13 65 0.638
13 66 2.054
13 67 0.309
13 68 0.965
13 69 0.848
13 70 0.603
13 71 1.244
13 72 1.271
13 73 0.158
13 74 1.259
13 75 1.602
13 76 0.442
13 77 1.063
13 78 1.615
13 79 0.715
13 80 1.462
13 81 1.113
13 82 0.878
13 83 2.664
13 84 0.831
13 85 1.663
13 86 0.368
13 87 1.409
13 88 1.470
13 89 0.582
13 90 1.655
13 91 2.076
13 92 0.520
13 93 0.659
13 94 0.183
13 95 2.316
13 96 3.024
13 97 1.476
13 98 2.165
13 99 0.349
14 15 4.671
14 16 3.948
14 17 3.758
14 18 2.931
14 19 5.265
14 20 3.201
14 21 3.419
14 22 3.049
14 23 3.867
14 24 2.990
14 25 2.336
14 26 3.167
14 27 3.094
14 28 0.916
14 29 4.908
14 30 1.336
14 31 1.996
14 32 1.309
14 33 3.145
14 34 1.899
14 35 3.876
14 36 2.657
14 37 3.470
14 38 4.618
14 39 3.289
14 40 4.722
14 41 3.845
14 42 4.341
14 43 2.094
14 44 1.230
14 45 0.519
14 46 1.588
14 47 2.856
14 48 4.794
14 49 2.239
14 50 3.073
14 51 5.793
14 52 2.769
14 53 2.453
14 54 4.963
14 55 2.236
14 56 4.900
14 57 0.697
14 58 2.847
14 59 3.082
14 60 2.075
14 61 0.786
14 62 0.239
14 63 2.516
14 64 5.137
14 65 2.085
14 66 3.916
14 67 1.684
14 68 0.958
14 69 2.639
14 70 2.497
14 71 0.652
14 72 3.164
14 73 2.052
14 74 3.115
14 75 3.468
14 76 2.065
14 77 2.810
14 78 3.469
14 79 1.210
14 80 3.353
14 81 2.968
14 82 2.567
14 83 4.493
14 84 2.725
14 85 3.403
14 86 2.194
14 87 0.487
14 88 3.270
14 89 1.424
14 90 3.535
14 91 3.939
14 92 1.387
14 93 2.469
14 94 1.890
14 95 4.201
14 96 4.859
14 97 0.825
14 98 3.983
14 99 2.111
15 16 1.284
15 17 0.919
15 18 1.759
15 19 0.675
15 20 1.650
15 21 1.405
15 22 1.742
15 23 1.006
15 24 1.682
15 25 2.345
15 26 1.532
15 27 1.602
15 28 3.920
15 29 0.376
15 30 3.343
15 31 2.680
15 32 3.496
15 33 1.526
15 34 2.990
15 35 0.805
15 36 2.031
15 37 1.232
15 38 1.117
15 39 1.390
15 40 0.261
15 41 0.880
15 42 0.662
15 43 2.579
15 44 3.458
15 45 4.816
15 46 3.190
15 47 1.841
15 48 0.462
15 49 2.434
15 50 1.621
15 51 1.218
15 52 1.905
15 53 2.245
15 54 0.338
15 55 2.438
15 56 0.493
15 57 4.235
15 58 1.844
15 59 1.648
15 60 2.629
15 61 3.912
15 62 4.903
15 63 2.261
15 64 0.868
15 65 2.717
15 66 0.855
15 67 2.997
15 68 3.741
15 69 2.092
15 70 2.180
15 71 4.023
15 72 1.509
15 73 2.621
15 74 1.591
15 75 1.243
15 76 2.657
15 77 1.990
15 78 1.268
15 79 3.487
15 80 1.319
15 81 1.808
15 82 2.234
15 83 0.763
15 84 1.952
15 85 1.580
15 86 2.487
15 87 4.185
15 88 1.550
15 89 3.310
15 90 1.150
15 91 0.831
15 92 3.285
15 93 2.293
15 94 2.810
15 95 0.493
15 96 0.777
15 97 4.192
15 98 0.999
15 99 2.619
16 17 0.884
16 18 1.186
16 19 1.557
16 20 0.771
16 21 0.621
16 22 0.941
16 23 0.420
16 24 1.244
16 25 1.872
16 26 0.990
16 27 1.409
16 28 3.374
16 29 1.263
16 30 2.725
16 31 2.126
16 32 3.000
16 33 1.192
16 34 2.655
16 35 1.085
16 36 1.408
16 37 0.820
16 38 0.670
16 39 1.215
16 40 1.137
16 41 0.692
16 42 0.633
16 43 2.017
16 44 2.850
16 45 4.212
16 46 2.724
16 47 1.224
16 48 1.078
16 49 1.821
16 50 1.065
16 51 1.990
16 52 1.386
16 53 1.846
16 54 1.383
16 55 1.909
16 56 1.173
16 57 3.673
16 58 1.247
16 59 0.981
16 60 1.902
16 61 3.162
16 62 4.188
16 63 1.440
16 64 1.268
16 65 1.864
16 66 0.607
16 67 2.301
16 68 3.120
16 69 1.353
16 70 1.717
16 71 3.345
16 72 1.221
16 73 2.062
16 74 1.006
16 75 0.791
16 76 1.898
16 77 1.152
16 78 0.726
16 79 2.889
16 80 1.076
16 81 1.706
16 82 1.385
16 83 0.653
16 84 1.547
16 85 0.547
16 86 1.834
16 87 3.474
16 88 0.735
16 89 2.780
16 90 0.865
16 91 0.615
16 92 2.610
16 93 2.004
16 94 2.307
16 95 0.907
16 96 0.991
16 97 3.669
16 98 0.318
16 99 2.203
17 18 0.840
17 19 1.518
17 20 0.813
17 21 0.594
17 22 0.862
17 23 0.467
17 24 0.768
17 25 1.446
17 26 0.618
17 27 0.742
17 28 3.029
17 29 1.162
17 30 2.435
17 31 1.774
17 32 2.612
17 33 0.619
17 34 2.142
17 35 0.234
17 36 1.112
17 37 0.330
17 38 1.249
17 39 0.513
17 40 0.973
17 41 0.206
17 42 0.720
17 43 1.670
17 44 2.552
17 45 3.920
17 46 2.309
17 47 0.923
17 48 1.080
17 49 1.519
17 50 0.705
17 51 2.060
17 52 0.989
17 53 1.358
17 54 1.207
17 55 1.532
17 56 1.179
17 57 3.343
17 58 0.926
17 59 0.744
17 60 1.710
17 61 2.994
17 62 3.991
17 63 1.355
17 64 1.487
17 65 1.807
17 66 0.313
17 67 2.079
17 68 2.835
17 69 1.180
17 70 1.278
17 71 3.112
17 72 0.610
17 73 1.714
17 74 0.679
17 75 0.350
17 76 1.740
17 77 1.100
17 78 0.401
17 79 2.583
17 80 0.413
17 81 1.004
17 82 1.334
17 83 0.931
17 84 1.054
17 85 0.841
17 86 1.569
17 87 3.271
17 88 0.707
17 89 2.416
17 90 0.235
17 91 0.321
17 92 2.371
17 93 1.440
17 94 1.915
17 95 0.445
17 96 1.244
17 97 3.309
17 98 0.604
17 99 1.739
18 19 2.334
18 20 0.470
18 21 0.567
18 22 0.321
18 23 0.968
18 24 0.165
18 25 0.692
18 26 0.237
18 27 0.459
18 28 2.249
18 29 1.978
18 30 1.626
18 31 0.980
18 32 1.851
18 33 0.304
18 34 1.470
18 35 1.001
18 36 0.275
18 37 0.539
18 38 1.802
18 39 0.484
18 40 1.792
18 41 0.915
18 42 1.426
18 43 0.871
18 44 1.747
18 45 3.123
18 46 1.561
18 47 0.087
18 48 1.866
18 49 0.697
18 50 0.143
18 51 2.863
18 52 0.201
18 53 0.661
18 54 2.036
18 55 0.746
18 56 1.971
18 57 2.559
18 58 0.085
18 59 0.207
18 60 0.870
18 61 2.160
18 62 3.166
18 63 0.547
18 64 2.228
18 65 0.979
18 66 0.988
18 67 1.247
18 68 2.029
18 69 0.357
18 70 0.533
18 71 2.292
18 72 0.351
18 73 0.916
18 74 0.192
18 75 0.538
18 76 0.899
18 77 0.383
18 78 0.547
18 79 1.782
18 80 0.472
18 81 0.682
18 82 0.546
18 83 1.598
18 84 0.374
18 85 0.710
18 86 0.737
18 87 2.444
18 88 0.460
18 89 1.639
18 90 0.609
18 91 1.012
18 92 1.546
18 93 0.830
18 94 1.146
18 95 1.276
18 96 1.957
18 97 2.538
18 98 1.105
18 99 1.020
19 20 2.130
19 21 1.889
19 22 2.254
19 23 1.441
19 24 2.283
19 25 2.964
19 26 2.098
19 27 2.242
19 28 4.548
19 29 0.357
19 30 3.950
19 31 3.291
19 32 4.129
19 33 2.137
19 34 3.642
19 35 1.453
19 36 2.608
19 37 1.795
19 38 1.081
19 39 2.020
19 40 0.545
19 41 1.419
19 42 0.971
19 43 3.186
19 44 4.069
19 45 5.438
19 46 3.825
19 47 2.410
19 48 0.492
19 49 3.027
19 50 2.191
19 51 0.548
19 52 2.500
19 53 2.874
19 54 0.337
19 55 3.049
19 56 0.389
19 57 4.862
19 58 2.418
19 59 2.191
19 60 3.197
19 61 4.492
19 62 5.500
19 63 2.792
19 64 0.458
19 65 3.250
19 66 1.355
19 67 3.581
19 68 4.351
19 69 2.641
19 70 2.796
19 71 4.623
19 72 2.127
19 73 3.230
19 74 2.151
19 75 1.797
19 76 3.217
19 77 2.505
19 78 1.802
19 79 4.100
19 80 1.931
19 81 2.466
19 82 2.755
19 83 0.905
19 84 2.572
19 85 1.999
19 86 3.071
19 87 4.778
19 88 2.041
19 89 3.935
19 90 1.732
19 91 1.331
19 92 3.878
19 93 2.940
19 94 3.433
19 95 1.074
19 96 0.623
19 97 4.826
19 98 1.366
19 99 3.254
20 21 0.246
20 22 0.173
20 23 0.690
20 24 0.588
20 25 1.120
20 26 0.379
20 27 0.849
20 28 2.603
20 29 1.787
20 30 1.956
20 31 1.357
20 32 2.230
20 33 0.626
20 34 1.907
20 35 1.037
20 36 0.647
20 37 0.500
20 38 1.428
20 39 0.752
20 40 1.614
20 41 0.774
20 42 1.166
20 43 1.249
20 44 2.081
20 45 3.448
20 46 1.957
20 47 0.481
20 48 1.640
20 49 1.051
20 50 0.401
20 51 2.629
20 52 0.659
20 53 1.115
20 54 1.872
20 55 1.146
20 56 1.746
20 57 2.904
20 58 0.508
20 59 0.275
20 60 1.138
20 61 2.416
20 62 3.440
20 63 0.686
20 64 1.944
20 65 1.132
20 66 0.798
20 67 1.537
20 68 2.353
20 69 0.582
20 70 0.977
20 71 2.586
20 72 0.674
20 73 1.293
20 74 0.349
20 75 0.471
20 76 1.139
20 77 0.391
20 78 0.411
20 79 2.119
20 80 0.650
20 81 1.120
20 82 0.638
20 83 1.297
20 84 0.843
20 85 0.246
20 86 1.064
20 87 2.722
20 88 0.105
20 89 2.010
20 90 0.605
20 91 0.823
20 92 1.846
20 93 1.296
20 94 1.540
20 95 1.160
20 96 1.663
20 97 2.899
20 98 0.787
20 99 1.451
21 22 0.371
21 23 0.452
21 24 0.627
21 25 1.257
21 26 0.374
21 27 0.825
21 28 2.789
21 29 1.543
21 30 2.150
21 31 1.527
21 32 2.402
21 33 0.598
21 34 2.036
21 35 0.826
21 36 0.804
21 37 0.320
21 38 1.241
21 39 0.669
21 40 1.369
21 41 0.531
21 42 0.930
21 43 1.418
21 44 2.274
21 45 3.648
21 46 2.119
21 47 0.611
21 48 1.401
21 49 1.228
21 50 0.445
21 51 2.393
21 52 0.767
21 53 1.226
21 54 1.627
21 55 1.301
21 56 1.507
21 57 3.094
21 58 0.632
21 59 0.366
21 60 1.346
21 61 2.636
21 62 3.657
21 63 0.911
21 64 1.718
21 65 1.365
21 66 0.552
21 67 1.743
21 68 2.551
21 69 0.782
21 70 1.099
21 71 2.795
21 72 0.635
21 73 1.463
21 74 0.385
21 75 0.286
21 76 1.354
21 77 0.619
21 78 0.209
21 79 2.311
21 80 0.540
21 81 1.118
21 82 0.869
21 83 1.074
21 84 0.927
21 85 0.264
21 86 1.252
21 87 2.937
21 88 0.153
21 89 2.186
21 90 0.417
21 91 0.577
21 92 2.051
21 93 1.383
21 94 1.702
21 95 0.916
21 96 1.440
21 97 3.082
21 98 0.564
21 99 1.586
22 23 0.823
22 24 0.462
22 25 0.949
22 26 0.312
22 27 0.744
22 28 2.435
22 29 1.906
22 30 1.790
22 31 1.186
22 32 2.059
22 33 0.538
22 34 1.735
22 35 1.071
22 36 0.474
22 37 0.533
22 38 1.592
22 39 0.691
22 40 1.728
22 41 0.862
22 42 1.301
22 43 1.077
22 44 1.915
22 45 3.285
22 46 1.785
22 47 0.316
22 48 1.769
22 49 0.881
22 50 0.293
22 51 2.763
22 52 0.497
22 53 0.947
22 54 1.983
22 55 0.973
22 56 1.875
22 57 2.738
22 58 0.345
22 59 0.166
22 60 0.978
22 61 2.265
22 62 3.287
22 63 0.540
22 64 2.090
22 65 0.996
22 66 0.905
22 67 1.376
22 68 2.189
22 69 0.416
22 70 0.808
22 71 2.428
22 72 0.588
22 73 1.121
22 74 0.259
22 75 0.513
22 76 0.984
22 77 0.251
22 78 0.475
22 79 1.953
22 80 0.615
22 81 0.996
22 82 0.501
22 83 1.444
22 84 0.686
22 85 0.417
22 86 0.895
22 87 2.567
22 88 0.221
22 89 1.839
22 90 0.635
22 91 0.930
22 92 1.685
22 93 1.133
22 94 1.368
22 95 1.249
22 96 1.810
22 97 2.730
22 98 0.934
22 99 1.279
23 24 0.976
23 25 1.654
23 26 0.738
23 27 1.075
23 28 3.216
23 29 1.101
23 30 2.585
23 31 1.947
23 32 2.818
23 33 0.881
23 34 2.412
23 35 0.666
23 36 1.229
23 37 0.482
23 38 0.859
23 39 0.860
23 40 0.934
23 41 0.272
23 42 0.478
23 43 1.839
23 44 2.708
23 45 4.084
23 46 2.527
23 47 1.030
23 48 0.951
23 49 1.657
23 50 0.828
23 51 1.941
23 52 1.161
23 53 1.600
23 54 1.193
23 55 1.714
23 56 1.057
23 57 3.524
23 58 1.045
23 59 0.790
23 60 1.792
23 61 3.085
23 62 4.104
23 63 1.363
23 64 1.271
23 65 1.817
23 66 0.196
23 67 2.187
23 68 2.987
23 69 1.228
23 70 1.489
23 71 3.239
23 72 0.898
23 73 1.884
23 74 0.776
23 75 0.463
23 76 1.803
23 77 1.071
23 78 0.426
23 79 2.744
23 80 0.723
23 81 1.367
23 82 1.321
23 83 0.631
23 84 1.289
23 85 0.577
23 86 1.688
23 87 3.383
23 88 0.605
23 89 2.607
23 90 0.492
23 91 0.211
23 92 2.492
23 93 1.729
23 94 2.114
23 95 0.551
23 96 0.995
23 97 3.506
23 98 0.154
23 99 1.976
24 25 0.690
24 26 0.254
24 27 0.294
24 28 2.271
24 29 1.926
24 30 1.667
24 31 1.008
24 32 1.861
24 33 0.166
24 34 1.437
24 35 0.900
24 36 0.371
24 37 0.507
24 38 1.828
24 39 0.342
24 40 1.738
24 41 0.876
24 42 1.409
24 43 0.903
24 44 1.786
24 45 3.157
24 46 1.563
24 47 0.238
24 48 1.828
24 49 0.752
24 50 0.191
24 51 2.820
24 52 0.223
24 53 0.625
24 54 1.975
24 55 0.766
24 56 1.931
24 57 2.584
24 58 0.220
24 59 0.314
24 60 0.959
24 61 2.230
24 62 3.223
24 63 0.691
24 64 2.210
24 65 1.100
24 66 0.963
24 67 1.315
24 68 2.069
24 69 0.498
24 70 0.521
24 71 2.344
24 72 0.203
24 73 0.947
24 74 0.249
24 75 0.517
24 76 0.998
24 77 0.548
24 78 0.550
24 79 1.817
24 80 0.366
24 81 0.534
24 82 0.698
24 83 1.595
24 84 0.313
24 85 0.814
24 86 0.806
24 87 2.503
24 88 0.553
24 89 1.658
24 90 0.552
24 91 0.984
24 92 1.603
24 93 0.762
24 94 1.158
24 95 1.212
24 96 1.946
24 97 2.555
24 98 1.122
24 99 1.003
25 26 0.916
25 27 0.758
25 28 1.584
25 29 2.608
25 30 1.001
25 31 0.341
25 32 1.172
25 33 0.827
25 34 0.787
25 35 1.544
25 36 0.476
25 37 1.196
25 38 2.494
25 39 0.956
25 40 2.419
25 41 1.565
25 42 2.098
25 43 0.257
25 44 1.114
25 45 2.474
25 46 0.874
25 47 0.648
25 48 2.516
25 49 0.253
25 50 0.827
25 51 3.505
25 52 0.494
25 53 0.143
25 54 2.650
25 55 0.122
25 56 2.619
25 57 1.898
25 58 0.626
25 59 0.892
25 60 0.510
25 61 1.604
25 62 2.565
25 63 0.669
25 64 2.899
25 65 0.778
25 66 1.652
25 67 0.720
25 68 1.396
25 69 0.600
25 70 0.169
25 71 1.685
25 72 0.838
25 73 0.291
25 74 0.882
25 75 1.204
25 76 0.580
25 77 0.820
25 78 1.228
25 79 1.142
25 80 1.034
25 81 0.681
25 82 0.730
25 83 2.280
25 84 0.394
25 85 1.366
25 86 0.332
25 87 1.853
25 88 1.138
25 89 0.971
25 90 1.240
25 91 1.674
25 92 0.966
25 93 0.321
25 94 0.469
25 95 1.891
25 96 2.634
25 97 1.866
25 98 1.795
25 99 0.331
26 27 0.474
26 28 2.484
26 29 1.742
26 30 1.863
26 31 1.215
26 32 2.082
26 33 0.248
26 34 1.681
26 35 0.799
26 36 0.510
26 37 0.304
26 38 1.582
26 39 0.381
26 40 1.557
26 41 0.679
26 42 1.190
26 43 1.107
26 44 1.984
26 45 3.360
26 46 1.789
26 47 0.312
26 48 1.629
26 49 0.934
26 50 0.094
26 51 2.627
26 52 0.423
26 53 0.868
26 54 1.803
26 55 0.978
26 56 1.734
26 57 2.794
26 58 0.320
26 59 0.150
26 60 1.102
26 61 2.395
26 62 3.403
26 63 0.740
26 64 1.992
26 65 1.189
26 66 0.752
26 67 1.483
26 68 2.265
26 69 0.562
26 70 0.752
26 71 2.529
26 72 0.295
26 73 1.151
26 74 0.063
26 75 0.301
26 76 1.127
26 77 0.505
26 78 0.313
26 79 2.018
26 80 0.306
26 81 0.756
26 82 0.723
26 83 1.365
26 84 0.561
26 85 0.579
26 86 0.974
26 87 2.681
26 88 0.319
26 89 1.873
26 90 0.383
26 91 0.775
26 92 1.782
26 93 1.014
26 94 1.377
26 95 1.045
26 96 1.723
26 97 2.772
26 98 0.879
26 99 1.239
27 28 2.319
27 29 1.889
27 30 1.758
27 31 1.099
27 32 1.894
27 33 0.228
27 34 1.403
27 35 0.797
27 36 0.610
27 37 0.597
27 38 1.931
27 39 0.229
27 40 1.700
27 41 0.904
27 42 1.449
27 43 1.007
27 44 1.868
27 45 3.216
27 46 1.588
27 47 0.526
27 48 1.819
27 49 0.902
27 50 0.454
27 51 2.788
27 52 0.440
27 53 0.646
27 54 1.918
27 55 0.864
27 56 1.917
27 57 2.633
27 58 0.503
27 59 0.584
27 60 1.145
27 61 2.359
27 62 3.321
27 63 0.956
27 64 2.228
27 65 1.329
27 66 1.008
27 67 1.457
27 68 2.150
27 69 0.766
27 70 0.602
27 71 2.442
27 72 0.190
27 73 1.046
27 74 0.500
27 75 0.622
27 76 1.195
27 77 0.841
27 78 0.683
27 79 1.895
27 80 0.354
27 81 0.297
27 82 0.973
27 83 1.652
27 84 0.381
27 85 1.051
27 86 0.971
27 87 2.610
27 88 0.792
27 89 1.710
27 90 0.589
27 91 1.024
27 92 1.721
27 93 0.700
27 94 1.213
27 95 1.172
27 96 1.981
27 97 2.590
27 98 1.228
27 99 1.017
28 29 4.192
28 30 0.656
28 31 1.269
28 32 0.430
28 33 2.411
28 34 1.009
28 35 3.115
28 36 1.988
28 37 2.775
28 38 4.027
28 39 2.532
28 40 4.003
28 41 3.147
28 42 3.673
28 43 1.377
28 44 0.532
28 45 0.899
28 46 0.736
28 47 2.186
28 48 4.100
28 49 1.561
28 50 2.391
28 51 5.089
28 52 2.063
28 53 1.676
28 54 4.231
28 55 1.507
28 56 4.202
28 57 0.315
28 58 2.171
28 59 2.429
28 60 1.482
28 61 0.666
28 62 1.095
28 63 1.949
28 64 4.476
28 65 1.606
28 66 3.231
28 67 1.095
28 68 0.317
28 69 2.021
28 70 1.752
28 71 0.430
28 72 2.420
28 73 1.332
28 74 2.441
28 75 2.780
28 76 1.501
28 77 2.226
28 78 2.796
28 79 0.490
28 80 2.617
28 81 2.148
28 82 2.011
28 83 3.847
28 84 1.976
28 85 2.832
28 86 1.540
28 87 0.576
28 88 2.651
28 89 0.613
28 90 2.823
28 91 3.253
28 92 0.802
28 93 1.645
28 94 1.115
28 95 3.474
28 96 4.206
28 97 0.297
28 98 3.348
28 99 1.302
29 30 3.593
29 31 2.934
29 32 3.774
29 33 1.781
29 34 3.291
29 35 1.106
29 36 2.252
29 37 1.439
29 38 0.903
29 39 1.666
29 40 0.189
29 41 1.064
29 42 0.645
29 43 2.830
29 44 3.712
29 45 5.082
29 46 3.470
29 47 2.055
29 48 0.197
29 49 2.670
29 50 1.836
29 51 0.899
29 52 2.143
29 53 2.519
29 54 0.138
29 55 2.692
29 56 0.150
29 57 4.506
29 58 2.062
29 59 1.838
29 60 2.843
29 61 4.137
29 62 5.144
29 63 2.442
29 64 0.500
29 65 2.900
29 66 1.003
29 67 3.225
29 68 3.995
29 69 2.288
29 70 2.440
29 71 4.267
29 72 1.772
29 73 2.873
29 74 1.796
29 75 1.442
29 76 2.864
29 77 2.157
29 78 1.449
29 79 3.744
29 80 1.575
29 81 2.120
29 82 2.406
29 83 0.631
29 84 2.216
29 85 1.668
29 86 2.715
29 87 4.422
29 88 1.695
29 89 3.579
29 90 1.375
29 91 0.978
29 92 3.522
29 93 2.589
29 94 3.077
29 95 0.719
29 96 0.478
29 97 4.471
29 98 1.040
29 99 2.899
30 31 0.663
30 32 0.394
30 33 1.818
30 34 0.725
30 35 2.544
30 36 1.357
30 37 2.161
30 38 3.383
30 39 1.956
30 40 3.405
30 41 2.536
30 42 3.051
30 43 0.765
30 44 0.125
30 45 1.499
30 46 0.396
30 47 1.557
30 48 3.490
30 49 0.929
30 50 1.769
30 51 4.485
30 52 1.451
30 53 1.117
30 54 3.641
30 55 0.904
30 56 3.594
30 57 0.949
30 58 1.544
30 59 1.796
30 60 0.827
30 61 0.645
30 62 1.564
30 63 1.294
30 64 3.852
30 65 0.958
30 66 2.614
30 67 0.440
30 68 0.403
30 69 1.374
30 70 1.164
30 71 0.684
30 72 1.834
30 73 0.722
30 74 1.816
30 75 2.163
30 76 0.845
30 77 1.574
30 78 2.172
30 79 0.166
30 80 2.026
30 81 1.638
30 82 1.356
30 83 3.217
30 84 1.392
30 85 2.181
30 86 0.898
30 87 0.855
30 88 2.008
30 89 0.234
30 90 2.218
30 91 2.637
30 92 0.176
30 93 1.147
30 94 0.558
30 95 2.879
30 96 3.579
30 97 0.953
30 98 2.713
30 99 0.787
31 32 0.875
31 33 1.156
31 34 0.638
31 35 1.881
31 36 0.723
31 37 1.507
31 38 2.768
31 39 1.293
31 40 2.745
31 41 1.881
31 42 2.404
31 43 0.109
31 44 0.779
31 45 2.149
31 46 0.601
31 47 0.919
31 48 2.835
31 49 0.307
31 50 1.122
31 51 3.828
31 52 0.795
31 53 0.469
31 54 2.980
31 55 0.242
31 56 2.938
31 57 1.580
31 58 0.903
31 59 1.164
31 60 0.385
31 61 1.264
31 62 2.226
31 63 0.769
31 64 3.207
31 65 0.660
31 66 1.963
31 67 0.406
31 68 1.062
31 69 0.783
31 70 0.501
31 71 1.346
31 72 1.171
31 73 0.064
31 74 1.172
31 75 1.512
31 76 0.452
31 77 1.004
31 78 1.527
31 79 0.810
31 80 1.363
31 81 1.008
31 82 0.836
31 83 2.578
31 84 0.729
31 85 1.596
31 86 0.318
31 87 1.512
31 88 1.394
31 89 0.660
31 90 1.560
31 91 1.985
31 92 0.626
31 93 0.560
31 94 0.192
31 95 2.218
31 96 2.937
31 97 1.559
31 98 2.082
31 99 0.276
32 33 1.996
32 34 0.591
32 35 2.691
32 36 1.598
32 37 2.367
32 38 3.644
32 39 2.110
32 40 3.585
32 41 2.737
32 42 3.269
32 43 0.985
32 44 0.322
32 45 1.329
32 46 0.307
32 47 1.793
32 48 3.687
32 49 1.179
32 50 1.990
32 51 4.672
32 52 1.659
32 53 1.255
32 54 3.810
32 55 1.105
32 56 3.789
32 57 0.743
32 58 1.775
32 59 2.038
32 60 1.145
32 61 0.817
32 62 1.507
32 63 1.603
32 64 4.070
32 65 1.320
32 66 2.824
32 67 0.797
32 68 0.402
32 69 1.651
32 70 1.340
32 71 0.706
32 72 2.002
32 73 0.940
32 74 2.043
32 75 2.374
32 76 1.179
32 77 1.865
32 78 2.395
32 79 0.287
32 80 2.200
32 81 1.719
32 82 1.668
32 83 3.447
32 84 1.560
32 85 2.465
32 86 1.170
32 87 0.887
32 88 2.269
32 89 0.225
32 90 2.411
32 91 2.845
32 92 0.571
32 93 1.216
32 94 0.705
32 95 3.055
32 96 3.804
32 97 0.697
32 98 2.955
32 99 0.877
33 34 1.545
33 35 0.737
33 36 0.537
33 37 0.399
33 38 1.740
33 39 0.180
33 40 1.592
33 41 0.747
33 42 1.289
33 43 1.054
33 44 1.935
33 45 3.301
33 46 1.694
33 47 0.388
33 48 1.692
33 49 0.911
33 50 0.246
33 51 2.678
33 52 0.386
33 53 0.745
33 54 1.824
33 55 0.914
33 56 1.793
33 57 2.725
33 58 0.376
33 59 0.373
33 60 1.124
33 61 2.389
33 62 3.377
33 63 0.848
33 64 2.084
33 65 1.266
33 66 0.842
33 67 1.476
33 68 2.218
33 69 0.656
33 70 0.659
33 71 2.498
33 72 0.051
33 73 1.096
33 74 0.283
33 75 0.418
33 76 1.164
33 77 0.677
33 78 0.470
33 79 1.965
33 80 0.208
33 81 0.520
33 82 0.850
33 83 1.483
33 84 0.436
33 85 0.823
33 86 0.969
33 87 2.659
33 88 0.565
33 89 1.798
33 90 0.420
33 91 0.861
33 92 1.760
33 93 0.851
33 94 1.296
33 95 1.064
33 96 1.825
33 97 2.692
33 98 1.033
33 99 1.126
34 35 2.190
34 36 1.262
34 37 1.938
34 38 3.263
34 39 1.630
34 40 3.102
34 41 2.290
34 42 2.834
34 43 0.721
34 44 0.759
34 45 1.893
34 46 0.339
34 47 1.433
34 48 3.222
34 49 0.914
34 50 1.597
34 51 4.189
34 52 1.269
34 53 0.813
34 54 3.314
34 55 0.778
34 56 3.320
34 57 1.310
34 58 1.409
34 59 1.673
34 60 1.018
34 61 1.339
34 62 2.097
34 63 1.391
34 64 3.625
34 65 1.279
34 66 2.386
34 67 0.855
34 68 0.967
34 69 1.370
34 70 0.937
34 71 1.283
34 72 1.541
34 73 0.687
34 74 1.655
34 75 1.952
34 76 1.080
34 77 1.594
34 78 1.987
34 79 0.755
34 80 1.737
34 81 1.185
34 82 1.458
34 83 3.027
34 84 1.124
34 85 2.152
34 86 0.947
34 87 1.466
34 88 1.923
34 89 0.521
34 90 1.964
34 91 2.406
34 92 0.838
34 93 0.703
34 94 0.459
34 95 2.575
34 96 3.370
34 97 1.239
34 98 2.559
34 99 0.457
35 36 1.264
35 37 0.541
35 38 1.361
35 39 0.588
35 40 0.919
35 41 0.394
35 42 0.795
35 43 1.782
35 44 2.657
35 45 4.012
35 46 2.385
35 47 1.088
35 48 1.062
35 49 1.648
35 50 0.878
35 51 2.001
35 52 1.123
35 53 1.440
35 54 1.124
35 55 1.640
35 56 1.152
35 57 3.430
35 58 1.085
35 59 0.939
35 60 1.859
35 61 3.125
35 62 4.106
35 63 1.537
35 64 1.493
35 65 1.980
35 66 0.482
35 67 2.212
35 68 2.940
35 69 1.354
35 70 1.380
35 71 3.226
35 72 0.713
35 73 1.824
35 74 0.862
35 75 0.567
35 76 1.895
35 77 1.298
35 78 0.627
35 79 2.685
35 80 0.535
35 81 1.014
35 82 1.522
35 83 1.010
35 84 1.152
35 85 1.075
35 86 1.705
35 87 3.390
35 88 0.932
35 89 2.505
35 90 0.437
35 91 0.479
35 92 2.493
35 93 1.490
35 94 2.007
35 95 0.413
35 96 1.277
35 97 3.387
35 98 0.784
35 99 1.814
36 37 0.813
36 38 2.045
36 39 0.712
36 40 2.066
36 41 1.189
36 42 1.694
36 43 0.614
36 44 1.480
36 45 2.856
36 46 1.317
36 47 0.200
36 48 2.139
36 49 0.428
36 50 0.416
36 51 3.136
36 52 0.171
36 53 0.494
36 54 2.311
36 55 0.501
36 56 2.244
36 57 2.295
36 58 0.190
36 59 0.441
36 60 0.598
36 61 1.886
36 62 2.893
36 63 0.353
36 64 2.495
36 65 0.731
36 66 1.260
36 67 0.973
36 68 1.760
36 69 0.180
36 70 0.348
36 71 2.019
36 72 0.573
36 73 0.659
36 74 0.460
36 75 0.811
36 76 0.631
36 77 0.364
36 78 0.816
36 79 1.515
36 80 0.729
36 81 0.735
36 82 0.383
36 83 1.860
36 84 0.320
36 85 0.891
36 86 0.464
36 87 2.171
36 88 0.673
36 89 1.383
36 90 0.883
36 91 1.284
36 92 1.272
36 93 0.697
36 94 0.900
36 95 1.550
36 96 2.222
36 97 2.280
36 98 1.360
36 99 0.805
37 38 1.341
37 39 0.395
37 40 1.253
37 41 0.376
37 42 0.902
37 43 1.400
37 44 2.281
37 45 3.656
37 46 2.070
37 47 0.616
37 48 1.329
37 49 1.234
37 50 0.397
37 51 2.326
37 52 0.712
37 53 1.130
37 54 1.500
37 55 1.268
37 56 1.434
37 57 3.086
37 58 0.623
37 59 0.417
37 60 1.405
37 61 2.698
37 62 3.705
37 63 1.031
37 64 1.703
37 65 1.485
37 66 0.456
37 67 1.786
37 68 2.563
37 69 0.861
37 70 1.028
37 71 2.830
37 72 0.416
37 73 1.445
37 74 0.360
37 75 0.035
37 76 1.430
37 77 0.770
37 78 0.114
37 79 2.314
37 80 0.256
37 81 0.893
37 82 1.007
37 83 1.089
37 84 0.817
37 85 0.585
37 86 1.276
37 87 2.983
37 88 0.397
37 89 2.162
37 90 0.105
37 91 0.478
37 92 2.084
37 93 1.249
37 94 1.663
37 95 0.742
37 96 1.438
37 97 3.061
37 98 0.634
37 99 1.510
38 39 1.711
38 40 0.875
38 41 1.050
38 42 0.577
38 43 2.659
38 44 3.507
38 45 4.875
38 46 3.360
38 47 1.852
38 48 0.712
38 49 2.468
38 50 1.668
38 51 1.406
38 52 2.000
38 53 2.450
38 54 1.042
38 55 2.542
38 56 0.764
38 57 4.330
38 58 1.872
38 59 1.606
38 60 2.565
38 61 3.831
38 62 4.857
38 63 2.106
38 64 0.683
38 65 2.534
38 66 0.940
38 67 2.964
38 68 3.780
38 69 2.008
38 70 2.332
38 71 4.011
38 72 1.756
38 73 2.704
38 74 1.612
38 75 1.322
38 76 2.563
38 77 1.815
38 78 1.279
38 79 3.546
38 80 1.577
38 81 2.220
38 82 2.052
38 83 0.380
38 84 2.141
38 85 1.215
38 86 2.487
38 87 4.142
38 88 1.376
38 89 3.427
38 90 1.343
38 91 0.929
38 92 3.273
38 93 2.586
38 94 2.943
38 95 1.003
38 96 0.459
38 97 4.321
38 98 0.708
38 99 2.820
39 40 1.477
39 41 0.677
39 42 1.221
39 43 1.195
39 44 2.070
39 45 3.427
39 46 1.805
39 47 0.569
39 48 1.592
39 49 1.068
39 50 0.409
39 51 2.565
39 52 0.554
39 53 0.856
39 54 1.699
39 55 1.053
39 56 1.691
39 57 2.846
39 58 0.556
39 59 0.525
39 60 1.291
39 61 2.541
39 62 3.519
39 63 1.029
39 64 2.000
39 65 1.442
39 66 0.781
39 67 1.631
39 68 2.352
39 69 0.836
39 70 0.792
39 71 2.639
39 72 0.139
39 73 1.237
39 74 0.432
39 75 0.425
39 76 1.334
39 77 0.851
39 78 0.496
39 79 2.098
39 80 0.140
39 81 0.509
39 82 1.030
39 83 1.425
39 84 0.564
39 85 0.919
39 86 1.129
39 87 2.803
39 88 0.674
39 89 1.920
39 90 0.369
39 91 0.797
39 92 1.908
39 93 0.927
39 94 1.421
39 95 0.948
39 96 1.752
39 97 2.807
39 98 1.014
39 99 1.234
40 41 0.880
40 42 0.505
40 43 2.641
40 44 3.524
40 45 4.893
40 46 3.281
40 47 1.869
40 48 0.202
40 49 2.483
40 50 1.650
40 51 1.088
40 52 1.955
40 53 2.330
40 54 0.259
40 55 2.504
40 56 0.252
40 57 4.317
40 58 1.876
40 59 1.656
40 60 2.658
40 61 3.952
40 62 4.957
40 63 2.262
40 64 0.626
40 65 2.720
40 66 0.823
40 67 3.039
40 68 3.807
40 69 2.106
40 70 2.251
40 71 4.080
40 72 1.583
40 73 2.685
40 74 1.612
40 75 1.257
40 76 2.680
40 77 1.979
40 78 1.267
40 79 3.555
40 80 1.386
40 81 1.933
40 82 2.228
40 83 0.546
40 84 2.027
40 85 1.508
40 86 2.529
40 87 4.235
40 88 1.521
40 89 3.389
40 90 1.188
40 91 0.799
40 92 3.335
40 93 2.400
40 94 2.888
40 95 0.530
40 96 0.516
40 97 4.282
40 98 0.888
40 99 2.710
41 42 0.545
41 43 1.775
41 44 2.656
41 45 4.031
41 46 2.437
41 47 0.991
41 48 0.954
41 49 1.610
41 50 0.772
41 51 1.949
41 52 1.086
41 53 1.491
41 54 1.129
41 55 1.641
41 56 1.058
41 57 3.460
41 58 0.999
41 59 0.777
41 60 1.779
41 61 3.073
41 62 4.081
41 63 1.388
41 64 1.337
41 65 1.845
41 66 0.109
41 67 2.161
41 68 2.939
41 69 1.227
41 70 1.397
41 71 3.206
41 72 0.750
41 73 1.819
41 74 0.732
41 75 0.378
41 76 1.801
41 77 1.112
41 78 0.391
41 79 2.689
41 80 0.555
41 81 1.182
41 82 1.357
41 83 0.748
41 84 1.180
41 85 0.742
41 86 1.652
41 87 3.359
41 88 0.671
41 89 2.534
41 90 0.327
41 91 0.121
41 92 2.460
41 93 1.592
41 94 2.034
41 95 0.387
41 96 1.080
41 97 3.432
41 98 0.400
41 99 1.872
42 43 2.296
42 44 3.173
42 45 4.549
42 46 2.972
42 47 1.494
42 48 0.478
42 49 2.121
42 50 1.283
42 51 1.463
42 52 1.610
42 53 2.030
42 54 0.756
42 55 2.167
42 56 0.583
42 57 3.984
42 58 1.506
42 59 1.259
42 60 2.266
42 61 3.561
42 62 4.579
42 63 1.841
42 64 0.803
42 65 2.295
42 66 0.448
42 67 2.659
42 68 3.453
42 69 1.703
42 70 1.930
42 71 3.710
42 72 1.294
42 73 2.341
42 74 1.235
42 75 0.894
42 76 2.279
42 77 1.549
42 78 0.879
42 79 3.207
42 80 1.100
42 81 1.722
42 82 1.799
42 83 0.215
42 84 1.718
42 85 1.028
42 86 2.156
42 87 3.857
42 88 1.083
42 89 3.062
42 90 0.870
42 91 0.428
42 92 2.963
42 93 2.137
42 94 2.564
42 95 0.426
42 96 0.537
42 97 3.961
42 98 0.396
42 99 2.411
43 44 0.883
43 45 2.256
43 46 0.708
43 47 0.810
43 48 2.729
43 49 0.202
43 50 1.013
43 51 3.723
43 52 0.689
43 53 0.395
43 54 2.877
43 55 0.143
43 56 2.832
43 57 1.687
43 58 0.794
43 59 1.054
43 60 0.336
43 61 1.352
43 62 2.324
43 63 0.673
43 64 3.099
43 65 0.619
43 66 1.856
43 67 0.464
43 68 1.165
43 69 0.677
43 70 0.405
43 71 1.445
43 72 1.071
43 73 0.045
43 74 1.063
43 75 1.404
43 76 0.408
43 77 0.899
43 78 1.419
43 79 0.915
43 80 1.261
43 81 0.936
43 82 0.740
43 83 2.469
43 84 0.632
43 85 1.488
43 86 0.226
43 87 1.608
43 88 1.285
43 89 0.769
43 90 1.455
43 91 1.878
43 92 0.714
43 93 0.522
43 94 0.294
43 95 2.115
43 96 2.829
43 97 1.668
43 98 1.973
43 99 0.309
44 45 1.376
44 46 0.421
44 47 1.680
44 48 3.610
44 49 1.052
44 50 1.890
44 51 4.605
44 52 1.570
44 53 1.225
44 54 3.759
44 55 1.021
44 56 3.714
44 57 0.824
44 58 1.666
44 59 1.919
44 60 0.952
44 61 0.581
44 62 1.454
44 63 1.419
44 64 3.975
44 65 1.077
44 66 2.735
44 67 0.563
44 68 0.283
44 69 1.499
44 70 1.278
44 71 0.579
44 72 1.949
44 73 0.839
44 74 1.938
44 75 2.284
44 76 0.969
44 77 1.700
44 78 2.294
44 79 0.045
44 80 2.142
44 81 1.738
44 82 1.480
44 83 3.340
44 84 1.506
44 85 2.306
44 86 1.022
44 87 0.756
44 88 2.133
44 89 0.238
44 90 2.337
44 91 2.758
44 92 0.278
44 93 1.241
44 94 0.660
44 95 2.997
44 96 3.702
44 97 0.829
44 98 2.837
44 99 0.882
45 46 1.635
45 47 3.056
45 48 4.984
45 49 2.428
45 50 3.266
45 51 5.977
45 52 2.944
45 53 2.572
45 54 5.124
45 55 2.391
45 56 5.088
45 57 0.587
45 58 3.043
45 59 3.295
45 60 2.310
45 61 1.122
45 62 0.459
45 63 2.773
45 64 5.351
45 65 2.378
45 66 4.111
45 67 1.912
45 68 1.097
45 69 2.869
45 70 2.642
45 71 0.882
45 72 3.313
45 73 2.211
45 74 3.314
45 75 3.659
45 76 2.316
45 77 3.061
45 78 3.670
45 79 1.342
45 80 3.508
45 81 3.047
45 82 2.830
45 83 4.716
45 84 2.868
45 85 3.666
45 86 2.397
45 87 0.799
45 88 3.504
45 89 1.507
45 90 3.709
45 91 4.133
45 92 1.603
45 93 2.544
45 94 2.007
45 95 4.365
45 96 5.078
45 97 0.659
45 98 4.211
45 99 2.201
46 47 1.508
46 48 3.385
46 49 0.909
46 50 1.699
46 51 4.369
46 52 1.366
46 53 0.951
46 54 3.504
46 55 0.817
46 56 3.487
46 57 1.049
46 58 1.488
46 59 1.753
46 60 0.921
46 61 1.000
46 62 1.796
46 63 1.359
46 64 3.772
46 65 1.138
46 66 2.526
46 67 0.641
46 68 0.639
46 69 1.385
46 70 1.042
46 71 0.957
46 72 1.699
46 73 0.665
46 74 1.753
46 75 2.078
46 76 0.967
46 77 1.605
46 78 2.102
46 79 0.417
46 80 1.897
46 81 1.413
46 82 1.425
46 83 3.154
46 84 1.258
46 85 2.196
46 86 0.912
46 87 1.139
46 88 1.990
46 89 0.183
46 90 2.111
46 91 2.547
46 92 0.534
46 93 0.909
46 94 0.417
46 95 2.751
46 96 3.508
46 97 1.002
46 98 2.666
46 99 0.571
47 48 1.939
47 49 0.628
47 50 0.220
47 51 2.937
47 52 0.181
47 53 0.634
47 54 2.115
47 55 0.690
47 56 2.044
47 57 2.495
47 58 0.030
47 59 0.246
47 60 0.790
47 61 2.082
47 62 3.092
47 63 0.461
47 64 2.295
47 65 0.892
47 66 1.061
47 67 1.171
47 68 1.960
47 69 0.270
47 70 0.498
47 71 2.219
47 72 0.433
47 73 0.855
47 74 0.260
47 75 0.613
47 76 0.816
47 77 0.319
47 78 0.615
47 79 1.715
47 80 0.559
47 81 0.725
47 82 0.462
47 83 1.661
47 84 0.374
47 85 0.726
47 86 0.664
47 87 2.369
47 88 0.490
47 89 1.579
47 90 0.691
47 91 1.084
47 92 1.472
47 93 0.818
47 94 1.091
47 95 1.356
47 96 2.022
47 97 2.478
47 98 1.162
47 99 0.979
48 49 2.562
48 50 1.723
48 51 0.999
48 52 2.040
48 53 2.436
48 54 0.333
48 55 2.594
48 56 0.106
48 57 4.412
48 58 1.949
48 59 1.714
48 60 2.722
48 61 4.018
48 62 5.031
48 63 2.308
48 64 0.440
48 65 2.764
48 66 0.879
48 67 3.110
48 68 3.892
48 69 2.162
48 70 2.348
48 71 4.158
48 72 1.687
48 73 2.773
48 74 1.680
48 75 1.328
48 76 2.739
48 77 2.019
48 78 1.326
48 79 3.643
48 80 1.489
48 81 2.067
48 82 2.269
48 83 0.436
48 84 2.127
48 85 1.506
48 86 2.602
48 87 4.309
48 88 1.554
48 89 3.486
48 90 1.276
48 91 0.855
48 92 3.411
48 93 2.519
48 94 2.985
48 95 0.653
48 96 0.317
48 97 4.383
48 98 0.874
48 99 2.817
49 50 0.840
49 51 3.559
49 52 0.530
49 53 0.386
49 54 2.724
49 55 0.162
49 56 2.667
49 57 1.867
49 58 0.615
49 59 0.869
49 60 0.265
49 61 1.478
49 62 2.473
49 63 0.478
49 64 2.923
49 65 0.525
49 66 1.685
49 67 0.564
49 68 1.332
49 69 0.476
49 70 0.321
49 71 1.597
49 72 0.935
49 73 0.244
49 74 0.886
49 75 1.234
49 76 0.332
49 77 0.697
49 78 1.243
49 79 1.087
49 80 1.117
49 81 0.890
49 82 0.544
49 83 2.289
49 84 0.522
49 85 1.289
49 86 0.081
49 87 1.752
49 88 1.092
49 89 0.959
49 90 1.296
49 91 1.708
49 92 0.852
49 93 0.574
49 94 0.496
49 95 1.961
49 96 2.650
49 97 1.854
49 98 1.788
49 99 0.477
50 51 2.720
50 52 0.333
50 53 0.784
50 54 1.896
50 55 0.886
50 56 1.828
50 57 2.701
50 58 0.227
50 59 0.131
50 60 1.010
50 61 2.302
50 62 3.309
50 63 0.660
50 64 2.086
50 65 1.104
50 66 0.845
50 67 1.389
50 68 2.172
50 69 0.477
50 70 0.664
50 71 2.435
50 72 0.297
50 73 1.058
50 74 0.060
50 75 0.395
50 76 1.036
50 77 0.445
50 78 0.405
50 79 1.924
50 80 0.363
50 81 0.719
50 82 0.648
50 83 1.457
50 84 0.482
50 85 0.623
50 86 0.880
50 87 2.587
50 88 0.363
50 89 1.780
50 90 0.471
50 91 0.868
50 92 1.688
50 93 0.939
50 94 1.286
50 95 1.136
50 96 1.815
50 97 2.680
50 98 0.968
50 99 1.152
51 52 3.035
51 53 3.418
51 54 0.883
51 55 3.587
51 56 0.893
51 57 5.403
51 58 2.947
51 59 2.712
51 60 3.721
51 61 5.016
51 62 6.029
51 63 3.303
51 64 0.728
51 65 3.758
51 66 1.877
51 67 4.108
51 68 4.888
51 69 3.160
51 70 3.337
51 71 5.155
51 72 2.670
51 73 3.767
51 74 2.678
51 75 2.326
51 76 3.737
51 77 3.012
51 78 2.324
51 79 4.637
51 80 2.473
51 81 3.014
51 82 3.262
51 83 1.349
51 84 3.113
51 85 2.476
51 86 3.600
51 87 5.307
51 88 2.546
51 89 4.476
51 90 2.268
51 91 1.853
51 92 4.409
51 93 3.487
51 94 3.974
51 95 1.618
51 96 0.999
51 97 5.369
51 98 1.847
51 99 3.798
52 53 0.461
52 54 2.194
52 55 0.556
52 56 2.144
52 57 2.375
52 58 0.152
52 59 0.406
52 60 0.738
52 61 2.007
52 62 3.003
52 63 0.521
52 64 2.413
52 65 0.895
52 66 1.168
52 67 1.092
52 68 1.853
52 69 0.337
52 70 0.332
52 71 2.125
52 72 0.417
52 73 0.733
52 74 0.388
52 75 0.717
52 76 0.780
52 77 0.471
52 78 0.736
52 79 1.603
52 80 0.589
52 81 0.579
52 82 0.545
52 83 1.788
52 84 0.195
52 85 0.903
52 86 0.583
52 87 2.282
52 88 0.658
52 89 1.451
52 90 0.768
52 91 1.190
52 92 1.382
52 93 0.637
52 94 0.954
52 95 1.432
52 96 2.145
52 97 2.350
52 98 1.301
52 99 0.820
53 54 2.555
53 55 0.265
53 56 2.537
53 57 1.990
53 58 0.608
53 59 0.867
53 60 0.648
53 61 1.732
53 62 2.679
53 63 0.749
53 64 2.828
53 65 0.909
53 66 1.583
53 67 0.860
53 68 1.505
53 69 0.646
53 70 0.145
53 71 1.801
53 72 0.749
53 73 0.426
53 74 0.843
53 75 1.142
53 76 0.717
53 77 0.855
53 78 1.174
53 79 1.250
53 80 0.946
53 81 0.541
53 82 0.805
53 83 2.219
53 84 0.313
53 85 1.360
53 86 0.467
53 87 1.972
53 88 1.119
53 89 1.065
53 90 1.164
53 91 1.603
53 92 1.094
53 93 0.214
53 94 0.568
53 95 1.801
53 96 2.567
53 97 1.952
53 98 1.746
53 99 0.382
54 55 2.738
54 56 0.284
54 57 4.545
54 58 2.121
54 59 1.907
54 60 2.905
54 61 4.196
54 62 5.197
54 63 2.515
54 64 0.603
54 65 2.973
54 66 1.079
54 67 3.282
54 68 4.042
54 69 2.356
54 70 2.483
54 71 4.319
54 72 1.811
54 73 2.920
54 74 1.859
54 75 1.506
54 76 2.929
54 77 2.234
54 78 1.519
54 79 3.789
54 80 1.617
54 81 2.135
54 82 2.483
54 83 0.761
54 84 2.256
54 85 1.766
54 86 2.772
54 87 4.476
54 88 1.778
54 89 3.618
54 90 1.429
54 91 1.054
54 92 3.576
54 93 2.614
54 94 3.117
54 95 0.763
54 96 0.614
54 97 4.506
54 98 1.145
54 99 2.933
55 56 2.698
55 57 1.819
55 58 0.671
55 59 0.936
55 60 0.398
55 61 1.495
55 62 2.466
55 63 0.626
55 64 2.969
55 65 0.673
55 66 1.724
55 67 0.602
55 68 1.304
55 69 0.592
55 70 0.262
55 71 1.586
55 72 0.930
55 73 0.183
55 74 0.938
55 75 1.273
55 76 0.470
55 77 0.817
55 78 1.291
55 79 1.051
55 80 1.122
55 81 0.801
55 82 0.691
55 83 2.343
55 84 0.489
55 85 1.388
55 86 0.231
55 87 1.750
55 88 1.174
55 89 0.895
55 90 1.319
55 91 1.746
55 92 0.858
55 93 0.426
55 94 0.401
55 95 1.977
55 96 2.700
55 97 1.794
55 98 1.850
55 99 0.327
56 57 4.515
56 58 2.054
56 59 1.820
56 60 2.828
56 61 4.124
56 62 5.136
56 63 2.414
56 64 0.376
56 65 2.870
56 66 0.984
56 67 3.215
56 68 3.996
56 69 2.268
56 70 2.450
56 71 4.263
56 72 1.788
56 73 2.877
56 74 1.785
56 75 1.433
56 76 2.845
56 77 2.125
56 78 1.431
56 79 3.747
56 80 1.590
56 81 2.160
56 82 2.375
56 83 0.525
56 84 2.229
56 85 1.610
56 86 2.708
56 87 4.414
56 88 1.660
56 89 3.589
56 90 1.379
56 91 0.960
56 92 3.516
56 93 2.617
56 94 3.088
56 95 0.747
56 96 0.329
56 97 4.485
56 98 0.978
56 99 2.918
57 58 2.480
57 59 2.736
57 60 1.774
57 61 0.763
57 62 0.835
57 63 2.241
57 64 4.786
57 65 1.877
57 66 3.542
57 67 1.380
57 68 0.563
57 69 2.322
57 70 2.066
57 71 0.482
57 72 2.734
57 73 1.643
57 74 2.750
57 75 3.091
57 76 1.788
57 77 2.523
57 78 3.106
57 79 0.784
57 80 2.931
57 81 2.461
57 82 2.302
57 83 4.155
57 84 2.290
57 85 3.129
57 86 1.843
57 87 0.533
57 88 2.954
57 89 0.927
57 90 3.136
57 91 3.564
57 92 1.077
57 93 1.958
57 94 1.429
57 95 3.788
57 96 4.516
57 97 0.133
57 98 3.655
57 99 1.617
58 59 0.266
58 60 0.785
58 61 2.075
58 62 3.082
58 63 0.473
58 64 2.309
58 65 0.897
58 66 1.071
58 67 1.163
58 68 1.947
58 69 0.280
58 70 0.473
58 71 2.208
58 72 0.419
58 73 0.839
58 74 0.271
58 75 0.621
58 76 0.814
58 77 0.346
58 78 0.628
58 79 1.701
58 80 0.553
58 81 0.697
58 82 0.478
58 83 1.676
58 84 0.344
58 85 0.753
58 86 0.653
58 87 2.360
58 88 0.514
58 89 1.562
58 90 0.694
58 91 1.094
58 92 1.462
58 93 0.789
58 94 1.072
58 95 1.361
58 96 2.037
58 97 2.461
58 98 1.180
58 99 0.956
59 60 1.008
59 61 2.304
59 62 3.320
59 63 0.614
59 64 2.059
59 65 1.070
59 66 0.837
59 67 1.399
59 68 2.198
59 69 0.450
59 70 0.736
59 71 2.451
59 72 0.423
59 73 1.100
59 74 0.093
59 75 0.405
59 76 1.026
59 77 0.360
59 78 0.389
59 79 1.955
59 80 0.456
59 81 0.847
59 82 0.590
59 83 1.421
59 84 0.579
59 85 0.507
59 86 0.898
59 87 2.598
59 88 0.254
59 89 1.824
59 90 0.510
59 91 0.861
59 92 1.704
59 93 1.036
59 94 1.337
59 95 1.156
59 96 1.784
59 97 2.721
59 98 0.919
59 99 1.222
60 61 1.296
60 62 2.313
60 63 0.467
60 64 3.063
60 65 0.283
60 66 1.844
60 67 0.399
60 68 1.218
60 69 0.565
60 70 0.585
60 71 1.450
60 72 1.155
60 73 0.351
60 74 1.046
60 75 1.401
60 76 0.073
60 77 0.751
60 78 1.397
60 79 0.993
60 80 1.324
60 81 1.154
60 82 0.530
60 83 2.419
60 84 0.770
60 85 1.357
60 86 0.185
60 87 1.591
60 88 1.199
60 89 0.920
60 90 1.479
60 91 1.868
60 92 0.708
60 93 0.823
60 94 0.560
60 95 2.146
60 96 2.785
60 97 1.779
60 98 1.910
60 99 0.643
61 62 1.026
61 63 1.730
61 64 4.354
61 65 1.299
61 66 3.140
61 67 0.915
61 68 0.426
61 69 1.858
61 70 1.757
61 71 0.281
61 72 2.412
61 73 1.314
61 74 2.341
61 75 2.695
61 76 1.282
61 77 2.025
61 78 2.692
61 79 0.584
61 80 2.595
61 81 2.266
61 82 1.781
61 83 3.709
61 84 1.981
61 85 2.616
61 86 1.425
61 87 0.326
61 88 2.486
61 89 0.817
61 90 2.768
61 91 3.164
61 92 0.638
61 93 1.784
61 94 1.194
61 95 3.435
61 96 4.075
61 97 0.855
61 98 3.199
61 99 1.427
62 63 2.755
62 64 5.375
62 65 2.325
62 66 4.152
62 67 1.921
62 68 1.176
62 69 2.877
62 70 2.727
62 71 0.880
62 72 3.395
62 73 2.283
62 74 3.351
62 75 3.704
62 76 2.303
62 77 3.049
62 78 3.705
62 79 1.430
62 80 3.585
62 81 3.188
62 82 2.806
62 83 4.731
62 84 2.955
62 85 3.642
62 86 2.429
62 87 0.722
62 88 3.508
62 89 1.638
62 90 3.769
62 91 4.176
62 92 1.621
62 93 2.687
62 94 2.113
62 95 4.434
62 96 5.097
62 97 0.952
62 98 4.221
62 99 2.330
63 64 2.627
63 65 0.458
63 66 1.439
63 67 0.863
63 68 1.683
63 69 0.193
63 70 0.614
63 71 1.905
63 72 0.892
63 73 0.711
63 74 0.677
63 75 1.018
63 76 0.457
63 77 0.295
63 78 0.997
63 79 1.460
63 80 1.016
63 81 1.085
63 82 0.067
63 83 1.981
63 84 0.665
63 85 0.893
63 86 0.450
63 87 2.037
63 88 0.759
63 89 1.379
63 90 1.120
63 91 1.464
63 92 1.171
63 93 0.963
63 94 0.960
63 95 1.769
63 96 2.347
63 97 2.246
63 98 1.470
63 99 0.952
64 65 3.076
64 66 1.247
64 67 3.457
64 68 4.255
64 69 2.498
64 70 2.731
64 71 4.509
64 72 2.085
64 73 3.144
64 74 2.037
64 75 1.696
64 76 3.073
64 77 2.333
64 78 1.681
64 79 4.010
64 80 1.888
64 81 2.486
64 82 2.582
64 83 0.647
64 84 2.516
64 85 1.772
64 86 2.957
64 87 4.654
64 88 1.869
64 89 3.864
64 90 1.664
64 91 1.225
64 92 3.763
64 93 2.925
64 94 3.366
64 95 1.080
64 96 0.282
64 97 4.763
64 98 1.157
64 99 3.209
65 66 1.897
65 67 0.524
65 68 1.314
65 69 0.628
65 70 0.824
65 71 1.498
65 72 1.303
65 73 0.631
65 74 1.128
65 75 1.474
65 76 0.211
65 77 0.746
65 78 1.455
65 79 1.121
65 80 1.450
65 81 1.383
65 82 0.496
65 83 2.429
65 84 0.975
65 85 1.320
65 86 0.445
65 87 1.616
65 88 1.212
65 89 1.101
65 90 1.572
65 91 1.922
65 92 0.804
65 93 1.097
65 94 0.820
65 95 2.226
65 96 2.795
65 97 1.900
65 98 1.919
65 99 0.925
66 67 2.231
66 68 3.017
66 69 1.286
66 70 1.484
66 71 3.279
66 72 0.848
66 73 1.900
66 74 0.801
66 75 0.452
66 76 1.863
66 77 1.156
66 78 0.448
66 79 2.769
66 80 0.656
66 81 1.288
66 82 1.405
66 83 0.644
66 84 1.271
66 85 0.732
66 86 1.724
66 87 3.430
66 88 0.701
66 89 2.618
66 90 0.423
66 91 0.025
66 92 2.533
66 93 1.690
66 94 2.119
66 95 0.375
66 96 0.984
66 97 3.517
66 98 0.302
66 99 1.963
67 68 0.821
67 69 0.961
67 70 0.858
67 71 1.052
67 72 1.499
67 73 0.436
67 74 1.431
67 75 1.784
67 76 0.408
67 77 1.150
67 78 1.785
67 79 0.605
67 80 1.681
67 81 1.400
67 82 0.922
67 83 2.816
67 84 1.077
67 85 1.755
67 86 0.511
67 87 1.199
67 88 1.597
67 89 0.580
67 90 1.853
67 91 2.255
67 92 0.309
67 93 0.965
67 94 0.448
67 95 2.520
67 96 3.181
67 97 1.392
67 98 2.307
67 99 0.654
68 69 1.773
68 70 1.561
68 71 0.317
68 72 2.232
68 73 1.122
68 74 2.218
68 75 2.565
68 76 1.228
68 77 1.969
68 78 2.575
68 79 0.255
68 80 2.425
68 81 2.012
68 82 1.743
68 83 3.619
68 84 1.788
68 85 2.574
68 86 1.300
68 87 0.500
68 88 2.408
68 89 0.468
68 90 2.620
68 91 3.040
68 92 0.514
68 93 1.512
68 94 0.938
68 95 3.280
68 96 3.982
68 97 0.595
68 98 3.114
68 99 1.154
69 70 0.502
69 71 2.014
69 72 0.699
69 73 0.720
69 74 0.502
69 75 0.852
69 76 0.577
69 77 0.224
69 78 0.839
69 79 1.537
69 80 0.828
69 81 0.912
69 82 0.208
69 83 1.855
69 84 0.500
69 85 0.815
69 86 0.482
69 87 2.156
69 88 0.636
69 89 1.429
69 90 0.945
69 91 1.311
69 92 1.269
69 93 0.857
69 94 0.971
69 95 1.603
69 96 2.220
69 97 2.316
69 98 1.346
69 99 0.915
70 71 1.847
70 72 0.672
70 73 0.445
70 74 0.720
70 75 1.037
70 76 0.648
70 77 0.710
70 78 1.062
70 79 1.307
70 80 0.866
70 81 0.569
70 82 0.667
70 83 2.113
70 84 0.228
70 85 1.222
70 86 0.400
70 87 2.012
70 88 0.986
70 89 1.139
70 90 1.072
70 91 1.505
70 92 1.120
70 93 0.355
70 94 0.638
70 95 1.723
70 96 2.466
70 97 2.035
70 98 1.631
70 99 0.488
71 72 2.515
71 73 1.403
71 74 2.479
71 75 2.830
71 76 1.448
71 77 2.196
71 78 2.834
71 79 0.561
71 80 2.705
71 81 2.318
71 82 1.960
71 83 3.868
71 84 2.075
71 85 2.798
71 86 1.555
71 87 0.183
71 88 2.648
71 89 0.784
71 90 2.892
71 91 3.303
71 92 0.747
71 93 1.820
71 94 1.239
71 95 3.556
71 96 4.233
71 97 0.578
71 98 3.360
71 99 1.461
72 73 1.113
72 74 0.332
72 75 0.438
72 76 1.196
72 77 0.726
72 78 0.496
72 79 1.979
72 80 0.198
72 81 0.486
72 82 0.896
72 83 1.491
72 84 0.445
72 85 0.866
72 86 0.995
72 87 2.678
72 88 0.610
72 89 1.807
72 90 0.424
72 91 0.866
72 92 1.780
72 93 0.843
72 94 1.306
72 95 1.053
72 96 1.830
72 97 2.699
72 98 1.051
72 99 1.130
73 74 1.108
73 75 1.449
73 76 0.421
73 77 0.941
73 78 1.464
73 79 0.870
73 80 1.304
73 81 0.967
73 82 0.778
73 83 2.514
73 84 0.673
73 85 1.532
73 86 0.261
73 87 1.567
73 88 1.330
73 89 0.724
73 90 1.499
73 91 1.923
73 92 0.676
73 93 0.538
73 94 0.252
73 95 2.158
73 96 2.874
73 97 1.623
73 98 2.018
73 99 0.294
74 75 0.354
74 76 1.070
74 77 0.442
74 78 0.356
74 79 1.972
74 80 0.366
74 81 0.773
74 82 0.660
74 83 1.406
74 84 0.542
74 85 0.566
74 86 0.923
74 87 2.629
74 88 0.304
74 89 1.832
74 90 0.443
74 91 0.825
74 92 1.732
74 93 0.999
74 94 1.339
74 95 1.103
74 96 1.766
74 97 2.731
74 98 0.913
74 99 1.209
75 76 1.424
75 77 0.753
75 78 0.079
75 79 2.317
75 80 0.286
75 81 0.918
75 82 0.992
75 83 1.077
75 84 0.829
75 85 0.550
75 86 1.275
75 87 2.982
75 88 0.367
75 89 2.168
75 90 0.135
75 91 0.474
75 92 2.083
75 93 1.265
75 94 1.670
75 95 0.752
75 96 1.430
75 97 3.067
75 98 0.614
75 99 1.520
76 77 0.749
76 78 1.415
76 79 1.011
76 80 1.360
76 81 1.216
76 82 0.515
76 83 2.428
76 84 0.825
76 85 1.351
76 86 0.251
76 87 1.584
76 88 1.205
76 89 0.955
76 90 1.507
76 91 1.887
76 92 0.715
76 93 0.895
76 94 0.621
76 95 2.172
76 96 2.794
76 97 1.798
76 98 1.918
76 99 0.714
77 78 0.722
77 79 1.739
77 80 0.806
77 81 1.041
77 82 0.250
77 83 1.687
77 84 0.661
77 85 0.606
77 86 0.695
77 87 2.331
77 88 0.466
77 89 1.642
77 90 0.867
77 91 1.181
77 92 1.459
77 93 1.061
77 94 1.193
77 95 1.497
77 96 2.053
77 97 2.523
77 98 1.176
77 99 1.139
78 79 2.329
78 80 0.358
78 81 0.980
78 82 0.967
78 83 1.052
78 84 0.863
78 85 0.473
78 86 1.279
78 87 2.983
78 88 0.306
78 89 2.186
78 90 0.208
78 91 0.472
78 92 2.087
78 93 1.307
78 94 1.690
78 95 0.775
78 96 1.410
78 97 3.085
78 98 0.572
78 99 1.549
79 80 2.172
79 81 1.759
79 82 1.522
79 83 3.375
79 84 1.535
79 85 2.345
79 86 1.060
79 87 0.740
79 88 2.170
79 89 0.235
79 90 2.369
79 91 2.791
79 92 0.323
79 93 1.260
79 94 0.683
79 95 3.028
79 96 3.737
79 97 0.787
79 98 2.873
79 99 0.901
80 81 0.644
80 82 1.009
80 83 1.300
80 84 0.641
80 85 0.797
80 86 1.172
80 87 2.866
80 88 0.563
80 89 2.004
80 90 0.235
80 91 0.673
80 92 1.967
80 93 1.037
80 94 1.502
80 95 0.857
80 96 1.635
80 97 2.896
80 98 0.877
80 99 1.328
81 82 1.118
81 83 1.929
81 84 0.421
81 85 1.335
81 86 0.969
81 87 2.492
81 88 1.074
81 89 1.554
81 90 0.877
81 91 1.303
81 92 1.630
81 93 0.504
81 94 1.080
81 95 1.414
81 96 2.248
81 97 2.407
81 98 1.521
81 99 0.858
82 83 1.935
82 84 0.701
82 85 0.838
82 86 0.518
82 87 2.090
82 88 0.716
82 89 1.444
82 90 1.099
82 91 1.429
82 92 1.230
82 93 1.019
82 94 1.028
82 95 1.741
82 96 2.301
82 97 2.308
82 98 1.424
82 99 1.017
83 84 1.906
83 85 1.128
83 86 2.319
83 87 4.010
83 88 1.223
83 89 3.237
83 90 1.067
83 91 0.627
83 92 3.122
83 93 2.333
83 94 2.743
83 95 0.630
83 96 0.366
83 97 4.137
83 98 0.511
83 99 2.597
84 85 1.084
84 86 0.593
84 87 2.240
84 88 0.832
84 89 1.363
84 90 0.853
84 91 1.291
84 92 1.346
84 93 0.458
84 94 0.861
84 95 1.498
84 96 2.255
84 97 2.256
84 98 1.435
84 99 0.693
85 86 1.296
85 87 2.928
85 88 0.262
85 89 2.244
85 90 0.680
85 91 0.755
85 92 2.064
85 93 1.539
85 94 1.781
85 95 1.107
85 96 1.490
85 97 3.128
85 98 0.633
85 99 1.696
86 87 1.707
86 88 1.111
86 89 0.948
86 90 1.343
86 91 1.748
86 92 0.808
86 93 0.652
86 94 0.510
86 95 2.009
86 96 2.682
86 97 1.835
86 98 1.814
86 99 0.526
87 88 2.788
87 89 0.966
87 90 3.048
87 91 3.454
87 92 0.900
87 93 1.997
87 94 1.413
87 95 3.714
87 96 4.376
87 97 0.652
87 98 3.501
87 99 1.638
88 89 2.051
88 90 0.501
88 91 0.725
88 92 1.905
88 93 1.290
88 94 1.573
88 95 1.058
88 96 1.590
88 97 2.945
88 98 0.713
88 99 1.469
89 90 2.210
89 91 2.640
89 92 0.396
89 93 1.051
89 94 0.501
89 95 2.860
89 96 3.595
89 97 0.899
89 98 2.742
89 99 0.698
90 91 0.442
90 92 2.148
90 93 1.267
90 94 1.709
90 95 0.667
90 96 1.406
90 97 3.107
90 98 0.646
90 99 1.545
91 92 2.556
91 93 1.709
91 94 2.141
91 95 0.353
91 96 0.964
91 97 3.539
91 98 0.306
91 99 1.984
92 93 1.157
92 94 0.572
92 95 2.813
92 96 3.487
92 97 1.096
92 98 2.615
92 99 0.807
93 94 0.590
93 95 1.873
93 96 2.672
93 97 1.906
93 98 1.878
93 99 0.360
94 95 2.359
94 96 3.099
94 97 1.398
94 98 2.251
94 99 0.235
95 96 0.867
95 97 3.752
95 98 0.592
95 99 2.181
96 97 4.495
96 98 0.877
96 99 2.947
97 98 3.640
97 99 1.574
98 99 2.119
