nodei nodej distance
0 1 0.928
0 2 0.830
0 3 0.435
0 4 0.296
0 5 2.410
0 6 2.955
0 7 2.758
0 8 3.956
0 9 1.181
0 10 1.436
0 11 2.053
0 12 2.704
0 13 2.184
0 14 2.163
0 15 2.794
0 16 2.204
0 17 3.786
0 18 3.013
0 19 2.349
0 20 2.328
0 21 1.875
0 22 3.849
0 23 2.739
0 24 2.057
0 25 3.150
0 26 3.037
0 27 2.271
0 28 2.734
0 29 3.951
0 30 1.957
0 31 1.838
0 32 1.979
0 33 1.576
0 34 2.148
0 35 2.435
0 36 3.372
0 37 3.884
0 38 1.797
0 39 2.219
0 40 3.232
0 41 1.391
0 42 1.593
0 43 2.432
0 44 3.110
0 45 2.937
0 46 2.446
0 47 1.701
0 48 2.242
0 49 1.428
0 50 1.652
0 51 0.280
0 52 2.834
0 53 2.514
0 54 0.927
0 55 3.480
0 56 2.973
0 57 2.587
0 58 3.082
0 59 3.275
0 60 1.368
0 61 2.061
0 62 1.581
0 63 2.283
0 64 2.831
0 65 3.284
0 66 1.924
0 67 2.321
0 68 3.189
0 69 1.553
0 70 1.933
0 71 4.749
0 72 2.048
0 73 2.553
0 74 1.623
0 75 2.919
0 76 3.339
0 77 3.426
0 78 2.587
0 79 1.617
0 80 3.868
0 81 1.231
0 82 2.497
0 83 1.427
0 84 1.754
0 85 3.354
0 86 3.190
0 87 3.499
0 88 3.815
0 89 1.249
0 90 2.299
0 91 1.582
0 92 2.854
0 93 2.707
0 94 3.326
0 95 2.961
0 96 2.985
0 97 2.434
0 98 3.194
0 99 1.893
1 2 1.758
1 3 0.864
1 4 0.902
1 5 2.699
1 6 3.027
1 7 2.995
1 8 4.209
1 9 2.067
1 10 1.932
1 11 1.959
1 12 2.971
1 13 2.829
1 14 2.658
1 15 3.430
1 16 2.783
1 17 4.025
1 18 3.508
1 19 3.097
1 20 1.924
1 21 2.524
1 22 4.449
1 23 2.550
1 24 2.783
1 25 3.384
1 26 3.655
1 27 2.629
1 28 3.402
1 29 4.682
1 30 2.036
1 31 2.055
1 32 2.146
1 33 1.428
1 34 2.374
1 35 2.289
1 36 3.768
1 37 4.399
1 38 1.696
1 39 3.106
1 40 3.811
1 41 1.108
1 42 1.335
1 43 3.006
1 44 2.825
1 45 2.841
1 46 2.898
1 47 2.603
1 48 2.275
1 49 1.750
1 50 2.093
1 51 1.046
1 52 3.631
1 53 2.756
1 54 1.772
1 55 3.438
1 56 3.596
1 57 3.457
1 58 2.985
1 59 3.773
1 60 1.197
1 61 2.642
1 62 1.695
1 63 1.794
1 64 2.882
1 65 4.116
1 66 1.999
1 67 2.252
1 68 3.775
1 69 1.704
1 70 2.117
1 71 4.809
1 72 2.260
1 73 2.833
1 74 2.507
1 75 3.446
1 76 4.125
1 77 3.931
1 78 3.170
1 79 1.489
1 80 4.404
1 81 1.769
1 82 3.031
1 83 1.634
1 84 2.514
1 85 3.275
1 86 3.779
1 87 3.581
1 88 4.089
1 89 1.914
1 90 2.811
1 91 1.520
1 92 3.506
1 93 3.553
1 94 3.394
1 95 3.606
1 96 2.849
1 97 2.945
1 98 3.450
1 99 1.793
2 3 1.053
2 4 0.932
2 5 2.388
2 6 3.083
2 7 2.751
2 8 3.856
2 9 0.487
2 10 1.373
2 11 2.412
2 12 2.672
2 13 1.778
2 14 1.951
2 15 2.345
2 16 1.882
2 17 3.708
2 18 2.717
2 19 1.780
2 20 2.867
2 21 1.504
2 22 3.391
2 23 3.096
2 24 1.550
2 25 3.114
2 26 2.596
2 27 2.195
2 28 2.250
2 29 3.342
2 30 2.192
2 31 1.974
2 32 2.135
2 33 2.049
2 34 2.223
2 35 2.787
2 36 3.159
2 37 3.520
2 38 2.198
2 39 1.445
2 40 2.826
2 41 1.979
2 42 2.129
2 43 2.092
2 44 3.515
2 45 3.208
2 46 2.248
2 47 0.912
2 48 2.475
2 49 1.561
2 50 1.597
2 51 0.777
2 52 2.173
2 53 2.526
2 54 0.477
2 55 3.670
2 56 2.529
2 57 1.830
2 58 3.343
2 59 2.958
2 60 1.899
2 61 1.754
2 62 1.862
2 63 2.878
2 64 2.988
2 65 2.565
2 66 2.169
2 67 2.627
2 68 2.777
2 69 1.809
2 70 2.082
2 71 4.798
2 72 2.152
2 73 2.524
2 74 0.878
2 75 2.592
2 76 2.677
2 77 3.093
2 78 2.219
2 79 2.069
2 80 3.480
2 81 1.189
2 82 2.197
2 83 1.668
2 84 1.233
2 85 3.584
2 86 2.774
2 87 3.581
2 88 3.701
2 89 1.017
2 90 2.047
2 91 1.995
2 92 2.383
2 93 1.981
2 94 3.430
2 95 2.491
2 96 3.284
2 97 2.168
2 98 3.134
2 99 2.278
3 4 0.148
3 5 2.045
3 6 2.543
3 7 2.381
3 8 3.592
3 9 1.251
3 10 1.136
3 11 1.619
3 12 2.335
3 13 1.987
3 14 1.877
3 15 2.595
3 16 1.965
3 17 3.417
3 18 2.735
3 19 2.235
3 20 1.909
3 21 1.678
3 22 3.632
3 23 2.303
3 24 1.922
3 25 2.775
3 26 2.827
3 27 1.927
3 28 2.556
3 29 3.824
3 30 1.536
3 31 1.443
3 32 1.575
3 33 1.143
3 34 1.761
3 35 2.000
3 36 3.054
3 37 3.621
3 38 1.362
3 39 2.274
3 40 3.000
3 41 0.978
3 42 1.169
3 43 2.192
3 44 2.676
3 45 2.505
3 46 2.143
3 47 1.794
3 48 1.819
3 49 1.052
3 50 1.331
3 51 0.282
3 52 2.767
3 53 2.136
3 54 0.936
3 55 3.055
3 56 2.766
3 57 2.611
3 58 2.651
3 59 3.001
3 60 0.940
3 61 1.821
3 62 1.159
3 63 1.881
3 64 2.415
3 65 3.255
3 66 1.503
3 67 1.889
3 68 2.961
3 69 1.137
3 70 1.532
3 71 4.343
3 72 1.656
3 73 2.187
3 74 1.680
3 75 2.657
3 76 3.260
3 77 3.156
3 78 2.353
3 79 1.183
3 80 3.615
3 81 0.948
3 82 2.234
3 83 1.019
3 84 1.649
3 85 2.925
3 86 2.964
3 87 3.092
3 88 3.457
3 89 1.057
3 90 2.023
3 91 1.146
3 92 2.666
3 93 2.697
3 94 2.916
3 95 2.769
3 96 2.551
3 97 2.159
3 98 2.827
3 99 1.458
4 5 2.139
4 6 2.664
4 7 2.482
4 8 3.687
4 9 1.173
4 10 1.195
4 11 1.758
4 12 2.431
4 13 2.007
4 14 1.933
4 15 2.617
4 16 2.001
4 17 3.514
4 18 2.790
4 19 2.224
4 20 2.057
4 21 1.696
4 22 3.663
4 23 2.445
4 24 1.917
4 25 2.875
4 26 2.854
4 27 2.010
4 28 2.571
4 29 3.822
4 30 1.662
4 31 1.552
4 32 1.690
4 33 1.288
4 34 1.866
4 35 2.140
4 36 3.127
4 37 3.671
4 38 1.504
4 39 2.207
4 40 3.036
4 41 1.125
4 42 1.316
4 43 2.230
4 44 2.821
4 45 2.641
4 46 2.208
4 47 1.713
4 48 1.947
4 49 1.149
4 50 1.401
4 51 0.157
4 52 2.742
4 53 2.236
4 54 0.870
4 55 3.184
4 56 2.792
4 57 2.555
4 58 2.786
4 59 3.055
4 60 1.088
4 61 1.857
4 62 1.286
4 63 2.027
4 64 2.538
4 65 3.218
4 66 1.629
4 67 2.025
4 68 2.996
4 69 1.259
4 70 1.645
4 71 4.460
4 72 1.764
4 73 2.281
4 74 1.609
4 75 2.705
4 76 3.240
4 77 3.208
4 78 2.389
4 79 1.328
4 80 3.661
4 81 0.997
4 82 2.281
4 83 1.135
4 84 1.632
4 85 3.058
4 86 2.998
4 87 3.210
4 88 3.549
4 89 1.068
4 90 2.075
4 91 1.288
4 92 2.684
4 93 2.652
4 94 3.035
4 95 2.789
4 96 2.689
4 97 2.212
4 98 2.923
4 99 1.599
5 6 0.794
5 7 0.363
5 8 1.548
5 9 2.065
5 10 1.025
5 11 1.095
5 12 0.294
5 13 1.128
5 14 0.622
5 15 1.345
5 16 0.895
5 17 1.376
5 18 1.002
5 19 1.615
5 20 1.798
5 21 1.131
5 22 2.034
5 23 1.342
5 24 1.423
5 25 0.743
5 26 1.433
5 27 0.226
5 28 1.438
5 29 2.614
5 30 0.771
5 31 0.646
5 32 0.591
5 33 1.423
5 34 0.344
5 35 1.170
5 36 1.092
5 37 1.824
5 38 1.217
5 39 2.378
5 40 1.440
5 41 1.741
5 42 1.599
5 43 0.927
5 44 1.755
5 45 1.184
5 46 0.512
5 47 2.298
5 48 0.737
5 49 0.993
5 50 0.796
5 51 2.135
5 52 2.116
5 53 0.158
5 54 1.913
5 55 1.406
5 56 1.408
5 57 2.442
5 58 1.261
5 59 1.231
5 60 1.593
5 61 0.900
5 62 1.020
5 63 1.997
5 64 0.769
5 65 2.632
5 66 0.803
5 67 0.979
5 68 1.431
5 69 0.999
5 70 0.603
5 71 2.409
5 72 0.456
5 73 0.143
5 74 2.126
5 75 1.032
5 76 2.402
5 77 1.382
5 78 1.029
5 79 1.367
5 80 1.864
5 81 1.227
5 82 0.810
5 83 1.067
5 84 1.522
5 85 1.395
5 86 1.444
5 87 1.209
5 88 1.412
5 89 1.374
5 90 0.682
5 91 1.279
5 92 1.444
5 93 2.342
5 94 1.080
5 95 1.487
5 96 1.308
5 97 0.708
5 98 0.784
5 99 1.169
6 7 0.541
6 8 1.301
6 9 2.810
6 10 1.715
6 11 1.096
6 12 0.641
6 13 1.912
6 14 1.413
6 15 2.027
6 16 1.679
6 17 1.112
6 18 1.520
6 19 2.391
6 20 1.582
6 21 1.924
6 22 2.460
6 23 0.865
6 24 2.215
6 25 0.619
6 26 2.049
6 27 1.019
6 28 2.145
6 29 3.179
6 30 1.013
6 31 1.130
6 32 0.979
6 33 1.606
6 34 0.860
6 35 0.893
6 36 1.315
6 37 2.119
6 38 1.340
6 39 3.171
6 40 1.974
6 41 1.941
6 42 1.734
6 43 1.673
6 44 1.155
6 45 0.543
6 46 1.249
6 47 3.081
6 48 0.752
6 49 1.554
6 50 1.501
6 51 2.697
6 52 2.859
6 53 0.636
6 54 2.619
6 55 0.615
6 56 2.042
6 57 3.224
6 58 0.549
6 59 1.659
6 60 1.832
6 61 1.693
6 62 1.388
6 63 1.814
6 64 0.152
6 65 3.354
6 66 1.049
6 67 0.819
6 68 1.983
6 69 1.406
6 70 1.028
6 71 1.802
6 72 0.934
6 73 0.715
6 74 2.907
6 75 1.614
6 76 3.088
6 77 1.774
6 78 1.741
6 79 1.544
6 80 2.195
6 81 1.894
6 82 1.536
6 83 1.529
6 84 2.313
6 85 0.610
6 86 2.000
6 87 0.556
6 88 1.232
6 89 2.094
6 90 1.455
6 91 1.507
6 92 2.121
6 93 3.112
6 94 0.373
6 95 2.138
6 96 0.667
6 97 1.449
6 98 0.716
6 99 1.249
7 8 1.218
7 9 2.422
7 10 1.388
7 11 1.236
7 12 0.104
7 13 1.400
7 14 0.924
7 15 1.487
7 16 1.169
7 17 1.038
7 18 1.003
7 19 1.867
7 20 1.877
7 21 1.454
7 22 1.990
7 23 1.286
7 24 1.715
7 25 0.394
7 26 1.516
7 27 0.567
7 28 1.604
7 29 2.665
7 30 0.987
7 31 0.949
7 32 0.850
7 33 1.652
7 34 0.626
7 35 1.196
7 36 0.911
7 37 1.703
7 38 1.415
7 39 2.675
7 40 1.460
7 41 1.984
7 42 1.815
7 43 1.141
7 44 1.647
7 45 1.038
7 46 0.721
7 47 2.633
7 48 0.845
7 49 1.333
7 50 1.159
7 51 2.485
7 52 2.322
7 53 0.246
7 54 2.275
7 55 1.118
7 56 1.506
7 57 2.703
7 58 1.077
7 59 1.174
7 60 1.846
7 61 1.203
7 62 1.301
7 63 2.095
7 64 0.583
7 65 2.813
7 66 1.023
7 67 1.040
7 68 1.464
7 69 1.293
7 70 0.879
7 71 2.046
7 72 0.738
7 73 0.230
7 74 2.463
7 75 1.084
7 76 2.548
7 77 1.307
7 78 1.201
7 79 1.592
7 80 1.763
7 81 1.588
7 82 1.000
7 83 1.381
7 84 1.849
7 85 1.146
7 86 1.480
7 87 0.861
7 88 1.094
7 89 1.736
7 90 0.939
7 91 1.520
7 92 1.580
7 93 2.583
7 94 0.751
7 95 1.600
7 96 1.167
7 97 0.918
7 98 0.455
7 99 1.347
8 9 3.466
8 10 2.544
8 11 2.363
8 12 1.258
8 13 2.221
8 14 1.908
8 15 1.950
8 16 2.037
8 17 0.190
8 18 1.327
8 19 2.559
8 20 2.880
8 21 2.406
8 22 1.744
8 23 2.134
8 24 2.545
8 25 0.826
8 26 1.811
8 27 1.692
8 28 2.102
8 29 2.606
8 30 2.182
8 31 2.167
8 32 2.064
8 33 2.836
8 34 1.844
8 35 2.193
8 36 0.811
8 37 1.276
8 38 2.582
8 39 3.439
8 40 1.595
8 41 3.172
8 42 2.985
8 43 1.883
8 44 2.311
8 45 1.770
8 46 1.615
8 47 3.550
8 48 1.983
8 49 2.541
8 50 2.317
8 51 3.679
8 52 2.808
8 53 1.462
8 54 3.381
8 55 1.354
8 56 1.848
8 57 3.339
8 58 1.700
8 59 1.232
8 60 3.043
8 61 2.137
8 62 2.515
8 63 3.113
8 64 1.449
8 65 3.167
8 66 2.219
8 67 2.106
8 68 1.636
8 69 2.510
8 70 2.096
8 71 1.167
8 72 1.956
8 73 1.406
8 74 3.399
8 75 1.483
8 76 2.817
8 77 1.224
8 78 1.831
8 79 2.774
8 80 1.389
8 81 2.751
8 82 1.741
8 83 2.599
8 84 2.778
8 85 1.534
8 86 1.653
8 87 0.897
8 88 0.161
8 89 2.847
8 90 1.833
8 91 2.714
8 92 2.004
8 93 3.156
8 94 1.043
8 95 1.953
8 96 1.867
8 97 1.731
8 98 0.766
8 99 2.501
9 10 1.112
9 11 2.294
9 12 2.334
9 13 1.321
9 14 1.560
9 15 1.869
9 16 1.450
9 17 3.328
9 18 2.274
9 19 1.294
9 20 2.845
9 21 1.070
9 22 2.910
9 23 2.950
9 24 1.072
9 25 2.762
9 26 2.120
9 27 1.855
9 28 1.769
9 29 2.859
9 30 2.016
9 31 1.757
9 32 1.918
9 33 2.024
9 34 1.957
9 35 2.648
9 36 2.738
9 37 3.053
9 38 2.119
9 39 1.041
9 40 2.355
9 41 2.036
9 42 2.142
9 43 1.647
9 44 3.386
9 45 3.007
9 46 1.851
9 47 0.543
9 48 2.280
9 49 1.385
9 50 1.310
9 51 1.023
9 52 1.698
9 53 2.213
9 54 0.327
9 55 3.415
9 56 2.053
9 57 1.406
9 58 3.133
9 59 2.507
9 60 1.924
9 61 1.334
9 62 1.737
9 63 2.895
9 64 2.732
9 65 2.114
9 66 1.999
9 67 2.467
9 68 2.305
9 69 1.675
9 70 1.864
9 71 4.459
9 72 1.905
9 73 2.192
9 74 0.442
9 75 2.143
9 76 2.203
9 77 2.636
9 78 1.764
9 79 2.031
9 80 3.009
9 81 0.975
9 82 1.764
9 83 1.542
9 84 0.759
9 85 3.352
9 86 2.301
9 87 3.274
9 88 3.308
9 89 0.723
9 90 1.636
9 91 1.938
9 92 1.903
9 93 1.533
9 94 3.137
9 95 2.011
9 96 3.098
9 97 1.748
9 98 2.772
9 99 2.184
10 11 1.246
10 12 1.316
10 13 0.932
10 14 0.741
10 15 1.510
10 16 0.853
10 17 2.383
10 18 1.600
10 19 1.314
10 20 1.894
10 21 0.660
10 22 2.517
10 23 1.861
10 24 0.997
10 25 1.764
10 26 1.726
10 27 0.853
10 28 1.500
10 29 2.805
10 30 0.924
10 31 0.648
10 32 0.808
10 33 1.142
10 34 0.854
10 35 1.569
10 36 1.937
10 37 2.486
10 38 1.133
10 39 1.746
10 40 1.879
10 41 1.310
10 42 1.309
10 43 1.074
10 44 2.304
10 45 1.897
10 46 1.013
10 47 1.480
10 48 1.175
10 49 0.354
10 50 0.229
10 51 1.156
10 52 1.894
10 53 1.156
10 54 0.905
10 55 2.312
10 56 1.669
10 57 1.959
10 58 2.022
10 59 1.865
10 60 1.155
10 61 0.715
10 62 0.726
10 63 2.001
10 64 1.628
10 65 2.429
10 66 0.914
10 67 1.378
10 68 1.843
10 69 0.659
10 70 0.755
10 71 3.431
10 72 0.795
10 73 1.165
10 74 1.306
10 75 1.523
10 76 2.338
10 77 2.020
10 78 1.238
10 79 1.121
10 80 2.482
10 81 0.208
10 82 1.102
10 83 0.562
10 84 0.861
10 85 2.242
10 86 1.847
10 87 2.208
10 88 2.397
10 89 0.389
10 90 0.888
10 91 1.010
10 92 1.592
10 93 1.956
10 94 2.057
10 95 1.687
10 96 1.990
10 97 1.024
10 98 1.795
10 99 1.172
11 12 1.260
11 13 1.953
11 14 1.490
11 15 2.357
11 16 1.761
11 17 2.173
11 18 2.096
11 19 2.428
11 20 0.724
11 21 1.791
11 22 3.129
11 23 0.693
11 24 2.147
11 25 1.571
11 26 2.488
11 27 1.184
11 28 2.417
11 29 3.670
11 30 0.376
11 31 0.668
11 32 0.576
11 33 0.532
11 34 0.783
11 35 0.384
11 36 2.138
11 37 2.908
11 38 0.268
11 39 2.986
11 40 2.526
11 41 0.855
11 42 0.640
11 43 1.892
11 44 1.104
11 45 0.900
11 46 1.547
11 47 2.717
11 48 0.392
11 49 0.916
11 50 1.148
11 51 1.835
11 52 2.996
11 53 1.056
11 54 2.016
11 55 1.484
11 56 2.453
11 57 3.168
11 58 1.046
11 59 2.325
11 60 0.767
11 61 1.685
11 62 0.557
11 63 0.906
11 64 0.945
11 65 3.535
11 66 0.365
11 67 0.294
11 68 2.512
11 69 0.618
11 70 0.605
11 71 2.852
11 72 0.704
11 73 1.175
11 74 2.545
11 75 2.115
11 76 3.366
11 77 2.475
11 78 2.032
11 79 0.474
11 80 2.954
11 81 1.326
11 82 1.818
11 83 0.754
11 84 2.087
11 85 1.331
11 86 2.524
11 87 1.639
11 88 2.269
11 89 1.604
11 90 1.623
11 91 0.476
11 92 2.455
11 93 3.132
11 94 1.450
11 95 2.518
11 96 0.934
11 97 1.708
11 98 1.656
11 99 0.168
12 13 1.297
12 14 0.824
12 15 1.388
12 16 1.065
12 17 1.083
12 18 0.922
12 19 1.763
12 20 1.922
12 21 1.355
12 22 1.924
12 23 1.359
12 24 1.612
12 25 0.449
12 26 1.425
12 27 0.480
12 28 1.504
12 29 2.581
12 30 0.986
12 31 0.917
12 32 0.833
12 33 1.652
12 34 0.596
12 35 1.250
12 36 0.878
12 37 1.657
12 38 1.423
12 39 2.572
12 40 1.379
12 41 1.980
12 42 1.819
12 43 1.037
12 44 1.732
12 45 1.126
12 46 0.617
12 47 2.535
12 48 0.873
12 49 1.283
12 50 1.087
12 51 2.429
12 52 2.219
12 53 0.218
12 54 2.196
12 55 1.222
12 56 1.413
12 57 2.599
12 58 1.172
12 59 1.108
12 60 1.837
12 61 1.103
12 62 1.280
12 63 2.136
12 64 0.674
12 65 2.713
12 66 1.021
12 67 1.083
12 68 1.381
12 69 1.267
12 70 0.856
12 71 2.127
12 72 0.711
12 73 0.151
12 74 2.366
12 75 0.995
12 76 2.451
12 77 1.246
12 78 1.099
12 79 1.592
12 80 1.711
12 81 1.519
12 82 0.897
12 83 1.346
12 84 1.750
12 85 1.248
12 86 1.397
12 87 0.958
12 88 1.125
12 89 1.656
12 90 0.835
12 91 1.515
12 92 1.483
12 93 2.479
12 94 0.853
12 95 1.505
12 96 1.255
12 97 0.814
12 98 0.492
12 99 1.361
13 14 0.512
13 15 0.611
13 16 0.233
13 17 2.109
13 18 0.959
13 19 0.493
13 20 2.668
13 21 0.311
13 22 1.665
13 23 2.407
13 24 0.329
13 25 1.639
13 26 0.853
13 27 0.911
13 28 0.573
13 29 1.873
13 30 1.578
13 31 1.288
13 32 1.386
13 33 2.013
13 34 1.248
13 35 2.173
13 36 1.447
13 37 1.743
13 38 1.934
13 39 1.280
13 40 1.060
13 41 2.225
13 42 2.192
13 43 0.340
13 44 2.841
13 45 2.301
13 46 0.687
13 47 1.329
13 48 1.716
13 49 1.239
13 50 0.869
13 51 1.921
13 52 1.043
13 53 1.282
13 54 1.349
13 55 2.514
13 56 0.789
13 57 1.314
13 58 2.386
13 59 1.185
13 60 2.066
13 61 0.268
13 62 1.555
13 63 2.817
13 64 1.897
13 65 1.582
13 66 1.588
13 67 1.966
13 68 1.014
13 69 1.494
13 70 1.350
13 71 3.302
13 72 1.280
13 73 1.198
13 74 1.181
13 75 0.823
13 76 1.433
13 77 1.315
13 78 0.443
13 79 1.980
13 80 1.710
13 81 1.064
13 82 0.480
13 83 1.443
13 84 0.575
13 85 2.519
13 86 1.012
13 87 2.238
13 88 2.060
13 89 0.940
13 90 0.461
13 91 1.867
13 92 0.679
13 93 1.221
13 94 2.149
13 95 0.782
13 96 2.421
13 97 0.510
13 98 1.618
13 99 1.940
14 15 0.882
14 16 0.286
14 17 1.768
14 18 0.858
14 19 1.004
14 20 2.213
14 21 0.533
14 22 1.807
14 23 1.901
14 24 0.801
14 25 1.218
14 26 1.054
14 27 0.401
14 28 0.928
14 29 2.209
14 30 1.115
14 31 0.845
14 32 0.914
14 33 1.634
14 34 0.748
14 35 1.679
14 36 1.224
14 37 1.746
14 38 1.510
14 39 1.759
14 40 1.166
14 41 1.892
14 42 1.818
14 43 0.409
14 44 2.333
14 45 1.790
14 46 0.297
14 47 1.715
14 48 1.220
14 49 0.932
14 50 0.565
14 51 1.885
14 52 1.535
14 53 0.778
14 54 1.479
14 55 2.022
14 56 1.006
14 57 1.823
14 58 1.876
14 59 1.124
14 60 1.731
14 61 0.280
14 62 1.171
14 63 2.379
14 64 1.390
14 65 2.066
14 66 1.131
14 67 1.473
14 68 1.136
14 69 1.118
14 70 0.886
14 71 2.913
14 72 0.794
14 73 0.707
14 74 1.548
14 75 0.789
14 76 1.877
14 77 1.280
14 78 0.565
14 79 1.592
14 80 1.747
14 81 0.937
14 82 0.381
14 83 1.107
14 84 0.928
14 85 2.017
14 86 1.143
14 87 1.781
14 88 1.752
14 89 0.959
14 90 0.157
14 91 1.483
14 92 0.978
14 93 1.733
14 94 1.675
14 95 1.053
14 96 1.910
14 97 0.288
14 98 1.218
14 99 1.500
15 16 0.663
15 17 1.883
15 18 0.630
15 19 0.659
15 20 3.080
15 21 0.922
15 22 1.058
15 23 2.687
15 24 0.798
15 25 1.583
15 26 0.251
15 27 1.186
15 28 0.153
15 29 1.328
15 30 1.985
15 31 1.725
15 32 1.782
15 33 2.513
15 34 1.585
15 35 2.504
15 36 1.139
15 37 1.195
15 38 2.391
15 39 1.522
15 40 0.493
15 41 2.759
15 42 2.697
15 43 0.472
15 44 3.094
15 45 2.504
15 46 0.834
15 47 1.751
15 48 2.052
15 49 1.779
15 50 1.400
15 51 2.532
15 52 0.880
15 53 1.468
15 54 1.940
15 55 2.575
15 56 0.184
15 57 1.389
15 58 2.559
15 59 0.747
15 60 2.599
15 61 0.795
15 62 2.049
15 63 3.255
15 64 2.058
15 65 1.333
15 66 2.004
15 67 2.303
15 68 0.441
15 69 1.994
15 70 1.760
15 71 3.100
15 72 1.652
15 73 1.351
15 74 1.636
15 75 0.479
15 76 1.064
15 77 0.831
15 78 0.325
15 79 2.472
15 80 1.143
15 81 1.661
15 82 0.543
15 83 1.970
15 84 1.113
15 85 2.627
15 86 0.435
15 87 2.210
15 88 1.793
15 89 1.551
15 90 0.736
15 91 2.363
15 92 0.099
15 93 1.209
15 94 2.170
15 95 0.178
15 96 2.632
15 97 0.652
15 98 1.528
15 99 2.378
16 17 1.915
16 18 0.837
16 19 0.721
16 20 2.482
16 21 0.380
16 22 1.669
16 23 2.187
16 24 0.549
16 25 1.419
16 26 0.873
16 27 0.681
16 28 0.678
16 29 1.981
16 30 1.385
16 31 1.104
16 32 1.187
16 33 1.865
16 34 1.032
16 35 1.962
16 36 1.288
16 37 1.682
16 38 1.763
16 39 1.508
16 40 1.036
16 41 2.100
16 42 2.047
16 43 0.229
16 44 2.619
16 45 2.072
16 46 0.462
16 47 1.522
16 48 1.504
16 49 1.117
16 50 0.738
16 51 1.932
16 52 1.250
16 53 1.049
16 54 1.428
16 55 2.281
16 56 0.816
16 57 1.547
16 58 2.155
16 59 1.087
16 60 1.940
16 61 0.144
16 62 1.401
16 63 2.640
16 64 1.665
16 65 1.783
16 66 1.398
16 67 1.756
16 68 0.997
16 69 1.344
16 70 1.156
16 71 3.095
16 72 1.073
16 73 0.965
16 74 1.364
16 75 0.723
16 76 1.606
16 77 1.231
16 78 0.389
16 79 1.827
16 80 1.664
16 81 1.019
16 82 0.316
16 83 1.311
16 84 0.741
16 85 2.286
16 86 0.999
16 87 2.011
16 88 1.877
16 89 0.958
16 90 0.231
16 91 1.716
16 92 0.751
16 93 1.449
16 94 1.918
16 95 0.840
16 96 2.193
16 97 0.306
16 98 1.404
16 99 1.760
17 18 1.254
17 19 2.471
17 20 2.693
17 21 2.277
17 22 1.786
17 23 1.951
17 24 2.436
17 25 0.644
17 26 1.766
17 27 1.530
17 28 2.035
17 29 2.635
17 30 1.995
17 31 1.987
17 32 1.881
17 33 2.647
17 34 1.664
17 35 2.005
17 36 0.753
17 37 1.333
17 38 2.393
17 39 3.348
17 40 1.567
17 41 2.984
17 42 2.796
17 43 1.775
17 44 2.142
17 45 1.590
17 46 1.479
17 47 3.435
17 48 1.794
17 49 2.366
17 50 2.154
17 51 3.511
17 52 2.754
17 53 1.283
17 54 3.231
17 55 1.201
17 56 1.796
17 57 3.267
17 58 1.526
17 59 1.195
17 60 2.856
17 61 2.008
17 62 2.332
17 63 2.926
17 64 1.261
17 65 3.138
17 66 2.032
17 67 1.916
17 68 1.604
17 69 2.328
17 70 1.913
17 71 1.217
17 72 1.775
17 73 1.233
17 74 3.279
17 75 1.408
17 76 2.797
17 77 1.212
17 78 1.737
17 79 2.585
17 80 1.441
17 81 2.589
17 82 1.629
17 83 2.419
17 84 2.656
17 85 1.374
17 86 1.621
17 87 0.734
17 88 0.162
17 89 2.696
17 90 1.703
17 91 2.526
17 92 1.945
17 93 3.093
17 94 0.868
17 95 1.903
17 96 1.690
17 97 1.609
17 98 0.592
17 99 2.312
18 19 1.235
18 20 2.798
18 21 1.212
18 22 1.033
18 23 2.281
18 24 1.261
18 25 0.997
18 26 0.553
18 27 0.942
18 28 0.781
18 29 1.662
18 30 1.757
18 31 1.562
18 32 1.561
18 33 2.377
18 34 1.323
18 35 2.153
18 36 0.517
18 37 0.891
18 38 2.198
18 39 2.116
18 40 0.458
18 41 2.671
18 42 2.559
18 43 0.627
18 44 2.650
18 45 2.039
18 46 0.615
18 47 2.269
18 48 1.736
18 49 1.764
18 50 1.416
18 51 2.737
18 52 1.507
18 53 1.073
18 54 2.265
18 55 2.014
18 56 0.566
18 57 2.014
18 58 2.068
18 59 0.266
18 60 2.514
18 61 0.971
18 62 1.933
18 63 2.999
18 64 1.583
18 65 1.927
18 66 1.785
18 67 1.971
18 68 0.464
18 69 1.893
18 70 1.557
18 71 2.471
18 72 1.420
18 73 0.946
18 74 2.131
18 75 0.156
18 76 1.616
18 77 0.424
18 78 0.527
18 79 2.325
18 80 0.902
18 81 1.793
18 82 0.524
18 83 1.914
18 84 1.534
18 85 2.092
18 86 0.480
18 87 1.616
18 88 1.168
18 89 1.781
18 90 0.715
18 91 2.227
18 92 0.697
18 93 1.840
18 94 1.599
18 95 0.672
18 96 2.168
18 97 0.579
18 98 0.929
18 99 2.160
19 20 3.135
19 21 0.659
19 22 1.634
19 23 2.899
19 24 0.322
19 25 2.067
19 26 0.890
19 27 1.402
19 28 0.522
19 29 1.603
19 30 2.056
19 31 1.760
19 32 1.868
19 33 2.443
19 34 1.740
19 35 2.662
19 36 1.753
19 37 1.843
19 38 2.389
19 39 0.881
19 40 1.145
19 41 2.623
19 42 2.616
19 43 0.735
19 44 3.334
19 45 2.793
19 46 1.146
19 47 1.100
19 48 2.206
19 49 1.653
19 50 1.307
19 51 2.112
19 52 0.581
19 53 1.766
19 54 1.436
19 55 2.985
19 56 0.826
19 57 0.836
19 58 2.875
19 59 1.397
19 60 2.469
19 61 0.753
19 62 1.997
19 63 3.273
19 64 2.383
19 65 1.120
19 66 2.063
19 67 2.455
19 68 1.092
19 69 1.932
19 70 1.830
19 71 3.683
19 72 1.768
19 73 1.676
19 74 0.999
19 75 1.080
19 76 1.037
19 77 1.489
19 78 0.735
19 79 2.415
19 80 1.780
19 81 1.394
19 82 0.885
19 83 1.863
19 84 0.595
19 85 3.000
19 86 1.083
19 87 2.683
19 88 2.399
19 89 1.189
19 90 0.937
19 91 2.303
19 92 0.657
19 93 0.729
19 94 2.608
19 95 0.758
19 96 2.913
19 97 0.951
19 98 2.034
19 99 2.403
20 21 2.487
20 22 3.828
20 23 0.784
20 24 2.844
20 25 2.156
20 26 3.209
20 27 1.904
20 28 3.141
20 29 4.392
20 30 1.098
20 31 1.381
20 32 1.300
20 33 0.824
20 34 1.502
20 35 0.696
20 36 2.787
20 37 3.578
20 38 0.760
20 39 3.637
20 40 3.237
20 41 0.936
20 42 0.744
20 43 2.616
20 44 0.922
20 45 1.153
20 46 2.267
20 47 3.317
20 48 1.062
20 49 1.542
20 50 1.835
20 51 2.174
20 52 3.708
20 53 1.735
20 54 2.538
20 55 1.737
20 56 3.175
20 57 3.848
20 58 1.269
20 59 3.016
20 60 0.976
20 61 2.400
20 62 1.167
20 63 0.234
20 64 1.437
20 65 4.248
20 66 1.083
20 67 0.838
20 68 3.225
20 69 1.235
20 70 1.327
20 71 3.131
20 72 1.428
20 73 1.859
20 74 3.152
20 75 2.827
20 76 4.087
20 77 3.161
20 78 2.755
20 79 0.814
20 80 3.632
20 81 1.928
20 82 2.541
20 83 1.343
20 84 2.754
20 85 1.542
20 86 3.238
20 87 2.046
20 88 2.813
20 89 2.212
20 90 2.347
20 91 0.911
20 92 3.179
20 93 3.826
20 94 1.866
20 95 3.241
20 96 1.100
20 97 2.431
20 98 2.249
20 99 0.733
21 22 1.974
21 23 2.311
21 24 0.356
21 25 1.748
21 26 1.163
21 27 0.905
21 28 0.878
21 29 2.165
21 30 1.426
21 31 1.126
21 32 1.250
21 33 1.784
21 34 1.163
21 35 2.053
21 36 1.667
21 37 2.035
21 38 1.736
21 39 1.259
21 40 1.362
21 41 1.970
21 42 1.957
21 43 0.589
21 44 2.754
21 45 2.253
21 46 0.800
21 47 1.182
21 48 1.607
21 49 0.994
21 50 0.653
21 51 1.611
21 52 1.240
21 53 1.289
21 54 1.058
21 55 2.537
21 56 1.099
21 57 1.384
21 58 2.353
21 59 1.456
21 60 1.813
21 61 0.269
21 62 1.340
21 63 2.619
21 64 1.885
21 65 1.779
21 66 1.429
21 67 1.847
21 68 1.318
21 69 1.274
21 70 1.207
21 71 3.440
21 72 1.167
21 73 1.232
21 74 1.016
21 75 1.090
21 76 1.678
21 77 1.595
21 78 0.726
21 79 1.757
21 80 2.008
21 81 0.768
21 82 0.695
21 83 1.204
21 84 0.395
21 85 2.518
21 86 1.318
21 87 2.313
21 88 2.247
21 89 0.629
21 90 0.574
21 91 1.644
21 92 0.989
21 93 1.341
21 94 2.202
21 95 1.093
21 96 2.366
21 97 0.679
21 98 1.744
21 99 1.755
22 23 3.275
22 24 1.843
22 25 1.861
22 26 0.812
22 27 1.968
22 28 1.142
22 29 0.869
22 30 2.789
22 31 2.583
22 32 2.591
22 33 3.399
22 34 2.355
22 35 3.172
22 36 1.163
22 37 0.478
22 38 3.228
22 39 2.374
22 40 0.641
22 41 3.682
22 42 3.582
22 43 1.444
22 44 3.613
22 45 2.999
22 46 1.621
22 47 2.719
22 48 2.766
22 49 2.739
22 50 2.369
22 51 3.584
22 52 1.507
22 53 2.095
22 54 2.997
22 55 2.851
22 56 0.877
22 57 2.109
22 58 3.004
22 59 0.817
22 60 3.523
22 61 1.811
22 62 2.946
22 63 4.031
22 64 2.549
22 65 1.643
22 66 2.816
22 67 2.996
22 68 0.674
22 69 2.902
22 70 2.585
22 71 2.866
22 72 2.451
22 73 1.970
22 74 2.631
22 75 1.036
22 76 1.269
22 77 0.686
22 78 1.280
22 79 3.349
22 80 0.362
22 81 2.687
22 82 1.427
22 83 2.908
22 84 2.161
22 85 2.971
22 86 0.670
22 87 2.396
22 88 1.635
22 89 2.602
22 90 1.650
22 91 3.248
22 92 1.010
22 93 1.882
22 94 2.441
22 95 0.901
22 96 3.125
22 97 1.522
22 98 1.770
22 99 3.192
23 24 2.654
23 25 1.478
23 26 2.764
23 27 1.520
23 28 2.779
23 29 3.935
23 30 0.938
23 31 1.220
23 32 1.073
23 33 1.177
23 34 1.159
23 35 0.310
23 36 2.160
23 37 2.965
23 38 0.941
23 39 3.555
23 40 2.737
23 41 1.453
23 42 1.222
23 43 2.260
23 44 0.446
23 45 0.372
23 46 1.854
23 47 3.340
23 48 0.705
23 49 1.565
23 50 1.715
23 51 2.526
23 52 3.435
23 53 1.226
23 54 2.686
23 55 0.955
23 56 2.743
23 57 3.691
23 58 0.485
23 59 2.460
23 60 1.406
23 61 2.147
23 62 1.235
23 63 1.016
23 64 0.742
23 65 3.962
23 66 0.951
23 67 0.484
23 68 2.737
23 69 1.289
23 70 1.122
23 71 2.354
23 72 1.144
23 73 1.349
23 74 3.165
23 75 2.344
23 76 3.743
23 77 2.590
23 78 2.370
23 79 1.128
23 80 3.035
23 81 1.975
23 82 2.151
23 83 1.429
23 84 2.653
23 85 0.764
23 86 2.752
23 87 1.272
23 88 2.083
23 89 2.240
23 90 2.000
23 91 1.157
23 92 2.786
23 93 3.624
23 94 1.100
23 95 2.826
23 96 0.319
23 97 2.046
23 98 1.575
23 99 0.846
24 25 1.965
24 26 1.048
24 27 1.200
24 28 0.701
24 29 1.904
24 30 1.780
24 31 1.481
24 32 1.601
24 33 2.133
24 34 1.498
24 35 2.402
24 36 1.761
24 37 1.986
24 38 2.091
24 39 0.960
24 40 1.286
24 41 2.305
24 42 2.304
24 43 0.662
24 44 3.095
24 45 2.577
24 46 1.010
24 47 1.010
24 48 1.952
24 49 1.342
24 50 1.009
24 51 1.812
24 52 0.898
24 53 1.580
24 54 1.164
24 55 2.822
24 56 0.981
24 57 1.038
24 58 2.670
24 59 1.468
24 60 2.151
24 61 0.524
24 62 1.693
24 63 2.974
24 64 2.190
24 65 1.432
24 66 1.784
24 67 2.196
24 68 1.235
24 69 1.628
24 70 1.559
24 71 3.630
24 72 1.512
24 73 1.505
24 74 0.870
24 75 1.115
24 76 1.359
24 77 1.585
24 78 0.734
24 79 2.108
24 80 1.939
24 81 1.071
24 82 0.807
24 83 1.552
24 84 0.318
24 85 2.818
24 86 1.230
24 87 2.560
24 88 2.384
24 89 0.870
24 90 0.780
24 91 1.995
24 92 0.833
24 93 0.985
24 94 2.466
24 95 0.942
24 96 2.693
24 97 0.839
24 98 1.946
24 99 2.111
25 26 1.549
25 27 0.919
25 28 1.720
25 29 2.619
25 30 1.361
25 31 1.343
25 32 1.238
25 33 2.021
25 34 1.020
25 35 1.460
25 36 0.703
25 37 1.503
25 38 1.773
25 39 2.916
25 40 1.429
25 41 2.356
25 42 2.176
25 43 1.334
25 44 1.768
25 45 1.160
25 46 0.958
25 47 2.929
25 48 1.182
25 49 1.726
25 50 1.534
25 51 2.875
25 52 2.456
25 53 0.640
25 54 2.636
25 55 1.020
25 56 1.556
25 57 2.898
25 58 1.149
25 59 1.083
25 60 2.223
25 61 1.484
25 62 1.689
25 63 2.383
25 64 0.738
25 65 2.911
25 66 1.398
25 67 1.338
25 68 1.447
25 69 1.684
25 70 1.270
25 71 1.697
25 72 1.131
25 73 0.600
25 74 2.764
25 75 1.121
25 76 2.610
25 77 1.181
25 78 1.348
25 79 1.959
25 80 1.582
25 81 1.967
25 82 1.183
25 83 1.774
25 84 2.141
25 85 1.116
25 86 1.464
25 87 0.628
25 88 0.709
25 89 2.097
25 90 1.191
25 91 1.894
25 92 1.666
25 93 2.754
25 94 0.604
25 95 1.659
25 96 1.282
25 97 1.130
25 98 0.097
25 99 1.698
26 27 1.305
26 28 0.367
26 29 1.184
26 30 2.124
26 31 1.881
26 32 1.921
26 33 2.685
26 34 1.707
26 35 2.603
26 36 1.013
26 37 0.953
26 38 2.545
26 39 1.728
26 40 0.258
26 41 2.945
26 42 2.869
26 43 0.658
26 44 3.154
26 45 2.551
26 46 0.942
26 47 1.988
26 48 2.161
26 49 1.976
26 50 1.598
26 51 2.773
26 52 0.999
26 53 1.537
26 54 2.190
26 55 2.562
26 56 0.067
26 57 1.556
26 58 2.592
26 59 0.580
26 60 2.785
26 61 1.012
26 62 2.222
26 63 3.393
26 64 2.098
26 65 1.380
26 66 2.146
26 67 2.409
26 68 0.205
26 69 2.171
26 70 1.904
26 71 2.974
26 72 1.786
26 73 1.414
26 74 1.879
26 75 0.435
26 76 1.063
26 77 0.629
26 78 0.493
26 79 2.640
26 80 0.896
26 81 1.887
26 82 0.682
26 83 2.158
26 84 1.364
26 85 2.634
26 86 0.195
26 87 2.168
26 88 1.659
26 89 1.791
26 90 0.899
26 91 2.533
26 92 0.233
26 93 1.358
26 94 2.150
26 95 0.147
26 96 2.680
26 97 0.789
26 98 1.482
26 99 2.524
27 28 1.265
27 29 2.488
27 30 0.826
27 31 0.622
27 32 0.625
27 33 1.435
27 34 0.403
27 35 1.319
27 36 1.139
27 37 1.810
27 38 1.260
27 39 2.153
27 40 1.349
27 41 1.734
27 42 1.617
27 43 0.742
27 44 1.944
27 45 1.391
27 46 0.363
27 47 2.074
27 48 0.865
27 49 0.887
27 50 0.625
27 51 1.992
27 52 1.919
27 53 0.384
27 54 1.718
27 55 1.632
27 56 1.271
27 57 2.224
27 58 1.475
27 59 1.193
27 60 1.578
27 61 0.676
27 62 0.996
27 63 2.090
27 64 0.990
27 65 2.442
27 66 0.851
27 67 1.117
27 68 1.332
27 69 0.961
27 70 0.617
27 71 2.607
27 72 0.486
27 73 0.338
27 74 1.902
27 75 0.938
27 76 2.228
27 77 1.351
27 78 0.863
27 79 1.383
27 80 1.836
27 81 1.059
27 82 0.644
27 83 1.001
27 84 1.297
27 85 1.619
27 86 1.343
27 87 1.425
27 88 1.547
27 89 1.178
27 90 0.481
27 91 1.285
27 92 1.286
27 93 2.131
27 94 1.302
27 95 1.340
27 96 1.512
27 97 0.535
27 98 0.944
27 99 1.229
28 29 1.307
28 30 2.042
28 31 1.772
28 32 1.841
28 33 2.543
28 34 1.656
28 35 2.583
28 36 1.291
28 37 1.321
28 38 2.435
28 39 1.374
28 40 0.623
28 41 2.776
28 42 2.725
28 43 0.527
28 44 3.192
28 45 2.610
28 46 0.926
28 47 1.621
28 48 2.128
28 49 1.790
28 50 1.412
28 51 2.478
28 52 0.737
28 53 1.569
28 54 1.861
28 55 2.703
28 56 0.304
28 57 1.236
28 58 2.670
28 59 0.898
28 60 2.615
28 61 0.796
28 62 2.079
28 63 3.308
28 64 2.169
28 65 1.209
28 66 2.059
28 67 2.380
28 68 0.570
28 69 2.022
28 70 1.815
28 71 3.252
28 72 1.716
28 73 1.456
28 74 1.513
28 75 0.628
28 76 0.964
28 77 0.976
28 78 0.410
28 79 2.505
28 80 1.261
28 81 1.637
28 82 0.628
28 83 1.987
28 84 1.020
28 85 2.749
28 86 0.561
28 87 2.348
28 88 1.945
28 89 1.503
28 90 0.795
28 91 2.394
28 92 0.136
28 93 1.058
28 94 2.302
28 95 0.243
28 96 2.737
28 97 0.733
28 98 1.669
28 99 2.428
29 30 3.304
29 31 3.051
29 32 3.100
29 33 3.841
29 34 2.890
29 35 3.785
29 36 1.955
29 37 1.348
29 38 3.717
29 39 2.058
29 40 1.205
29 41 4.082
29 42 4.024
29 43 1.800
29 44 4.312
29 45 3.701
29 46 2.126
29 47 2.521
29 48 3.345
29 49 3.097
29 50 2.718
29 51 3.713
29 52 1.184
29 53 2.712
29 54 3.035
29 55 3.635
29 56 1.217
29 57 1.703
29 58 3.728
29 59 1.536
29 60 3.921
29 61 2.103
29 62 3.377
29 63 4.573
29 64 3.246
29 65 1.023
29 66 3.324
29 67 3.592
29 68 1.200
29 69 3.321
29 70 3.081
29 71 3.735
29 72 2.967
29 73 2.587
29 74 2.487
29 75 1.591
29 76 0.719
29 77 1.455
29 78 1.647
29 79 3.800
29 80 1.231
29 81 2.932
29 82 1.855
29 83 3.292
29 84 2.197
29 85 3.734
29 86 1.185
29 87 3.198
29 88 2.489
29 89 2.768
29 90 2.061
29 91 3.690
29 92 1.234
29 93 1.480
29 94 3.219
29 95 1.158
29 96 3.830
29 97 1.965
29 98 2.536
29 99 3.700
30 31 0.300
30 32 0.203
30 33 0.666
30 34 0.434
30 35 0.646
30 36 1.852
30 37 2.595
30 38 0.445
30 39 2.641
30 40 2.174
30 41 0.997
30 42 0.834
30 43 1.518
30 44 1.380
30 45 1.017
30 46 1.186
30 47 2.404
30 48 0.289
30 49 0.636
30 50 0.794
30 51 1.709
30 52 2.621
30 53 0.769
30 54 1.763
30 55 1.525
30 56 2.087
30 57 2.807
30 58 1.155
30 59 1.996
30 60 0.862
30 61 1.310
30 62 0.377
30 63 1.270
30 64 0.880
30 65 3.160
30 66 0.038
30 67 0.454
30 68 2.158
30 69 0.406
30 70 0.229
30 71 2.815
30 72 0.340
30 73 0.875
30 74 2.229
30 75 1.763
30 76 2.990
30 77 2.150
30 78 1.661
30 79 0.606
30 80 2.633
30 81 1.041
30 82 1.449
30 83 0.541
30 84 1.738
30 85 1.411
30 86 2.169
30 87 1.568
30 88 2.070
30 89 1.303
30 90 1.250
30 91 0.534
30 92 2.084
30 93 2.764
30 94 1.386
30 95 2.148
30 96 1.093
30 97 1.339
30 98 1.435
30 99 0.404
31 32 0.162
31 33 0.816
31 34 0.323
31 35 0.940
31 36 1.732
31 37 2.430
31 38 0.666
31 39 2.343
31 40 1.955
31 41 1.113
31 42 0.999
31 43 1.254
31 44 1.666
31 45 1.251
31 46 0.963
31 47 2.121
31 48 0.527
31 49 0.424
31 50 0.497
31 51 1.574
31 52 2.329
31 53 0.705
31 54 1.525
31 55 1.699
31 56 1.840
31 57 2.508
31 58 1.379
31 59 1.815
31 60 0.959
31 61 1.020
31 62 0.378
31 63 1.537
31 64 1.021
31 65 2.869
31 66 0.304
31 67 0.740
31 68 1.934
31 69 0.353
31 70 0.109
31 71 2.912
31 72 0.213
31 73 0.778
31 74 1.946
31 75 1.548
31 76 2.709
31 77 1.972
31 78 1.404
31 79 0.766
31 80 2.458
31 81 0.792
31 82 1.200
31 83 0.432
31 84 1.441
31 85 1.612
31 86 1.944
31 87 1.664
31 88 2.040
31 89 1.035
31 90 0.990
31 91 0.665
31 92 1.822
31 93 2.466
31 94 1.495
31 95 1.893
31 96 1.342
31 97 1.092
31 98 1.402
31 99 0.657
32 33 0.832
32 34 0.248
32 35 0.803
32 36 1.682
32 37 2.409
32 38 0.637
32 39 2.483
32 40 1.974
32 41 1.152
32 42 1.009
32 43 1.316
32 44 1.518
32 45 1.090
32 46 0.984
32 47 2.275
32 48 0.371
32 49 0.581
32 50 0.644
32 51 1.719
32 52 2.429
32 53 0.616
32 54 1.687
32 55 1.540
32 56 1.884
32 57 2.634
32 58 1.217
32 59 1.804
32 60 1.006
32 61 1.118
32 62 0.451
32 63 1.473
32 64 0.865
32 65 2.966
32 66 0.226
32 67 0.599
32 68 1.957
32 69 0.449
32 70 0.054
32 71 2.770
32 72 0.141
32 73 0.708
32 74 2.099
32 75 1.563
32 76 2.790
32 77 1.960
32 78 1.458
32 79 0.776
32 80 2.444
32 81 0.955
32 82 1.245
32 83 0.556
32 84 1.581
32 85 1.450
32 86 1.968
32 87 1.520
32 88 1.944
32 89 1.196
32 90 1.047
32 91 0.688
32 92 1.880
32 93 2.583
32 94 1.347
32 95 1.945
32 96 1.182
32 97 1.136
32 98 1.305
32 99 0.604
33 34 1.080
33 35 0.886
33 36 2.513
33 37 3.238
33 38 0.268
33 39 2.855
33 40 2.769
33 41 0.337
33 42 0.184
33 43 2.042
33 44 1.534
33 45 1.427
33 46 1.778
33 47 2.507
33 48 0.860
33 49 0.792
33 50 1.145
33 51 1.388
33 52 3.024
33 53 1.434
33 54 1.715
33 55 2.016
33 56 2.640
33 57 3.094
33 58 1.573
33 59 2.628
33 60 0.235
33 61 1.757
33 62 0.465
33 63 0.879
33 64 1.458
33 65 3.562
33 66 0.630
33 67 0.825
33 68 2.746
33 69 0.522
33 70 0.826
33 71 3.380
33 72 0.970
33 73 1.536
33 74 2.346
33 75 2.363
33 76 3.446
33 77 2.784
33 78 2.199
33 79 0.062
33 80 3.269
33 81 1.136
33 82 2.004
33 83 0.581
33 84 1.997
33 85 1.860
33 86 2.756
33 87 2.158
33 88 2.729
33 89 1.418
33 90 1.787
33 91 0.152
33 92 2.608
33 93 3.097
33 94 1.970
33 95 2.686
33 96 1.450
33 97 1.898
33 98 2.098
33 99 0.365
34 35 0.932
34 36 1.435
34 37 2.164
34 38 0.878
34 39 2.419
34 40 1.744
34 41 1.398
34 42 1.256
34 43 1.130
34 44 1.598
34 45 1.094
34 46 0.765
34 47 2.263
34 48 0.473
34 49 0.722
34 50 0.646
34 51 1.880
34 52 2.282
34 53 0.383
34 54 1.758
34 55 1.459
34 56 1.674
34 57 2.536
34 58 1.203
34 59 1.562
34 60 1.251
34 61 0.988
34 62 0.684
34 63 1.689
34 64 0.776
34 65 2.814
34 66 0.464
34 67 0.726
34 68 1.730
34 69 0.670
34 70 0.262
34 71 2.611
34 72 0.115
34 73 0.464
34 74 2.087
34 75 1.333
34 76 2.616
34 77 1.716
34 78 1.260
34 79 1.023
34 80 2.200
34 81 1.034
34 82 1.043
34 83 0.755
34 84 1.526
34 85 1.400
34 86 1.742
34 87 1.370
34 88 1.717
34 89 1.237
34 90 0.862
34 91 0.936
34 92 1.684
34 93 2.465
34 94 1.210
34 95 1.741
34 96 1.204
34 97 0.933
34 98 1.079
34 99 0.837
35 36 2.102
35 37 2.899
35 38 0.639
35 39 3.283
35 40 2.603
35 41 1.183
35 42 0.954
35 43 2.058
35 44 0.738
35 45 0.553
35 46 1.671
35 47 3.049
35 48 0.458
35 49 1.263
35 50 1.437
35 51 2.219
35 52 3.212
35 53 1.081
35 54 2.380
35 55 1.157
35 56 2.577
35 57 3.437
35 58 0.696
35 59 2.356
35 60 1.120
35 61 1.909
35 62 0.926
35 63 0.925
35 64 0.745
35 65 3.745
35 66 0.655
35 67 0.207
35 68 2.597
35 69 0.981
35 70 0.849
35 71 2.551
35 72 0.894
35 73 1.207
35 74 2.875
35 75 2.199
35 76 3.546
35 77 2.496
35 78 2.181
35 79 0.834
35 80 2.959
35 81 1.674
35 82 1.961
35 83 1.121
35 84 2.380
35 85 0.986
35 86 2.611
35 87 1.389
35 88 2.121
35 89 1.944
35 90 1.792
35 91 0.854
35 92 2.603
35 93 3.381
35 94 1.203
35 95 2.652
35 96 0.564
35 97 1.853
35 98 1.554
35 99 0.542
36 37 0.806
36 38 2.295
36 39 2.633
36 40 0.822
36 41 2.833
36 42 2.685
36 43 1.107
36 44 2.469
36 45 1.858
36 46 0.930
36 47 2.771
36 48 1.750
36 49 2.025
36 50 1.726
36 51 3.093
36 52 2.003
36 53 1.087
36 54 2.694
36 55 1.690
36 56 1.044
36 57 2.528
36 58 1.851
36 59 0.448
36 60 2.684
36 61 1.407
36 62 2.109
36 63 3.006
36 64 1.420
36 65 2.387
36 66 1.886
36 67 1.950
36 68 0.855
36 69 2.084
36 70 1.695
36 71 1.965
36 72 1.547
36 73 0.978
36 74 2.627
36 75 0.673
36 76 2.051
36 77 0.501
36 78 1.033
36 79 2.455
36 80 0.880
36 81 2.142
36 82 0.976
36 83 2.136
36 84 2.017
36 85 1.808
36 86 0.873
36 87 1.244
36 88 0.654
36 89 2.182
36 90 1.113
36 91 2.370
36 92 1.195
36 93 2.347
36 94 1.278
36 95 1.150
36 96 1.982
36 97 0.992
36 98 0.609
36 99 2.237
37 38 3.041
37 39 2.661
37 40 0.702
37 41 3.543
37 42 3.417
37 43 1.455
37 44 3.271
37 45 2.662
37 46 1.503
37 47 2.942
37 48 2.527
37 49 2.654
37 50 2.306
37 51 3.610
37 52 1.848
37 53 1.853
37 54 3.091
37 55 2.450
37 56 1.018
37 57 2.443
37 58 2.650
37 59 0.626
37 60 3.388
37 61 1.824
37 62 2.806
37 63 3.792
37 64 2.226
37 65 2.066
37 66 2.627
37 67 2.740
37 68 0.754
37 69 2.770
37 70 2.413
37 71 2.388
37 72 2.270
37 73 1.733
37 74 2.831
37 75 0.966
37 76 1.694
37 77 0.467
37 78 1.309
37 79 3.184
37 80 0.116
37 81 2.675
37 82 1.389
37 83 2.799
37 84 2.294
37 85 2.585
37 86 0.761
37 87 1.984
37 88 1.177
37 89 2.639
37 90 1.598
37 91 3.090
37 92 1.186
37 93 2.226
37 94 2.050
37 95 1.087
37 96 2.784
37 97 1.462
37 98 1.407
37 99 2.992
38 39 2.878
38 40 2.608
38 41 0.601
38 42 0.403
38 43 1.919
38 44 1.329
38 45 1.167
38 46 1.616
38 47 2.571
38 48 0.600
38 49 0.782
38 50 1.083
38 51 1.588
38 52 2.966
38 53 1.208
38 54 1.826
38 55 1.751
38 56 2.504
38 57 3.088
38 58 1.314
38 59 2.440
38 60 0.501
38 61 1.669
38 62 0.407
38 63 0.884
38 64 1.192
38 65 3.507
38 66 0.415
38 67 0.559
38 68 2.589
38 69 0.475
38 70 0.644
38 71 3.112
38 72 0.777
38 73 1.318
38 74 2.404
38 75 2.198
38 76 3.364
38 77 2.594
38 78 2.070
38 79 0.208
38 80 3.078
38 81 1.176
38 82 1.864
38 83 0.589
38 84 1.993
38 85 1.599
38 86 2.600
38 87 1.890
38 88 2.479
38 89 1.460
38 90 1.655
38 91 0.216
38 92 2.488
38 93 3.071
38 94 1.702
38 95 2.559
38 96 1.198
38 97 1.756
38 98 1.853
38 99 0.100
39 40 1.986
39 41 2.944
39 42 3.003
39 43 1.587
39 44 4.000
39 45 3.512
39 46 1.967
39 47 0.533
39 48 2.849
39 49 2.095
39 50 1.846
39 51 2.060
39 52 0.896
39 53 2.535
39 54 1.339
39 55 3.781
39 56 1.671
39 57 0.393
39 58 3.612
39 59 2.269
39 60 2.809
39 61 1.479
39 62 2.471
39 63 3.731
39 64 3.140
39 65 1.151
39 66 2.637
39 67 3.081
39 68 1.934
39 69 2.403
39 70 2.436
39 71 4.558
39 72 2.415
39 73 2.465
39 74 0.599
39 75 1.961
39 76 1.343
39 77 2.350
39 78 1.612
39 79 2.845
39 80 2.584
39 81 1.719
39 82 1.738
39 83 2.295
39 84 0.903
39 85 3.771
39 86 1.922
39 87 3.518
39 88 3.279
39 89 1.438
39 90 1.739
39 91 2.738
39 92 1.499
39 93 0.585
39 94 3.426
39 95 1.585
39 96 3.623
39 97 1.786
39 98 2.891
39 99 2.918
40 41 3.046
40 42 2.952
40 43 0.808
40 44 3.107
40 45 2.496
40 46 0.993
40 47 2.242
40 48 2.177
40 49 2.098
40 50 1.728
40 51 2.963
40 52 1.235
40 53 1.523
40 54 2.408
40 55 2.449
40 56 0.319
40 57 1.805
40 58 2.523
40 59 0.374
40 60 2.886
40 61 1.179
40 62 2.312
40 63 3.431
40 64 2.040
40 65 1.573
40 66 2.199
40 67 2.417
40 68 0.053
40 69 2.266
40 70 1.964
40 71 2.762
40 72 1.834
40 73 1.396
40 74 2.129
40 75 0.411
40 76 1.230
40 77 0.383
40 78 0.647
40 79 2.720
40 80 0.654
40 81 2.053
40 82 0.786
40 83 2.268
40 84 1.597
40 85 2.537
40 86 0.064
40 87 2.031
40 88 1.449
40 89 1.983
40 90 1.009
40 91 2.617
40 92 0.491
40 93 1.602
40 94 2.033
40 95 0.401
40 96 2.625
40 97 0.882
40 98 1.352
40 99 2.577
41 42 0.230
41 43 2.292
41 44 1.766
41 45 1.733
41 46 2.063
41 47 2.550
41 48 1.197
41 49 0.987
41 50 1.364
41 51 1.251
41 52 3.203
41 53 1.761
41 54 1.712
41 55 2.331
41 56 2.896
41 57 3.215
41 58 1.878
41 59 2.926
41 60 0.161
41 61 1.981
41 62 0.739
41 63 0.905
41 64 1.792
41 65 3.735
41 66 0.961
41 67 1.148
41 68 3.021
41 69 0.780
41 70 1.138
41 71 3.706
41 72 1.286
41 73 1.859
41 74 2.400
41 75 2.647
41 76 3.646
41 77 3.084
41 78 2.454
41 79 0.399
41 80 3.569
41 81 1.252
41 82 2.270
41 83 0.790
41 84 2.130
41 85 2.167
41 86 3.029
41 87 2.490
41 88 3.065
41 89 1.516
41 90 2.048
41 91 0.465
41 92 2.850
41 93 3.241
41 94 2.302
41 95 2.935
41 96 1.744
41 97 2.167
41 98 2.432
41 99 0.693
42 43 2.225
42 44 1.540
42 45 1.506
42 46 1.961
42 47 2.638
42 48 1.002
42 49 0.963
42 50 1.323
42 51 1.431
42 52 3.197
42 53 1.603
42 54 1.825
42 55 2.106
42 56 2.824
42 57 3.253
42 58 1.650
42 59 2.808
42 60 0.232
42 61 1.937
42 62 0.648
42 63 0.755
42 64 1.584
42 65 3.735
42 66 0.799
42 67 0.930
42 68 2.930
42 69 0.703
42 70 1.005
42 71 3.486
42 72 1.148
42 73 1.708
42 74 2.481
42 75 2.547
42 76 3.624
42 77 2.965
42 78 2.383
42 79 0.234
42 80 3.450
42 81 1.287
42 82 2.188
42 83 0.754
42 84 2.157
42 85 1.940
42 86 2.940
42 87 2.279
42 88 2.883
42 89 1.565
42 90 1.971
42 91 0.336
42 92 2.791
42 93 3.262
42 94 2.090
42 95 2.870
42 96 1.515
42 97 2.082
42 98 2.256
42 99 0.486
43 44 2.680
43 45 2.109
43 46 0.425
43 47 1.669
43 48 1.602
43 49 1.318
43 50 0.940
43 51 2.161
43 52 1.191
43 53 1.068
43 54 1.646
43 55 2.258
43 56 0.605
43 57 1.570
43 58 2.179
43 59 0.867
43 60 2.131
43 61 0.373
43 62 1.577
43 63 2.786
43 64 1.680
43 65 1.705
43 66 1.536
43 67 1.855
43 68 0.770
43 69 1.524
43 70 1.291
43 71 2.975
43 72 1.190
43 73 0.965
43 74 1.521
43 75 0.502
43 76 1.488
43 77 1.008
43 78 0.165
43 79 2.000
43 80 1.435
43 81 1.245
43 82 0.151
43 83 1.504
43 84 0.912
43 85 2.283
43 86 0.774
43 87 1.948
43 88 1.722
43 89 1.185
43 90 0.269
43 91 1.891
43 92 0.568
43 93 1.442
43 94 1.875
43 95 0.645
43 96 2.234
43 97 0.224
43 98 1.304
43 99 1.908
44 45 0.614
44 46 2.266
44 47 3.783
44 48 1.150
44 49 2.001
44 50 2.161
44 51 2.914
44 52 3.863
44 53 1.626
44 54 3.117
44 55 0.989
44 56 3.138
44 57 4.133
44 58 0.626
44 59 2.808
44 60 1.749
44 61 2.585
44 62 1.659
44 63 1.114
44 64 1.068
44 65 4.385
44 66 1.392
44 67 0.927
44 68 3.111
44 69 1.717
44 70 1.568
44 71 2.306
44 72 1.587
44 73 1.744
44 74 3.609
44 75 2.726
44 76 4.155
44 77 2.927
44 78 2.782
44 79 1.494
44 80 3.349
44 81 2.412
44 82 2.564
44 83 1.855
44 84 3.098
44 85 0.791
44 86 3.127
44 87 1.415
44 88 2.289
44 89 2.681
44 90 2.425
44 91 1.542
44 92 3.192
44 93 4.061
44 94 1.276
44 95 3.225
44 96 0.488
44 97 2.462
44 98 1.864
44 99 1.241
45 46 1.688
45 47 3.350
45 48 0.734
45 49 1.648
45 50 1.718
45 51 2.705
45 52 3.300
45 53 1.043
45 54 2.771
45 55 0.606
45 56 2.539
45 57 3.610
45 58 0.147
45 59 2.194
45 60 1.662
45 61 2.056
45 62 1.372
45 63 1.385
45 64 0.456
45 65 3.812
45 66 1.042
45 67 0.617
45 68 2.502
45 69 1.414
45 70 1.143
45 71 2.005
45 72 1.116
45 73 1.154
45 74 3.174
45 75 2.121
45 76 3.568
45 77 2.313
45 78 2.200
45 79 1.371
45 80 2.738
45 81 2.041
45 82 1.985
45 83 1.553
45 84 2.621
45 85 0.434
45 86 2.518
45 87 0.901
45 88 1.727
45 89 2.285
45 90 1.865
45 91 1.373
45 92 2.601
45 93 3.521
45 94 0.731
45 95 2.629
45 96 0.129
45 97 1.887
45 98 1.257
45 99 1.067
46 47 1.975
46 48 1.222
46 49 1.151
46 50 0.813
46 51 2.167
46 52 1.616
46 53 0.645
46 54 1.776
46 55 1.839
46 56 0.910
46 57 1.982
46 58 1.755
46 59 0.878
46 60 1.904
46 61 0.532
46 62 1.325
46 63 2.452
46 64 1.255
46 65 2.125
46 66 1.210
46 67 1.472
46 68 0.974
46 69 1.283
46 70 0.972
46 71 2.641
46 72 0.847
46 73 0.539
46 74 1.813
46 75 0.586
46 76 1.890
46 77 1.037
46 78 0.517
46 79 1.728
46 80 1.517
46 81 1.215
46 82 0.298
46 83 1.300
46 84 1.188
46 85 1.859
46 86 0.984
46 87 1.551
46 88 1.458
46 89 1.255
46 90 0.233
46 91 1.626
46 92 0.934
46 93 1.864
46 94 1.465
46 95 0.982
46 96 1.813
46 97 0.201
46 98 0.946
46 99 1.588
47 48 2.646
47 49 1.802
47 50 1.634
47 51 1.562
47 52 1.338
47 53 2.455
47 54 0.865
47 55 3.695
47 56 1.924
47 57 0.922
47 58 3.466
47 59 2.466
47 60 2.428
47 61 1.445
47 62 2.173
47 63 3.386
47 64 3.025
47 65 1.671
47 66 2.394
47 67 2.856
47 68 2.190
47 69 2.107
47 70 2.223
47 71 4.616
47 72 2.234
47 73 2.408
47 74 0.176
47 75 2.121
47 76 1.824
47 77 2.573
47 78 1.743
47 79 2.507
47 80 2.880
47 81 1.396
47 82 1.809
47 83 1.983
47 84 0.788
47 85 3.658
47 86 2.181
47 87 3.493
47 88 3.389
47 89 1.114
47 90 1.743
47 91 2.407
47 92 1.756
47 93 1.091
47 94 3.376
47 95 1.858
47 96 3.452
47 97 1.826
47 98 2.921
47 99 2.626
48 49 0.914
48 50 1.014
48 51 1.997
48 52 2.754
48 53 0.675
48 54 2.038
48 55 1.238
48 56 2.132
48 57 2.989
48 58 0.869
48 59 1.955
48 60 1.082
48 61 1.453
48 62 0.661
48 63 1.268
48 64 0.610
48 65 3.287
48 66 0.319
48 67 0.253
48 68 2.167
48 69 0.694
48 70 0.423
48 71 2.548
48 72 0.441
48 73 0.798
48 74 2.470
48 75 1.768
48 76 3.089
48 77 2.102
48 78 1.728
48 79 0.798
48 80 2.577
48 81 1.310
48 82 1.509
48 83 0.829
48 84 1.948
48 85 1.122
48 86 2.180
48 87 1.308
48 88 1.884
48 89 1.561
48 90 1.335
48 91 0.755
48 92 2.151
48 93 2.928
48 94 1.122
48 95 2.204
48 96 0.817
48 97 1.400
48 98 1.266
48 99 0.518
49 50 0.379
49 51 1.158
49 52 2.234
49 53 1.087
49 54 1.127
49 55 2.120
49 56 1.923
49 57 2.313
49 58 1.782
49 59 2.028
49 60 0.828
49 61 0.994
49 62 0.376
49 63 1.647
49 64 1.445
49 65 2.772
49 66 0.617
49 67 1.084
49 68 2.068
49 69 0.308
49 70 0.529
49 71 3.330
49 72 0.626
49 73 1.135
49 74 1.631
49 75 1.714
49 76 2.665
49 77 2.187
49 78 1.482
49 79 0.768
49 80 2.664
49 81 0.412
49 82 1.313
49 83 0.210
49 84 1.215
49 85 2.026
49 86 2.074
49 87 2.085
49 88 2.405
49 89 0.689
49 90 1.089
49 91 0.657
49 92 1.868
49 93 2.308
49 94 1.918
49 95 1.956
49 96 1.728
49 97 1.218
49 98 1.775
49 99 0.827
50 51 1.373
50 52 1.886
50 53 0.929
50 54 1.125
50 55 2.105
50 56 1.545
50 57 2.021
50 58 1.837
50 59 1.682
50 60 1.203
50 61 0.617
50 62 0.690
50 63 1.966
50 64 1.422
50 65 2.426
50 66 0.792
50 67 1.237
50 68 1.696
50 69 0.627
50 70 0.593
50 71 3.203
50 72 0.602
50 73 0.936
50 74 1.458
50 75 1.354
50 76 2.301
50 77 1.839
50 78 1.105
50 79 1.113
50 80 2.310
50 81 0.435
50 82 0.943
50 83 0.576
50 84 0.944
50 85 2.044
50 86 1.702
50 87 1.985
50 88 2.171
50 89 0.593
50 90 0.721
50 91 1.000
50 92 1.489
50 93 1.992
50 94 1.837
50 95 1.577
50 96 1.818
50 97 0.853
50 98 1.566
50 99 1.103
51 52 2.618
51 53 2.241
51 54 0.729
51 55 3.234
51 56 2.709
51 57 2.413
51 58 2.848
51 59 2.999
51 60 1.200
51 61 1.788
51 62 1.337
51 63 2.155
51 64 2.577
51 65 3.086
51 66 1.678
51 67 2.093
51 68 2.921
51 69 1.304
51 70 1.671
51 71 4.486
51 72 1.782
51 73 2.278
51 74 1.462
51 75 2.645
51 76 3.119
51 77 3.151
51 78 2.317
51 79 1.422
51 80 3.595
51 81 0.952
51 82 2.221
51 83 1.172
51 84 1.518
51 85 3.116
51 86 2.922
51 87 3.237
51 88 3.538
51 89 0.982
51 90 2.021
51 91 1.373
51 92 2.595
51 93 2.516
51 94 3.066
51 95 2.701
51 96 2.759
51 97 2.157
51 98 2.919
51 99 1.681
52 53 2.259
52 54 1.908
52 55 3.430
52 56 0.961
52 57 0.602
52 58 3.371
52 59 1.579
52 60 3.049
52 61 1.311
52 62 2.577
52 63 3.851
52 64 2.871
52 65 0.540
52 66 2.631
52 67 3.006
52 68 1.188
52 69 2.512
52 70 2.393
52 71 3.968
52 72 2.321
52 73 2.155
52 74 1.307
52 75 1.358
52 76 0.506
52 77 1.618
52 78 1.122
52 79 2.996
52 80 1.758
52 81 1.966
52 82 1.324
52 83 2.444
52 84 1.121
52 85 3.467
52 86 1.172
52 87 3.084
52 88 2.655
52 89 1.744
52 90 1.438
52 91 2.883
52 92 0.810
52 93 0.378
52 94 3.034
52 95 0.855
52 96 3.424
52 97 1.415
52 98 2.405
52 99 2.977
53 54 2.052
53 55 1.248
53 56 1.517
53 57 2.595
53 58 1.113
53 59 1.282
53 60 1.619
53 61 1.057
53 62 1.063
53 63 1.943
53 64 0.617
53 65 2.770
53 66 0.804
53 67 0.901
53 68 1.518
53 69 1.052
53 70 0.640
53 71 2.275
53 72 0.496
53 73 0.126
53 74 2.282
53 75 1.122
53 76 2.529
53 77 1.427
53 78 1.158
53 79 1.375
53 80 1.901
53 81 1.353
53 82 0.942
53 83 1.136
53 84 1.680
53 85 1.239
53 86 1.533
53 87 1.061
53 88 1.335
53 89 1.515
53 90 0.830
53 91 1.297
53 92 1.566
53 93 2.492
53 94 0.926
53 95 1.601
53 96 1.169
53 97 0.845
53 98 0.697
53 99 1.149
54 55 3.213
54 56 2.124
54 57 1.685
54 58 2.903
54 59 2.513
54 60 1.604
54 61 1.295
54 62 1.458
54 63 2.580
54 64 2.529
54 65 2.361
54 66 1.743
54 67 2.209
54 68 2.361
54 69 1.400
54 70 1.633
54 71 4.322
54 72 1.693
54 73 2.048
54 74 0.744
54 75 2.147
54 76 2.412
54 77 2.653
54 78 1.783
54 79 1.725
54 80 3.059
54 81 0.733
54 82 1.742
54 83 1.262
54 84 0.849
54 85 3.135
54 86 2.359
54 87 3.109
54 88 3.227
54 89 0.540
54 90 1.581
54 91 1.637
54 92 1.988
54 93 1.789
54 94 2.961
54 95 2.097
54 96 2.854
54 97 1.706
54 98 2.657
54 99 1.897
55 56 2.566
55 57 3.821
55 58 0.472
55 59 2.100
55 60 2.251
55 61 2.302
55 62 1.899
55 63 1.966
55 64 0.684
55 65 3.908
55 66 1.556
55 67 1.191
55 68 2.467
55 69 1.930
55 70 1.592
55 71 1.400
55 72 1.520
55 73 1.317
55 74 3.521
55 75 2.130
55 76 3.620
55 77 2.187
55 78 2.308
55 79 1.957
55 80 2.544
55 81 2.482
55 82 2.115
55 83 2.063
55 84 2.927
55 85 0.202
55 86 2.484
55 87 0.473
55 88 1.359
55 89 2.696
55 90 2.054
55 91 1.948
55 92 2.663
55 93 3.700
55 94 0.417
55 95 2.667
55 96 0.638
55 97 2.036
55 98 1.099
55 99 1.652
56 57 1.508
56 58 2.583
56 59 0.621
56 60 2.736
56 61 0.954
56 62 2.176
56 63 3.356
56 64 2.087
56 65 1.361
56 66 2.108
56 67 2.380
56 68 0.266
56 69 2.124
56 70 1.865
56 71 3.008
56 72 1.750
56 73 1.396
56 74 1.813
56 75 0.435
56 76 1.055
56 77 0.681
56 78 0.443
56 79 2.596
56 80 0.961
56 81 1.827
56 82 0.640
56 83 2.108
56 84 1.297
56 85 2.632
56 86 0.257
56 87 2.179
56 88 1.694
56 89 1.727
56 90 0.853
56 91 2.488
56 92 0.173
56 93 1.314
56 94 2.155
56 95 0.107
56 96 2.667
56 97 0.749
56 98 1.492
56 99 2.485
57 58 3.699
57 59 2.127
57 60 3.073
57 61 1.554
57 62 2.682
57 63 3.960
57 64 3.211
57 65 0.760
57 66 2.809
57 67 3.231
57 68 1.755
57 69 2.615
57 70 2.590
57 71 4.484
57 72 2.549
57 73 2.509
57 74 0.966
57 75 1.860
57 76 0.984
57 77 2.184
57 78 1.553
57 79 3.078
57 80 2.356
57 81 1.967
57 82 1.719
57 83 2.520
57 84 1.098
57 85 3.832
57 86 1.741
57 87 3.518
57 88 3.181
57 89 1.700
57 90 1.769
57 91 2.968
57 92 1.342
57 93 0.230
57 94 3.444
57 95 1.409
57 96 3.728
57 97 1.788
57 98 2.860
57 99 3.118
58 59 2.208
58 60 1.808
58 61 2.147
58 62 1.514
58 63 1.500
58 64 0.501
58 65 3.877
58 66 1.181
58 67 0.763
58 68 2.532
58 69 1.555
58 70 1.271
58 71 1.872
58 72 1.234
58 73 1.216
58 74 3.290
58 75 2.159
58 76 3.622
58 77 2.320
58 78 2.261
58 79 1.517
58 80 2.731
58 81 2.171
58 82 2.050
58 83 1.693
58 84 2.727
58 85 0.290
58 86 2.548
58 87 0.813
58 88 1.669
58 89 2.410
58 90 1.942
58 91 1.520
58 92 2.654
58 93 3.603
58 94 0.658
58 95 2.676
58 96 0.173
58 97 1.956
58 98 1.244
58 99 1.214
59 60 2.770
59 61 1.225
59 62 2.188
59 63 3.222
59 64 1.740
59 65 1.943
59 66 2.026
59 67 2.182
59 68 0.409
59 69 2.150
59 70 1.804
59 71 2.396
59 72 1.664
59 73 1.157
59 74 2.336
59 75 0.366
59 76 1.604
59 77 0.159
59 78 0.743
59 79 2.575
59 80 0.643
59 81 2.057
59 82 0.780
59 83 2.175
59 84 1.756
59 85 2.199
59 86 0.426
59 87 1.670
59 88 1.082
59 89 2.039
59 90 0.979
59 91 2.478
59 92 0.785
59 93 1.935
59 94 1.683
59 95 0.724
59 96 2.321
59 97 0.843
59 98 1.000
59 99 2.397
60 61 1.820
60 62 0.582
60 63 0.981
60 64 1.686
60 65 3.582
60 66 0.825
60 67 1.060
60 68 2.861
60 69 0.621
60 70 0.990
60 71 3.613
60 72 1.137
60 73 1.713
60 74 2.275
60 75 2.487
60 76 3.489
60 77 2.928
60 78 2.293
60 79 0.293
60 80 3.413
60 81 1.106
60 82 2.109
60 83 0.629
60 84 1.983
60 85 2.095
60 86 2.869
60 87 2.385
60 88 2.932
60 89 1.375
60 90 1.887
60 91 0.330
60 92 2.690
60 93 3.093
60 94 2.198
60 95 2.774
60 96 1.684
60 97 2.007
60 98 2.297
60 99 0.599
61 62 1.295
61 63 2.551
61 64 1.666
61 65 1.850
61 66 1.320
61 67 1.702
61 68 1.140
61 69 1.235
61 70 1.082
61 71 3.173
61 72 1.014
61 73 0.988
61 74 1.281
61 75 0.863
61 76 1.695
61 77 1.371
61 78 0.532
61 79 1.721
61 80 1.807
61 81 0.876
61 82 0.447
61 83 1.193
61 84 0.657
61 85 2.294
61 86 1.143
61 87 2.058
61 88 1.978
61 89 0.815
61 90 0.305
61 91 1.609
61 92 0.879
61 93 1.477
61 94 1.954
61 95 0.972
61 96 2.174
61 97 0.415
61 98 1.477
61 99 1.673
62 63 1.281
62 64 1.256
62 65 3.116
62 66 0.343
62 67 0.770
62 68 2.289
62 69 0.068
62 70 0.423
62 71 3.190
62 72 0.569
62 73 1.147
62 74 2.003
62 75 1.910
62 76 2.988
62 77 2.346
62 78 1.735
62 79 0.426
62 80 2.831
62 81 0.777
62 82 1.542
62 83 0.197
62 84 1.587
62 85 1.779
62 86 2.298
62 87 1.941
62 88 2.394
62 89 1.059
62 90 1.324
62 91 0.314
62 92 2.143
62 93 2.670
62 94 1.761
62 95 2.222
62 96 1.435
62 97 1.437
62 98 1.755
62 99 0.453
63 64 1.668
63 65 4.391
63 66 1.250
63 67 1.056
63 68 3.418
63 69 1.348
63 70 1.495
63 71 3.357
63 72 1.607
63 73 2.066
63 74 3.225
63 75 3.020
63 76 4.245
63 77 3.370
63 78 2.930
63 79 0.887
63 80 3.844
63 81 2.013
63 82 2.719
63 83 1.441
63 84 2.862
63 85 1.769
63 86 3.430
63 87 2.280
63 88 3.045
63 89 2.296
63 90 2.519
63 91 0.994
63 92 3.353
63 93 3.951
63 94 2.101
63 95 3.418
63 96 1.329
63 97 2.609
63 98 2.476
63 99 0.880
64 65 3.376
64 66 0.915
64 67 0.667
64 68 2.046
64 69 1.279
64 70 0.916
64 71 1.938
64 72 0.836
64 73 0.716
64 74 2.850
64 75 1.666
64 76 3.122
64 77 1.863
64 78 1.760
64 79 1.397
64 80 2.298
64 81 1.799
64 82 1.549
64 83 1.405
64 84 2.268
64 85 0.633
64 86 2.062
64 87 0.700
64 88 1.377
64 89 2.012
64 90 1.447
64 91 1.363
64 92 2.154
64 93 3.109
64 94 0.513
64 95 2.178
64 96 0.584
64 97 1.456
64 98 0.834
64 99 1.100
65 66 3.170
65 67 3.539
65 68 1.534
65 69 3.052
65 70 2.932
65 71 4.334
65 72 2.856
65 73 2.661
65 74 1.688
65 75 1.791
65 76 0.374
65 77 1.945
65 78 1.616
65 79 3.535
65 80 1.960
65 81 2.491
65 82 1.828
65 83 2.982
65 84 1.628
65 85 3.957
65 86 1.517
65 87 3.537
65 88 3.022
65 89 2.257
65 90 1.961
65 91 3.422
65 92 1.245
65 93 0.584
65 94 3.502
65 95 1.255
65 96 3.938
65 97 1.925
65 98 2.851
65 99 3.518
66 67 0.468
66 68 2.183
66 69 0.375
66 70 0.245
66 71 2.851
66 72 0.365
66 73 0.908
66 74 2.220
66 75 1.789
66 76 3.004
66 77 2.180
66 78 1.680
66 79 0.571
66 80 2.664
66 81 1.024
66 82 1.469
66 83 0.512
66 84 1.736
66 85 1.440
66 86 2.194
66 87 1.604
66 88 2.107
66 89 1.290
66 90 1.268
66 91 0.497
66 92 2.102
66 93 2.769
66 94 1.422
66 95 2.168
66 96 1.115
66 97 1.360
66 98 1.472
66 99 0.378
67 68 2.409
67 69 0.819
67 70 0.645
67 71 2.559
67 72 0.687
67 73 1.027
67 74 2.682
67 75 2.010
67 76 3.342
67 77 2.326
67 78 1.980
67 79 0.766
67 80 2.795
67 81 1.492
67 82 1.761
67 83 0.960
67 84 2.178
67 85 1.043
67 86 2.423
67 87 1.353
67 88 2.022
67 89 1.757
67 90 1.588
67 91 0.759
67 92 2.403
67 93 3.175
67 94 1.164
67 95 2.454
67 96 0.667
67 97 1.652
67 98 1.429
67 99 0.461
68 69 2.242
68 70 1.945
68 71 2.802
68 72 1.818
68 73 1.393
68 74 2.077
68 75 0.399
68 76 1.196
68 77 0.431
68 78 0.608
68 79 2.699
68 80 0.704
68 81 2.015
68 82 0.755
68 83 2.241
68 84 1.547
68 85 2.551
68 86 0.018
68 87 2.054
68 88 1.489
68 89 1.940
68 90 0.979
68 91 2.595
68 92 0.438
68 93 1.553
68 94 2.051
68 95 0.350
68 96 2.630
68 97 0.854
68 98 1.372
68 99 2.561
69 70 0.414
69 71 3.207
69 72 0.556
69 73 1.130
69 74 1.937
69 75 1.866
69 76 2.927
69 77 2.309
69 78 1.682
69 79 0.486
69 80 2.793
69 81 0.712
69 82 1.493
69 83 0.141
69 84 1.519
69 85 1.815
69 86 2.250
69 87 1.957
69 88 2.386
69 89 0.993
69 90 1.273
69 91 0.374
69 92 2.088
69 93 2.603
69 94 1.779
69 95 2.168
69 96 1.481
69 97 1.389
69 98 1.747
69 99 0.520
70 71 2.816
70 72 0.148
70 73 0.726
70 74 2.048
70 75 1.554
70 76 2.761
70 77 1.960
70 78 1.436
70 79 0.771
70 80 2.445
70 81 0.901
70 82 1.226
70 83 0.514
70 84 1.533
70 85 1.503
70 86 1.956
70 87 1.566
70 88 1.973
70 89 1.142
70 90 1.024
70 91 0.679
70 92 1.858
70 93 2.542
70 94 1.395
70 95 1.924
70 96 1.235
70 97 1.117
70 98 1.334
70 99 0.620
71 72 2.704
71 73 2.274
71 74 4.454
71 75 2.625
71 76 3.983
71 77 2.390
71 78 2.948
71 79 3.320
71 80 2.504
71 81 3.628
71 82 2.826
71 83 3.325
71 84 3.829
71 85 1.591
71 86 2.820
71 87 1.251
71 88 1.315
71 89 3.782
71 90 2.873
71 91 3.296
71 92 3.160
71 93 4.309
71 94 1.429
71 95 3.114
71 96 2.035
71 97 2.794
71 98 1.696
71 99 3.016
72 73 0.578
72 74 2.058
72 75 1.424
72 76 2.671
72 77 1.819
72 78 1.327
72 79 0.915
72 80 2.304
72 81 0.963
72 82 1.113
72 83 0.645
72 84 1.515
72 85 1.447
72 86 1.829
72 87 1.459
72 88 1.830
72 89 1.182
72 90 0.921
72 91 0.825
72 92 1.751
72 93 2.488
72 94 1.293
72 95 1.813
72 96 1.219
72 97 1.003
72 98 1.192
72 99 0.743
73 74 2.237
73 75 0.997
73 76 2.414
73 77 1.303
73 78 1.047
73 79 1.478
73 80 1.779
73 81 1.368
73 82 0.834
73 83 1.204
73 84 1.626
73 85 1.324
73 86 1.407
73 87 1.088
73 88 1.271
73 89 1.508
73 90 0.740
73 91 1.395
73 92 1.449
73 93 2.399
73 94 0.970
73 95 1.481
73 96 1.281
73 97 0.741
73 98 0.641
73 99 1.262
74 75 1.985
74 76 1.806
74 77 2.448
74 78 1.604
74 79 2.344
74 80 2.774
74 81 1.228
74 82 1.658
74 83 1.815
74 84 0.625
74 85 3.482
74 86 2.069
74 87 3.323
74 88 3.238
74 89 0.944
74 90 1.582
74 91 2.242
74 92 1.649
74 93 1.104
74 94 3.205
74 95 1.753
74 96 3.276
74 97 1.670
74 98 2.758
74 99 2.457
75 76 1.491
75 77 0.508
75 78 0.383
75 79 2.314
75 80 0.959
75 81 1.710
75 82 0.424
75 83 1.876
75 84 1.396
75 85 2.199
75 86 0.413
75 87 1.746
75 88 1.324
75 89 1.678
75 90 0.636
75 91 2.212
75 92 0.551
75 93 1.687
75 94 1.719
75 95 0.538
75 96 2.249
75 97 0.501
75 98 1.060
75 99 2.166
76 77 1.593
76 78 1.373
76 79 3.413
76 80 1.587
76 81 2.429
76 82 1.592
76 83 2.872
76 84 1.611
76 85 3.683
76 86 1.179
76 87 3.231
76 88 2.675
76 89 2.224
76 90 1.754
76 91 3.300
76 92 0.968
76 93 0.762
76 94 3.210
76 95 0.954
76 96 3.695
76 97 1.697
76 98 2.545
76 99 3.365
77 78 0.873
77 79 2.731
77 80 0.485
77 81 2.211
77 82 0.930
77 83 2.334
77 84 1.881
77 85 2.296
77 86 0.446
77 87 1.744
77 88 1.084
77 89 2.186
77 90 1.133
77 91 2.635
77 92 0.852
77 93 1.983
77 94 1.772
77 95 0.775
77 96 2.439
77 97 0.997
77 98 1.093
77 99 2.550
78 79 2.156
78 80 1.283
78 81 1.407
78 82 0.220
78 83 1.666
78 84 1.014
78 85 2.347
78 86 0.611
78 87 1.973
78 88 1.670
78 89 1.338
78 90 0.414
78 91 2.048
78 92 0.424
78 93 1.405
78 94 1.914
78 95 0.489
78 96 2.326
78 97 0.328
78 98 1.307
78 99 2.055
79 80 3.216
79 81 1.127
79 82 1.959
79 83 0.559
79 84 1.980
79 85 1.803
79 86 2.708
79 87 2.096
79 88 2.667
79 89 1.410
79 90 1.743
79 91 0.113
79 92 2.567
79 93 3.076
79 94 1.908
79 95 2.644
79 96 1.397
79 97 1.853
79 98 2.037
79 99 0.306
80 81 2.668
80 82 1.381
80 83 2.816
80 84 2.251
80 85 2.675
80 86 0.709
80 87 2.080
80 88 1.286
80 89 2.620
80 90 1.595
80 91 3.120
80 92 1.125
80 93 2.135
80 94 2.140
80 95 1.022
80 96 2.862
80 97 1.460
80 98 1.487
80 99 3.032
81 82 1.287
81 83 0.588
81 84 0.877
81 85 2.402
81 86 2.018
81 87 2.399
81 88 2.605
81 89 0.285
81 90 1.078
81 91 1.021
81 92 1.738
81 93 1.988
81 94 2.244
81 95 1.838
81 96 2.127
81 97 1.215
81 98 2.001
81 99 1.230
82 83 1.486
82 84 1.042
82 85 2.144
82 86 0.762
82 87 1.799
82 88 1.580
82 89 1.259
82 90 0.223
82 91 1.852
82 92 0.642
82 93 1.586
82 94 1.728
82 95 0.700
82 96 2.111
82 97 0.110
82 98 1.153
82 99 1.846
83 84 1.422
83 85 1.952
83 86 2.248
83 87 2.075
83 88 2.470
83 89 0.872
83 90 1.264
83 91 0.448
83 92 2.061
83 93 2.518
83 94 1.899
83 95 2.146
83 96 1.621
83 97 1.387
83 98 1.833
83 99 0.645
84 85 2.901
84 86 1.543
84 87 2.708
84 88 2.618
84 89 0.629
84 90 0.957
84 91 1.869
84 92 1.151
84 93 1.111
84 94 2.596
84 95 1.260
84 96 2.729
84 97 1.048
84 98 2.134
84 99 2.028
85 86 2.569
85 87 0.639
85 88 1.527
85 89 2.629
85 90 2.063
85 91 1.802
85 92 2.719
85 93 3.722
85 94 0.536
85 95 2.730
85 96 0.445
85 97 2.059
85 98 1.203
85 99 1.499
86 87 2.072
86 88 1.506
86 89 1.941
86 90 0.986
86 91 2.604
86 92 0.428
86 93 1.538
86 94 2.069
86 95 0.337
86 96 2.646
86 97 0.862
86 98 1.390
86 99 2.572
87 88 0.889
87 89 2.574
87 90 1.780
87 91 2.062
87 92 2.293
87 93 3.378
87 94 0.189
87 95 2.283
87 96 0.984
87 97 1.736
87 98 0.687
87 99 1.797
88 89 2.695
88 90 1.674
88 91 2.603
88 92 1.848
88 93 3.001
88 94 1.013
88 95 1.800
88 96 1.830
88 97 1.571
88 98 0.639
88 99 2.402
89 90 1.076
89 91 1.305
89 92 1.617
89 93 1.735
89 94 2.430
89 95 1.722
89 96 2.377
89 97 1.207
89 98 2.119
89 99 1.513
90 91 1.635
90 92 0.834
90 93 1.662
90 94 1.688
90 95 0.904
90 96 1.988
90 97 0.136
90 98 1.178
90 99 1.641
91 92 2.457
91 93 2.965
91 94 1.875
91 95 2.535
91 96 1.410
91 97 1.746
91 98 1.969
91 99 0.312
92 93 1.153
92 94 2.257
92 95 0.109
92 96 2.728
92 97 0.751
92 98 1.608
92 99 2.475
93 94 3.314
93 95 1.212
93 96 3.642
93 97 1.665
93 98 2.710
93 99 3.094
94 95 2.257
94 96 0.824
94 97 1.657
94 98 0.683
94 99 1.609
95 96 2.757
95 97 0.810
95 98 1.597
95 99 2.544
96 97 2.013
96 98 1.378
96 99 1.099
97 98 1.108
97 99 1.736
98 99 1.780
