nodei nodej distance
0 1 0.591
0 2 1.082
0 3 0.800
0 4 0.290
0 5 4.581
0 6 6.070
0 7 5.473
0 8 5.583
0 9 5.264
0 10 5.220
0 11 6.030
0 12 5.343
0 13 6.156
0 14 5.501
0 15 5.720
0 16 3.808
0 17 6.155
0 18 6.310
0 19 4.745
0 20 4.592
0 21 4.239
0 22 5.153
0 23 5.258
0 24 5.467
0 25 4.324
0 26 4.494
0 27 4.724
0 28 5.358
0 29 5.645
0 30 7.181
0 31 4.714
0 32 3.366
0 33 5.402
0 34 6.909
0 35 6.398
0 36 5.473
0 37 6.223
0 38 4.956
0 39 5.363
0 40 5.721
0 41 5.523
0 42 6.022
0 43 5.474
0 44 5.286
0 45 5.292
0 46 6.350
0 47 5.762
0 48 4.710
0 49 5.196
0 50 3.874
0 51 4.060
0 52 6.603
0 53 5.743
0 54 4.825
0 55 5.324
0 56 4.703
0 57 5.076
0 58 5.924
0 59 4.984
0 60 5.274
0 61 5.751
0 62 5.595
0 63 5.604
0 64 5.791
0 65 5.114
0 66 4.772
0 67 5.365
0 68 6.221
0 69 4.764
0 70 5.992
0 71 4.600
0 72 4.321
0 73 3.830
0 74 5.608
0 75 4.979
0 76 5.664
0 77 4.867
0 78 4.098
0 79 6.688
0 80 4.896
0 81 5.356
0 82 3.614
0 83 5.874
0 84 3.792
0 85 5.437
0 86 4.014
0 87 4.512
0 88 6.540
0 89 6.215
0 90 6.062
0 91 6.273
0 92 4.152
0 93 4.802
0 94 5.289
0 95 5.189
0 96 3.759
0 97 5.610
0 98 5.245
0 99 6.084
1 2 1.254
1 3 0.959
1 4 0.561
1 5 4.978
1 6 6.423
1 7 5.856
1 8 5.991
1 9 5.663
1 10 5.625
1 11 6.346
1 12 5.697
1 13 6.511
1 14 5.839
1 15 6.125
1 16 4.221
1 17 6.476
1 18 6.655
1 19 5.134
1 20 5.088
1 21 4.597
1 22 5.542
1 23 5.687
1 24 5.840
1 25 4.747
1 26 4.887
1 27 5.111
1 28 5.736
1 29 6.018
1 30 7.514
1 31 5.110
1 32 3.855
1 33 5.758
1 34 7.238
1 35 6.781
1 36 5.834
1 37 6.580
1 38 5.358
1 39 5.724
1 40 6.107
1 41 5.895
1 42 6.392
1 43 5.849
1 44 5.674
1 45 5.641
1 46 6.704
1 47 6.095
1 48 5.131
1 49 5.572
1 50 4.286
1 51 4.466
1 52 6.920
1 53 6.075
1 54 5.228
1 55 5.720
1 56 5.078
1 57 5.436
1 58 6.236
1 59 5.346
1 60 5.675
1 61 6.101
1 62 5.955
1 63 5.974
1 64 6.206
1 65 5.476
1 66 5.126
1 67 5.728
1 68 6.588
1 69 5.183
1 70 6.377
1 71 5.021
1 72 4.714
1 73 4.241
1 74 5.953
1 75 5.391
1 76 6.022
1 77 5.235
1 78 4.480
1 79 7.048
1 80 5.291
1 81 5.673
1 82 4.087
1 83 6.228
1 84 4.232
1 85 5.816
1 86 4.466
1 87 4.921
1 88 6.846
1 89 6.528
1 90 6.402
1 91 6.610
1 92 4.592
1 93 5.189
1 94 5.649
1 95 5.587
1 96 4.259
1 97 5.982
1 98 5.660
1 99 6.450
2 3 0.302
2 4 0.822
2 5 3.775
2 6 5.185
2 7 4.638
2 8 4.792
2 9 4.458
2 10 4.425
2 11 5.096
2 12 4.462
2 13 5.274
2 14 4.596
2 15 4.923
2 16 3.042
2 17 5.227
2 18 5.413
2 19 3.923
2 20 4.029
2 21 3.368
2 22 4.330
2 23 4.512
2 24 4.615
2 25 3.572
2 26 3.681
2 27 3.900
2 28 4.515
2 29 4.792
2 30 6.268
2 31 3.905
2 32 2.807
2 33 4.523
2 34 5.990
2 35 5.560
2 36 4.601
2 37 5.344
2 38 4.157
2 39 4.492
2 40 4.889
2 41 4.669
2 42 5.163
2 43 4.624
2 44 4.460
2 45 4.403
2 46 5.465
2 47 4.849
2 48 3.951
2 49 4.349
2 50 3.104
2 51 3.276
2 52 5.670
2 53 4.830
2 54 4.029
2 55 4.512
2 56 3.858
2 57 4.205
2 58 4.985
2 59 4.117
2 60 4.471
2 61 4.862
2 62 4.722
2 63 4.747
2 64 5.012
2 65 4.246
2 66 3.893
2 67 4.498
2 68 5.357
2 69 4.001
2 70 5.157
2 71 3.841
2 72 3.509
2 73 3.060
2 74 4.712
2 75 4.200
2 76 4.788
2 77 4.009
2 78 3.268
2 79 5.812
2 80 4.083
2 81 4.423
2 82 3.001
2 83 4.991
2 84 3.086
2 85 4.595
2 86 3.334
2 87 3.729
2 88 5.594
2 89 5.277
2 90 5.158
2 91 5.366
2 92 3.441
2 93 3.976
2 94 4.416
2 95 4.380
2 96 3.226
2 97 4.756
2 98 4.469
2 99 5.218
3 4 0.527
3 5 4.041
3 6 5.468
3 7 4.911
3 8 5.056
3 9 4.725
3 10 4.690
3 11 5.387
3 12 4.743
3 13 5.557
3 14 4.882
3 15 5.189
3 16 3.296
3 17 5.517
3 18 5.698
3 19 4.192
3 20 4.239
3 21 3.646
3 22 4.600
3 23 4.766
3 24 4.892
3 25 3.825
3 26 3.948
3 27 4.169
3 28 4.789
3 29 5.068
3 30 6.556
3 31 4.171
3 32 3.009
3 33 4.805
3 34 6.280
3 35 5.835
3 36 4.881
3 37 5.626
3 38 4.422
3 39 4.772
3 40 5.162
3 41 4.946
3 42 5.441
3 43 4.900
3 44 4.731
3 45 4.686
3 46 5.749
3 47 5.137
3 48 4.207
3 49 4.624
3 50 3.360
3 51 3.536
3 52 5.961
3 53 5.117
3 54 4.293
3 55 4.781
3 56 4.131
3 57 4.484
3 58 5.277
3 59 4.395
3 60 4.737
3 61 5.146
3 62 5.003
3 63 5.024
3 64 5.275
3 65 4.525
3 66 4.173
3 67 4.777
3 68 5.637
3 69 4.258
3 70 5.431
3 71 4.097
3 72 3.775
3 73 3.315
3 74 4.997
3 75 4.461
3 76 5.069
3 77 4.285
3 78 3.537
3 79 6.094
3 80 4.351
3 81 4.714
3 82 3.218
3 83 5.274
3 84 3.326
3 85 4.870
3 86 3.569
3 87 3.990
3 88 5.887
3 89 5.569
3 90 5.445
3 91 5.653
3 92 3.684
3 93 4.246
3 94 4.696
3 95 4.648
3 96 3.424
3 97 5.033
3 98 4.730
3 99 5.498
4 5 4.442
4 6 5.908
4 7 5.327
4 8 5.452
4 9 5.127
4 10 5.087
4 11 5.849
4 12 5.181
4 13 5.995
4 14 5.331
4 15 5.588
4 16 3.679
4 17 5.977
4 18 6.144
4 19 4.602
4 20 4.528
4 21 4.077
4 22 5.010
4 23 5.141
4 24 5.315
4 25 4.202
4 26 4.353
4 27 4.580
4 28 5.209
4 29 5.493
4 30 7.009
4 31 4.575
4 32 3.295
4 33 5.241
4 34 6.735
4 35 6.253
4 36 5.314
4 37 6.063
4 38 4.820
4 39 5.204
4 40 5.577
4 41 5.371
4 42 5.869
4 43 5.323
4 44 5.143
4 45 5.127
4 46 6.188
4 47 5.589
4 48 4.587
4 49 5.045
4 50 3.744
4 51 3.927
4 52 6.423
4 53 5.570
4 54 4.691
4 55 5.186
4 56 4.551
4 57 4.917
4 58 5.741
4 59 4.826
4 60 5.138
4 61 5.587
4 62 5.436
4 63 5.451
4 64 5.664
4 65 4.956
4 66 4.609
4 67 5.208
4 68 6.066
4 69 4.640
4 70 5.847
4 71 4.477
4 72 4.180
4 73 3.700
4 74 5.441
4 75 4.851
4 76 5.504
4 77 4.712
4 78 3.950
4 79 6.529
4 80 4.756
4 81 5.175
4 82 3.529
4 83 5.712
4 84 3.681
4 85 5.288
4 86 3.912
4 87 4.381
4 88 6.355
4 89 6.033
4 90 5.893
4 91 6.102
4 92 4.042
4 93 4.658
4 94 5.130
4 95 5.051
4 96 3.698
4 97 5.458
4 98 5.118
4 99 5.928
5 6 1.562
5 7 0.900
5 8 1.017
5 9 0.685
5 10 0.650
5 11 1.691
5 12 0.883
5 13 1.636
5 14 1.115
5 15 1.148
5 16 0.783
5 17 1.775
5 18 1.819
5 19 0.186
5 20 1.239
5 21 0.533
5 22 0.575
5 23 0.794
5 24 0.917
5 25 0.369
5 26 0.101
5 27 0.171
5 28 0.798
5 29 1.090
5 30 2.696
5 31 0.133
5 32 1.525
5 33 0.926
5 34 2.446
5 35 1.820
5 36 0.969
5 37 1.696
5 38 0.382
5 39 0.865
5 40 1.143
5 41 0.975
5 42 1.467
5 43 0.921
5 44 0.709
5 45 0.871
5 46 1.829
5 47 1.367
5 48 0.303
5 49 0.651
5 50 0.717
5 51 0.525
5 52 2.204
5 53 1.350
5 54 0.256
5 55 0.743
5 56 0.257
5 57 0.626
5 58 1.621
5 59 0.539
5 60 0.697
5 61 1.272
5 62 1.082
5 63 1.059
5 64 1.240
5 65 0.643
5 66 0.481
5 67 0.857
5 68 1.666
5 69 0.323
5 70 1.415
5 71 0.266
5 72 0.266
5 73 0.758
5 74 1.167
5 75 0.443
5 76 1.156
5 77 0.419
5 78 0.514
5 79 2.142
5 80 0.316
5 81 1.144
5 82 1.242
5 83 1.369
5 84 0.887
5 85 0.871
5 86 0.806
5 87 0.142
5 88 2.198
5 89 1.870
5 90 1.606
5 91 1.809
5 92 0.622
5 93 0.243
5 94 0.809
5 95 0.609
5 96 1.413
5 97 1.058
5 98 0.706
5 99 1.536
6 7 0.704
6 8 0.868
6 9 0.984
6 10 1.063
6 11 0.466
6 12 0.727
6 13 0.093
6 14 0.606
6 15 0.772
6 16 2.334
6 17 0.411
6 18 0.260
6 19 1.378
6 20 2.400
6 21 1.832
6 22 1.014
6 23 1.271
6 24 0.650
6 25 1.905
6 26 1.627
6 27 1.396
6 28 0.773
6 29 0.493
6 30 1.135
6 31 1.435
6 32 3.073
6 33 0.668
6 34 0.887
6 35 0.544
6 36 0.602
6 37 0.165
6 38 1.255
6 39 0.712
6 40 0.551
6 41 0.592
6 42 0.229
6 43 0.649
6 44 0.889
6 45 0.782
6 46 0.281
6 47 0.407
6 48 1.574
6 49 0.911
6 50 2.268
6 51 2.076
6 52 0.695
6 53 0.422
6 54 1.370
6 55 0.917
6 56 1.385
6 57 0.996
6 58 0.533
6 59 1.089
6 60 0.990
6 61 0.323
6 62 0.483
6 63 0.509
6 64 0.885
6 65 0.960
6 66 1.299
6 67 0.714
6 68 0.256
6 69 1.524
6 70 0.432
6 71 1.662
6 72 1.792
6 73 2.307
6 74 0.477
6 75 1.303
6 76 0.410
6 77 1.210
6 78 1.987
6 79 0.629
6 80 1.263
6 81 0.851
6 82 2.785
6 83 0.197
6 84 2.447
6 85 0.711
6 86 2.331
6 87 1.673
6 88 0.751
6 89 0.521
6 90 0.173
6 91 0.277
6 92 2.147
6 93 1.320
6 94 0.783
6 95 1.029
6 96 2.895
6 97 0.517
6 98 1.134
6 99 0.178
7 8 0.342
7 9 0.282
7 10 0.363
7 11 0.985
7 12 0.380
7 13 0.765
7 14 0.554
7 15 0.382
7 16 1.683
7 17 1.019
7 18 0.963
7 19 0.728
7 20 1.718
7 21 1.277
7 22 0.327
7 23 0.621
7 24 0.124
7 25 1.219
7 26 0.981
7 27 0.750
7 28 0.132
7 29 0.212
7 30 1.819
7 31 0.768
7 32 2.382
7 33 0.343
7 34 1.586
7 35 0.926
7 36 0.281
7 37 0.816
7 38 0.558
7 39 0.295
7 40 0.252
7 41 0.150
7 42 0.572
7 43 0.111
7 44 0.193
7 45 0.456
7 46 0.950
7 47 0.681
7 48 0.872
7 49 0.296
7 50 1.617
7 51 1.425
7 52 1.392
7 53 0.672
7 54 0.681
7 55 0.216
7 56 0.780
7 57 0.491
7 58 0.966
7 59 0.556
7 60 0.290
7 61 0.494
7 62 0.305
7 63 0.210
7 64 0.537
7 65 0.446
7 66 0.788
7 67 0.269
7 68 0.769
7 69 0.822
7 70 0.521
7 71 0.965
7 72 1.153
7 73 1.658
7 74 0.489
7 75 0.598
7 76 0.362
7 77 0.641
7 78 1.377
7 79 1.246
7 80 0.586
7 81 0.798
7 82 2.092
7 83 0.535
7 84 1.770
7 85 0.060
7 86 1.636
7 87 0.994
7 88 1.424
7 89 1.130
7 90 0.797
7 91 0.976
7 92 1.454
7 93 0.671
7 94 0.349
7 95 0.326
7 96 2.191
7 97 0.193
7 98 0.454
7 99 0.645
8 9 0.343
8 10 0.366
8 11 1.243
8 12 0.721
8 13 0.897
8 14 0.887
8 15 0.143
8 16 1.775
8 17 1.246
8 18 1.102
8 19 0.881
8 20 1.553
8 21 1.479
8 22 0.496
8 23 0.423
8 24 0.464
8 25 1.265
8 26 1.112
8 27 0.904
8 28 0.447
8 29 0.458
8 30 1.887
8 31 0.888
8 32 2.381
8 33 0.685
8 34 1.687
8 35 0.877
8 36 0.617
8 37 0.925
8 38 0.635
8 39 0.637
8 40 0.319
8 41 0.472
8 42 0.666
8 43 0.449
8 44 0.399
8 45 0.796
8 46 1.049
8 47 0.971
8 48 0.882
8 49 0.571
8 50 1.709
8 51 1.525
8 52 1.556
8 53 0.967
8 54 0.763
8 55 0.305
8 56 0.977
8 57 0.789
8 58 1.246
8 59 0.831
8 60 0.326
8 61 0.763
8 62 0.610
8 63 0.493
8 64 0.233
8 65 0.746
8 66 1.049
8 67 0.610
8 68 0.828
8 69 0.828
8 70 0.511
8 71 0.990
8 72 1.283
8 73 1.753
8 74 0.803
8 75 0.604
8 76 0.646
8 77 0.883
8 78 1.528
8 79 1.275
8 80 0.714
8 81 1.139
8 82 2.092
8 83 0.752
8 84 1.814
8 85 0.398
8 86 1.638
8 87 1.071
8 88 1.619
8 89 1.361
8 90 1.004
8 91 1.143
8 92 1.469
8 93 0.833
8 94 0.684
8 95 0.422
8 96 2.136
8 97 0.465
8 98 0.347
8 99 0.743
9 10 0.083
9 11 1.256
9 12 0.542
9 13 1.041
9 14 0.770
9 15 0.465
9 16 1.459
9 17 1.297
9 18 1.242
9 19 0.540
9 20 1.441
9 21 1.136
9 22 0.163
9 23 0.386
9 24 0.371
9 25 0.968
9 26 0.777
9 27 0.563
9 28 0.268
9 29 0.493
9 30 2.089
9 31 0.554
9 32 2.119
9 33 0.536
9 34 1.861
9 35 1.148
9 36 0.509
9 37 1.088
9 38 0.310
9 39 0.466
9 40 0.481
9 41 0.418
9 42 0.837
9 43 0.365
9 44 0.138
9 45 0.597
9 46 1.222
9 47 0.941
9 48 0.604
9 49 0.294
9 50 1.392
9 51 1.204
9 52 1.673
9 53 0.930
9 54 0.440
9 55 0.068
9 56 0.635
9 57 0.503
9 58 1.227
9 59 0.521
9 60 0.024
9 61 0.768
9 62 0.571
9 63 0.489
9 64 0.575
9 65 0.467
9 66 0.722
9 67 0.440
9 68 1.029
9 69 0.551
9 70 0.747
9 71 0.703
9 72 0.950
9 73 1.435
9 74 0.737
9 75 0.323
9 76 0.636
9 77 0.552
9 78 1.191
9 79 1.502
9 80 0.375
9 81 0.965
9 82 1.829
9 83 0.817
9 84 1.522
9 85 0.291
9 86 1.372
9 87 0.756
9 88 1.705
9 89 1.407
9 90 1.078
9 91 1.257
9 92 1.193
9 93 0.490
9 94 0.477
9 95 0.080
9 96 1.915
9 97 0.474
9 98 0.201
9 99 0.912
10 11 1.339
10 12 0.618
10 13 1.118
10 14 0.849
10 15 0.500
10 16 1.413
10 17 1.379
10 18 1.319
10 19 0.521
10 20 1.358
10 21 1.125
10 22 0.200
10 23 0.316
10 24 0.454
10 25 0.911
10 26 0.746
10 27 0.544
10 28 0.350
10 29 0.573
10 30 2.161
10 31 0.523
10 32 2.053
10 33 0.614
10 34 1.937
10 35 1.205
10 36 0.591
10 37 1.163
10 38 0.268
10 39 0.544
10 40 0.549
10 41 0.501
10 42 0.909
10 43 0.448
10 44 0.217
10 45 0.668
10 46 1.296
10 47 1.023
10 48 0.538
10 49 0.355
10 50 1.346
10 51 1.161
10 52 1.753
10 53 1.013
10 54 0.397
10 55 0.147
10 56 0.632
10 57 0.553
10 58 1.309
10 59 0.559
10 60 0.073
10 61 0.851
10 62 0.654
10 63 0.571
10 64 0.591
10 65 0.521
10 66 0.744
10 67 0.519
10 68 1.098
10 69 0.485
10 70 0.809
10 71 0.642
10 72 0.916
10 73 1.390
10 74 0.820
10 75 0.255
10 76 0.719
10 77 0.572
10 78 1.162
10 79 1.570
10 80 0.354
10 81 1.036
10 82 1.763
10 83 0.898
10 84 1.465
10 85 0.374
10 86 1.306
10 87 0.708
10 88 1.787
10 89 1.490
10 90 1.160
10 91 1.337
10 92 1.130
10 93 0.477
10 94 0.550
10 95 0.102
10 96 1.841
10 97 0.555
10 98 0.131
10 99 0.985
11 12 0.810
11 13 0.518
11 14 0.578
11 15 1.177
11 16 2.412
11 17 0.142
11 18 0.468
11 19 1.506
11 20 2.696
11 21 1.829
11 22 1.227
11 23 1.603
11 24 0.885
11 25 2.057
11 26 1.733
11 27 1.520
11 28 0.996
11 29 0.795
11 30 1.183
11 31 1.580
11 32 3.213
11 33 0.775
11 34 0.903
11 35 0.980
11 36 0.761
11 37 0.566
11 38 1.463
11 39 0.844
11 40 0.929
11 41 0.839
11 42 0.686
11 43 0.891
11 44 1.131
11 45 0.821
11 46 0.589
11 47 0.327
11 48 1.782
11 49 1.079
11 50 2.350
11 51 2.164
11 52 0.574
11 53 0.342
11 54 1.554
11 55 1.196
11 56 1.467
11 57 1.067
11 58 0.118
11 59 1.159
11 60 1.269
11 61 0.492
11 62 0.685
11 63 0.778
11 64 1.311
11 65 1.048
11 66 1.315
11 67 0.861
11 68 0.704
11 69 1.739
11 70 0.885
11 71 1.852
11 72 1.879
11 73 2.383
11 74 0.536
11 75 1.542
11 76 0.623
11 77 1.285
11 78 2.029
11 79 0.897
11 80 1.435
11 81 0.674
11 82 2.932
11 83 0.496
11 84 2.566
11 85 0.965
11 86 2.494
11 87 1.821
11 88 0.520
11 89 0.187
11 90 0.294
11 91 0.373
11 92 2.309
11 93 1.453
11 94 0.887
11 95 1.275
11 96 3.090
11 97 0.800
11 98 1.439
11 99 0.644
12 13 0.814
12 14 0.247
12 15 0.753
12 16 1.628
12 17 0.892
12 18 0.971
12 19 0.698
12 20 1.932
12 21 1.104
12 22 0.453
12 23 0.928
12 24 0.265
12 25 1.247
12 26 0.932
12 27 0.712
12 28 0.289
12 29 0.386
12 30 1.850
12 31 0.770
12 32 2.408
12 33 0.063
12 34 1.588
12 35 1.134
12 36 0.153
12 37 0.883
12 38 0.670
12 39 0.085
12 40 0.556
12 41 0.283
12 42 0.713
12 43 0.280
12 44 0.405
12 45 0.081
12 46 1.008
12 47 0.485
12 48 0.980
12 49 0.286
12 50 1.564
12 51 1.374
12 52 1.325
12 53 0.468
12 54 0.749
12 55 0.507
12 56 0.673
12 57 0.273
12 58 0.750
12 59 0.368
12 60 0.563
12 61 0.410
12 62 0.266
12 63 0.329
12 64 0.912
12 65 0.244
12 66 0.572
12 67 0.112
12 68 0.901
12 69 0.942
12 70 0.766
12 71 1.044
12 72 1.088
12 73 1.600
12 74 0.285
12 75 0.766
12 76 0.326
12 77 0.493
12 78 1.266
12 79 1.350
12 80 0.629
12 81 0.427
12 82 2.125
12 83 0.532
12 84 1.766
12 85 0.323
12 86 1.685
12 87 1.012
12 88 1.314
12 89 0.987
12 90 0.736
12 91 0.945
12 92 1.499
12 93 0.643
12 94 0.079
12 95 0.528
12 96 2.280
12 97 0.351
12 98 0.743
12 99 0.761
13 14 0.699
13 15 0.790
13 16 2.412
13 17 0.440
13 18 0.205
13 19 1.454
13 20 2.441
13 21 1.918
13 22 1.082
13 23 1.310
13 24 0.721
13 25 1.975
13 26 1.705
13 27 1.473
13 28 0.843
13 29 0.556
13 30 1.060
13 31 1.508
13 32 3.142
13 33 0.754
13 34 0.821
13 35 0.468
13 36 0.685
13 37 0.072
13 38 1.320
13 39 0.795
13 40 0.589
13 41 0.662
13 42 0.234
13 43 0.718
13 44 0.954
13 45 0.871
13 46 0.195
13 47 0.496
13 48 1.637
13 49 0.987
13 50 2.346
13 51 2.154
13 52 0.660
13 53 0.512
13 54 1.438
13 55 0.973
13 56 1.466
13 57 1.080
13 58 0.597
13 59 1.174
13 60 1.046
13 61 0.414
13 62 0.564
13 63 0.579
13 64 0.890
13 65 1.044
13 66 1.386
13 67 0.795
13 68 0.186
13 69 1.587
13 70 0.426
13 71 1.728
13 72 1.871
13 73 2.385
13 74 0.569
13 75 1.362
13 76 0.493
13 77 1.293
13 78 2.069
13 79 0.538
13 80 1.334
13 81 0.943
13 82 2.853
13 83 0.283
13 84 2.520
13 85 0.777
13 86 2.398
13 87 1.745
13 88 0.735
13 89 0.542
13 90 0.229
13 91 0.254
13 92 2.215
13 93 1.395
13 94 0.867
13 95 1.090
13 96 2.955
13 97 0.583
13 98 1.181
13 99 0.161
14 15 0.885
14 16 1.837
14 17 0.676
14 18 0.818
14 19 0.931
14 20 2.178
14 21 1.273
14 22 0.697
14 23 1.151
14 24 0.431
14 25 1.482
14 26 1.155
14 27 0.944
14 28 0.503
14 29 0.461
14 30 1.680
14 31 1.008
14 32 2.635
14 33 0.235
14 34 1.408
14 35 1.095
14 36 0.274
14 37 0.771
14 38 0.917
14 39 0.307
14 40 0.648
14 41 0.415
14 42 0.670
14 43 0.444
14 44 0.633
14 45 0.244
14 46 0.880
14 47 0.265
14 48 1.227
14 49 0.533
14 50 1.774
14 51 1.587
14 52 1.121
14 53 0.247
14 54 0.995
14 55 0.725
14 56 0.889
14 57 0.490
14 58 0.508
14 59 0.581
14 60 0.789
14 61 0.296
14 62 0.295
14 63 0.410
14 64 1.044
14 65 0.473
14 66 0.747
14 67 0.331
14 68 0.828
14 69 1.189
14 70 0.785
14 71 1.288
14 72 1.302
14 73 1.808
14 74 0.139
14 75 1.012
14 76 0.302
14 77 0.707
14 78 1.460
14 79 1.233
14 80 0.874
14 81 0.284
14 82 2.355
14 83 0.432
14 84 1.988
14 85 0.509
14 86 1.920
14 87 1.247
14 88 1.093
14 89 0.761
14 90 0.563
14 91 0.772
14 92 1.734
14 93 0.879
14 94 0.326
14 95 0.766
14 96 2.520
14 97 0.439
14 98 0.969
14 99 0.694
15 16 1.913
15 17 1.166
15 18 0.992
15 19 1.005
15 20 1.679
15 21 1.596
15 22 0.607
15 23 0.557
15 24 0.488
15 25 1.405
15 26 1.242
15 27 1.028
15 28 0.507
15 29 0.429
15 30 1.755
15 31 1.018
15 32 2.524
15 33 0.708
15 34 1.562
15 35 0.736
15 36 0.629
15 37 0.811
15 38 0.768
15 39 0.672
15 40 0.254
15 41 0.480
15 42 0.557
15 43 0.474
15 44 0.493
15 45 0.833
15 46 0.930
15 47 0.929
15 48 1.023
15 49 0.653
15 50 1.846
15 51 1.661
15 52 1.449
15 53 0.927
15 54 0.897
15 55 0.416
15 56 1.092
15 57 0.865
15 58 1.193
15 59 0.918
15 60 0.452
15 61 0.716
15 62 0.593
15 63 0.476
15 64 0.160
15 65 0.820
15 66 1.143
15 67 0.646
15 68 0.703
15 69 0.969
15 70 0.384
15 71 1.131
15 72 1.414
15 73 1.890
15 74 0.783
15 75 0.744
15 76 0.613
15 77 0.983
15 78 1.656
15 79 1.140
15 80 0.841
15 81 1.153
15 82 2.235
15 83 0.681
15 84 1.955
15 85 0.442
15 86 1.780
15 87 1.208
15 88 1.521
15 89 1.280
15 90 0.921
15 91 1.041
15 92 1.611
15 93 0.954
15 94 0.730
15 95 0.544
15 96 2.277
15 97 0.447
15 98 0.489
15 99 0.632
16 17 2.512
16 18 2.589
16 19 0.960
16 20 1.275
16 21 0.654
16 22 1.357
16 23 1.471
16 24 1.696
16 25 0.530
16 26 0.708
16 27 0.940
16 28 1.579
16 29 1.871
16 30 3.468
16 31 0.916
16 32 0.856
16 33 1.679
16 34 3.213
16 35 2.602
16 36 1.734
16 37 2.473
16 38 1.149
16 39 1.625
16 40 1.926
16 41 1.754
16 42 2.249
16 43 1.701
16 44 1.492
16 45 1.598
16 46 2.606
16 47 2.100
16 48 0.911
16 49 1.426
16 50 0.067
16 51 0.259
16 52 2.952
16 53 2.082
16 54 1.019
16 55 1.520
16 56 0.955
16 57 1.356
16 58 2.328
16 59 1.262
16 60 1.468
16 61 2.032
16 62 1.851
16 63 1.838
16 64 1.986
16 65 1.385
16 66 1.100
16 67 1.621
16 68 2.448
16 69 0.963
16 70 2.197
16 71 0.801
16 72 0.542
16 73 0.029
16 74 1.912
16 75 1.172
16 76 1.925
16 77 1.136
16 78 0.403
16 79 2.924
16 80 1.098
16 81 1.792
16 82 0.630
16 83 2.139
16 84 0.256
16 85 1.654
16 86 0.454
16 87 0.704
16 88 2.929
16 89 2.597
16 90 2.363
16 91 2.571
16 92 0.450
16 93 1.018
16 94 1.561
16 95 1.386
16 96 0.936
16 97 1.839
16 98 1.439
16 99 2.317
17 18 0.346
17 19 1.590
17 20 2.737
17 21 1.943
17 22 1.285
17 23 1.627
17 24 0.930
17 25 2.138
17 26 1.824
17 27 1.604
17 28 1.048
17 29 0.817
17 30 1.046
17 31 1.660
17 32 3.300
17 33 0.851
17 34 0.766
17 35 0.883
17 36 0.822
17 37 0.474
17 38 1.525
17 39 0.916
17 40 0.927
17 41 0.879
17 42 0.640
17 43 0.934
17 44 1.179
17 45 0.914
17 46 0.473
17 47 0.412
17 48 1.846
17 49 1.147
17 50 2.449
17 51 2.261
17 52 0.449
17 53 0.430
17 54 1.624
17 55 1.234
17 56 1.560
17 57 1.158
17 58 0.260
17 59 1.252
17 60 1.308
17 61 0.530
17 62 0.731
17 63 0.809
17 64 1.289
17 65 1.135
17 66 1.421
17 67 0.929
17 68 0.620
17 69 1.802
17 70 0.842
17 71 1.922
17 72 1.975
17 73 2.483
17 74 0.609
17 75 1.596
17 76 0.662
17 77 1.378
17 78 2.135
17 79 0.762
17 80 1.507
17 81 0.804
17 82 3.017
17 83 0.496
17 84 2.657
17 85 1.006
17 86 2.574
17 87 1.902
17 88 0.422
17 89 0.114
17 90 0.246
17 91 0.248
17 92 2.388
17 93 1.534
17 94 0.966
17 95 1.325
17 96 3.163
17 97 0.828
17 98 1.471
17 99 0.585
18 19 1.635
18 20 2.647
18 21 2.073
18 22 1.274
18 23 1.515
18 24 0.910
18 25 2.164
18 26 1.883
18 27 1.653
18 28 1.033
18 29 0.752
18 30 0.880
18 31 1.693
18 32 3.333
18 33 0.915
18 34 0.628
18 35 0.551
18 36 0.855
18 37 0.186
18 38 1.514
18 39 0.964
18 40 0.794
18 41 0.852
18 42 0.436
18 43 0.909
18 44 1.149
18 45 1.019
18 46 0.128
18 47 0.575
18 48 1.833
18 49 1.169
18 50 2.523
18 51 2.332
18 52 0.457
18 53 0.594
18 54 1.629
18 55 1.174
18 56 1.637
18 57 1.243
18 58 0.574
18 59 1.337
18 60 1.247
18 61 0.562
18 62 0.738
18 63 0.769
18 64 1.086
18 65 1.210
18 66 1.540
18 67 0.968
18 68 0.326
18 69 1.784
18 70 0.620
18 71 1.922
18 72 2.047
18 73 2.561
18 74 0.703
18 75 1.561
18 76 0.664
18 77 1.460
18 78 2.236
18 79 0.442
18 80 1.522
18 81 1.026
18 82 3.044
18 83 0.450
18 84 2.706
18 85 0.971
18 86 2.591
18 87 1.932
18 88 0.545
18 89 0.420
18 90 0.259
18 91 0.099
18 92 2.407
18 93 1.577
18 94 1.032
18 95 1.288
18 96 3.154
18 97 0.777
18 98 1.386
18 99 0.361
19 20 1.357
19 21 0.605
19 22 0.409
19 23 0.727
19 24 0.736
19 25 0.551
19 26 0.253
19 27 0.023
19 28 0.619
19 29 0.911
19 30 2.512
19 31 0.087
19 32 1.711
19 33 0.740
19 34 2.261
19 35 1.653
19 36 0.783
19 37 1.514
19 38 0.269
19 39 0.679
19 40 0.976
19 41 0.794
19 42 1.289
19 43 0.741
19 44 0.541
19 45 0.688
19 46 1.647
19 47 1.182
19 48 0.370
19 49 0.467
19 50 0.894
19 51 0.701
19 52 2.017
19 53 1.165
19 54 0.186
19 55 0.591
19 56 0.147
19 57 0.445
19 58 1.439
19 59 0.362
19 60 0.555
19 61 1.086
19 62 0.897
19 63 0.878
19 64 1.110
19 65 0.459
19 66 0.361
19 67 0.671
19 68 1.488
19 69 0.361
19 70 1.247
19 71 0.386
19 72 0.425
19 73 0.934
19 74 0.981
19 75 0.371
19 76 0.971
19 77 0.253
19 78 0.655
19 79 1.964
19 80 0.168
19 81 0.977
19 82 1.428
19 83 1.184
19 84 1.073
19 85 0.695
19 86 0.988
19 87 0.316
19 88 2.012
19 89 1.685
19 90 1.420
19 91 1.624
19 92 0.803
19 93 0.058
19 94 0.623
19 95 0.460
19 96 1.591
19 97 0.878
19 98 0.603
19 99 1.357
20 21 1.634
20 22 1.481
20 23 1.133
20 24 1.812
20 25 0.978
20 26 1.283
20 27 1.359
20 28 1.701
20 29 1.924
20 30 3.433
20 31 1.270
20 32 1.234
20 33 1.946
20 34 3.240
20 35 2.393
20 36 1.941
20 37 2.475
20 38 1.267
20 39 1.874
20 40 1.853
20 41 1.860
20 42 2.215
20 43 1.806
20 44 1.566
20 45 1.958
20 46 2.601
20 47 2.377
20 48 0.991
20 49 1.646
20 50 1.250
20 51 1.221
20 52 3.095
20 53 2.365
20 54 1.218
20 55 1.503
20 56 1.483
20 57 1.751
20 58 2.662
20 59 1.693
20 60 1.429
20 61 2.209
20 62 2.012
20 63 1.928
20 64 1.643
20 65 1.745
20 66 1.711
20 67 1.852
20 68 2.380
20 69 1.013
20 70 2.062
20 71 0.978
20 72 1.289
20 73 1.280
20 74 2.170
20 75 1.166
20 76 2.077
20 77 1.604
20 78 1.435
20 79 2.815
20 80 1.333
20 81 2.301
20 82 1.030
20 83 2.249
20 84 1.079
20 85 1.733
20 86 0.826
20 87 1.109
20 88 3.140
20 89 2.848
20 90 2.512
20 91 2.677
20 92 0.854
20 93 1.385
20 94 1.854
20 95 1.422
20 96 0.834
20 97 1.910
20 98 1.268
20 99 2.293
21 22 0.989
21 23 1.318
21 24 1.248
21 25 0.657
21 26 0.437
21 27 0.583
21 28 1.151
21 29 1.424
21 30 2.948
21 31 0.625
21 32 1.511
21 33 1.164
21 34 2.679
21 35 2.193
21 36 1.237
21 37 1.986
21 38 0.872
21 39 1.127
21 40 1.529
21 41 1.301
21 42 1.796
21 43 1.257
21 44 1.110
21 45 1.054
21 46 2.112
21 47 1.537
21 48 0.826
21 49 0.984
21 50 0.609
21 51 0.483
21 52 2.391
21 53 1.518
21 54 0.766
21 55 1.180
21 56 0.504
21 57 0.840
21 58 1.735
21 59 0.750
21 60 1.154
21 61 1.513
21 62 1.359
21 63 1.379
21 64 1.711
21 65 0.879
21 66 0.533
21 67 1.132
21 68 1.991
21 69 0.853
21 70 1.793
21 71 0.756
21 72 0.352
21 73 0.626
21 74 1.372
21 75 0.960
21 76 1.427
21 77 0.641
21 78 0.258
21 79 2.452
21 80 0.773
21 81 1.177
21 82 1.273
21 83 1.636
21 84 0.882
21 85 1.232
21 86 0.958
21 87 0.591
21 88 2.349
21 89 2.016
21 90 1.828
21 91 2.039
21 92 0.825
21 93 0.648
21 94 1.053
21 95 1.057
21 96 1.546
21 97 1.388
21 98 1.207
21 99 1.853
22 23 0.511
22 24 0.365
22 25 0.894
22 26 0.658
22 27 0.431
22 28 0.242
22 29 0.526
22 30 2.140
22 31 0.442
22 32 2.061
22 33 0.465
22 34 1.901
22 35 1.247
22 36 0.466
22 37 1.136
22 38 0.242
22 39 0.392
22 40 0.569
22 41 0.423
22 42 0.898
22 43 0.366
22 44 0.135
22 45 0.491
22 46 1.270
22 47 0.903
22 48 0.564
22 49 0.170
22 50 1.291
22 51 1.099
22 52 1.686
22 53 0.889
22 54 0.356
22 55 0.192
22 56 0.485
22 57 0.354
22 58 1.184
22 59 0.361
22 60 0.186
22 61 0.757
22 62 0.556
22 63 0.505
22 64 0.729
22 65 0.323
22 66 0.560
22 67 0.371
22 68 1.096
22 69 0.517
22 70 0.841
22 71 0.648
22 72 0.832
22 73 1.332
22 74 0.693
22 75 0.317
22 76 0.629
22 77 0.390
22 78 1.063
22 79 1.573
22 80 0.259
22 81 0.855
22 82 1.771
22 83 0.831
22 84 1.444
22 85 0.305
22 86 1.317
22 87 0.668
22 88 1.703
22 89 1.391
22 90 1.085
22 91 1.277
22 92 1.133
22 93 0.354
22 94 0.378
22 95 0.098
22 96 1.886
22 97 0.499
22 98 0.329
22 99 0.969
23 24 0.734
23 25 0.941
23 26 0.895
23 27 0.747
23 28 0.648
23 29 0.811
23 30 2.309
23 31 0.693
23 32 1.996
23 33 0.919
23 34 2.108
23 35 1.289
23 36 0.884
23 37 1.343
23 38 0.462
23 39 0.851
23 40 0.721
23 41 0.771
23 42 1.082
23 43 0.724
23 44 0.524
23 45 0.983
23 46 1.469
23 47 1.301
23 48 0.562
23 49 0.672
23 50 1.408
23 51 1.239
23 52 1.965
23 53 1.293
23 54 0.552
23 55 0.426
23 56 0.863
23 57 0.864
23 58 1.587
23 59 0.859
23 60 0.365
23 61 1.111
23 62 0.925
23 63 0.825
23 64 0.560
23 65 0.834
23 66 1.018
23 67 0.824
23 68 1.250
23 69 0.513
23 70 0.934
23 71 0.671
23 72 1.045
23 73 1.452
23 74 1.106
23 75 0.358
23 76 0.981
23 77 0.850
23 78 1.297
23 79 1.696
23 80 0.574
23 81 1.350
23 82 1.710
23 83 1.132
23 84 1.467
23 85 0.652
23 86 1.265
23 87 0.796
23 88 2.018
23 89 1.740
23 90 1.393
23 91 1.549
23 92 1.110
23 93 0.701
23 94 0.863
23 95 0.416
23 96 1.728
23 97 0.803
23 98 0.186
23 99 1.160
24 25 1.255
24 26 0.989
24 27 0.756
24 28 0.123
24 29 0.178
24 30 1.781
24 31 0.788
24 32 2.423
24 33 0.223
24 34 1.537
24 35 0.945
24 36 0.157
24 37 0.779
24 38 0.607
24 39 0.184
24 40 0.305
24 41 0.059
24 42 0.556
24 43 0.015
24 44 0.250
24 45 0.345
24 46 0.913
24 47 0.571
24 48 0.929
24 49 0.272
24 50 1.630
24 51 1.437
24 52 1.322
24 53 0.561
24 54 0.719
24 55 0.313
24 56 0.764
24 57 0.427
24 58 0.857
24 59 0.505
24 60 0.385
24 61 0.399
24 62 0.200
24 63 0.142
24 64 0.647
24 65 0.382
24 66 0.737
24 67 0.160
24 68 0.755
24 69 0.881
24 70 0.550
24 71 1.014
24 72 1.158
24 73 1.670
24 74 0.372
24 75 0.668
24 76 0.268
24 77 0.607
24 78 1.369
24 79 1.229
24 80 0.613
24 81 0.676
24 82 2.134
24 83 0.465
24 84 1.799
24 85 0.082
24 86 1.681
24 87 1.024
24 88 1.343
24 89 1.038
24 90 0.721
24 91 0.911
24 92 1.497
24 93 0.678
24 94 0.249
24 95 0.395
24 96 2.251
24 97 0.143
24 98 0.559
24 99 0.621
25 26 0.356
25 27 0.538
25 28 1.132
25 29 1.421
25 30 3.034
25 31 0.478
25 32 1.169
25 33 1.287
25 34 2.792
25 35 2.115
25 36 1.324
25 37 2.030
25 38 0.663
25 39 1.224
25 40 1.447
25 41 1.313
25 42 1.791
25 43 1.257
25 44 1.026
25 45 1.238
25 46 2.165
25 47 1.732
25 48 0.386
25 49 0.999
25 50 0.469
25 51 0.322
25 52 2.561
25 53 1.715
25 54 0.538
25 55 1.034
25 56 0.618
25 57 0.994
25 58 1.989
25 59 0.908
25 60 0.973
25 61 1.626
25 62 1.432
25 63 1.396
25 64 1.467
25 65 1.009
25 66 0.830
25 67 1.213
25 68 1.987
25 69 0.439
25 70 1.715
25 71 0.276
25 72 0.313
25 73 0.513
25 74 1.529
25 75 0.661
25 76 1.506
25 77 0.788
25 78 0.480
25 79 2.464
25 80 0.642
25 81 1.511
25 82 0.882
25 83 1.716
25 84 0.554
25 85 1.199
25 86 0.438
25 87 0.236
25 88 2.560
25 89 2.234
25 90 1.960
25 91 2.160
25 92 0.253
25 93 0.604
25 94 1.172
25 95 0.902
25 96 1.044
25 97 1.392
25 98 0.922
25 99 1.863
26 27 0.233
26 28 0.872
26 29 1.164
26 30 2.762
26 31 0.224
26 32 1.480
26 33 0.980
26 34 2.509
26 35 1.905
26 36 1.029
26 37 1.765
26 38 0.479
26 39 0.922
26 40 1.227
26 41 1.047
26 42 1.543
26 43 0.994
26 44 0.792
26 45 0.912
26 46 1.898
26 47 1.413
26 48 0.390
26 49 0.718
26 50 0.642
26 51 0.449
26 52 2.257
26 53 1.395
26 54 0.355
26 55 0.833
26 56 0.270
26 57 0.666
26 58 1.658
26 59 0.574
26 60 0.790
26 61 1.330
26 62 1.145
26 63 1.130
26 64 1.337
26 65 0.689
26 66 0.474
26 67 0.916
26 68 1.742
26 69 0.416
26 70 1.499
26 71 0.332
26 72 0.173
26 73 0.681
26 74 1.217
26 75 0.543
26 76 1.219
26 77 0.449
26 78 0.416
26 79 2.217
26 80 0.404
26 81 1.161
26 82 1.202
26 83 1.433
26 84 0.834
26 85 0.948
26 86 0.781
26 87 0.175
26 88 2.245
26 89 1.915
26 90 1.663
26 91 1.869
26 92 0.602
26 93 0.311
26 94 0.861
26 95 0.700
26 96 1.394
26 97 1.131
26 98 0.806
26 99 1.610
27 28 0.639
27 29 0.931
27 30 2.531
27 31 0.089
27 32 1.696
27 33 0.756
27 34 2.279
27 35 1.675
27 36 0.801
27 37 1.533
27 38 0.291
27 39 0.695
27 40 0.998
27 41 0.814
27 42 1.310
27 43 0.761
27 44 0.563
27 45 0.700
27 46 1.666
27 47 1.196
27 48 0.375
27 49 0.486
27 50 0.874
27 51 0.682
27 52 2.033
27 53 1.179
27 54 0.203
27 55 0.613
27 56 0.135
27 57 0.456
27 58 1.451
27 59 0.371
27 60 0.578
27 61 1.102
27 62 0.915
27 63 0.897
27 64 1.133
27 65 0.472
27 66 0.355
27 67 0.688
27 68 1.509
27 69 0.369
27 70 1.269
27 71 0.385
27 72 0.404
27 73 0.914
27 74 0.996
27 75 0.390
27 76 0.989
27 77 0.257
27 78 0.632
27 79 1.984
27 80 0.191
27 81 0.983
27 82 1.413
27 83 1.203
27 84 1.056
27 85 0.716
27 86 0.976
27 87 0.305
27 88 2.026
27 89 1.699
27 90 1.436
27 91 1.641
27 92 0.791
27 93 0.079
27 94 0.638
27 95 0.483
27 96 1.580
27 97 0.898
27 98 0.625
27 99 1.377
28 29 0.292
28 30 1.903
28 31 0.667
28 32 2.300
28 33 0.271
28 34 1.660
28 35 1.045
28 36 0.242
28 37 0.900
28 38 0.484
28 39 0.206
28 40 0.379
28 41 0.181
28 42 0.670
28 43 0.125
28 44 0.135
28 45 0.356
28 46 1.034
28 47 0.677
28 48 0.806
28 49 0.167
28 50 1.512
28 51 1.320
28 52 1.444
28 53 0.665
28 54 0.596
28 55 0.222
28 56 0.658
28 57 0.360
28 58 0.962
28 59 0.424
28 60 0.286
28 61 0.518
28 62 0.317
28 63 0.264
28 64 0.658
28 65 0.315
28 66 0.656
28 67 0.179
28 68 0.869
28 69 0.759
28 70 0.642
28 71 0.891
28 72 1.043
28 73 1.553
28 74 0.471
28 75 0.549
28 76 0.388
28 77 0.512
28 78 1.260
28 79 1.345
28 80 0.491
28 81 0.716
28 82 2.011
28 83 0.588
28 84 1.678
28 85 0.081
28 86 1.558
28 87 0.902
28 88 1.463
28 89 1.155
28 90 0.843
28 91 1.035
28 92 1.374
28 93 0.561
28 94 0.239
28 95 0.279
28 96 2.128
28 97 0.261
28 98 0.466
28 99 0.738
29 30 1.614
29 31 0.959
29 32 2.587
29 33 0.326
29 34 1.376
29 35 0.771
29 36 0.235
29 37 0.610
29 38 0.764
29 39 0.322
29 40 0.187
29 41 0.123
29 42 0.379
29 43 0.171
29 44 0.398
29 45 0.465
29 46 0.744
29 47 0.513
29 48 1.082
29 49 0.449
29 50 1.804
29 51 1.612
29 52 1.180
29 53 0.508
29 54 0.883
29 55 0.426
29 56 0.942
29 57 0.595
29 58 0.790
29 59 0.678
29 60 0.500
29 61 0.307
29 62 0.166
29 63 0.057
29 64 0.586
29 65 0.551
29 66 0.908
29 67 0.307
29 68 0.578
29 69 1.032
29 70 0.384
29 71 1.172
29 72 1.334
29 73 1.845
29 74 0.354
29 75 0.810
29 76 0.188
29 77 0.783
29 78 1.547
29 79 1.053
29 80 0.781
29 81 0.738
29 82 2.297
29 83 0.326
29 84 1.968
29 85 0.221
29 86 1.842
29 87 1.192
29 88 1.216
29 89 0.930
29 90 0.589
29 91 0.764
29 92 1.659
29 93 0.852
29 94 0.398
29 95 0.536
29 96 2.402
29 97 0.037
29 98 0.655
29 99 0.446
30 31 2.568
30 32 4.201
30 33 1.795
30 34 0.281
30 35 1.056
30 36 1.735
30 37 1.004
30 38 2.377
30 39 1.844
30 40 1.614
30 41 1.723
30 42 1.252
30 43 1.778
30 44 2.011
30 45 1.894
30 46 0.870
30 47 1.420
30 48 2.691
30 49 2.045
30 50 3.403
30 51 3.211
30 52 0.628
30 53 1.440
30 54 2.497
30 55 2.021
30 56 2.517
30 57 2.122
30 58 1.299
30 59 2.217
30 60 2.091
30 61 1.441
30 62 1.617
30 63 1.639
30 64 1.797
30 65 2.090
30 66 2.416
30 67 1.847
30 68 1.065
30 69 2.639
30 70 1.376
30 71 2.785
30 72 2.927
30 73 3.441
30 74 1.576
30 75 2.412
30 76 1.544
30 77 2.340
30 78 3.116
30 79 0.620
30 80 2.394
30 81 1.847
30 82 3.911
30 83 1.329
30 84 3.580
30 85 1.835
30 86 3.455
30 87 2.805
30 88 0.755
30 89 1.015
30 90 1.120
30 91 0.909
30 92 3.273
30 93 2.454
30 94 1.912
30 95 2.144
30 96 4.002
30 97 1.643
30 98 2.208
30 99 1.177
31 32 1.644
31 33 0.810
31 34 2.321
31 35 1.687
31 36 0.847
31 37 1.567
31 38 0.256
31 39 0.746
31 40 1.010
31 41 0.846
31 42 1.336
31 43 0.791
31 44 0.576
31 45 0.765
31 46 1.700
31 47 1.255
31 48 0.286
31 49 0.525
31 50 0.849
31 51 0.658
31 52 2.084
31 53 1.239
31 54 0.141
31 55 0.611
31 56 0.222
31 57 0.525
31 58 1.516
31 59 0.446
31 60 0.566
31 61 1.150
31 62 0.958
31 63 0.930
31 64 1.114
31 65 0.536
31 66 0.444
31 67 0.736
31 68 1.534
31 69 0.283
31 70 1.282
31 71 0.300
31 72 0.396
31 73 0.891
31 74 1.051
31 75 0.335
31 76 1.032
31 77 0.340
31 78 0.639
31 79 2.011
31 80 0.183
31 81 1.062
31 82 1.358
31 83 1.244
31 84 1.012
31 85 0.740
31 86 0.914
31 87 0.242
31 88 2.083
31 89 1.757
31 90 1.484
31 91 1.686
31 92 0.728
31 93 0.130
31 94 0.694
31 95 0.477
31 96 1.512
31 97 0.928
31 98 0.588
31 99 1.405
32 33 2.451
32 34 3.960
32 35 3.254
32 36 2.491
32 37 3.196
32 38 1.824
32 39 2.389
32 40 2.600
32 41 2.481
32 42 2.953
32 43 2.425
32 44 2.190
32 45 2.391
32 46 3.331
32 47 2.891
32 48 1.516
32 49 2.168
32 50 0.904
32 51 1.067
32 52 3.728
32 53 2.874
32 54 1.704
32 55 2.187
32 56 1.748
32 57 2.145
32 58 3.138
32 59 2.054
32 60 2.121
32 61 2.794
32 62 2.601
32 63 2.564
32 64 2.555
32 65 2.166
32 66 1.925
32 67 2.380
32 68 3.147
32 69 1.569
32 70 2.862
32 71 1.417
32 72 1.343
32 73 0.885
32 74 2.692
32 75 1.799
32 76 2.675
32 77 1.929
32 78 1.257
32 79 3.621
32 80 1.811
32 81 2.624
32 82 0.290
32 83 2.885
32 84 0.651
32 85 2.366
32 86 0.748
32 87 1.403
32 88 3.722
32 89 3.394
32 90 3.128
32 91 3.329
32 92 0.928
32 93 1.767
32 94 2.334
32 95 2.059
32 96 0.421
32 97 2.559
32 98 2.035
32 99 3.026
33 34 1.534
33 35 1.071
33 36 0.091
33 37 0.822
33 38 0.691
33 39 0.072
33 40 0.501
33 41 0.231
33 42 0.650
33 43 0.237
33 44 0.398
33 45 0.140
33 46 0.948
33 47 0.449
33 48 1.007
33 49 0.305
33 50 1.614
33 51 1.424
33 52 1.278
33 53 0.433
33 54 0.779
33 55 0.493
33 56 0.725
33 57 0.328
33 58 0.723
33 59 0.422
33 60 0.555
33 61 0.354
33 62 0.202
33 63 0.269
33 64 0.868
33 65 0.295
33 66 0.632
33 67 0.096
33 68 0.838
33 69 0.967
33 70 0.704
33 71 1.076
33 72 1.138
33 73 1.651
33 74 0.242
33 75 0.781
33 76 0.264
33 77 0.546
33 78 1.321
33 79 1.289
33 80 0.660
33 81 0.454
33 82 2.167
33 83 0.472
33 84 1.811
33 85 0.290
33 86 1.724
33 87 1.051
33 88 1.273
33 89 0.949
33 90 0.684
33 91 0.892
33 92 1.538
33 93 0.684
33 94 0.118
33 95 0.531
33 96 2.315
33 97 0.293
33 98 0.735
33 99 0.698
34 35 0.915
34 36 1.479
34 37 0.774
34 38 2.140
34 39 1.587
34 40 1.397
34 41 1.479
34 42 1.032
34 43 1.536
34 44 1.774
34 45 1.628
34 46 0.642
34 47 1.146
34 48 2.458
34 49 1.796
34 50 3.148
34 51 2.956
34 52 0.352
34 53 1.166
34 54 2.256
34 55 1.793
34 56 2.259
34 57 1.861
34 58 1.019
34 59 1.956
34 60 1.865
34 61 1.181
34 62 1.364
34 63 1.396
34 64 1.624
34 65 1.830
34 66 2.149
34 67 1.592
34 68 0.860
34 69 2.408
34 70 1.178
34 71 2.548
34 72 2.671
34 73 3.185
34 74 1.310
34 75 2.183
34 76 1.290
34 77 2.080
34 78 2.854
34 79 0.487
34 80 2.150
34 81 1.568
34 82 3.672
34 83 1.077
34 84 3.333
34 85 1.596
34 86 3.218
34 87 2.559
34 88 0.492
34 89 0.734
34 90 0.853
34 91 0.643
34 92 3.034
34 93 2.203
34 94 1.652
34 95 1.911
34 96 3.776
34 97 1.403
34 98 1.994
34 99 0.954
35 36 0.983
35 37 0.415
35 38 1.457
35 39 1.086
35 40 0.678
35 41 0.894
35 42 0.427
35 43 0.936
35 44 1.112
35 45 1.206
35 46 0.426
35 47 0.942
35 48 1.742
35 49 1.211
35 50 2.535
35 51 2.345
35 52 0.932
35 53 0.955
35 54 1.586
35 55 1.084
35 56 1.703
35 57 1.366
35 58 1.065
35 59 1.449
35 60 1.142
35 61 0.800
35 62 0.869
35 63 0.820
35 64 0.750
35 65 1.322
35 66 1.679
35 67 1.075
35 68 0.287
35 69 1.688
35 70 0.406
35 71 1.847
35 72 2.078
35 73 2.578
35 74 0.955
35 75 1.459
35 76 0.819
35 77 1.552
35 78 2.303
35 79 0.439
35 80 1.505
35 81 1.365
35 82 2.964
35 83 0.667
35 84 2.669
35 85 0.965
35 86 2.507
35 87 1.903
35 88 1.061
35 89 0.969
35 90 0.697
35 91 0.647
35 92 2.334
35 93 1.596
35 94 1.162
35 95 1.218
35 96 3.013
35 97 0.808
35 98 1.220
35 99 0.403
36 37 0.750
36 38 0.704
36 39 0.111
36 40 0.413
36 41 0.149
36 42 0.566
36 43 0.170
36 44 0.376
36 45 0.231
36 46 0.879
36 47 0.437
36 48 1.025
36 49 0.326
36 50 1.669
36 51 1.477
36 52 1.237
36 53 0.425
36 54 0.802
36 55 0.459
36 56 0.783
36 57 0.398
36 58 0.721
36 59 0.490
36 60 0.526
36 61 0.303
36 62 0.121
36 63 0.178
36 64 0.788
36 65 0.360
36 66 0.708
36 67 0.113
36 68 0.757
36 69 0.981
36 70 0.613
36 71 1.100
36 72 1.192
36 73 1.707
36 74 0.230
36 75 0.782
36 76 0.192
36 77 0.609
36 78 1.385
36 79 1.215
36 80 0.687
36 81 0.525
36 82 2.205
36 83 0.406
36 84 1.856
36 85 0.235
36 86 1.758
36 87 1.089
36 88 1.242
36 89 0.926
36 90 0.637
36 91 0.840
36 92 1.572
36 93 0.726
36 94 0.185
36 95 0.518
36 96 2.341
36 97 0.202
36 98 0.705
36 99 0.617
37 38 1.373
37 39 0.861
37 40 0.625
37 41 0.720
37 42 0.260
37 43 0.775
37 44 1.007
37 45 0.941
37 46 0.134
37 47 0.567
37 48 1.688
37 49 1.047
37 50 2.407
37 51 2.215
37 52 0.641
37 53 0.583
37 54 1.492
37 55 1.020
37 56 1.529
37 57 1.147
37 58 0.652
37 59 1.240
37 60 1.092
37 61 0.484
37 62 0.629
37 63 0.637
37 64 0.901
37 65 1.110
37 66 1.454
37 67 0.860
37 68 0.148
37 69 1.637
37 70 0.435
37 71 1.781
37 72 1.933
37 73 2.446
37 74 0.640
37 75 1.410
37 76 0.559
37 77 1.358
37 78 2.134
37 79 0.468
37 80 1.391
37 81 1.014
37 82 2.907
37 83 0.352
37 84 2.577
37 85 0.831
37 86 2.451
37 87 1.801
37 88 0.730
37 89 0.569
37 90 0.286
37 91 0.259
37 92 2.268
37 93 1.455
37 94 0.934
37 95 1.141
37 96 3.003
37 97 0.639
37 98 1.221
37 99 0.183
38 39 0.620
38 40 0.785
38 41 0.664
38 42 1.130
38 43 0.607
38 44 0.366
38 45 0.691
38 46 1.507
38 47 1.137
38 48 0.322
38 49 0.386
38 50 1.083
38 51 0.895
38 52 1.928
38 53 1.123
38 54 0.130
38 55 0.373
38 56 0.401
38 57 0.493
38 58 1.414
38 59 0.452
38 60 0.319
38 61 0.998
38 62 0.798
38 63 0.746
38 64 0.858
38 65 0.481
38 66 0.567
38 67 0.602
38 68 1.325
38 69 0.277
38 70 1.054
38 71 0.408
38 72 0.648
38 73 1.126
38 74 0.927
38 75 0.124
38 76 0.871
38 77 0.406
38 78 0.895
38 79 1.801
38 80 0.113
38 81 1.038
38 82 1.534
38 83 1.073
38 84 1.216
38 85 0.544
38 86 1.078
38 87 0.447
38 88 1.944
38 89 1.629
38 90 1.326
38 91 1.519
38 92 0.896
38 93 0.239
38 94 0.591
38 95 0.239
38 96 1.644
38 97 0.738
38 98 0.335
38 99 1.203
39 40 0.482
39 41 0.210
39 42 0.673
39 43 0.199
39 44 0.328
39 45 0.161
39 46 0.990
39 47 0.518
39 48 0.937
39 49 0.234
39 50 1.560
39 51 1.369
39 52 1.339
39 53 0.503
39 54 0.710
39 55 0.427
39 56 0.673
39 57 0.287
39 58 0.794
39 59 0.379
39 60 0.487
39 61 0.407
39 62 0.232
39 63 0.268
39 64 0.829
39 65 0.249
39 66 0.599
39 67 0.028
39 68 0.865
39 69 0.896
39 70 0.706
39 71 1.008
39 72 1.084
39 73 1.598
39 74 0.309
39 75 0.708
39 76 0.302
39 77 0.498
39 78 1.275
39 79 1.326
39 80 0.592
39 81 0.510
39 82 2.104
39 83 0.516
39 84 1.752
39 85 0.238
39 86 1.659
39 87 0.988
39 88 1.338
39 89 1.016
39 90 0.741
39 91 0.947
39 92 1.473
39 93 0.622
39 94 0.077
39 95 0.459
39 96 2.248
39 97 0.286
39 98 0.667
39 99 0.726
40 41 0.273
40 42 0.366
40 43 0.292
40 44 0.435
40 45 0.637
40 46 0.755
40 47 0.675
40 48 1.085
40 49 0.546
40 50 1.859
40 51 1.668
40 52 1.244
40 53 0.674
40 54 0.912
40 55 0.414
40 56 1.032
40 57 0.728
40 58 0.940
40 59 0.800
40 60 0.480
40 61 0.462
40 62 0.352
40 63 0.241
40 64 0.405
40 65 0.683
40 66 1.033
40 67 0.462
40 68 0.550
40 69 1.032
40 70 0.272
40 71 1.184
40 72 1.400
40 73 1.901
40 74 0.536
40 75 0.802
40 76 0.363
40 77 0.891
40 78 1.627
40 79 1.021
40 80 0.828
40 81 0.924
40 82 2.310
40 83 0.434
40 84 2.001
40 85 0.299
40 86 1.853
40 87 1.229
40 88 1.301
40 89 1.042
40 90 0.685
40 91 0.828
40 92 1.674
40 93 0.919
40 94 0.553
40 95 0.546
40 96 2.388
40 97 0.213
40 98 0.596
40 99 0.443
41 42 0.499
41 43 0.057
41 44 0.304
41 45 0.364
41 46 0.854
41 47 0.531
41 48 0.985
41 49 0.329
41 50 1.688
41 51 1.496
41 52 1.266
41 53 0.522
41 54 0.778
41 55 0.358
41 56 0.821
41 57 0.473
41 58 0.817
41 59 0.555
41 60 0.431
41 61 0.349
41 62 0.155
41 63 0.084
41 64 0.639
41 65 0.429
41 66 0.785
41 67 0.191
41 68 0.698
41 69 0.937
41 70 0.503
41 71 1.071
41 72 1.216
41 73 1.728
41 74 0.340
41 75 0.722
41 76 0.217
41 77 0.660
41 78 1.426
41 79 1.171
41 80 0.672
41 81 0.674
41 82 2.193
41 83 0.409
41 84 1.858
41 85 0.127
41 86 1.739
41 87 1.082
41 88 1.290
41 89 0.988
41 90 0.666
41 91 0.854
41 92 1.555
41 93 0.736
41 94 0.283
41 95 0.448
41 96 2.307
41 97 0.087
41 98 0.601
41 99 0.564
42 43 0.550
42 44 0.765
42 45 0.784
42 46 0.389
42 47 0.549
42 48 1.439
42 49 0.828
42 50 2.183
42 51 1.990
42 52 0.893
42 53 0.559
42 54 1.253
42 55 0.769
42 56 1.320
42 57 0.958
42 58 0.738
42 59 1.046
42 60 0.838
42 61 0.380
42 62 0.448
42 63 0.418
42 64 0.660
42 65 0.917
42 66 1.271
42 67 0.665
42 68 0.199
42 69 1.388
42 70 0.203
42 71 1.535
42 72 1.713
42 73 2.223
42 74 0.531
42 75 1.159
42 76 0.393
42 77 1.157
42 78 1.925
42 79 0.675
42 80 1.156
42 81 0.946
42 82 2.662
42 83 0.255
42 84 2.342
42 85 0.596
42 86 2.206
42 87 1.566
42 88 0.967
42 89 0.750
42 90 0.398
42 91 0.486
42 92 2.025
42 93 1.231
42 94 0.749
42 95 0.893
42 96 2.750
42 97 0.413
42 98 0.962
42 99 0.078
43 44 0.247
43 45 0.359
43 46 0.909
43 47 0.579
43 48 0.928
43 49 0.279
43 50 1.635
43 51 1.442
43 52 1.323
43 53 0.570
43 54 0.721
43 55 0.306
43 56 0.772
43 57 0.438
43 58 0.865
43 59 0.515
43 60 0.378
43 61 0.404
43 62 0.206
43 63 0.140
43 64 0.632
43 65 0.393
43 66 0.748
43 67 0.175
43 68 0.749
43 69 0.880
43 70 0.539
43 71 1.014
43 72 1.164
43 73 1.675
43 74 0.382
43 75 0.665
43 76 0.272
43 77 0.616
43 78 1.376
43 79 1.223
43 80 0.615
43 81 0.690
43 82 2.136
43 83 0.466
43 84 1.802
43 85 0.074
43 86 1.682
43 87 1.026
43 88 1.346
43 89 1.043
43 90 0.723
43 91 0.912
43 92 1.498
43 93 0.682
43 94 0.263
43 95 0.391
43 96 2.250
43 97 0.138
43 98 0.551
43 99 0.616
44 45 0.461
44 46 1.141
44 47 0.812
44 48 0.684
44 49 0.176
44 50 1.425
44 51 1.234
44 52 1.569
44 53 0.800
44 54 0.487
44 55 0.111
44 56 0.607
44 57 0.395
44 58 1.097
44 59 0.432
44 60 0.159
44 61 0.649
44 62 0.449
44 63 0.382
44 64 0.628
44 65 0.354
44 66 0.652
44 67 0.303
44 68 0.962
44 69 0.635
44 70 0.706
44 71 0.774
44 72 0.965
44 73 1.467
44 74 0.606
44 75 0.418
44 76 0.518
44 77 0.490
44 78 1.194
44 79 1.439
44 80 0.394
44 81 0.828
44 82 1.900
44 83 0.711
44 84 1.576
44 85 0.179
44 86 1.444
44 87 0.801
44 88 1.593
44 89 1.287
44 90 0.969
44 91 1.156
44 92 1.262
44 93 0.485
44 94 0.341
44 95 0.145
44 96 2.006
44 97 0.372
44 98 0.339
44 99 0.837
45 46 1.063
45 47 0.503
45 48 0.992
45 49 0.321
45 50 1.535
45 51 1.347
45 52 1.354
45 53 0.485
45 54 0.759
45 55 0.568
45 56 0.647
45 57 0.246
45 58 0.751
45 59 0.338
45 60 0.619
45 61 0.460
45 62 0.337
45 63 0.409
45 64 0.991
45 65 0.229
45 66 0.521
45 67 0.187
45 68 0.967
45 69 0.957
45 70 0.844
45 71 1.049
45 72 1.061
45 73 1.570
45 74 0.319
45 75 0.795
45 76 0.392
45 77 0.465
45 78 1.227
45 79 1.409
45 80 0.638
45 81 0.368
45 82 2.111
45 83 0.589
45 84 1.745
45 85 0.398
45 86 1.676
45 87 1.004
45 88 1.334
45 89 1.003
45 90 0.776
45 91 0.986
45 92 1.491
45 93 0.636
45 94 0.120
45 95 0.574
45 96 2.277
45 97 0.431
45 98 0.796
45 99 0.827
46 47 0.656
46 48 1.822
46 49 1.180
46 50 2.540
46 51 2.347
46 52 0.539
46 53 0.674
46 54 1.627
46 55 1.154
46 56 1.660
46 57 1.275
46 58 0.691
46 59 1.368
46 60 1.225
46 61 0.603
46 62 0.759
46 63 0.770
46 64 1.009
46 65 1.239
46 66 1.579
46 67 0.990
46 68 0.233
46 69 1.771
46 70 0.548
46 71 1.915
46 72 2.065
46 73 2.579
46 74 0.755
46 75 1.544
46 76 0.687
46 77 1.488
46 78 2.264
46 79 0.353
46 80 1.525
46 81 1.109
46 82 3.041
46 83 0.476
46 84 2.711
46 85 0.965
46 86 2.585
46 87 1.935
46 88 0.649
46 89 0.549
46 90 0.348
46 91 0.227
46 92 2.403
46 93 1.588
46 94 1.062
46 95 1.275
46 96 3.137
46 97 0.773
46 98 1.352
46 99 0.312
47 48 1.455
47 49 0.752
47 50 2.037
47 51 1.849
47 52 0.855
47 53 0.019
47 54 1.227
47 55 0.884
47 56 1.149
47 57 0.747
47 58 0.286
47 59 0.841
47 60 0.956
47 61 0.213
47 62 0.376
47 63 0.483
47 64 1.077
47 65 0.725
47 66 1.012
47 67 0.535
47 68 0.658
47 69 1.413
47 70 0.716
47 71 1.525
47 72 1.563
47 73 2.072
47 74 0.209
47 75 1.219
47 76 0.326
47 77 0.967
47 78 1.725
47 79 1.008
47 80 1.109
47 81 0.453
47 82 2.609
47 83 0.297
47 84 2.247
47 85 0.653
47 86 2.169
47 87 1.496
47 88 0.832
47 89 0.503
47 90 0.316
47 91 0.518
47 92 1.983
47 93 1.128
47 94 0.561
47 95 0.955
47 96 2.763
47 97 0.509
47 98 1.130
47 99 0.544
48 49 0.703
48 50 0.847
48 51 0.677
48 52 2.250
48 53 1.440
48 54 0.234
48 55 0.672
48 56 0.507
48 57 0.769
48 58 1.729
48 59 0.704
48 60 0.605
48 61 1.320
48 62 1.120
48 63 1.066
48 64 1.081
48 65 0.769
48 66 0.730
48 67 0.921
48 68 1.632
48 69 0.054
48 70 1.347
48 71 0.110
48 72 0.507
48 73 0.892
48 74 1.246
48 75 0.284
48 76 1.193
48 77 0.614
48 78 0.753
48 79 2.106
48 80 0.354
48 81 1.318
48 82 1.225
48 83 1.394
48 84 0.932
48 85 0.863
48 86 0.768
48 87 0.247
48 88 2.266
48 89 1.950
48 90 1.648
48 91 1.840
48 92 0.591
48 93 0.395
48 94 0.902
48 95 0.547
48 96 1.322
48 97 1.057
48 98 0.537
48 99 1.514
49 50 1.360
49 51 1.168
49 52 1.562
49 53 0.737
49 54 0.477
49 55 0.285
49 56 0.494
49 57 0.219
49 58 1.028
49 59 0.265
49 60 0.317
49 61 0.627
49 62 0.433
49 63 0.412
49 64 0.796
49 65 0.178
49 66 0.494
49 67 0.218
49 68 1.027
49 69 0.662
49 70 0.809
49 71 0.775
49 72 0.887
49 73 1.400
49 74 0.543
49 75 0.479
49 76 0.507
49 77 0.345
49 78 1.098
49 79 1.500
49 80 0.361
49 81 0.686
49 82 1.881
49 83 0.719
49 84 1.537
49 85 0.248
49 86 1.432
49 87 0.765
49 88 1.568
49 89 1.248
49 90 0.961
49 91 1.161
49 92 1.247
49 93 0.409
49 94 0.210
49 95 0.257
49 96 2.016
49 97 0.415
49 98 0.486
49 99 0.893
50 51 0.192
50 52 2.888
50 53 2.019
50 54 0.953
50 55 1.454
50 56 0.891
50 57 1.293
50 58 2.267
50 59 1.198
50 60 1.401
50 61 1.967
50 62 1.786
50 63 1.772
50 64 1.920
50 65 1.320
50 66 1.040
50 67 1.556
50 68 2.382
50 69 0.898
50 70 2.130
50 71 0.737
50 72 0.477
50 73 0.045
50 74 1.848
50 75 1.107
50 76 1.859
50 77 1.072
50 78 0.353
50 79 2.857
50 80 1.032
50 81 1.734
50 82 0.666
50 83 2.073
50 84 0.279
50 85 1.587
50 86 0.440
50 87 0.638
50 88 2.867
50 89 2.535
50 90 2.299
50 91 2.506
50 92 0.411
50 93 0.952
50 94 1.496
50 95 1.319
50 96 0.958
50 97 1.772
50 98 1.374
50 99 2.250
51 52 2.699
51 53 1.831
51 54 0.765
51 55 1.265
51 56 0.701
51 57 1.104
51 58 2.083
51 59 1.009
51 60 1.214
51 61 1.776
51 62 1.594
51 63 1.579
51 64 1.740
51 65 1.130
51 66 0.861
51 67 1.364
51 68 2.189
51 69 0.726
51 70 1.939
51 71 0.570
51 72 0.287
51 73 0.233
51 74 1.658
51 75 0.926
51 76 1.667
51 77 0.883
51 78 0.233
51 79 2.665
51 80 0.841
51 81 1.558
51 82 0.808
51 83 1.881
51 84 0.418
51 85 1.395
51 86 0.478
51 87 0.455
51 88 2.680
51 89 2.348
51 90 2.108
51 91 2.315
51 92 0.371
51 93 0.760
51 94 1.306
51 95 1.130
51 96 1.065
51 97 1.580
51 98 1.194
51 99 2.058
52 53 0.874
52 54 2.036
52 55 1.607
52 56 1.998
52 57 1.596
52 58 0.685
52 59 1.690
52 60 1.681
52 61 0.935
52 62 1.132
52 63 1.188
52 64 1.541
52 65 1.569
52 66 1.867
52 67 1.348
52 68 0.770
52 69 2.203
52 70 1.076
52 71 2.333
52 72 2.412
52 73 2.924
52 74 1.041
52 75 1.987
52 76 1.058
52 77 1.817
52 78 2.580
52 79 0.602
52 80 1.922
52 81 1.248
52 82 3.442
52 83 0.858
52 84 3.089
52 85 1.391
52 86 2.994
52 87 2.326
52 88 0.162
52 89 0.394
52 90 0.602
52 91 0.418
52 92 2.809
52 93 1.961
52 94 1.396
52 95 1.712
52 96 3.572
52 97 1.200
52 98 1.829
52 99 0.817
53 54 1.212
53 55 0.874
53 56 1.131
53 57 0.729
53 58 0.297
53 59 0.823
53 60 0.945
53 61 0.214
53 62 0.368
53 63 0.477
53 64 1.077
53 65 0.708
53 66 0.993
53 67 0.520
53 68 0.671
53 69 1.399
53 70 0.722
53 71 1.509
53 72 1.545
53 73 2.053
53 74 0.196
53 75 1.205
53 76 0.321
53 77 0.949
53 78 1.706
53 79 1.026
53 80 1.093
53 81 0.435
53 82 2.592
53 83 0.305
53 84 2.229
53 85 0.643
53 86 2.153
53 87 1.480
53 88 0.850
53 89 0.520
53 90 0.334
53 91 0.537
53 92 1.967
53 93 1.111
53 94 0.545
53 95 0.943
53 96 2.747
53 97 0.503
53 98 1.120
53 99 0.556
54 55 0.502
54 56 0.333
54 57 0.536
54 58 1.499
54 59 0.475
54 60 0.449
54 61 1.102
54 62 0.904
54 63 0.860
54 64 0.984
54 65 0.535
54 66 0.535
54 67 0.695
54 68 1.449
54 69 0.204
54 70 1.182
54 71 0.298
54 72 0.521
54 73 0.996
54 74 1.019
54 75 0.194
54 76 0.977
54 77 0.396
54 78 0.770
54 79 1.926
54 80 0.121
54 81 1.086
54 82 1.415
54 83 1.184
54 84 1.090
54 85 0.662
54 86 0.962
54 87 0.317
54 88 2.045
54 89 1.725
54 90 1.433
54 91 1.629
54 92 0.777
54 93 0.184
54 94 0.671
54 95 0.368
54 96 1.539
54 97 0.855
54 98 0.450
54 99 1.325
55 56 0.676
55 57 0.503
55 58 1.171
55 59 0.533
55 60 0.074
55 61 0.707
55 62 0.511
55 63 0.425
55 64 0.537
55 65 0.463
55 66 0.745
55 67 0.400
55 68 0.961
55 69 0.619
55 70 0.681
55 71 0.770
55 72 1.006
55 73 1.497
55 74 0.684
55 75 0.391
55 76 0.574
55 77 0.578
55 78 1.244
55 79 1.435
55 80 0.430
55 81 0.933
55 82 1.896
55 83 0.751
55 84 1.587
55 85 0.232
55 86 1.439
55 87 0.819
55 88 1.641
55 89 1.345
55 90 1.013
55 91 1.190
55 92 1.260
55 93 0.539
55 94 0.448
55 95 0.135
55 96 1.983
55 97 0.409
55 98 0.247
55 99 0.844
56 57 0.403
56 58 1.390
56 59 0.309
56 60 0.654
56 61 1.078
56 62 0.902
56 63 0.902
56 64 1.210
56 65 0.430
56 66 0.228
56 67 0.671
56 68 1.518
56 69 0.504
56 70 1.300
56 71 0.506
56 72 0.414
56 73 0.927
56 74 0.957
56 75 0.512
56 76 0.974
56 77 0.182
56 78 0.606
56 79 1.989
56 80 0.290
56 81 0.894
56 82 1.471
56 83 1.188
56 84 1.100
56 85 0.738
56 86 1.049
56 87 0.398
56 88 1.981
56 89 1.650
56 90 1.409
56 91 1.617
56 92 0.868
56 93 0.163
56 94 0.607
56 95 0.556
56 96 1.661
56 97 0.907
56 98 0.727
56 99 1.383
57 58 0.995
57 59 0.095
57 60 0.527
57 61 0.682
57 62 0.519
57 63 0.546
57 64 1.011
57 65 0.046
57 66 0.313
57 67 0.293
57 68 1.152
57 69 0.740
57 70 0.976
57 71 0.816
57 72 0.817
57 73 1.328
57 74 0.555
57 75 0.610
57 76 0.588
57 77 0.221
57 78 0.994
57 79 1.613
57 80 0.418
57 81 0.550
57 82 1.865
57 83 0.799
57 84 1.500
57 85 0.435
57 86 1.432
57 87 0.761
57 88 1.579
57 89 1.249
57 90 1.009
57 91 1.218
57 92 1.247
57 93 0.396
57 94 0.213
57 95 0.451
57 96 2.036
57 97 0.558
57 98 0.683
57 99 1.013
58 59 1.085
58 60 1.242
58 61 0.484
58 62 0.662
58 63 0.765
58 64 1.334
58 65 0.980
58 66 1.228
58 67 0.813
58 68 0.782
58 69 1.689
58 70 0.930
58 71 1.794
58 72 1.799
58 73 2.299
58 74 0.492
58 75 1.500
58 76 0.608
58 77 1.209
58 78 1.941
58 79 1.008
58 80 1.379
58 81 0.568
58 82 2.860
58 83 0.520
58 84 2.489
58 85 0.939
58 86 2.427
58 87 1.755
58 88 0.618
58 89 0.292
58 90 0.369
58 91 0.483
58 92 2.242
58 93 1.387
58 94 0.828
58 95 1.239
58 96 3.028
58 97 0.790
58 98 1.416
58 99 0.706
59 60 0.545
59 61 0.776
59 62 0.611
59 63 0.631
59 64 1.058
59 65 0.130
59 66 0.233
59 67 0.382
59 68 1.242
59 69 0.679
59 70 1.055
59 71 0.742
59 72 0.723
59 73 1.234
59 74 0.650
59 75 0.574
59 76 0.681
59 77 0.126
59 78 0.899
59 79 1.704
59 80 0.363
59 81 0.617
59 82 1.775
59 83 0.893
59 84 1.407
59 85 0.503
59 86 1.345
59 87 0.676
59 88 1.672
59 89 1.341
59 90 1.104
59 91 1.313
59 92 1.160
59 93 0.318
59 94 0.307
59 95 0.459
59 96 1.951
59 97 0.641
59 98 0.684
59 99 1.103
60 61 0.780
60 62 0.584
60 63 0.499
60 64 0.557
60 65 0.491
60 66 0.745
60 67 0.460
60 68 1.029
60 69 0.552
60 70 0.743
60 71 0.706
60 72 0.962
60 73 1.444
60 74 0.753
60 75 0.322
60 76 0.648
60 77 0.574
60 78 1.204
60 79 1.501
60 80 0.389
60 81 0.987
60 82 1.830
60 83 0.825
60 84 1.527
60 85 0.304
60 86 1.373
60 87 0.764
60 88 1.715
60 89 1.418
60 90 1.088
60 91 1.264
60 92 1.195
60 93 0.507
60 94 0.499
60 95 0.098
60 96 1.912
60 97 0.483
60 98 0.180
60 99 0.914
61 62 0.201
61 63 0.286
61 64 0.864
61 65 0.649
61 66 0.979
61 67 0.415
61 68 0.532
61 69 1.274
61 70 0.520
61 71 1.399
61 72 1.490
61 73 2.004
61 74 0.158
61 75 1.066
61 76 0.132
61 77 0.900
61 78 1.675
61 79 0.952
61 80 0.988
61 81 0.566
61 82 2.508
61 83 0.137
61 84 2.159
61 85 0.477
61 86 2.059
61 87 1.391
61 88 0.946
61 89 0.639
61 90 0.334
61 91 0.539
61 92 1.874
61 93 1.028
61 94 0.472
61 95 0.794
61 96 2.640
61 97 0.309
61 98 0.948
61 99 0.399
62 63 0.118
62 64 0.751
62 65 0.481
62 66 0.829
62 67 0.231
62 68 0.636
62 69 1.074
62 70 0.514
62 71 1.201
62 72 1.310
62 73 1.824
62 74 0.193
62 75 0.865
62 76 0.074
62 77 0.729
62 78 1.505
62 79 1.094
62 80 0.791
62 81 0.574
62 82 2.314
62 83 0.288
62 84 1.969
62 85 0.280
62 86 1.863
62 87 1.198
62 88 1.147
62 89 0.839
62 90 0.530
62 91 0.728
62 92 1.678
62 93 0.839
62 94 0.306
62 95 0.594
62 96 2.441
62 97 0.147
62 98 0.756
62 99 0.497
63 64 0.634
63 65 0.503
63 66 0.859
63 67 0.255
63 68 0.616
63 69 1.017
63 70 0.438
63 71 1.153
63 72 1.299
63 73 1.811
63 74 0.310
63 75 0.799
63 76 0.157
63 77 0.739
63 78 1.508
63 79 1.088
63 80 0.755
63 81 0.684
63 82 2.276
63 83 0.329
63 84 1.941
63 85 0.203
63 86 1.822
63 87 1.166
63 88 1.216
63 89 0.921
63 90 0.590
63 91 0.774
63 92 1.638
63 93 0.820
63 94 0.345
63 95 0.525
63 96 2.388
63 97 0.029
63 98 0.663
63 99 0.481
64 65 0.967
64 66 1.279
64 67 0.804
64 68 0.777
64 69 1.027
64 70 0.466
64 71 1.191
64 72 1.506
64 73 1.965
64 74 0.939
64 75 0.814
64 76 0.768
64 77 1.114
64 78 1.753
64 79 1.177
64 80 0.943
64 81 1.312
64 82 2.268
64 83 0.817
64 84 2.010
64 85 0.597
64 86 1.819
64 87 1.285
64 88 1.625
64 89 1.402
64 90 1.043
64 91 1.144
64 92 1.657
64 93 1.063
64 94 0.886
64 95 0.654
64 96 2.286
64 97 0.605
64 98 0.546
64 99 0.729
65 66 0.356
65 67 0.252
65 68 1.112
65 69 0.736
65 70 0.931
65 71 0.821
65 72 0.844
65 73 1.357
65 74 0.529
65 75 0.594
65 76 0.551
65 77 0.251
65 78 1.027
65 79 1.574
65 80 0.415
65 81 0.557
65 82 1.884
65 83 0.764
65 84 1.522
65 85 0.390
65 86 1.447
65 87 0.774
65 88 1.557
65 89 1.228
65 90 0.979
65 91 1.187
65 92 1.262
65 93 0.407
65 94 0.178
65 95 0.419
65 96 2.048
65 97 0.515
65 98 0.651
65 99 0.974
66 67 0.606
66 68 1.465
66 69 0.722
66 70 1.286
66 71 0.734
66 72 0.584
66 73 1.071
66 74 0.840
66 75 0.689
66 76 0.896
66 77 0.172
66 78 0.714
66 79 1.921
66 80 0.456
66 81 0.698
66 82 1.657
66 83 1.103
66 84 1.274
66 85 0.735
66 86 1.252
66 87 0.622
66 88 1.835
66 89 1.502
66 90 1.297
66 91 1.507
66 92 1.075
66 93 0.350
66 94 0.523
66 95 0.651
66 96 1.866
66 97 0.871
66 98 0.859
66 99 1.325
67 68 0.860
67 69 0.879
67 70 0.691
67 71 0.993
67 72 1.079
67 73 1.594
67 74 0.325
67 75 0.688
67 76 0.304
67 77 0.498
67 78 1.274
67 79 1.323
67 80 0.578
67 81 0.538
67 82 2.094
67 83 0.518
67 84 1.744
67 85 0.211
67 86 1.647
67 87 0.977
67 88 1.350
67 89 1.030
67 90 0.749
67 91 0.953
67 92 1.462
67 93 0.614
67 94 0.091
67 95 0.435
67 96 2.234
67 97 0.271
67 98 0.641
67 99 0.721
68 69 1.580
68 70 0.319
68 71 1.730
68 72 1.912
68 73 2.422
68 74 0.690
68 75 1.351
68 76 0.575
68 77 1.354
68 78 2.124
68 79 0.477
68 80 1.354
68 81 1.089
68 82 2.857
68 83 0.395
68 84 2.539
68 85 0.794
68 86 2.399
68 87 1.763
68 88 0.870
68 89 0.717
68 90 0.414
68 91 0.406
68 92 2.219
68 93 1.430
68 94 0.941
68 95 1.088
68 96 2.937
68 97 0.612
68 98 1.143
68 99 0.140
69 70 1.294
69 71 0.164
69 72 0.544
69 73 0.943
69 74 1.204
69 75 0.230
69 76 1.146
69 77 0.596
69 78 0.794
69 79 2.053
69 80 0.322
69 81 1.289
69 82 1.278
69 83 1.346
69 84 0.987
69 85 0.814
69 86 0.821
69 87 0.287
69 88 2.220
69 89 1.906
69 90 1.602
69 91 1.791
69 92 0.645
69 93 0.378
69 94 0.863
69 95 0.496
69 96 1.370
69 97 1.007
69 98 0.483
69 99 1.462
70 71 1.449
70 72 1.672
70 73 2.172
70 74 0.650
70 75 1.063
70 76 0.484
70 77 1.153
70 78 1.898
70 79 0.767
70 80 1.099
70 81 1.068
70 82 2.572
70 83 0.421
70 84 2.269
70 85 0.562
70 86 2.115
70 87 1.499
70 88 1.160
70 89 0.953
70 90 0.600
70 91 0.680
70 92 1.938
70 93 1.190
70 94 0.782
70 95 0.814
70 96 2.637
70 97 0.420
70 98 0.838
70 99 0.265
71 72 0.421
71 73 0.782
71 74 1.317
71 75 0.388
71 76 1.274
71 77 0.639
71 78 0.660
71 79 2.205
71 80 0.416
71 81 1.359
71 82 1.127
71 83 1.479
71 84 0.825
71 85 0.952
71 86 0.671
71 87 0.165
71 88 2.343
71 89 2.023
71 90 1.730
71 91 1.925
71 92 0.490
71 93 0.425
71 94 0.966
71 95 0.642
71 96 1.241
71 97 1.146
71 98 0.646
71 99 1.609
72 73 0.514
72 74 1.372
72 75 0.703
72 76 1.383
72 77 0.596
72 78 0.252
72 79 2.387
72 80 0.577
72 81 1.282
72 82 1.073
72 83 1.597
72 84 0.692
72 85 1.120
72 86 0.682
72 87 0.260
72 88 2.394
72 89 2.063
72 90 1.822
72 91 2.029
72 92 0.519
72 93 0.483
72 94 1.019
72 95 0.873
72 96 1.295
72 97 1.301
72 98 0.969
72 99 1.779
73 74 1.884
73 75 1.151
73 76 1.897
73 77 1.108
73 78 0.374
73 79 2.898
73 80 1.073
73 81 1.763
73 82 0.656
73 83 2.112
73 84 0.278
73 85 1.628
73 86 0.463
73 87 0.682
73 88 2.901
73 89 2.568
73 90 2.336
73 91 2.543
73 92 0.447
73 93 0.992
73 94 1.533
73 95 1.362
73 96 0.958
73 97 1.812
73 98 1.419
73 99 2.291
74 75 1.010
74 76 0.175
74 77 0.776
74 78 1.545
74 79 1.106
74 80 0.901
74 81 0.419
74 82 2.408
74 83 0.295
74 84 2.050
74 85 0.454
74 86 1.965
74 87 1.293
74 88 1.031
74 89 0.707
74 90 0.457
74 91 0.667
74 92 1.780
74 93 0.925
74 94 0.357
74 95 0.748
74 96 2.557
74 97 0.339
74 98 0.930
74 99 0.556
75 76 0.935
75 77 0.530
75 78 0.955
75 79 1.823
75 80 0.233
75 81 1.149
75 82 1.509
75 83 1.129
75 84 1.213
75 85 0.596
75 86 1.051
75 87 0.471
75 88 2.011
75 89 1.703
75 90 1.387
75 91 1.573
75 92 0.875
75 93 0.351
75 94 0.689
75 95 0.274
75 96 1.593
75 97 0.787
75 98 0.269
75 99 1.235
76 77 0.800
76 78 1.577
76 79 1.026
76 80 0.865
76 81 0.586
76 82 2.388
76 83 0.214
76 84 2.043
76 85 0.345
76 86 1.937
76 87 1.272
76 88 1.075
76 89 0.771
76 90 0.456
76 91 0.654
76 92 1.752
76 93 0.913
76 94 0.374
76 95 0.663
76 96 2.514
76 97 0.182
76 98 0.816
76 99 0.436
77 78 0.777
77 79 1.821
77 80 0.300
77 81 0.726
77 82 1.650
77 83 1.014
77 84 1.281
77 85 0.593
77 86 1.223
77 87 0.559
77 88 1.799
77 89 1.468
77 90 1.229
77 91 1.438
77 92 1.040
77 93 0.219
77 94 0.429
77 95 0.479
77 96 1.832
77 97 0.748
77 98 0.688
77 99 1.217
78 79 2.594
78 80 0.816
78 81 1.396
78 82 1.016
78 83 1.790
78 84 0.625
78 85 1.339
78 86 0.712
78 87 0.507
78 88 2.549
78 89 2.216
78 90 2.001
78 91 2.211
78 92 0.596
78 93 0.709
78 94 1.205
78 95 1.112
78 96 1.291
78 97 1.512
78 98 1.220
78 99 1.988
79 80 1.831
79 81 1.461
79 82 3.331
79 83 0.821
79 84 3.016
79 85 1.271
79 86 2.874
79 87 2.240
79 88 0.757
79 89 0.803
79 90 0.695
79 91 0.526
79 92 2.695
79 93 1.905
79 94 1.400
79 95 1.563
79 96 3.404
79 97 1.086
79 98 1.605
79 99 0.607
80 81 0.968
80 82 1.523
80 83 1.074
80 84 1.187
80 85 0.561
80 86 1.072
80 87 0.411
80 88 1.928
80 89 1.608
80 90 1.321
80 91 1.519
80 92 0.887
80 93 0.128
80 94 0.551
80 95 0.297
80 96 1.656
80 97 0.752
80 98 0.439
80 99 1.226
81 82 2.355
81 83 0.698
81 84 1.973
81 85 0.744
81 86 1.942
81 87 1.285
81 88 1.186
81 89 0.859
81 90 0.767
81 91 0.962
81 92 1.761
81 93 0.935
81 94 0.487
81 95 0.941
81 96 2.554
81 97 0.712
81 98 1.164
81 99 0.962
82 83 2.597
82 84 0.392
82 85 2.076
82 86 0.457
82 87 1.117
82 88 3.439
82 89 3.112
82 90 2.842
82 91 3.042
82 92 0.638
82 93 1.483
82 94 2.051
82 95 1.769
82 96 0.348
82 97 2.270
82 98 1.746
82 99 2.736
83 84 2.256
83 85 0.533
83 86 2.145
83 87 1.483
83 88 0.890
83 89 0.610
83 90 0.263
83 91 0.446
83 92 1.960
83 93 1.127
83 94 0.586
83 95 0.854
83 96 2.716
83 97 0.343
83 98 0.981
83 99 0.264
84 85 1.748
84 86 0.263
84 87 0.776
84 88 3.078
84 89 2.748
84 90 2.493
84 91 2.696
84 92 0.361
84 93 1.130
84 94 1.693
84 95 1.455
84 96 0.681
84 97 1.939
84 98 1.469
84 99 2.413
85 86 1.621
85 87 0.971
85 88 1.417
85 89 1.116
85 90 0.792
85 91 0.978
85 92 1.438
85 93 0.637
85 94 0.289
85 95 0.322
85 96 2.185
85 97 0.194
85 98 0.477
85 99 0.665
86 87 0.673
86 88 2.996
86 89 2.671
86 90 2.393
86 91 2.591
86 92 0.186
86 93 1.042
86 94 1.609
86 95 1.312
86 96 0.615
86 97 1.815
86 98 1.291
86 99 2.280
87 88 2.324
87 89 1.999
87 90 1.725
87 91 1.926
87 92 0.487
87 93 0.369
87 94 0.936
87 95 0.685
87 96 1.275
87 97 1.163
87 98 0.740
87 99 1.637
88 89 0.333
88 90 0.627
88 91 0.481
88 92 2.810
88 93 1.957
88 94 1.389
88 95 1.738
88 96 3.584
88 97 1.232
88 98 1.871
88 99 0.896
89 90 0.360
89 91 0.323
89 92 2.486
89 93 1.630
89 94 1.063
89 95 1.433
89 96 3.263
89 97 0.940
89 98 1.583
89 99 0.693
90 91 0.211
90 92 2.207
90 93 1.362
90 94 0.803
90 95 1.114
90 96 2.970
90 97 0.605
90 98 1.244
90 99 0.351
91 92 2.406
91 93 1.566
91 94 1.010
91 95 1.298
91 96 3.162
91 97 0.785
91 98 1.411
91 99 0.415
92 93 0.856
92 94 1.423
92 95 1.132
92 96 0.793
92 97 1.632
92 98 1.122
92 99 2.098
93 94 0.568
93 95 0.411
93 96 1.641
93 97 0.820
93 98 0.567
93 99 1.298
94 95 0.457
94 96 2.203
94 97 0.362
94 98 0.677
94 99 0.802
95 96 1.866
95 97 0.513
95 98 0.232
95 99 0.968
96 97 2.378
96 98 1.799
96 99 2.826
97 98 0.643
97 99 0.478
98 99 1.040
