nodei nodej distance
0 1 0.359
0 2 0.699
0 3 0.211
0 4 0.621
0 5 2.278
0 6 0.775
0 7 0.900
0 8 1.384
0 9 1.577
0 10 1.706
0 11 0.673
0 12 1.680
0 13 3.830
0 14 1.027
0 15 1.993
0 16 1.478
0 17 0.600
0 18 1.251
0 19 3.391
0 20 1.752
0 21 2.214
0 22 0.423
0 23 2.051
0 24 1.677
0 25 2.050
0 26 1.155
0 27 1.354
0 28 3.132
0 29 0.833
0 30 2.147
0 31 1.514
0 32 3.644
0 33 3.055
0 34 0.616
0 35 1.281
0 36 2.248
0 37 0.220
0 38 1.036
0 39 1.465
0 40 0.756
0 41 1.915
0 42 1.134
0 43 1.436
0 44 1.950
0 45 2.123
0 46 0.831
0 47 1.682
0 48 2.112
0 49 0.742
0 50 1.917
0 51 2.925
0 52 0.634
0 53 2.664
0 54 2.405
0 55 1.051
0 56 0.943
0 57 1.118
0 58 1.214
0 59 1.581
0 60 1.001
0 61 3.573
0 62 2.334
0 63 1.261
0 64 0.795
0 65 1.691
0 66 2.038
0 67 2.687
0 68 0.589
0 69 2.416
0 70 1.999
0 71 0.898
0 72 0.623
0 73 2.377
0 74 1.747
0 75 1.841
0 76 1.353
0 77 1.861
0 78 1.479
0 79 0.688
0 80 2.518
0 81 3.250
0 82 0.760
0 83 1.592
0 84 2.026
0 85 0.874
0 86 1.044
0 87 1.979
0 88 3.089
0 89 0.939
0 90 0.885
0 91 0.738
0 92 0.847
0 93 0.910
0 94 2.703
0 95 2.087
0 96 1.629
0 97 3.530
0 98 0.855
0 99 0.463
1 2 0.367
1 3 0.323
1 4 0.977
1 5 1.926
1 6 0.494
1 7 0.825
1 8 1.062
1 9 1.904
1 10 1.354
1 11 1.021
1 12 1.357
1 13 3.474
1 14 0.752
1 15 1.639
1 16 1.266
1 17 0.609
1 18 0.963
1 19 3.032
1 20 1.472
1 21 1.862
1 22 0.221
1 23 1.715
1 24 2.028
1 25 1.703
1 26 1.295
1 27 1.685
1 28 2.781
1 29 0.706
1 30 1.802
1 31 1.163
1 32 3.286
1 33 2.706
1 34 0.899
1 35 1.017
1 36 1.891
1 37 0.194
1 38 0.821
1 39 1.675
1 40 0.836
1 41 2.244
1 42 0.789
1 43 1.191
1 44 2.266
1 45 1.817
1 46 0.932
1 47 1.385
1 48 1.770
1 49 0.923
1 50 1.561
1 51 2.574
1 52 0.507
1 53 2.313
1 54 2.049
1 55 1.254
1 56 0.610
1 57 1.235
1 58 0.868
1 59 1.895
1 60 0.722
1 61 3.214
1 62 1.981
1 63 1.546
1 64 1.010
1 65 1.347
1 66 1.708
1 67 2.332
1 68 0.458
1 69 2.056
1 70 1.667
1 71 0.702
1 72 0.930
1 73 2.021
1 74 1.412
1 75 1.500
1 76 1.201
1 77 1.512
1 78 1.656
1 79 0.798
1 80 2.177
1 81 2.890
1 82 0.992
1 83 1.240
1 84 2.265
1 85 0.750
1 86 1.011
1 87 1.699
1 88 2.730
1 89 1.102
1 90 0.926
1 91 0.426
1 92 0.685
1 93 0.554
1 94 2.355
1 95 2.405
1 96 1.496
1 97 3.174
1 98 0.901
1 99 0.459
2 3 0.690
2 4 1.285
2 5 1.686
2 6 0.572
2 7 1.065
2 8 0.951
2 9 2.267
2 10 1.123
2 11 1.312
2 12 1.222
2 13 3.202
2 14 0.778
2 15 1.393
2 16 1.330
2 17 0.923
2 18 0.935
2 19 2.745
2 20 1.421
2 21 1.619
2 22 0.518
2 23 1.531
2 24 2.376
2 25 1.484
2 26 1.629
2 27 2.046
2 28 2.535
2 29 0.921
2 30 1.586
2 31 0.945
2 32 2.961
2 33 2.468
2 34 1.267
2 35 1.027
2 36 1.625
2 37 0.561
2 38 0.925
2 39 2.028
2 40 1.161
2 41 2.606
2 42 0.627
2 43 1.215
2 44 2.631
2 45 1.701
2 46 1.261
2 47 1.308
2 48 1.570
2 49 1.278
2 50 1.304
2 51 2.331
2 52 0.758
2 53 2.070
2 54 1.782
2 55 1.609
2 56 0.526
2 57 1.561
2 58 0.692
2 59 2.261
2 60 0.747
2 61 2.894
2 62 1.736
2 63 1.913
2 64 1.371
2 65 1.147
2 66 1.543
2 67 2.068
2 68 0.718
2 69 1.763
2 70 1.498
2 71 0.849
2 72 1.295
2 73 1.757
2 74 1.243
2 75 1.310
2 76 1.340
2 77 1.289
2 78 1.999
2 79 1.137
2 80 1.970
2 81 2.582
2 82 1.355
2 83 1.015
2 84 2.624
2 85 0.961
2 86 1.265
2 87 1.639
2 88 2.436
2 89 1.448
2 90 1.229
2 91 0.470
2 92 0.870
2 93 0.379
2 94 2.005
2 95 2.771
2 96 1.639
2 97 2.901
2 98 1.208
2 99 0.787
3 4 0.768
3 5 2.154
3 6 0.611
3 7 0.690
3 8 1.229
3 9 1.591
3 10 1.588
3 11 0.836
3 12 1.523
3 13 3.714
3 14 0.850
3 15 1.876
3 16 1.275
3 17 0.395
3 18 1.077
3 19 3.287
3 20 1.569
3 21 2.092
3 22 0.267
3 23 1.905
3 24 1.738
3 25 1.919
3 26 1.008
3 27 1.375
3 28 3.004
3 29 0.623
3 30 2.013
3 31 1.394
3 32 3.571
3 33 2.924
3 34 0.578
3 35 1.095
3 36 2.138
3 37 0.130
3 38 0.839
3 39 1.363
3 40 0.576
3 41 1.932
3 42 1.010
3 43 1.242
3 44 1.947
3 45 1.952
3 46 0.661
3 47 1.507
3 48 1.972
3 49 0.615
3 50 1.807
3 51 2.797
3 52 0.427
3 53 2.538
3 54 2.295
3 55 0.942
3 56 0.810
3 57 0.960
3 58 1.091
3 59 1.577
3 60 0.827
3 61 3.494
3 62 2.212
3 63 1.223
3 64 0.693
3 65 1.559
3 66 1.885
3 67 2.572
3 68 0.385
3 69 2.321
3 70 1.849
3 71 0.698
3 72 0.615
3 73 2.265
3 74 1.601
3 75 1.701
3 76 1.143
3 77 1.735
3 78 1.356
3 79 0.519
3 80 2.376
3 81 3.163
3 82 0.671
3 83 1.473
3 84 1.947
3 85 0.664
3 86 0.839
3 87 1.794
3 88 2.990
3 89 0.803
3 90 0.695
3 91 0.595
3 92 0.642
3 93 0.811
3 94 2.662
3 95 2.087
3 96 1.419
3 97 3.416
3 98 0.666
3 99 0.254
4 5 2.899
4 6 1.378
4 7 1.350
4 8 1.995
4 9 1.151
4 10 2.328
4 11 0.099
4 12 2.290
4 13 4.451
4 14 1.618
4 15 2.614
4 16 2.007
4 17 1.037
4 18 1.845
4 19 4.009
4 20 2.331
4 21 2.836
4 22 1.027
4 23 2.668
4 24 1.139
4 25 2.671
4 26 1.268
4 27 0.928
4 28 3.753
4 29 1.337
4 30 2.768
4 31 2.135
4 32 4.246
4 33 3.676
4 34 0.599
4 35 1.858
4 36 2.868
4 37 0.834
4 38 1.589
4 39 1.386
4 40 1.065
4 41 1.460
4 42 1.755
4 43 1.994
4 44 1.538
4 45 2.720
4 46 1.087
4 47 2.275
4 48 2.730
4 49 0.896
4 50 2.538
4 51 3.546
4 52 1.169
4 53 3.286
4 54 3.026
4 55 1.062
4 56 1.562
4 57 1.279
4 58 1.835
4 59 1.198
4 60 1.595
4 61 4.178
4 62 2.955
4 63 1.013
4 64 0.858
4 65 2.312
4 66 2.650
4 67 3.308
4 68 1.135
4 69 3.031
4 70 2.613
4 71 1.447
4 72 0.524
4 73 2.998
4 74 2.363
4 75 2.460
4 76 1.832
4 77 2.482
4 78 1.468
4 79 0.977
4 80 3.136
4 81 3.861
4 82 0.802
4 83 2.213
4 84 1.823
4 85 1.370
4 86 1.427
4 87 2.556
4 88 3.705
4 89 1.059
4 90 1.209
4 91 1.353
4 92 1.377
4 93 1.530
4 94 3.279
4 95 1.664
4 96 2.072
4 97 4.151
4 98 1.179
4 99 0.961
5 6 1.561
5 7 1.917
5 8 0.970
5 9 3.650
5 10 0.572
5 11 2.948
5 12 0.730
5 13 1.562
5 14 1.382
5 15 0.293
5 16 1.413
5 17 2.078
5 18 1.190
5 19 1.163
5 20 0.984
5 21 0.068
5 22 1.888
5 23 0.373
5 24 3.866
5 25 0.249
5 26 2.624
5 27 3.459
5 28 0.855
5 29 1.806
5 30 0.189
5 31 0.764
5 32 1.590
5 33 0.783
5 34 2.654
5 35 1.259
5 36 0.179
5 37 2.068
5 38 1.529
5 39 3.086
5 40 2.256
5 41 3.981
5 42 1.146
5 43 1.272
5 44 3.951
5 45 0.698
5 46 2.337
5 47 0.899
5 48 0.272
5 49 2.490
5 50 0.387
5 51 0.648
5 52 1.857
5 53 0.387
5 54 0.217
5 55 2.753
5 56 1.344
5 57 2.528
5 58 1.065
5 59 3.599
5 60 1.392
5 61 1.487
5 62 0.063
5 63 3.197
5 64 2.612
5 65 0.599
5 66 0.460
5 67 0.432
5 68 1.867
5 69 0.406
5 70 0.452
5 71 1.635
5 72 2.719
5 73 0.186
5 74 0.602
5 75 0.484
5 76 1.674
5 77 0.419
5 78 2.974
5 79 2.299
5 80 0.348
5 81 1.126
5 82 2.629
5 83 0.687
5 84 3.673
5 85 1.805
5 86 2.044
5 87 0.950
5 88 0.902
5 89 2.562
5 90 2.206
5 91 1.560
5 92 1.725
5 93 1.372
5 94 1.146
5 95 4.090
5 96 1.791
5 97 1.267
5 98 2.210
5 99 2.052
6 7 0.548
6 8 0.618
6 9 2.107
6 10 1.006
6 11 1.442
6 12 0.912
6 13 3.122
6 14 0.259
6 15 1.292
6 16 0.784
6 17 0.550
6 18 0.478
6 19 2.710
6 20 0.984
6 21 1.501
6 22 0.353
6 23 1.296
6 24 2.306
6 25 1.320
6 26 1.221
6 27 1.908
6 28 2.404
6 29 0.394
6 30 1.411
6 31 0.816
6 32 3.037
6 33 2.321
6 34 1.096
6 35 0.523
6 36 1.561
6 37 0.555
6 38 0.356
6 39 1.668
6 40 0.772
6 41 2.444
6 42 0.443
6 43 0.699
6 44 2.431
6 45 1.348
6 46 0.870
6 47 0.907
6 48 1.366
6 49 0.971
6 50 1.234
6 51 2.197
6 52 0.322
6 53 1.940
6 54 1.715
6 55 1.277
6 56 0.245
6 57 1.137
6 58 0.518
6 59 2.068
6 60 0.230
6 61 2.952
6 62 1.620
6 63 1.677
6 64 1.089
6 65 0.961
6 66 1.274
6 67 1.986
6 68 0.317
6 69 1.765
6 70 1.238
6 71 0.282
6 72 1.159
6 73 1.685
6 74 0.993
6 75 1.097
6 76 0.768
6 77 1.143
6 78 1.601
6 79 0.788
6 80 1.768
6 81 2.609
6 82 1.096
6 83 0.894
6 84 2.277
6 85 0.426
6 86 0.747
6 87 1.211
6 88 2.422
6 89 1.091
6 90 0.784
6 91 0.103
6 92 0.323
6 93 0.354
6 94 2.200
6 95 2.572
6 96 1.067
6 97 2.828
6 98 0.773
6 99 0.494
7 8 0.955
7 9 1.764
7 10 1.420
7 11 1.438
7 12 1.195
7 13 3.452
7 14 0.566
7 15 1.686
7 16 0.686
7 17 0.316
7 18 0.728
7 19 3.080
7 20 1.090
7 21 1.868
7 22 0.604
7 23 1.591
7 24 2.034
7 25 1.668
7 26 0.718
7 27 1.596
7 28 2.713
7 29 0.154
7 30 1.743
7 31 1.251
7 32 3.469
7 33 2.621
7 34 0.861
7 35 0.666
7 36 1.958
7 37 0.741
7 38 0.389
7 39 1.180
7 40 0.362
7 41 2.084
7 42 0.934
7 43 0.726
7 44 2.040
7 45 1.515
7 46 0.427
7 47 1.086
7 48 1.679
7 49 0.611
7 50 1.651
7 51 2.512
7 52 0.320
7 53 2.271
7 54 2.102
7 55 0.838
7 56 0.768
7 57 0.625
7 58 0.993
7 59 1.700
7 60 0.570
7 61 3.376
7 62 1.980
7 63 1.294
7 64 0.730
7 65 1.338
7 66 1.540
7 67 2.349
7 68 0.367
7 69 2.190
7 70 1.517
7 71 0.308
7 72 0.945
7 73 2.069
7 74 1.316
7 75 1.434
7 76 0.483
7 77 1.523
7 78 1.089
7 79 0.432
7 80 2.050
7 81 3.022
7 82 0.762
7 83 1.321
7 84 1.783
7 85 0.128
7 86 0.201
7 87 1.293
7 88 2.814
7 89 0.647
7 90 0.289
7 91 0.638
7 92 0.232
7 93 0.901
7 94 2.700
7 95 2.178
7 96 0.734
7 97 3.169
7 98 0.294
7 99 0.437
8 9 2.680
8 10 0.474
8 11 2.055
8 12 0.296
8 13 2.525
8 14 0.413
8 15 0.731
8 16 0.622
8 17 1.109
8 18 0.233
8 19 2.132
8 20 0.489
8 21 0.917
8 22 0.967
8 23 0.680
8 24 2.905
8 25 0.723
8 26 1.670
8 27 2.492
8 28 1.796
8 29 0.837
8 30 0.807
8 31 0.338
8 32 2.515
8 33 1.711
8 34 1.692
8 35 0.337
8 36 1.003
8 37 1.164
8 38 0.567
8 39 2.133
8 40 1.286
8 41 3.011
8 42 0.330
8 43 0.454
8 44 2.981
8 45 0.759
8 46 1.370
8 47 0.361
8 48 0.754
8 49 1.520
8 50 0.701
8 51 1.591
8 52 0.892
8 53 1.339
8 54 1.148
8 55 1.787
8 56 0.455
8 57 1.576
8 58 0.286
8 59 2.629
8 60 0.424
8 61 2.421
8 62 1.032
8 63 2.227
8 64 1.642
8 65 0.383
8 66 0.656
8 67 1.402
8 68 0.906
8 69 1.237
8 70 0.620
8 71 0.666
8 72 1.761
8 73 1.115
8 74 0.379
8 75 0.491
8 76 0.816
8 77 0.568
8 78 2.033
8 79 1.329
8 80 1.152
8 81 2.066
8 82 1.660
8 83 0.391
8 84 2.731
8 85 0.838
8 86 1.100
8 87 0.693
8 88 1.860
8 89 1.595
8 90 1.243
8 91 0.646
8 92 0.755
8 93 0.572
8 94 1.800
8 95 3.120
8 96 1.036
8 97 2.234
8 98 1.245
8 99 1.094
9 10 3.111
9 11 1.202
9 12 2.946
9 13 5.203
9 14 2.268
9 15 3.394
9 16 2.421
9 17 1.572
9 18 2.470
9 19 4.809
9 20 2.851
9 21 3.595
9 22 1.833
9 23 3.344
9 24 0.396
9 25 3.403
9 26 1.173
9 27 0.227
9 28 4.469
9 29 1.852
9 30 3.486
9 31 2.922
9 32 5.141
9 33 4.379
9 34 1.021
9 35 2.425
9 36 3.665
9 37 1.713
9 38 2.139
9 39 0.862
9 40 1.406
9 41 0.341
9 42 2.548
9 43 2.487
9 44 0.388
9 45 3.277
9 46 1.339
9 47 2.850
9 48 3.428
9 49 1.163
9 50 3.340
9 51 4.265
9 52 1.796
9 53 4.018
9 54 3.817
9 55 0.957
9 56 2.345
9 57 1.257
9 58 2.625
9 59 0.131
9 60 2.258
9 61 5.058
9 62 3.711
9 63 0.484
9 64 1.041
9 65 3.053
9 66 3.299
9 67 4.081
9 68 1.792
9 69 3.872
9 70 3.274
9 71 2.019
9 72 0.976
9 73 3.785
9 74 3.056
9 75 3.171
9 76 2.165
9 77 3.238
9 78 1.028
9 79 1.353
9 80 3.810
9 81 4.716
9 82 1.021
9 83 3.000
9 84 0.885
9 85 1.860
9 86 1.700
9 87 3.043
9 88 4.527
9 89 1.131
9 90 1.487
9 91 2.134
9 92 1.929
9 93 2.387
9 94 4.252
9 95 0.517
9 96 2.276
9 97 4.914
9 98 1.474
9 99 1.615
10 11 2.375
10 12 0.387
10 13 2.127
10 14 0.860
10 15 0.288
10 16 1.054
10 17 1.541
10 18 0.707
10 19 1.704
10 20 0.745
10 21 0.508
10 22 1.321
10 23 0.446
10 24 3.311
10 25 0.361
10 26 2.138
10 27 2.913
10 28 1.427
10 29 1.293
10 30 0.464
10 31 0.194
10 32 2.050
10 33 1.353
10 34 2.103
10 35 0.808
10 36 0.555
10 37 1.498
10 38 1.036
10 39 2.601
10 40 1.737
10 41 3.446
10 42 0.577
10 43 0.889
10 44 3.425
10 45 0.744
10 46 1.825
10 47 0.607
10 48 0.458
10 49 1.960
10 50 0.232
10 51 1.220
10 52 1.315
10 53 0.959
10 54 0.710
10 55 2.243
10 56 0.779
10 57 2.045
10 58 0.497
10 59 3.067
10 60 0.863
10 61 1.959
10 62 0.627
10 63 2.670
10 64 2.081
10 65 0.132
10 66 0.493
10 67 0.985
10 68 1.319
10 69 0.771
10 70 0.445
10 71 1.121
10 72 2.164
10 73 0.679
10 74 0.272
10 75 0.244
10 76 1.277
10 77 0.166
10 78 2.504
10 79 1.771
10 80 0.848
10 81 1.610
10 82 2.094
10 83 0.115
10 84 3.201
10 85 1.299
10 86 1.573
10 87 0.850
10 88 1.417
10 89 2.051
10 90 1.705
10 91 0.996
10 92 1.209
10 93 0.800
10 94 1.336
10 95 3.565
10 96 1.468
10 97 1.829
10 98 1.705
10 99 1.500
11 12 2.351
11 13 4.494
11 14 1.686
11 15 2.660
11 16 2.088
11 17 1.123
11 18 1.912
11 19 4.048
11 20 2.404
11 21 2.883
11 22 1.089
11 23 2.725
11 24 1.160
11 25 2.722
11 26 1.367
11 27 0.984
11 28 3.802
11 29 1.419
11 30 2.820
11 31 2.183
11 32 4.271
11 33 3.726
11 34 0.698
11 35 1.930
11 36 2.911
11 37 0.891
11 38 1.665
11 39 1.479
11 40 1.159
11 41 1.502
11 42 1.806
11 43 2.071
11 44 1.589
11 45 2.788
11 46 1.184
11 47 2.343
11 48 2.785
11 49 0.995
11 50 2.582
11 51 3.595
11 52 1.246
11 53 3.334
11 54 3.069
11 55 1.160
11 56 1.617
11 57 1.379
11 58 1.886
11 59 1.258
11 60 1.662
11 61 4.206
11 62 3.003
11 63 1.095
11 64 0.957
11 65 2.364
11 66 2.710
11 67 3.352
11 68 1.210
11 69 3.068
11 70 2.672
11 71 1.523
11 72 0.623
11 73 3.041
11 74 2.420
11 75 2.514
11 76 1.919
11 77 2.532
11 78 1.564
11 79 1.071
11 80 3.191
11 81 3.893
11 82 0.902
11 83 2.261
11 84 1.902
11 85 1.453
11 86 1.521
11 87 2.629
11 88 3.742
11 89 1.159
11 90 1.304
11 91 1.411
11 92 1.456
11 93 1.576
11 94 3.294
11 95 1.711
11 96 2.163
11 97 4.194
11 98 1.274
11 99 1.040
12 13 2.259
12 14 0.691
12 15 0.548
12 16 0.704
12 17 1.382
12 18 0.476
12 19 1.888
12 20 0.358
12 21 0.688
12 22 1.262
12 23 0.399
12 24 3.183
12 25 0.484
12 26 1.895
12 27 2.763
12 28 1.523
12 29 1.093
12 30 0.550
12 31 0.384
12 32 2.312
12 33 1.434
12 34 1.971
12 35 0.531
12 36 0.802
12 37 1.460
12 38 0.809
12 39 2.356
12 40 1.542
12 41 3.272
12 42 0.596
12 43 0.550
12 44 3.234
12 45 0.479
12 46 1.619
12 47 0.220
12 48 0.484
12 49 1.782
12 50 0.557
12 51 1.320
12 52 1.173
12 53 1.076
12 54 0.929
12 55 2.032
12 56 0.748
12 57 1.799
12 58 0.532
12 59 2.888
12 60 0.707
12 61 2.212
12 62 0.793
12 63 2.484
12 64 1.905
12 65 0.255
12 66 0.363
12 67 1.159
12 68 1.191
12 69 1.055
12 70 0.331
12 71 0.927
12 72 2.043
12 73 0.896
12 74 0.141
12 75 0.257
12 76 0.953
12 77 0.388
12 78 2.244
12 79 1.592
12 80 0.868
12 81 1.852
12 82 1.927
12 83 0.378
12 84 2.943
12 85 1.088
12 86 1.315
12 87 0.490
12 88 1.633
12 89 1.841
12 90 1.483
12 91 0.942
12 92 1.017
12 93 0.848
12 94 1.697
12 95 3.372
12 96 1.107
12 97 1.974
12 98 1.489
12 99 1.379
13 14 2.937
13 15 1.839
13 16 2.869
13 17 3.634
13 18 2.734
13 19 0.492
13 20 2.414
13 21 1.622
13 22 3.448
13 23 1.862
13 24 5.427
13 25 1.804
13 26 4.139
13 27 5.017
13 28 0.743
13 29 3.352
13 30 1.718
13 31 2.320
13 32 0.855
13 33 0.840
13 34 4.214
13 35 2.786
13 36 1.583
13 37 3.624
13 38 3.068
13 39 4.595
13 40 3.801
13 41 5.531
13 42 2.704
13 43 2.759
13 44 5.493
13 45 2.004
13 46 3.878
13 47 2.379
13 48 1.776
13 49 4.041
13 50 1.913
13 51 0.940
13 52 3.416
13 53 1.186
13 54 1.425
13 55 4.289
13 56 2.904
13 57 4.043
13 58 2.623
13 59 5.147
13 60 2.949
13 61 0.772
13 62 1.503
13 63 4.743
13 64 4.163
13 65 2.161
13 66 1.915
13 67 1.142
13 68 3.427
13 69 1.449
13 70 1.935
13 71 3.184
13 72 4.280
13 73 1.453
13 74 2.147
13 75 2.034
13 76 3.142
13 77 1.980
13 78 4.470
13 79 3.850
13 80 1.408
13 81 0.784
13 82 4.183
13 83 2.241
13 84 5.162
13 85 3.347
13 86 3.558
13 87 2.278
13 88 0.803
13 89 4.099
13 90 3.740
13 91 3.120
13 92 3.274
13 93 2.920
13 94 1.640
13 95 5.630
13 96 3.181
13 97 0.301
13 98 3.747
13 99 3.613
14 15 1.134
14 16 0.552
14 17 0.697
14 18 0.226
14 19 2.543
14 20 0.726
14 21 1.328
14 22 0.604
14 23 1.086
14 24 2.495
14 25 1.135
14 26 1.283
14 27 2.079
14 28 2.208
14 29 0.433
14 30 1.219
14 31 0.686
14 32 2.910
14 33 2.121
14 34 1.282
14 35 0.265
14 36 1.407
14 37 0.808
14 38 0.208
14 39 1.744
14 40 0.878
14 41 2.599
14 42 0.388
14 43 0.446
14 44 2.571
14 45 1.102
14 46 0.965
14 47 0.657
14 48 1.164
14 49 1.108
14 50 1.092
14 51 2.002
14 52 0.482
14 53 1.751
14 54 1.555
14 55 1.383
14 56 0.285
14 57 1.191
14 58 0.435
14 59 2.217
14 60 0.032
14 61 2.819
14 62 1.444
14 63 1.817
14 64 1.230
14 65 0.789
14 66 1.053
14 67 1.814
14 68 0.501
14 69 1.631
14 70 1.022
14 71 0.261
14 72 1.353
14 73 1.523
14 74 0.791
14 75 0.903
14 76 0.600
14 77 0.974
14 78 1.654
14 79 0.918
14 80 1.558
14 81 2.468
14 82 1.247
14 83 0.758
14 84 2.348
14 85 0.441
14 86 0.736
14 87 0.954
14 88 2.268
14 89 1.191
14 90 0.847
14 91 0.335
14 92 0.349
14 93 0.457
14 94 2.137
14 95 2.711
14 96 0.887
14 97 2.647
14 98 0.845
14 99 0.689
15 16 1.252
15 17 1.823
15 18 0.962
15 19 1.417
15 20 0.870
15 21 0.226
15 22 1.610
15 23 0.346
15 24 3.598
15 25 0.167
15 26 2.401
15 27 3.198
15 28 1.145
15 29 1.565
15 30 0.248
15 31 0.482
15 32 1.784
15 33 1.075
15 34 2.389
15 35 1.048
15 36 0.273
15 37 1.786
15 38 1.298
15 39 2.864
15 40 2.012
15 41 3.728
15 42 0.865
15 43 1.096
15 44 3.705
15 45 0.713
15 46 2.098
15 47 0.754
15 48 0.292
15 49 2.240
15 50 0.103
15 51 0.939
15 52 1.598
15 53 0.678
15 54 0.423
15 55 2.516
15 56 1.067
15 57 2.307
15 58 0.785
15 59 3.348
15 60 1.140
15 61 1.689
15 62 0.344
15 63 2.950
15 64 2.361
15 65 0.348
15 66 0.433
15 67 0.697
15 68 1.604
15 69 0.511
15 70 0.397
15 71 1.393
15 72 2.451
15 73 0.392
15 74 0.407
15 75 0.296
15 76 1.496
15 77 0.166
15 78 2.762
15 79 2.050
15 80 0.608
15 81 1.335
15 82 2.375
15 83 0.403
15 84 3.461
15 85 1.569
15 86 1.829
15 87 0.905
15 88 1.134
15 89 2.324
15 90 1.974
15 91 1.284
15 92 1.482
15 93 1.085
15 94 1.164
15 95 3.844
15 96 1.653
15 97 1.541
15 98 1.975
15 99 1.786
16 17 0.976
16 18 0.450
16 19 2.543
16 20 0.455
16 21 1.379
16 22 1.079
16 23 1.047
16 24 2.710
16 25 1.177
16 26 1.287
16 27 2.266
16 28 2.127
16 29 0.670
16 30 1.225
16 31 0.954
16 32 3.003
16 33 2.029
16 34 1.547
16 35 0.329
16 36 1.502
16 37 1.274
16 38 0.447
16 39 1.732
16 40 1.043
16 41 2.727
16 42 0.845
16 43 0.168
16 44 2.665
16 45 0.875
16 46 1.091
16 47 0.514
16 48 1.146
16 49 1.290
16 50 1.254
16 51 1.937
16 52 0.849
16 53 1.718
16 54 1.621
16 55 1.468
16 56 0.823
16 57 1.192
16 58 0.849
16 59 2.344
16 60 0.583
16 61 2.899
16 62 1.474
16 63 1.940
16 64 1.406
16 65 0.933
16 66 0.974
16 67 1.827
16 68 0.890
16 69 1.758
16 70 0.967
16 71 0.580
16 72 1.631
16 73 1.588
16 74 0.845
16 75 0.959
16 76 0.272
16 77 1.090
16 78 1.602
16 79 1.117
16 80 1.464
16 81 2.538
16 82 1.442
16 83 0.995
16 84 2.292
16 85 0.638
16 86 0.721
16 87 0.624
16 88 2.309
16 89 1.289
16 90 0.938
16 91 0.877
16 92 0.634
16 93 0.995
16 94 2.389
16 95 2.797
16 96 0.416
16 97 2.601
16 98 0.955
16 99 1.049
17 18 0.907
17 19 3.237
17 20 1.342
17 21 2.022
17 22 0.407
17 23 1.780
17 24 1.802
17 25 1.831
17 26 0.709
17 27 1.383
17 28 2.903
17 29 0.312
17 30 1.916
17 31 1.356
17 32 3.583
17 33 2.816
17 34 0.594
17 35 0.881
17 36 2.095
17 37 0.475
17 38 0.593
17 39 1.133
17 40 0.240
17 41 1.905
17 42 0.992
17 43 0.986
17 44 1.885
17 45 1.755
17 46 0.341
17 47 1.313
17 48 1.860
17 49 0.421
17 50 1.772
17 51 2.699
17 52 0.229
17 53 2.448
17 54 2.245
17 55 0.730
17 56 0.795
17 57 0.638
17 58 1.065
17 59 1.526
17 60 0.686
17 61 3.497
17 62 2.139
17 63 1.130
17 64 0.541
17 65 1.481
17 66 1.742
17 67 2.508
17 68 0.238
17 69 2.308
17 70 1.713
17 71 0.459
17 72 0.671
17 73 2.214
17 74 1.487
17 75 1.600
17 76 0.796
17 77 1.666
17 78 1.084
17 79 0.239
17 80 2.250
17 81 3.151
17 82 0.553
17 83 1.432
17 84 1.741
17 85 0.339
17 86 0.444
17 87 1.557
17 88 2.957
17 89 0.549
17 90 0.317
17 91 0.602
17 92 0.373
17 93 0.877
17 94 2.748
17 95 2.025
17 96 1.050
17 97 3.343
17 98 0.292
17 99 0.154
18 19 2.353
18 20 0.509
18 21 1.140
18 22 0.828
18 23 0.875
18 24 2.708
18 25 0.941
18 26 1.440
18 27 2.287
18 28 2.000
18 29 0.618
18 30 1.019
18 31 0.560
18 32 2.746
18 33 1.910
18 34 1.497
18 35 0.125
18 36 1.233
18 37 1.032
18 38 0.339
18 39 1.903
18 40 1.068
18 41 2.797
18 42 0.395
18 43 0.299
18 44 2.762
18 45 0.876
18 46 1.147
18 47 0.431
18 48 0.958
18 49 1.307
18 50 0.934
18 51 1.796
18 52 0.702
18 53 1.549
18 54 1.374
18 55 1.563
18 56 0.409
18 57 1.345
18 58 0.400
18 59 2.414
18 60 0.250
18 61 2.651
18 62 1.253
18 63 2.010
18 64 1.429
18 65 0.614
18 66 0.835
18 67 1.622
18 68 0.724
18 69 1.469
18 70 0.807
18 71 0.451
18 72 1.570
18 73 1.342
18 74 0.590
18 75 0.707
18 76 0.601
18 77 0.797
18 78 1.800
18 79 1.116
18 80 1.344
18 81 2.296
18 82 1.450
18 83 0.620
18 84 2.499
18 85 0.615
18 86 0.868
18 87 0.736
18 88 2.086
18 89 1.372
18 90 1.016
18 91 0.538
18 92 0.540
18 93 0.571
18 94 2.028
18 95 2.900
18 96 0.847
18 97 2.447
18 98 1.020
18 99 0.911
19 20 2.093
19 21 1.215
19 22 3.022
19 23 1.502
19 24 5.014
19 25 1.412
19 26 3.783
19 27 4.615
19 28 0.510
19 29 2.969
19 30 1.338
19 31 1.896
19 32 0.623
19 33 0.605
19 34 3.806
19 35 2.419
19 36 1.150
19 37 3.191
19 38 2.691
19 39 4.244
19 40 3.418
19 41 5.142
19 42 2.279
19 43 2.416
19 44 5.113
19 45 1.712
19 46 3.500
19 47 2.035
19 48 1.407
19 49 3.651
19 50 1.480
19 51 0.636
19 52 3.014
19 53 0.825
19 54 0.994
19 55 3.916
19 56 2.482
19 57 3.687
19 58 2.199
19 59 4.761
19 60 2.551
19 61 0.505
19 62 1.100
19 63 4.359
19 64 3.773
19 65 1.756
19 66 1.569
19 67 0.731
19 68 3.021
19 69 0.983
19 70 1.580
19 71 2.798
19 72 3.868
19 73 1.025
19 74 1.764
19 75 1.646
19 76 2.812
19 77 1.571
19 78 4.128
19 79 3.461
19 80 1.095
19 81 0.324
19 82 3.789
19 83 1.817
19 84 4.826
19 85 2.968
19 86 3.202
19 87 1.992
19 88 0.316
19 89 3.725
19 90 3.369
19 91 2.698
19 92 2.888
19 93 2.483
19 94 1.163
19 95 5.252
19 96 2.889
19 97 0.230
19 98 3.373
19 99 3.203
20 21 0.959
20 22 1.330
20 23 0.612
20 24 3.124
20 25 0.764
20 26 1.735
20 27 2.687
20 28 1.672
20 29 1.031
20 30 0.795
20 31 0.724
20 32 2.570
20 33 1.574
20 34 1.932
20 35 0.474
20 36 1.095
20 37 1.534
20 38 0.751
20 39 2.185
20 40 1.453
20 41 3.164
20 42 0.815
20 43 0.364
20 44 3.108
20 45 0.427
20 46 1.513
20 47 0.145
20 48 0.713
20 49 1.701
20 50 0.899
20 51 1.482
20 52 1.166
20 53 1.268
20 54 1.199
20 55 1.906
20 56 0.900
20 57 1.640
20 58 0.775
20 59 2.780
20 60 0.754
20 61 2.464
20 62 1.044
20 63 2.374
20 64 1.821
20 65 0.613
20 66 0.531
20 67 1.385
20 68 1.197
20 69 1.355
20 70 0.532
20 71 0.891
20 72 2.012
20 73 1.166
20 74 0.484
20 75 0.577
20 76 0.727
20 77 0.724
20 78 2.056
20 79 1.518
20 80 1.009
20 81 2.103
20 82 1.851
20 83 0.731
20 84 2.747
20 85 1.011
20 86 1.161
20 87 0.228
20 88 1.869
20 89 1.722
20 90 1.364
20 91 1.046
20 92 0.970
20 93 1.044
20 94 2.034
20 95 3.243
20 96 0.807
20 97 2.146
20 98 1.377
20 99 1.378
21 22 1.826
21 23 0.353
21 24 3.807
21 25 0.203
21 26 2.577
21 27 3.402
21 28 0.920
21 29 1.754
21 30 0.171
21 31 0.701
21 32 1.626
21 33 0.849
21 34 2.596
21 35 1.213
21 36 0.155
21 37 2.005
21 38 1.479
21 39 3.039
21 40 2.203
21 41 3.927
21 42 1.083
21 43 1.234
21 44 3.898
21 45 0.699
21 46 2.286
21 47 0.866
21 48 0.256
21 49 2.436
21 50 0.319
21 51 0.714
21 52 1.800
21 53 0.453
21 54 0.243
21 55 2.703
21 56 1.282
21 57 2.481
21 58 1.002
21 59 3.545
21 60 1.336
21 61 1.524
21 62 0.120
21 63 3.144
21 64 2.558
21 65 0.542
21 66 0.445
21 67 0.486
21 68 1.809
21 69 0.406
21 70 0.430
21 71 1.583
21 72 2.660
21 73 0.209
21 74 0.555
21 75 0.436
21 76 1.637
21 77 0.359
21 78 2.930
21 79 2.245
21 80 0.408
21 81 1.165
21 82 2.574
21 83 0.622
21 84 3.629
21 85 1.754
21 86 1.999
21 87 0.940
21 88 0.947
21 89 2.511
21 90 2.156
21 91 1.498
21 92 1.673
21 93 1.308
21 94 1.135
21 95 4.037
21 96 1.763
21 97 1.326
21 98 2.160
21 99 1.993
22 23 1.641
22 24 1.998
22 25 1.652
22 26 1.111
22 27 1.622
22 28 2.737
22 29 0.488
22 30 1.747
22 31 1.128
22 32 3.315
22 33 2.657
22 34 0.812
22 35 0.861
22 36 1.873
22 37 0.204
22 38 0.632
22 39 1.515
22 40 0.644
22 41 2.173
22 42 0.744
22 43 1.022
22 44 2.178
22 45 1.701
22 46 0.743
22 47 1.259
22 48 1.706
22 49 0.769
22 50 1.542
22 51 2.530
22 52 0.286
22 53 2.272
22 54 2.029
22 55 1.099
22 56 0.544
22 57 1.044
22 58 0.824
22 59 1.809
22 60 0.578
22 61 3.236
22 62 1.946
22 63 1.438
22 64 0.871
22 65 1.293
22 66 1.623
22 67 2.306
22 68 0.238
22 69 2.059
22 70 1.586
22 71 0.502
22 72 0.861
22 73 2.000
22 74 1.337
22 75 1.436
22 76 0.992
22 77 1.469
22 78 1.481
22 79 0.620
22 80 2.111
22 81 2.902
22 82 0.862
22 83 1.207
22 84 2.116
22 85 0.532
22 86 0.791
22 87 1.557
22 88 2.727
22 89 0.933
22 90 0.720
22 91 0.328
22 92 0.473
22 93 0.555
22 94 2.424
22 95 2.319
22 96 1.285
22 97 3.150
22 98 0.697
22 99 0.270
23 24 3.581
23 25 0.187
23 26 2.284
23 27 3.162
23 28 1.125
23 29 1.492
23 30 0.185
23 31 0.592
23 32 1.959
23 33 1.036
23 34 2.368
23 35 0.925
23 36 0.501
23 37 1.834
23 38 1.207
23 39 2.744
23 40 1.940
23 41 3.670
23 42 0.929
23 43 0.914
23 44 3.631
23 45 0.369
23 46 2.016
23 47 0.535
23 48 0.101
23 49 2.181
23 50 0.426
23 51 0.922
23 52 1.569
23 53 0.682
23 54 0.589
23 55 2.428
23 56 1.109
23 57 2.188
23 58 0.853
23 59 3.286
23 60 1.101
23 61 1.854
23 62 0.432
23 63 2.882
23 64 2.303
23 65 0.385
23 66 0.093
23 67 0.780
23 68 1.585
23 69 0.759
23 70 0.080
23 71 1.326
23 72 2.439
23 73 0.557
23 74 0.305
23 75 0.222
23 76 1.313
23 77 0.297
23 78 2.626
23 79 1.991
23 80 0.472
23 81 1.492
23 82 2.325
23 83 0.531
23 84 3.324
23 85 1.486
23 86 1.703
23 87 0.588
23 88 1.262
23 89 2.238
23 90 1.878
23 91 1.315
23 92 1.415
23 93 1.177
23 94 1.474
23 95 3.768
23 96 1.419
23 97 1.579
23 98 1.885
23 99 1.773
24 25 3.623
24 26 1.513
24 27 0.452
24 28 4.702
24 29 2.101
24 30 3.711
24 31 3.118
24 32 5.309
24 33 4.615
24 34 1.213
24 35 2.678
24 36 3.865
24 37 1.848
24 38 2.389
24 39 1.248
24 40 1.672
24 41 0.444
24 42 2.737
24 43 2.760
24 44 0.603
24 45 3.546
24 46 1.620
24 47 3.109
24 48 3.659
24 49 1.423
24 50 3.535
24 51 4.496
24 52 2.013
24 53 4.243
24 54 4.020
24 55 1.280
24 56 2.533
24 57 1.590
24 58 2.816
24 59 0.527
24 60 2.481
24 61 5.233
24 62 3.926
24 63 0.828
24 64 1.305
24 65 3.266
24 66 3.543
24 67 4.292
24 68 2.000
24 69 4.057
24 70 3.514
24 71 2.260
24 72 1.147
24 73 3.990
24 74 3.285
24 75 3.395
24 76 2.466
24 77 3.449
24 78 1.412
24 79 1.606
24 80 4.051
24 81 4.900
24 82 1.272
24 83 3.197
24 84 1.256
24 85 2.116
24 86 1.998
24 87 3.327
24 88 4.723
24 89 1.434
24 90 1.773
24 91 2.317
24 92 2.172
24 93 2.550
24 94 4.380
24 95 0.670
24 96 2.605
24 97 5.133
24 98 1.755
24 99 1.814
25 26 2.375
25 27 3.213
25 28 1.085
25 29 1.557
25 30 0.103
25 31 0.543
25 32 1.829
25 33 1.006
25 34 2.410
25 35 1.011
25 36 0.331
25 37 1.837
25 38 1.280
25 39 2.838
25 40 2.007
25 41 3.733
25 42 0.916
25 43 1.031
25 44 3.702
25 45 0.556
25 46 2.089
25 47 0.665
25 48 0.125
25 49 2.242
25 50 0.261
25 51 0.878
25 52 1.612
25 53 0.621
25 54 0.445
25 55 2.505
25 56 1.110
25 57 2.280
25 58 0.836
25 59 3.351
25 60 1.145
25 61 1.728
25 62 0.311
25 63 2.949
25 64 2.364
25 65 0.360
25 66 0.278
25 67 0.681
25 68 1.622
25 69 0.591
25 70 0.250
25 71 1.387
25 72 2.476
25 73 0.412
25 74 0.353
25 75 0.235
25 76 1.434
25 77 0.195
25 78 2.727
25 79 2.052
25 80 0.487
25 81 1.368
25 82 2.382
25 83 0.469
25 84 3.426
25 85 1.556
25 86 1.797
25 87 0.768
25 88 1.149
25 89 2.313
25 90 1.957
25 91 1.324
25 92 1.477
25 93 1.152
25 94 1.292
25 95 3.841
25 96 1.565
25 97 1.512
25 98 1.961
25 99 1.808
26 27 1.062
26 28 3.397
26 29 0.855
26 30 2.445
26 31 1.969
26 32 4.185
26 33 3.302
26 34 0.673
26 35 1.364
26 36 2.673
26 37 1.126
26 38 1.104
26 39 0.463
26 40 0.469
26 41 1.456
26 42 1.641
26 43 1.381
26 44 1.381
26 45 2.160
26 46 0.368
26 47 1.761
26 48 2.377
26 49 0.417
26 50 2.368
26 51 3.200
26 52 0.912
26 53 2.967
26 54 2.813
26 55 0.246
26 56 1.461
26 57 0.096
26 58 1.704
26 59 1.079
26 60 1.285
26 61 4.091
26 62 2.686
26 63 0.691
26 64 0.413
26 65 2.053
26 66 2.225
26 67 3.054
26 68 0.937
26 69 2.907
26 70 2.208
26 71 1.023
26 72 0.744
26 73 2.780
26 74 2.022
26 75 2.141
26 76 1.019
26 77 2.237
26 78 0.380
26 79 0.496
26 80 2.731
26 81 3.735
26 82 0.467
26 83 2.039
26 84 1.065
26 85 0.842
26 86 0.581
26 87 1.909
26 88 3.524
26 89 0.221
26 90 0.441
26 91 1.292
26 92 0.939
26 93 1.568
26 94 3.411
26 95 1.512
26 96 1.104
26 97 3.862
26 98 0.449
26 99 0.842
27 28 4.286
27 29 1.673
27 30 3.299
27 31 2.723
27 32 4.935
27 33 4.197
27 34 0.813
27 35 2.250
27 36 3.468
27 37 1.495
27 38 1.961
27 39 0.834
27 40 1.234
27 41 0.561
27 42 2.346
27 43 2.323
27 44 0.613
27 45 3.111
27 46 1.176
27 47 2.678
27 48 3.243
27 49 0.987
27 50 3.141
27 51 4.081
27 52 1.602
27 53 3.831
27 54 3.622
27 55 0.827
27 56 2.143
27 57 1.138
27 58 2.424
27 59 0.277
27 60 2.068
27 61 4.854
27 62 3.520
27 63 0.385
27 64 0.866
27 65 2.861
27 66 3.120
27 67 3.888
27 68 1.595
27 69 3.671
27 70 3.093
27 71 1.836
27 72 0.762
27 73 3.590
27 74 2.870
27 75 2.983
27 76 2.018
27 77 3.045
27 78 0.991
27 79 1.174
27 80 3.630
27 81 4.515
27 82 0.839
27 83 2.801
27 84 1.007
27 85 1.684
27 86 1.551
27 87 2.886
27 88 4.330
27 89 0.984
27 90 1.328
27 91 1.929
27 92 1.747
27 93 2.177
27 94 4.037
27 95 0.744
27 96 2.153
27 97 4.726
27 98 1.312
27 99 1.414
28 29 2.617
28 30 0.992
28 31 1.619
28 32 1.123
28 33 0.102
28 34 3.488
28 35 2.048
28 36 0.917
28 37 2.921
28 38 2.331
28 39 3.853
28 40 3.065
28 41 4.795
28 42 1.998
28 43 2.016
28 44 4.753
28 45 1.265
28 46 3.139
28 47 1.636
28 48 1.043
28 49 3.306
28 50 1.231
28 51 0.207
28 52 2.689
28 53 0.468
28 54 0.766
28 55 3.549
28 56 2.195
28 57 3.301
28 58 1.918
28 59 4.411
28 60 2.221
28 61 1.004
28 62 0.801
28 63 4.006
28 64 3.428
28 65 1.445
28 66 1.174
28 67 0.488
28 68 2.702
28 69 0.865
28 70 1.196
28 71 2.450
28 72 3.557
28 73 0.786
28 74 1.417
28 75 1.308
28 76 2.399
28 77 1.271
28 78 3.727
28 79 3.116
28 80 0.666
28 81 0.719
28 82 3.450
28 83 1.541
28 84 4.420
28 85 2.610
28 86 2.816
28 87 1.542
28 88 0.509
28 89 3.360
28 90 3.000
28 91 2.409
28 92 2.540
28 93 2.227
28 94 1.356
28 95 4.891
28 96 2.445
28 97 0.483
28 98 3.008
28 99 2.889
29 30 1.637
29 31 1.117
29 32 3.343
29 33 2.527
29 34 0.902
29 35 0.577
29 36 1.838
29 37 0.650
29 38 0.288
29 39 1.314
29 40 0.450
29 41 2.179
29 42 0.788
29 43 0.673
29 44 2.145
29 45 1.447
29 46 0.533
29 47 1.008
29 48 1.576
29 49 0.689
29 50 1.524
29 51 2.413
29 52 0.206
29 53 2.168
29 54 1.984
29 55 0.951
29 56 0.616
29 57 0.765
29 58 0.850
29 59 1.796
29 60 0.432
29 61 3.252
29 62 1.868
29 63 1.392
29 64 0.811
29 65 1.218
29 66 1.447
29 67 2.238
29 68 0.255
29 69 2.063
29 70 1.422
29 71 0.172
29 72 0.981
29 73 1.952
29 74 1.207
29 75 1.323
29 76 0.521
29 77 1.404
29 78 1.231
29 79 0.500
29 80 1.958
29 81 2.900
29 82 0.835
29 83 1.190
29 84 1.920
29 85 0.044
29 86 0.354
29 87 1.245
29 88 2.697
29 89 0.759
29 90 0.416
29 91 0.485
29 92 0.084
29 93 0.747
29 94 2.557
29 95 2.284
29 96 0.803
29 97 3.065
29 98 0.413
29 99 0.382
30 31 0.645
30 32 1.779
30 33 0.910
30 34 2.498
30 35 1.081
30 36 0.323
30 37 1.934
30 38 1.356
30 39 2.906
30 40 2.087
30 41 3.815
30 42 1.014
30 43 1.086
30 44 3.781
30 45 0.531
30 46 2.166
30 47 0.711
30 48 0.085
30 49 2.324
30 50 0.349
30 51 0.786
30 52 1.698
30 53 0.532
30 54 0.404
30 55 2.581
30 56 1.206
30 57 2.349
30 58 0.934
30 59 3.432
30 60 1.231
30 61 1.674
30 62 0.250
30 63 3.029
30 64 2.446
30 65 0.456
30 66 0.274
30 67 0.609
30 68 1.711
30 69 0.577
30 70 0.264
30 71 1.468
30 72 2.565
30 73 0.372
30 74 0.430
30 75 0.316
30 76 1.487
30 77 0.298
30 78 2.793
30 79 2.133
30 80 0.384
30 81 1.313
30 82 2.465
30 83 0.572
30 84 3.491
30 85 1.634
30 86 1.865
30 87 0.769
30 88 1.087
30 89 2.390
30 90 2.032
30 91 1.419
30 92 1.558
30 93 1.252
30 94 1.302
30 95 3.919
30 96 1.602
30 97 1.429
30 98 2.037
30 99 1.898
31 32 2.229
31 33 1.544
31 34 1.912
31 35 0.673
31 36 0.747
31 37 1.305
31 38 0.873
31 39 2.430
31 40 1.557
31 41 3.258
31 42 0.384
31 43 0.786
31 44 3.241
31 45 0.828
31 46 1.647
31 47 0.579
31 48 0.625
31 49 1.776
31 50 0.418
31 51 1.412
31 52 1.128
31 53 1.151
31 54 0.902
31 55 2.064
31 56 0.586
31 57 1.876
31 58 0.304
31 59 2.881
31 60 0.685
31 61 2.141
31 62 0.820
31 63 2.486
31 64 1.896
31 65 0.207
31 66 0.617
31 67 1.179
31 68 1.131
31 69 0.952
31 70 0.569
31 71 0.947
31 72 1.972
31 73 0.872
31 74 0.332
31 75 0.371
31 76 1.153
31 77 0.350
31 78 2.339
31 79 1.588
31 80 1.026
31 81 1.795
31 82 1.907
31 83 0.079
31 84 3.034
31 85 1.127
31 86 1.412
31 87 0.874
31 88 1.606
31 89 1.873
31 90 1.532
31 91 0.802
31 92 1.033
31 93 0.610
31 94 1.468
31 95 3.381
31 96 1.370
31 97 2.022
31 98 1.530
31 99 1.310
32 33 1.212
32 34 4.122
32 35 2.830
32 36 1.515
32 37 3.462
32 38 3.082
32 39 4.648
32 40 3.786
32 41 5.479
32 42 2.594
32 43 2.860
32 44 5.468
32 45 2.228
32 46 3.875
32 47 2.489
32 48 1.859
32 49 4.004
32 50 1.819
32 51 1.212
32 52 3.355
32 53 1.335
32 54 1.383
32 55 4.293
32 56 2.796
32 57 4.091
32 58 2.519
32 59 5.105
32 60 2.912
32 61 0.120
32 62 1.529
32 63 4.713
32 64 4.124
32 65 2.132
32 66 2.040
32 67 1.192
32 68 3.354
32 69 1.279
32 70 2.040
32 71 3.171
32 72 4.175
32 73 1.417
32 74 2.176
32 75 2.057
32 76 3.262
32 77 1.950
32 78 4.546
32 79 3.817
32 80 1.624
32 81 0.470
32 82 4.133
32 83 2.154
32 84 5.245
32 85 3.349
32 86 3.613
32 87 2.504
32 88 0.714
32 89 4.101
32 90 3.755
32 91 3.007
32 92 3.259
32 93 2.761
32 94 1.051
32 95 5.608
32 96 3.377
32 97 0.778
32 98 3.755
32 99 3.527
33 34 3.402
33 35 1.956
33 36 0.860
33 37 2.843
33 38 2.241
33 39 3.756
33 40 2.974
33 41 4.704
33 42 1.921
33 43 1.921
33 44 4.661
33 45 1.165
33 46 3.048
33 47 1.542
33 48 0.957
33 49 3.216
33 50 1.165
33 51 0.142
33 52 2.602
33 53 0.398
33 54 0.715
33 55 3.456
33 56 2.115
33 57 3.206
33 58 1.841
33 59 4.319
33 60 2.134
33 61 1.092
33 62 0.732
33 63 3.914
33 64 3.338
33 65 1.365
33 66 1.081
33 67 0.451
33 68 2.617
33 69 0.836
33 70 1.105
33 71 2.361
33 72 3.471
33 73 0.732
33 74 1.331
33 75 1.224
33 76 2.302
33 77 1.194
33 78 3.630
33 79 3.026
33 80 0.571
33 81 0.792
33 82 3.360
33 83 1.467
33 84 4.322
33 85 2.519
33 86 2.722
33 87 1.441
33 88 0.568
33 89 3.267
33 90 2.907
33 91 2.329
33 92 2.451
33 93 2.153
33 94 1.377
33 95 4.798
33 96 2.345
33 97 0.585
33 98 2.915
33 99 2.804
34 35 1.475
34 36 2.658
34 37 0.705
34 38 1.186
34 39 0.874
34 40 0.519
34 41 1.361
34 42 1.533
34 43 1.573
34 44 1.370
34 45 2.348
34 46 0.512
34 47 1.906
34 48 2.445
34 49 0.306
34 50 2.330
34 51 3.282
34 52 0.800
34 53 3.029
34 54 2.812
34 55 0.490
34 56 1.330
34 57 0.681
34 58 1.611
34 59 1.000
34 60 1.268
34 61 4.041
34 62 2.714
34 63 0.649
34 64 0.260
34 65 2.054
34 66 2.332
34 67 3.081
34 68 0.787
34 69 2.858
34 70 2.303
34 71 1.052
34 72 0.087
34 73 2.781
34 74 2.071
34 75 2.181
34 76 1.332
34 77 2.238
34 78 0.919
34 79 0.435
34 80 2.839
34 81 3.702
34 82 0.206
34 83 1.990
34 84 1.412
34 85 0.922
34 86 0.886
34 87 2.144
34 88 3.518
34 89 0.461
34 90 0.653
34 91 1.116
34 92 0.967
34 93 1.366
34 94 3.234
34 95 1.510
34 96 1.535
34 97 3.921
34 98 0.627
34 99 0.603
35 36 1.316
35 37 1.064
35 38 0.289
35 39 1.826
35 40 1.019
35 41 2.748
35 42 0.517
35 43 0.189
35 44 2.706
35 45 0.875
35 46 1.092
35 47 0.431
35 48 1.015
35 49 1.264
35 50 1.029
35 51 1.846
35 52 0.695
35 53 1.606
35 54 1.452
35 55 1.503
35 56 0.506
35 57 1.269
35 58 0.525
35 59 2.364
35 60 0.296
35 61 2.733
35 62 1.322
35 63 1.958
35 64 1.386
35 65 0.704
35 66 0.874
35 67 1.689
35 68 0.724
35 69 1.559
35 70 0.852
35 71 0.424
35 72 1.551
35 73 1.419
35 74 0.658
35 75 0.778
35 76 0.481
35 77 0.882
35 78 1.717
35 79 1.075
35 80 1.385
35 81 2.375
35 82 1.411
35 83 0.728
35 84 2.416
35 85 0.566
35 86 0.785
35 87 0.699
35 88 2.160
35 89 1.313
35 90 0.953
35 91 0.600
35 92 0.508
35 93 0.675
35 94 2.137
35 95 2.844
35 96 0.723
35 97 2.504
35 98 0.960
35 99 0.907
36 37 2.044
36 38 1.570
36 39 3.136
36 40 2.285
36 41 4.000
36 42 1.129
36 43 1.352
36 44 3.977
36 45 0.853
36 46 2.371
36 47 0.994
36 48 0.407
36 49 2.512
36 50 0.331
36 51 0.719
36 52 1.869
36 53 0.468
36 54 0.158
36 55 2.789
36 56 1.332
36 57 2.578
36 58 1.050
36 59 3.620
36 60 1.412
36 61 1.418
36 62 0.173
36 63 3.222
36 64 2.633
36 65 0.620
36 66 0.593
36 67 0.443
36 68 1.874
36 69 0.260
36 70 0.575
36 71 1.666
36 72 2.719
36 73 0.132
36 74 0.663
36 75 0.545
36 76 1.755
36 77 0.436
36 78 3.031
36 79 2.323
36 80 0.512
36 81 1.063
36 82 2.647
36 83 0.668
36 84 3.731
36 85 1.841
36 86 2.098
36 87 1.089
36 88 0.862
36 89 2.597
36 90 2.246
36 91 1.549
36 92 1.755
36 93 1.338
36 94 0.980
36 95 4.117
36 96 1.895
36 97 1.283
36 98 2.248
36 99 2.055
37 38 0.828
37 39 1.490
37 40 0.681
37 41 2.053
37 42 0.923
37 43 1.224
37 44 2.072
37 45 1.903
37 46 0.771
37 47 1.462
37 48 1.896
37 49 0.740
37 50 1.713
37 51 2.714
37 52 0.445
37 53 2.454
37 54 2.202
37 55 1.069
37 56 0.728
37 57 1.073
37 58 1.003
37 59 1.702
37 60 0.782
37 61 3.387
37 62 2.125
37 63 1.352
37 64 0.822
37 65 1.478
37 66 1.819
37 67 2.482
37 68 0.397
37 69 2.220
37 70 1.781
37 71 0.693
37 72 0.737
37 73 2.173
37 74 1.530
37 75 1.626
37 76 1.168
37 77 1.650
37 78 1.479
37 79 0.632
37 80 2.302
37 81 3.059
37 82 0.801
37 83 1.383
37 84 2.076
37 85 0.693
37 86 0.908
37 87 1.761
37 88 2.892
37 89 0.926
37 90 0.788
37 91 0.520
37 92 0.652
37 93 0.709
37 94 2.542
37 95 2.212
37 96 1.453
37 97 3.326
37 98 0.760
37 99 0.323
38 39 1.567
38 40 0.733
38 41 2.463
38 42 0.595
38 43 0.405
38 44 2.425
38 45 1.162
38 46 0.810
38 47 0.721
38 48 1.293
38 49 0.976
38 50 1.265
38 51 2.129
38 52 0.420
38 53 1.885
38 54 1.713
38 55 1.225
38 56 0.478
38 57 1.010
38 58 0.640
38 59 2.079
38 60 0.226
38 61 2.988
38 62 1.591
38 63 1.675
38 64 1.098
38 65 0.950
38 66 1.161
38 67 1.960
38 68 0.456
38 69 1.803
38 70 1.136
38 71 0.142
38 72 1.264
38 73 1.680
38 74 0.928
38 75 1.045
38 76 0.416
38 77 1.134
38 78 1.468
38 79 0.787
38 80 1.671
38 81 2.633
38 82 1.122
38 83 0.940
38 84 2.166
38 85 0.279
38 86 0.540
38 87 0.970
38 88 2.425
38 89 1.034
38 90 0.678
38 91 0.456
38 92 0.220
38 93 0.644
38 94 2.335
38 95 2.563
38 96 0.714
38 97 2.783
38 98 0.681
38 99 0.630
39 40 0.898
39 41 1.082
39 42 2.096
39 43 1.836
39 44 0.977
39 45 2.607
39 46 0.799
39 47 2.217
39 48 2.837
39 49 0.752
39 50 2.831
39 51 3.657
39 52 1.351
39 53 3.426
39 54 3.276
39 55 0.421
39 56 1.911
39 57 0.558
39 58 2.161
39 59 0.743
39 60 1.745
39 61 4.554
39 62 3.149
39 63 0.466
39 64 0.673
39 65 2.516
39 66 2.683
39 67 3.515
39 68 1.370
39 69 3.370
39 70 2.667
39 71 1.484
39 72 0.909
39 73 3.243
39 74 2.485
39 75 2.604
39 76 1.461
39 77 2.700
39 78 0.168
39 79 0.899
39 80 3.187
39 81 4.198
39 82 0.705
39 83 2.501
39 84 0.609
39 85 1.303
39 86 1.042
39 87 2.349
39 88 3.986
39 89 0.585
39 90 0.898
39 91 1.731
39 92 1.398
39 93 2.008
39 94 3.865
39 95 1.096
39 96 1.502
39 97 4.320
39 98 0.902
39 99 1.247
40 41 1.730
40 42 1.207
40 43 1.089
40 44 1.695
40 45 1.876
40 46 0.101
40 47 1.445
40 48 2.026
40 49 0.249
40 50 1.968
40 51 2.862
40 52 0.452
40 53 2.617
40 54 2.432
40 55 0.508
40 56 1.016
40 57 0.401
40 58 1.276
40 59 1.346
40 60 0.874
40 61 3.696
40 62 2.318
40 63 0.942
40 64 0.368
40 65 1.666
40 66 1.893
40 67 2.688
40 68 0.472
40 69 2.507
40 70 1.869
40 71 0.621
40 72 0.606
40 73 2.400
40 74 1.657
40 75 1.773
40 76 0.816
40 77 1.852
40 78 0.844
40 79 0.088
40 80 2.404
40 81 3.346
40 82 0.400
40 83 1.631
40 84 1.507
40 85 0.454
40 86 0.369
40 87 1.655
40 88 3.145
40 89 0.319
40 90 0.145
40 91 0.833
40 92 0.531
40 93 1.110
40 94 2.972
40 95 1.834
40 96 1.019
40 97 3.515
40 98 0.114
40 99 0.378
41 42 2.886
41 43 2.802
41 44 0.176
41 45 3.591
41 46 1.657
41 47 3.170
41 48 3.755
41 49 1.491
41 50 3.675
41 51 4.592
41 52 2.131
41 53 4.346
41 54 4.151
41 55 1.259
41 56 2.683
41 57 1.546
41 58 2.962
41 59 0.385
41 60 2.590
41 61 5.396
41 62 4.043
41 63 0.791
41 64 1.369
41 65 3.386
41 66 3.623
41 67 4.412
41 68 2.128
41 69 4.209
41 70 3.599
41 71 2.347
41 72 1.317
41 73 4.119
41 74 3.385
41 75 3.500
41 76 2.466
41 77 3.571
41 78 1.248
41 79 1.682
41 80 4.134
41 81 5.053
41 82 1.353
41 83 3.335
41 84 0.900
41 85 2.185
41 86 2.007
41 87 3.351
41 88 4.862
41 89 1.442
41 90 1.802
41 91 2.473
41 92 2.257
41 93 2.726
41 94 4.593
41 95 0.228
41 96 2.556
41 97 5.244
41 98 1.791
41 99 1.952
42 43 0.693
42 44 2.874
42 45 1.074
42 46 1.302
42 47 0.690
42 48 0.981
42 49 1.414
42 50 0.799
42 51 1.791
42 52 0.764
42 53 1.531
42 54 1.285
42 55 1.715
42 56 0.204
42 57 1.553
42 58 0.080
42 59 2.511
42 60 0.373
42 61 2.510
42 62 1.203
42 63 2.121
42 64 1.532
42 65 0.558
42 66 0.929
42 67 1.562
42 68 0.760
42 69 1.325
42 70 0.886
42 71 0.627
42 72 1.592
42 73 1.256
42 74 0.629
42 75 0.712
42 76 0.964
42 77 0.727
42 78 2.018
42 79 1.229
42 80 1.388
42 81 2.169
42 82 1.539
42 83 0.463
42 84 2.705
42 85 0.807
42 86 1.116
42 87 1.023
42 88 1.986
42 89 1.526
42 90 1.201
42 91 0.420
42 92 0.704
42 93 0.253
42 94 1.769
42 95 3.015
42 96 1.232
42 97 2.406
42 98 1.194
42 99 0.934
43 44 2.749
43 45 0.790
43 46 1.149
43 47 0.382
43 48 1.011
43 49 1.337
43 50 1.094
43 51 1.821
43 52 0.825
43 53 1.593
43 54 1.477
43 55 1.545
43 56 0.695
43 57 1.286
43 58 0.690
43 59 2.417
43 60 0.478
43 61 2.758
43 62 1.335
43 63 2.011
43 64 1.457
43 65 0.770
43 66 0.848
43 67 1.694
43 68 0.861
43 69 1.605
43 70 0.836
43 71 0.548
43 72 1.654
43 73 1.443
43 74 0.690
43 75 0.807
43 76 0.403
43 77 0.932
43 78 1.714
43 79 1.155
43 80 1.351
43 81 2.398
43 82 1.488
43 83 0.828
43 84 2.410
43 85 0.651
43 86 0.802
43 87 0.571
43 88 2.173
43 89 1.360
43 90 1.001
43 91 0.781
43 92 0.620
43 93 0.863
43 94 2.225
43 95 2.884
43 96 0.584
43 97 2.484
43 98 1.013
43 99 1.035
44 45 3.535
44 46 1.615
44 47 3.122
44 48 3.718
44 49 1.465
44 50 3.656
44 51 4.553
44 52 2.113
44 53 4.310
44 54 4.126
44 55 1.205
44 56 2.673
44 57 1.474
44 58 2.948
44 59 0.371
44 60 2.565
44 61 5.382
44 62 4.013
44 63 0.755
44 64 1.344
44 65 3.360
44 66 3.580
44 67 4.383
44 68 2.114
44 69 4.193
44 70 3.558
44 71 2.315
44 72 1.336
44 73 4.094
44 74 3.352
44 75 3.468
44 76 2.399
44 77 3.545
44 78 1.139
44 79 1.654
44 80 4.090
44 81 5.035
44 82 1.335
44 83 3.317
44 84 0.731
44 85 2.147
44 86 1.948
44 87 3.288
44 88 4.838
44 89 1.394
44 90 1.754
44 91 2.467
44 92 2.225
44 93 2.727
44 94 4.602
44 95 0.141
44 96 2.470
44 97 5.208
44 98 1.746
44 99 1.945
45 46 1.938
45 47 0.446
45 48 0.449
45 49 2.124
45 50 0.786
45 51 1.085
45 52 1.568
45 53 0.897
45 54 0.911
45 55 2.333
45 56 1.214
45 57 2.065
45 58 1.011
45 59 3.206
45 60 1.125
45 61 2.116
45 62 0.746
45 63 2.801
45 64 2.245
45 65 0.637
45 66 0.281
45 67 1.037
45 68 1.594
45 69 1.102
45 70 0.320
45 71 1.299
45 72 2.426
45 73 0.882
45 74 0.497
45 75 0.501
45 76 1.147
45 77 0.632
45 78 2.475
45 79 1.940
45 80 0.617
45 81 1.758
45 82 2.274
45 83 0.793
45 84 3.162
45 85 1.430
45 86 1.587
45 87 0.280
45 88 1.515
45 89 2.149
45 90 1.791
45 91 1.393
45 92 1.382
45 93 1.325
45 94 1.833
45 95 3.669
45 96 1.182
45 97 1.745
45 98 1.803
45 99 1.780
46 47 1.513
46 48 2.103
46 49 0.213
46 50 2.057
46 51 2.938
46 52 0.552
46 53 2.695
46 54 2.517
46 55 0.418
46 56 1.113
46 57 0.303
46 58 1.369
46 59 1.273
46 60 0.962
46 61 3.784
46 62 2.400
46 63 0.867
46 64 0.317
46 65 1.751
46 66 1.966
46 67 2.769
46 68 0.573
46 69 2.596
46 70 1.944
46 71 0.705
46 72 0.600
46 73 2.485
46 74 1.737
46 75 1.854
46 76 0.850
46 77 1.937
46 78 0.743
46 79 0.143
46 80 2.477
46 81 3.433
46 82 0.360
46 83 1.721
46 84 1.408
46 85 0.532
46 86 0.386
46 87 1.709
46 88 3.230
46 89 0.226
46 90 0.153
46 91 0.933
46 92 0.616
46 93 1.210
46 94 3.068
46 95 1.753
46 96 1.028
46 97 3.593
46 98 0.136
46 99 0.476
47 48 0.633
47 49 1.691
47 50 0.773
47 51 1.440
47 52 1.122
47 53 1.212
47 54 1.108
47 55 1.917
47 56 0.796
47 57 1.665
47 58 0.644
47 59 2.785
47 60 0.681
47 61 2.385
47 62 0.961
47 63 2.379
47 64 1.813
47 65 0.475
47 66 0.467
47 67 1.315
47 68 1.148
47 69 1.252
47 70 0.455
47 71 0.855
47 72 1.983
47 73 1.075
47 74 0.355
47 75 0.458
47 76 0.778
47 77 0.600
47 78 2.096
47 79 1.504
47 80 0.971
47 81 2.024
47 82 1.840
47 83 0.587
47 84 2.792
47 85 0.994
47 86 1.180
47 87 0.333
47 88 1.796
47 89 1.729
47 90 1.369
47 91 0.959
47 92 0.939
47 93 0.928
47 94 1.912
47 95 3.258
47 96 0.901
47 97 2.103
47 98 1.379
47 99 1.333
48 49 2.265
48 50 0.386
48 51 0.838
48 52 1.646
48 53 0.592
48 54 0.488
48 55 2.516
48 56 1.168
48 57 2.281
48 58 0.903
48 59 3.372
48 60 1.178
48 61 1.754
48 62 0.331
48 63 2.968
48 64 2.387
48 65 0.425
48 66 0.189
48 67 0.683
48 68 1.660
48 69 0.662
48 70 0.181
48 71 1.409
48 72 2.514
48 73 0.456
48 74 0.374
48 75 0.271
48 76 1.411
48 77 0.294
48 78 2.721
48 79 2.074
48 80 0.407
48 81 1.392
48 82 2.408
48 83 0.557
48 84 3.419
48 85 1.572
48 86 1.795
48 87 0.683
48 88 1.163
48 89 2.326
48 90 1.967
48 91 1.379
48 92 1.498
48 93 1.225
48 94 1.385
48 95 3.856
48 96 1.519
48 97 1.490
48 98 1.973
48 99 1.847
49 50 2.191
49 51 3.102
49 52 0.650
49 53 2.855
49 54 2.662
49 55 0.331
49 56 1.216
49 57 0.399
49 58 1.486
49 59 1.109
49 60 1.100
49 61 3.917
49 62 2.552
49 63 0.710
49 64 0.122
49 65 1.896
49 66 2.136
49 67 2.921
49 68 0.656
49 69 2.728
49 70 2.111
49 71 0.856
49 72 0.392
49 73 2.630
49 74 1.894
49 75 2.009
49 76 1.057
49 77 2.082
49 78 0.742
49 79 0.191
49 80 2.647
49 81 3.570
49 82 0.152
49 83 1.852
49 84 1.347
49 85 0.698
49 86 0.597
49 87 1.903
49 88 3.374
49 89 0.197
49 90 0.362
49 91 1.017
49 92 0.766
49 93 1.289
49 94 3.165
49 95 1.605
49 96 1.241
49 97 3.752
49 98 0.340
49 99 0.507
50 51 1.027
50 52 1.545
50 53 0.767
50 54 0.489
50 55 2.474
50 56 1.002
50 57 2.275
50 58 0.720
50 59 3.298
50 60 1.095
50 61 1.728
50 62 0.433
50 63 2.901
50 64 2.312
50 65 0.326
50 66 0.506
50 67 0.771
50 68 1.548
50 69 0.539
50 70 0.465
50 71 1.352
50 72 2.390
50 73 0.460
50 74 0.418
50 75 0.325
50 76 1.490
50 77 0.175
50 78 2.733
50 79 2.002
50 80 0.710
50 81 1.379
50 82 2.324
50 83 0.340
50 84 3.431
50 85 1.531
50 86 1.801
50 87 0.957
50 88 1.189
50 89 2.283
50 90 1.937
50 91 1.218
50 92 1.441
50 93 1.007
50 94 1.140
50 95 3.796
50 96 1.663
50 97 1.613
50 98 1.936
50 99 1.728
51 52 2.483
51 53 0.261
51 54 0.573
51 55 3.349
51 56 1.987
51 57 3.104
51 58 1.711
51 59 4.208
51 60 2.015
51 61 1.093
51 62 0.596
51 63 3.804
51 64 3.225
51 65 1.238
51 66 0.975
51 67 0.312
51 68 2.496
51 69 0.697
51 70 0.995
51 71 2.247
51 72 3.351
51 73 0.591
51 74 1.212
51 75 1.101
51 76 2.208
51 77 1.064
51 78 3.534
51 79 2.912
51 80 0.473
51 81 0.766
51 82 3.246
51 83 1.334
51 84 4.228
51 85 2.408
51 86 2.619
51 87 1.364
51 88 0.524
51 89 3.159
51 90 2.800
51 91 2.202
51 92 2.336
51 93 2.020
51 94 1.270
51 95 4.690
51 96 2.266
51 97 0.664
51 98 2.806
51 99 2.683
52 53 2.230
52 54 2.021
52 55 0.955
52 56 0.567
52 57 0.832
52 58 0.836
52 59 1.753
52 60 0.468
52 61 3.269
52 62 1.918
52 63 1.358
52 64 0.769
52 65 1.259
52 66 1.535
52 67 2.286
52 68 0.049
52 69 2.080
52 70 1.504
52 71 0.277
52 72 0.870
52 73 1.990
52 74 1.272
52 75 1.382
52 76 0.724
52 77 1.443
52 78 1.291
52 79 0.466
52 80 2.040
52 81 2.923
52 82 0.779
52 83 1.205
52 84 1.959
52 85 0.250
52 86 0.512
52 87 1.388
52 88 2.731
52 89 0.770
52 90 0.483
52 91 0.381
52 92 0.215
52 93 0.658
52 94 2.522
52 95 2.253
52 96 1.009
52 97 3.124
52 98 0.467
52 99 0.212
53 54 0.335
53 55 3.108
53 56 1.728
53 57 2.871
53 58 1.451
53 59 3.963
53 60 1.763
53 61 1.222
53 62 0.335
53 63 3.559
53 64 2.978
53 65 0.980
53 66 0.745
53 67 0.174
53 68 2.242
53 69 0.501
53 70 0.759
53 71 1.999
53 72 3.096
53 73 0.346
53 74 0.961
53 75 0.848
53 76 1.988
53 77 0.804
53 78 3.307
53 79 2.665
53 80 0.289
53 81 0.867
53 82 2.997
53 83 1.073
53 84 4.004
53 85 2.164
53 86 2.385
53 87 1.176
53 88 0.621
53 89 2.918
53 90 2.559
53 91 1.943
53 92 2.089
53 93 1.759
53 94 1.174
53 95 4.448
53 96 2.067
53 97 0.898
53 98 2.565
53 99 2.429
54 55 2.934
54 56 1.488
54 57 2.718
54 58 1.205
54 59 3.771
54 60 1.561
54 61 1.283
54 62 0.165
54 63 3.371
54 64 2.783
54 65 0.766
54 66 0.676
54 67 0.286
54 68 2.027
54 69 0.212
54 70 0.668
54 71 1.812
54 72 2.874
54 73 0.033
54 74 0.794
54 75 0.675
54 76 1.879
54 77 0.581
54 78 3.169
54 79 2.472
54 80 0.457
54 81 0.924
54 82 2.798
54 83 0.823
54 84 3.868
54 85 1.986
54 86 2.237
54 87 1.166
54 88 0.713
54 89 2.743
54 90 2.390
54 91 1.705
54 92 1.902
54 93 1.496
54 94 0.953
54 95 4.266
54 96 2.004
54 97 1.125
54 98 2.392
54 99 2.209
55 56 1.522
55 57 0.312
55 58 1.784
55 59 0.876
55 60 1.380
55 61 4.202
55 62 2.816
55 63 0.473
55 64 0.257
55 65 2.169
55 66 2.375
55 67 3.185
55 68 0.969
55 69 3.013
55 70 2.354
55 71 1.123
55 72 0.545
55 73 2.902
55 74 2.152
55 75 2.270
55 76 1.209
55 77 2.354
55 78 0.433
55 79 0.492
55 80 2.885
55 81 3.851
55 82 0.297
55 83 2.138
55 84 1.017
55 85 0.949
55 86 0.747
55 87 2.092
55 88 3.647
55 89 0.192
55 90 0.549
55 91 1.332
55 92 1.034
55 93 1.607
55 94 3.477
55 95 1.341
55 96 1.326
55 97 4.006
55 98 0.544
55 99 0.833
56 57 1.375
56 58 0.283
56 59 2.310
56 60 0.257
56 61 2.713
56 62 1.402
56 63 1.921
56 64 1.333
56 65 0.750
56 66 1.099
56 67 1.764
56 68 0.560
56 69 1.528
56 70 1.059
56 71 0.470
56 72 1.388
56 73 1.458
56 74 0.804
56 75 0.897
56 76 0.884
56 77 0.925
56 78 1.840
56 79 1.033
56 80 1.574
56 81 2.372
56 82 1.339
56 83 0.665
56 84 2.520
56 85 0.641
56 86 0.960
56 87 1.122
56 88 2.190
56 89 1.335
56 90 1.021
56 91 0.217
56 92 0.536
56 93 0.173
56 94 1.956
56 95 2.814
56 96 1.172
56 97 2.607
56 98 1.012
56 99 0.731
57 58 1.615
57 59 1.167
57 60 1.194
57 61 3.996
57 62 2.591
57 63 0.774
57 64 0.423
57 65 1.959
57 66 2.129
57 67 2.958
57 68 0.860
57 69 2.813
57 70 2.112
57 71 0.932
57 72 0.758
57 73 2.685
57 74 1.927
57 75 2.046
57 76 0.925
57 77 2.142
57 78 0.465
57 79 0.441
57 80 2.636
57 81 3.641
57 82 0.479
57 83 1.946
57 84 1.157
57 85 0.750
57 86 0.486
57 87 1.815
57 88 3.429
57 89 0.220
57 90 0.354
57 91 1.211
57 92 0.849
57 93 1.486
57 94 3.322
57 95 1.606
57 96 1.019
57 97 3.766
57 98 0.365
57 99 0.778
58 59 2.586
58 60 0.425
58 61 2.434
58 62 1.122
58 63 2.194
58 64 1.605
58 65 0.479
58 66 0.855
58 67 1.482
58 68 0.835
58 69 1.248
58 70 0.812
58 71 0.684
58 72 1.670
58 73 1.176
58 74 0.555
58 75 0.635
58 76 0.988
58 77 0.647
58 78 2.080
58 79 1.300
58 80 1.310
58 81 2.092
58 82 1.614
58 83 0.383
58 84 2.769
58 85 0.866
58 86 1.170
58 87 0.976
58 88 1.908
58 89 1.594
58 90 1.264
58 91 0.499
58 92 0.765
58 93 0.325
58 94 1.707
58 95 3.089
58 96 1.246
58 97 2.326
58 98 1.259
58 99 1.011
59 60 2.209
59 61 5.021
59 62 3.661
59 63 0.406
59 64 0.987
59 65 3.005
59 66 3.238
59 67 4.031
59 68 1.752
59 69 3.833
59 70 3.215
59 71 1.965
59 72 0.966
59 73 3.739
59 74 3.002
59 75 3.118
59 76 2.084
59 77 3.191
59 78 0.910
59 79 1.300
59 80 3.749
59 81 4.676
59 82 0.974
59 83 2.958
59 84 0.762
59 85 1.801
59 86 1.623
59 87 2.968
59 88 4.482
59 89 1.058
59 90 1.417
59 91 2.101
59 92 1.875
59 93 2.360
59 94 4.233
59 95 0.511
59 96 2.182
59 97 4.861
59 98 1.406
59 99 1.580
60 61 2.822
60 62 1.453
60 63 1.810
60 64 1.222
60 65 0.796
60 66 1.070
60 67 1.822
60 68 0.484
60 69 1.633
60 70 1.038
60 71 0.262
60 72 1.337
60 73 1.530
60 74 0.803
60 75 0.915
60 76 0.626
60 77 0.981
60 78 1.659
60 79 0.910
60 80 1.573
60 81 2.472
60 82 1.238
60 83 0.759
60 84 2.351
60 85 0.444
60 86 0.745
60 87 0.981
60 88 2.274
60 89 1.189
60 90 0.848
60 91 0.304
60 92 0.348
60 93 0.429
60 94 2.131
60 95 2.704
60 96 0.915
60 97 2.657
60 98 0.845
60 99 0.672
61 62 1.425
61 63 4.627
61 64 4.037
61 65 2.038
61 66 1.933
61 67 1.082
61 68 3.269
61 69 1.189
61 70 1.934
61 71 3.080
61 72 4.096
61 73 1.316
61 74 2.077
61 75 1.957
61 76 3.160
61 77 1.854
61 78 4.450
61 79 3.729
61 80 1.509
61 81 0.361
61 82 4.047
61 83 2.066
61 84 5.149
61 85 3.257
61 86 3.517
61 87 2.393
61 88 0.601
61 89 4.011
61 90 3.663
61 91 2.925
61 92 3.168
61 93 2.683
61 94 1.026
61 95 5.522
61 96 3.270
61 97 0.669
61 98 3.663
61 99 3.444
62 63 3.259
62 64 2.674
62 65 0.660
62 66 0.517
62 67 0.370
62 68 1.927
62 69 0.367
62 70 0.512
62 71 1.697
62 72 2.779
62 73 0.137
62 74 0.664
62 75 0.546
62 76 1.736
62 77 0.478
62 78 3.037
62 79 2.361
62 80 0.339
62 81 1.064
62 82 2.691
62 83 0.742
62 84 3.736
62 85 1.868
62 86 2.107
62 87 1.003
62 88 0.840
62 89 2.625
62 90 2.269
62 91 1.618
62 92 1.787
62 93 1.427
62 94 1.110
62 95 4.152
62 96 1.851
62 97 1.207
62 98 2.273
62 99 2.112
63 64 0.589
63 65 2.605
63 66 2.833
63 67 3.629
63 68 1.361
63 69 3.438
63 70 2.810
63 71 1.562
63 72 0.639
63 73 3.339
63 74 2.599
63 75 2.715
63 76 1.682
63 77 2.791
63 78 0.613
63 79 0.899
63 80 3.344
63 81 4.280
63 82 0.582
63 83 2.562
63 84 0.811
63 85 1.396
63 86 1.219
63 87 2.563
63 88 4.084
63 89 0.652
63 90 1.011
63 91 1.716
63 92 1.472
63 93 1.981
63 94 3.858
63 95 0.895
63 96 1.793
63 97 4.457
63 98 1.000
63 99 1.196
64 65 2.018
64 66 2.258
64 67 3.043
64 68 0.773
64 69 2.848
64 70 2.233
64 71 0.979
64 72 0.335
64 73 2.752
64 74 2.016
64 75 2.131
64 76 1.167
64 77 2.203
64 78 0.687
64 79 0.313
64 80 2.769
64 81 3.691
64 82 0.056
64 83 1.973
64 84 1.255
64 85 0.820
64 86 0.702
64 87 2.021
64 88 3.495
64 89 0.203
64 90 0.471
64 91 1.131
64 92 0.889
64 93 1.400
64 94 3.278
64 95 1.485
64 96 1.338
64 97 3.875
64 98 0.451
64 99 0.615
65 66 0.411
65 67 1.028
65 68 1.267
65 69 0.856
65 70 0.362
65 71 1.046
65 72 2.119
65 73 0.734
65 74 0.146
65 75 0.164
65 76 1.164
65 77 0.186
65 78 2.414
65 79 1.706
65 80 0.831
65 81 1.683
65 82 2.034
65 83 0.157
65 84 3.113
65 85 1.221
65 86 1.482
65 87 0.723
65 88 1.479
65 89 1.977
65 90 1.626
65 91 0.964
65 92 1.136
65 93 0.800
65 94 1.456
65 95 3.499
65 96 1.345
65 97 1.867
65 98 1.627
65 99 1.452
66 67 0.855
66 68 1.553
66 69 0.850
66 70 0.049
66 71 1.284
66 72 2.405
66 73 0.645
66 74 0.300
66 75 0.252
66 76 1.243
66 77 0.361
66 78 2.562
66 79 1.947
66 80 0.511
66 81 1.572
66 82 2.282
66 83 0.565
66 84 3.259
66 85 1.439
66 86 1.644
66 87 0.495
66 88 1.338
66 89 2.186
66 90 1.826
66 91 1.300
66 92 1.373
66 93 1.180
66 94 1.567
66 95 3.717
66 96 1.337
66 97 1.636
66 98 1.834
66 99 1.742
67 68 2.295
67 69 0.386
67 70 0.860
67 71 2.067
67 72 3.145
67 73 0.312
67 74 1.033
67 75 0.915
67 76 2.093
67 77 0.844
67 78 3.402
67 79 2.731
67 80 0.451
67 81 0.722
67 82 3.060
67 83 1.100
67 84 4.100
67 85 2.237
67 86 2.474
67 87 1.312
67 88 0.484
67 89 2.994
67 90 2.638
67 91 1.980
67 92 2.157
67 93 1.778
67 94 1.009
67 95 4.522
67 96 2.190
67 97 0.844
67 98 2.642
67 99 2.479
68 69 2.081
68 70 1.522
68 71 0.314
68 72 0.855
68 73 1.996
68 74 1.286
68 75 1.395
68 76 0.771
68 77 1.451
68 78 1.315
68 79 0.477
68 80 2.057
68 81 2.925
68 82 0.779
68 83 1.208
68 84 1.978
68 85 0.299
68 86 0.557
68 87 1.421
68 88 2.736
68 89 0.786
68 90 0.515
68 91 0.364
68 92 0.258
68 93 0.639
68 94 2.510
68 95 2.255
68 96 1.058
68 97 3.134
68 98 0.497
68 99 0.188
69 70 0.834
69 71 1.891
69 72 2.915
69 73 0.232
69 74 0.915
69 75 0.799
69 76 2.006
69 77 0.677
69 78 3.270
69 79 2.540
69 80 0.667
69 81 0.844
69 82 2.859
69 83 0.876
69 84 3.968
69 85 2.070
69 86 2.337
69 87 1.346
69 88 0.674
69 89 2.822
69 90 2.476
69 91 1.742
69 92 1.980
69 93 1.512
69 94 0.743
69 95 4.333
69 96 2.153
69 97 1.149
69 98 2.475
69 99 2.258
70 71 1.257
70 72 2.374
70 73 0.635
70 74 0.257
70 75 0.203
70 76 1.233
70 77 0.315
70 78 2.549
70 79 1.921
70 80 0.537
70 81 1.573
70 82 2.256
70 83 0.516
70 84 3.246
70 85 1.415
70 86 1.627
70 87 0.517
70 88 1.342
70 89 2.164
70 90 1.805
70 91 1.262
70 92 1.346
70 93 1.137
70 94 1.542
70 95 3.695
70 96 1.339
70 97 1.654
70 98 1.812
70 99 1.710
71 72 1.128
71 73 1.780
71 74 1.038
71 75 1.153
71 76 0.503
71 77 1.232
71 78 1.396
71 79 0.666
71 80 1.794
71 81 2.728
71 82 0.999
71 83 1.019
71 84 2.088
71 85 0.182
71 86 0.492
71 87 1.112
71 88 2.525
71 89 0.931
71 90 0.586
71 91 0.384
71 92 0.090
71 93 0.618
71 94 2.392
71 95 2.454
71 96 0.802
71 97 2.896
71 98 0.584
71 99 0.488
72 73 2.843
72 74 2.140
72 75 2.249
72 76 1.418
72 77 2.302
72 78 0.967
72 79 0.522
72 80 2.910
72 81 3.759
72 82 0.280
72 83 2.051
72 84 1.424
72 85 1.003
72 86 0.973
72 87 2.225
72 88 3.578
72 89 0.538
72 90 0.741
72 91 1.173
72 92 1.044
72 93 1.415
72 94 3.276
72 95 1.475
72 96 1.623
72 97 3.986
72 98 0.714
72 99 0.668
73 74 0.761
73 75 0.642
73 76 1.846
73 77 0.548
73 78 3.136
73 79 2.440
73 80 0.445
73 81 0.957
73 82 2.766
73 83 0.793
73 84 3.835
73 85 1.953
73 86 2.204
73 87 1.136
73 88 0.745
73 89 2.710
73 90 2.357
73 91 1.675
73 92 1.870
73 93 1.468
73 94 0.975
73 95 4.233
73 96 1.971
73 97 1.153
73 98 2.360
73 99 2.178
74 75 0.119
74 76 1.092
74 77 0.247
74 78 2.375
74 79 1.704
74 80 0.775
74 81 1.718
74 82 2.036
74 83 0.298
74 84 3.074
74 85 1.205
74 86 1.444
74 87 0.578
74 88 1.502
74 89 1.961
74 90 1.605
74 91 1.010
74 92 1.128
74 93 0.880
74 94 1.558
74 95 3.490
74 96 1.248
74 97 1.858
74 98 1.609
74 99 1.473
75 76 1.209
75 77 0.150
75 78 2.494
75 79 1.818
75 80 0.677
75 81 1.599
75 82 2.150
75 83 0.314
75 84 3.194
75 85 1.322
75 86 1.563
75 87 0.636
75 88 1.383
75 89 2.079
75 90 1.723
75 91 1.108
75 92 1.243
75 93 0.958
75 94 1.457
75 95 3.607
75 96 1.358
75 97 1.744
75 98 1.727
75 99 1.581
76 77 1.332
76 78 1.329
76 79 0.897
76 80 1.736
76 81 2.800
76 82 1.208
76 83 1.205
76 84 2.020
76 85 0.480
76 86 0.468
76 87 0.890
76 88 2.574
76 89 1.036
76 90 0.697
76 91 0.870
76 92 0.519
76 93 1.054
76 94 2.612
76 95 2.531
76 96 0.300
76 97 2.872
76 98 0.717
76 99 0.898
77 78 2.596
77 79 1.892
77 80 0.682
77 81 1.499
77 82 2.219
77 83 0.275
77 84 3.295
77 85 1.406
77 86 1.663
77 87 0.785
77 88 1.293
77 89 2.163
77 90 1.811
77 91 1.141
77 92 1.321
77 93 0.959
77 94 1.312
77 95 3.685
77 96 1.495
77 97 1.685
77 98 1.813
77 99 1.635
78 79 0.862
78 80 3.063
78 81 4.092
78 82 0.729
78 83 2.408
78 84 0.699
78 85 1.215
78 86 0.933
78 87 2.213
78 88 3.876
78 89 0.554
78 90 0.819
78 91 1.671
78 92 1.314
78 93 1.948
78 94 3.787
78 95 1.255
78 96 1.351
78 97 4.198
78 98 0.828
78 99 1.212
79 80 2.458
79 81 3.381
79 82 0.336
79 83 1.664
79 84 1.505
79 85 0.510
79 86 0.456
79 87 1.724
79 88 3.184
79 89 0.314
79 90 0.232
79 91 0.841
79 92 0.576
79 93 1.115
79 94 2.986
79 95 1.794
79 96 1.106
79 97 3.562
79 98 0.202
79 99 0.350
80 81 1.157
80 82 2.793
80 83 0.955
80 84 3.756
80 85 1.950
80 86 2.151
80 87 0.897
80 88 0.910
80 89 2.696
80 90 2.336
80 91 1.784
80 92 1.883
80 93 1.631
80 94 1.397
80 95 4.227
80 96 1.796
80 97 1.137
80 98 2.344
80 99 2.245
81 82 3.702
81 83 1.718
81 84 4.792
81 85 2.904
81 86 3.160
81 87 2.034
81 88 0.248
81 89 3.659
81 90 3.309
81 91 2.586
81 92 2.817
81 93 2.352
81 94 0.857
81 95 5.175
81 96 2.909
81 97 0.552
81 98 3.310
81 99 3.102
82 83 1.984
82 84 1.276
82 85 0.846
82 86 0.745
82 87 2.055
82 88 3.509
82 89 0.258
82 90 0.512
82 91 1.134
82 92 0.910
82 93 1.400
82 94 3.277
82 95 1.476
82 96 1.385
82 97 3.894
82 98 0.490
82 99 0.614
83 84 3.104
83 85 1.199
83 86 1.479
83 87 0.864
83 88 1.528
83 89 1.947
83 90 1.604
83 91 0.881
83 92 1.106
83 93 0.686
83 94 1.410
83 95 3.457
83 96 1.411
83 97 1.944
83 98 1.603
83 99 1.388
84 85 1.907
84 86 1.632
84 87 2.895
84 88 4.575
84 89 1.192
84 90 1.504
84 91 2.340
84 92 2.004
84 93 2.617
84 94 4.474
84 95 0.785
84 96 2.011
84 97 4.892
84 98 1.510
84 99 1.850
85 86 0.321
85 87 1.222
85 88 2.699
85 89 0.757
85 90 0.406
85 91 0.520
85 92 0.105
85 93 0.778
85 94 2.573
85 95 2.285
85 96 0.760
85 97 3.061
85 98 0.406
85 99 0.420
86 87 1.345
86 88 2.946
86 89 0.569
86 90 0.234
86 91 0.839
86 92 0.426
86 93 1.099
86 94 2.873
86 95 2.082
86 96 0.650
86 97 3.280
86 98 0.259
86 99 0.589
87 88 1.792
87 89 1.912
87 90 1.558
87 91 1.273
87 92 1.188
87 93 1.260
87 94 2.059
87 95 3.421
87 96 0.904
87 97 2.023
87 98 1.573
87 99 1.600
88 89 3.456
88 90 3.102
88 91 2.406
88 92 2.615
88 93 2.183
88 94 0.901
88 95 4.978
88 96 2.674
88 97 0.516
88 98 3.105
88 99 2.916
89 90 0.360
89 91 1.149
89 92 0.843
89 93 1.425
89 94 3.291
89 95 1.531
89 96 1.176
89 97 3.816
89 98 0.353
89 99 0.664
90 91 0.859
90 92 0.500
90 93 1.134
90 94 2.970
90 95 1.891
90 96 0.882
90 97 3.457
90 98 0.031
90 99 0.469
91 92 0.419
91 93 0.277
91 94 2.147
91 95 2.608
91 96 1.169
91 97 2.824
91 98 0.845
91 99 0.522
92 93 0.673
92 94 2.473
92 95 2.365
92 96 0.812
92 97 2.986
92 98 0.497
92 99 0.417
93 94 1.878
93 95 2.868
93 96 1.344
93 97 2.621
93 98 1.121
93 99 0.786
94 95 4.743
94 96 2.801
94 97 1.390
94 98 2.964
94 99 2.664
95 96 2.595
95 97 5.346
95 98 1.884
95 99 2.086
96 97 2.926
96 98 0.909
96 99 1.168
97 98 3.463
97 99 3.319
98 99 0.443
