nodei nodej distance
0 1 1.923
0 2 1.888
0 3 0.903
0 4 2.493
0 5 0.370
0 6 0.950
0 7 2.163
0 8 0.561
0 9 1.789
0 10 1.185
0 11 0.988
0 12 1.253
0 13 1.601
0 14 0.946
0 15 0.492
0 16 1.100
0 17 1.402
0 18 3.052
0 19 1.371
0 20 0.644
0 21 1.420
0 22 1.261
0 23 0.926
0 24 1.040
0 25 2.203
0 26 2.840
0 27 2.191
0 28 2.002
0 29 1.216
0 30 2.384
0 31 1.312
0 32 4.714
0 33 1.566
0 34 1.130
0 35 2.716
0 36 1.212
0 37 0.810
0 38 1.419
0 39 3.601
0 40 0.488
0 41 0.968
0 42 0.306
0 43 2.733
0 44 1.627
0 45 1.488
0 46 1.643
0 47 0.955
0 48 0.909
0 49 0.606
0 50 0.222
0 51 3.511
0 52 0.788
0 53 0.353
0 54 1.219
0 55 1.503
0 56 1.279
0 57 0.537
0 58 0.642
0 59 1.292
0 60 1.619
0 61 3.110
0 62 0.838
0 63 0.628
0 64 0.411
0 65 1.031
0 66 1.173
0 67 1.945
0 68 1.714
0 69 1.124
0 70 1.196
0 71 1.445
0 72 0.889
0 73 1.926
0 74 0.277
0 75 1.176
0 76 1.252
0 77 1.277
0 78 0.895
0 79 0.508
0 80 2.445
0 81 1.473
0 82 0.303
0 83 1.288
0 84 0.622
0 85 1.534
0 86 2.418
0 87 0.888
0 88 0.323
0 89 1.465
0 90 1.436
0 91 1.281
0 92 0.978
0 93 2.654
0 94 0.675
0 95 1.328
0 96 1.940
0 97 0.597
0 98 1.158
0 99 1.702
1 2 2.438
1 3 2.822
1 4 1.092
1 5 2.078
1 6 1.087
1 7 0.349
1 8 2.217
1 9 0.158
1 10 0.849
1 11 2.834
1 12 0.711
1 13 0.925
1 14 1.309
1 15 2.150
1 16 0.825
1 17 1.878
1 18 2.114
1 19 1.839
1 20 2.558
1 21 1.025
1 22 0.746
1 23 1.014
1 24 2.963
1 25 0.663
1 26 1.157
1 27 0.746
1 28 2.120
1 29 2.187
1 30 2.019
1 31 1.204
1 32 3.842
1 33 0.666
1 34 3.048
1 35 4.174
1 36 1.481
1 37 2.080
1 38 1.129
1 39 2.700
1 40 2.283
1 41 2.105
1 42 2.041
1 43 1.748
1 44 0.634
1 45 2.252
1 46 2.042
1 47 0.974
1 48 1.020
1 49 1.323
1 50 1.721
1 51 2.589
1 52 2.114
1 53 2.275
1 54 2.190
1 55 3.277
1 56 2.166
1 57 1.824
1 58 2.515
1 59 1.142
1 60 1.445
1 61 1.994
1 62 2.722
1 63 2.203
1 64 1.571
1 65 0.922
1 66 1.221
1 67 1.135
1 68 2.131
1 69 1.421
1 70 1.657
1 71 1.973
1 72 1.483
1 73 0.770
1 74 1.785
1 75 0.750
1 76 1.472
1 77 0.658
1 78 1.402
1 79 1.490
1 80 1.145
1 81 2.933
1 82 2.212
1 83 1.326
1 84 1.645
1 85 1.127
1 86 1.380
1 87 2.458
1 88 1.647
1 89 0.469
1 90 3.339
1 91 0.940
1 92 1.618
1 93 1.545
1 94 2.532
1 95 1.046
1 96 0.290
1 97 1.566
1 98 0.801
1 99 0.705
2 3 2.310
2 4 3.474
2 5 1.579
2 6 2.259
2 7 2.787
2 8 2.436
2 9 2.417
2 10 2.324
2 11 2.617
2 12 2.236
2 13 1.522
2 14 2.468
2 15 2.373
2 16 1.967
2 17 0.608
2 18 4.373
2 19 0.651
2 20 1.989
2 21 2.737
2 22 1.812
2 23 1.823
2 24 2.300
2 25 3.056
2 26 3.594
2 27 3.109
2 28 0.494
2 29 0.688
2 30 3.939
2 31 1.253
2 32 6.131
2 33 2.618
2 34 2.476
2 35 4.481
2 36 1.018
2 37 2.688
2 38 2.802
2 39 4.970
2 40 1.643
2 41 0.935
2 42 1.627
2 43 4.005
2 44 2.654
2 45 0.404
2 46 3.403
2 47 1.881
2 48 1.867
2 49 1.945
2 50 1.948
2 51 4.864
2 52 1.135
2 53 1.957
2 54 3.080
2 55 3.132
2 56 0.614
2 57 1.358
2 58 2.329
2 59 1.322
2 60 1.010
2 61 4.325
2 62 1.919
2 63 1.371
2 64 2.047
2 65 1.816
2 66 2.635
2 67 3.209
2 68 0.307
2 69 1.116
2 70 2.893
2 71 0.520
2 72 1.223
2 73 2.977
2 74 2.096
2 75 1.985
2 76 1.011
2 77 1.986
2 78 1.290
2 79 1.628
2 80 3.493
2 81 1.197
2 82 1.867
2 83 1.138
2 84 1.349
2 85 2.899
2 86 3.629
2 87 2.750
2 88 2.013
2 89 2.093
2 90 2.783
2 91 1.543
2 92 1.051
2 93 3.844
2 94 1.784
2 95 1.411
2 96 2.663
2 97 2.286
2 98 1.855
2 99 2.770
3 4 3.303
3 5 0.890
3 6 1.803
3 7 3.049
3 8 0.783
3 9 2.685
3 10 2.051
3 11 0.369
3 12 2.138
3 13 2.459
3 14 1.716
3 15 0.808
3 16 2.001
3 17 2.004
3 18 3.705
3 19 1.987
3 20 0.342
3 21 2.207
3 22 2.160
3 23 1.828
3 24 0.181
3 25 3.056
3 26 3.687
3 27 3.032
3 28 2.581
3 29 1.644
3 30 2.934
3 31 2.131
3 32 5.250
3 33 2.416
3 34 0.229
3 35 2.197
3 36 1.960
3 37 1.155
3 38 2.178
3 39 4.203
3 40 0.724
3 41 1.424
3 42 0.887
3 43 3.427
3 44 2.479
3 45 1.922
3 46 2.067
3 47 1.857
3 48 1.811
3 49 1.500
3 50 1.102
3 51 4.126
3 52 1.230
3 53 0.559
3 54 1.502
3 55 0.827
3 56 1.728
3 57 1.227
3 58 0.374
3 59 2.125
3 60 2.373
3 61 3.810
3 62 0.410
3 63 0.982
3 64 1.265
3 65 1.932
3 66 1.932
3 67 2.700
3 68 2.242
3 69 1.898
3 70 1.780
3 71 2.009
3 72 1.672
3 73 2.751
3 74 1.060
3 75 2.078
3 76 2.001
3 77 2.180
3 78 1.706
3 79 1.388
3 80 3.239
3 81 1.394
3 82 0.640
3 83 2.078
3 84 1.392
3 85 2.287
3 86 3.158
3 87 0.855
3 88 1.183
3 89 2.367
3 90 0.550
3 91 2.153
3 92 1.696
3 93 3.388
3 94 0.528
3 95 2.179
3 96 2.823
3 97 1.356
3 98 2.059
3 99 2.538
4 5 2.765
4 6 1.546
4 7 0.777
4 8 2.558
4 9 1.069
4 10 1.333
4 11 3.194
4 12 1.331
4 13 1.998
4 14 1.587
4 15 2.513
4 16 1.589
4 17 2.886
4 18 1.058
4 19 2.844
4 20 3.123
4 21 1.097
4 22 1.673
4 23 1.782
4 24 3.472
4 25 0.429
4 26 0.482
4 27 0.365
4 28 3.194
4 29 3.121
4 30 1.271
4 31 2.221
4 32 2.753
4 33 0.950
4 34 3.506
4 35 4.076
4 36 2.472
4 37 2.272
4 38 1.134
4 39 1.623
4 40 2.950
4 41 2.986
4 42 2.712
4 43 0.720
4 44 0.894
4 45 3.239
4 46 1.761
4 47 1.723
4 48 1.759
4 49 1.925
4 50 2.271
4 51 1.512
4 52 2.940
4 53 2.827
4 54 2.175
4 55 3.517
4 56 3.118
4 57 2.605
4 58 2.942
4 59 2.153
4 60 2.512
4 61 0.906
4 62 3.330
4 63 2.957
4 64 2.083
4 65 1.738
4 66 1.375
4 67 0.660
4 68 3.170
4 69 2.391
4 70 1.648
4 71 2.981
4 72 2.382
4 73 0.570
4 74 2.263
4 75 1.543
4 76 2.473
4 77 1.511
4 78 2.299
4 79 2.215
4 80 0.124
4 81 3.780
4 82 2.795
4 83 2.338
4 84 2.455
4 85 1.035
4 86 0.443
4 87 2.683
4 88 2.171
4 89 1.383
4 90 3.740
4 91 1.932
4 92 2.544
4 93 0.498
4 94 3.166
4 95 2.063
4 96 0.824
4 97 1.949
4 98 1.658
4 99 0.800
5 6 1.224
5 7 2.353
5 8 0.865
5 9 1.960
5 10 1.434
5 11 1.103
5 12 1.467
5 13 1.587
5 14 1.273
5 15 0.809
5 16 1.262
5 17 1.159
5 18 3.386
5 19 1.136
5 20 0.555
5 21 1.724
5 22 1.357
5 23 1.066
5 24 0.972
5 25 2.442
5 26 3.078
5 27 2.443
5 28 1.757
5 29 0.893
5 30 2.742
5 31 1.246
5 32 5.067
5 33 1.819
5 34 1.110
5 35 2.933
5 36 1.072
5 37 1.166
5 38 1.736
5 39 3.945
5 40 0.206
5 41 0.643
5 42 0.065
5 43 3.057
5 44 1.878
5 45 1.175
5 46 2.014
5 47 1.111
5 48 1.066
5 49 0.840
5 50 0.546
5 51 3.853
5 52 0.447
5 53 0.394
5 54 1.579
5 55 1.635
5 56 0.965
5 57 0.337
5 58 0.777
5 59 1.245
5 60 1.485
5 61 3.429
5 62 0.659
5 63 0.258
5 64 0.728
5 65 1.156
5 66 1.498
5 67 2.255
5 68 1.441
5 69 1.009
5 70 1.561
5 71 1.184
5 72 0.785
5 73 2.195
5 74 0.643
5 75 1.333
5 76 1.113
5 77 1.420
5 78 0.825
5 79 0.588
5 80 2.727
5 81 1.109
5 82 0.298
5 83 1.189
5 84 0.509
5 85 1.851
5 86 2.728
5 87 1.173
5 88 0.649
5 89 1.609
5 90 1.438
5 91 1.299
5 92 0.808
5 93 2.965
5 94 0.462
5 95 1.306
5 96 2.141
5 97 0.947
5 98 1.279
5 99 1.966
6 7 1.259
6 8 1.138
6 9 0.933
6 10 0.251
6 11 1.767
6 12 0.377
6 13 1.218
6 14 0.280
6 15 1.074
6 16 0.431
6 17 1.657
6 18 2.205
6 19 1.614
6 20 1.589
6 21 0.516
6 22 0.701
6 23 0.463
6 24 1.962
6 25 1.257
6 26 1.892
6 27 1.241
6 28 2.156
6 29 1.736
6 30 1.681
6 31 1.155
6 32 3.933
6 33 0.617
6 34 2.020
6 35 3.125
6 36 1.275
6 37 1.002
6 38 0.557
6 39 2.785
6 40 1.404
6 41 1.548
6 42 1.169
6 43 1.858
6 44 0.679
6 45 1.928
6 46 1.241
6 47 0.417
6 48 0.413
6 49 0.390
6 50 0.728
6 51 2.686
6 52 1.457
6 53 1.293
6 54 1.181
6 55 2.193
6 56 1.759
6 57 1.109
6 58 1.466
6 59 1.093
6 60 1.538
6 61 2.222
6 62 1.788
6 63 1.432
6 64 0.545
6 65 0.522
6 66 0.379
6 67 1.045
6 68 1.991
6 69 1.166
6 70 0.738
6 71 1.740
6 72 1.038
6 73 0.978
6 74 0.743
6 75 0.484
6 76 1.297
6 77 0.583
6 78 0.969
6 79 0.717
6 80 1.504
6 81 2.281
6 82 1.253
6 83 1.222
6 84 0.997
6 85 0.665
6 86 1.514
6 87 1.371
6 88 0.632
6 89 0.713
6 90 2.291
6 91 0.923
6 92 1.213
6 93 1.750
6 94 1.621
6 95 1.054
6 96 1.030
6 97 0.482
6 98 0.578
6 99 0.752
7 8 2.393
7 9 0.405
7 10 1.008
7 11 3.026
7 12 0.911
7 13 1.273
7 14 1.432
7 15 2.332
7 16 1.092
7 17 2.225
7 18 1.826
7 19 2.185
7 20 2.806
7 21 1.045
7 22 1.066
7 23 1.290
7 24 3.199
7 25 0.370
7 26 0.809
7 27 0.471
7 28 2.465
7 29 2.523
7 30 1.844
7 31 1.550
7 32 3.529
7 33 0.702
7 34 3.270
7 35 4.241
7 36 1.825
7 37 2.207
7 38 1.139
7 39 2.400
7 40 2.555
7 41 2.430
7 42 2.312
7 43 1.471
7 44 0.647
7 45 2.597
7 46 2.016
7 47 1.243
7 48 1.287
7 49 1.557
7 50 1.950
7 51 2.289
7 52 2.426
7 53 2.515
7 54 2.254
7 55 3.439
7 56 2.505
7 57 2.122
7 58 2.722
7 59 1.487
7 60 1.793
7 61 1.683
7 62 2.983
7 63 2.498
7 64 1.784
7 65 1.211
7 66 1.293
7 67 0.982
7 68 2.480
7 69 1.760
7 70 1.703
7 71 2.320
7 72 1.807
7 73 0.614
7 74 1.993
7 75 1.023
7 76 1.817
7 77 0.948
7 78 1.725
7 79 1.767
7 80 0.850
7 81 3.255
7 82 2.460
7 83 1.672
7 84 1.949
7 85 1.102
7 86 1.122
7 87 2.603
7 88 1.866
7 89 0.771
7 90 3.548
7 91 1.280
7 92 1.950
7 93 1.257
7 94 2.798
7 95 1.391
7 96 0.229
7 97 1.737
7 98 1.100
7 99 0.662
8 9 2.067
8 10 1.387
8 11 0.640
8 12 1.507
8 13 2.079
8 14 0.986
8 15 0.077
8 16 1.443
8 17 1.963
8 18 2.923
8 19 1.932
8 20 0.747
8 21 1.466
8 22 1.663
8 23 1.316
8 24 0.963
8 25 2.348
8 26 2.965
8 27 2.311
8 28 2.563
8 29 1.754
8 30 2.159
8 31 1.830
8 32 4.485
8 33 1.719
8 34 0.960
8 35 2.172
8 36 1.760
8 37 0.386
8 38 1.424
8 39 3.424
8 40 0.873
8 41 1.504
8 42 0.811
8 43 2.646
8 44 1.781
8 45 2.033
8 46 1.312
8 47 1.324
8 48 1.282
8 49 0.945
8 50 0.610
8 51 3.346
8 52 1.312
8 53 0.549
8 54 0.781
8 55 1.063
8 56 1.823
8 57 1.097
8 58 0.409
8 59 1.799
8 60 2.160
8 61 3.028
8 62 0.978
8 63 1.106
8 64 0.678
8 65 1.424
8 66 1.184
8 67 1.935
8 68 2.272
8 69 1.667
8 70 0.997
8 71 2.005
8 72 1.435
8 73 2.022
8 74 0.478
8 75 1.519
8 76 1.799
8 77 1.628
8 78 1.429
8 79 1.011
8 80 2.485
8 81 1.861
8 82 0.610
8 83 1.821
8 84 1.178
8 85 1.528
8 86 2.386
8 87 0.328
8 88 0.628
8 89 1.799
8 90 1.183
8 91 1.749
8 92 1.536
8 93 2.613
8 94 0.914
8 95 1.821
8 96 2.165
8 97 0.657
8 98 1.542
8 99 1.824
9 10 0.692
9 11 2.688
9 12 0.560
9 13 0.930
9 14 1.151
9 15 2.001
9 16 0.699
9 17 1.841
9 18 2.058
9 19 1.800
9 20 2.428
9 21 0.873
9 22 0.662
9 23 0.894
9 24 2.829
9 25 0.642
9 26 1.200
9 27 0.708
9 28 2.125
9 29 2.123
9 30 1.908
9 31 1.168
9 32 3.801
9 33 0.517
9 34 2.909
9 35 4.016
9 36 1.434
9 37 1.924
9 38 0.978
9 39 2.650
9 40 2.163
9 41 2.025
9 42 1.921
9 43 1.688
9 44 0.491
9 45 2.208
9 46 1.892
9 47 0.850
9 48 0.895
9 49 1.185
9 50 1.582
9 51 2.540
9 52 2.022
9 53 2.142
9 54 2.032
9 55 3.126
9 56 2.108
9 57 1.720
9 58 2.372
9 59 1.102
9 60 1.443
9 61 1.957
9 62 2.597
9 63 2.097
9 64 1.428
9 65 0.810
9 66 1.063
9 67 1.026
9 68 2.111
9 69 1.365
9 70 1.500
9 71 1.936
9 72 1.403
9 73 0.675
9 74 1.641
9 75 0.627
9 76 1.429
9 77 0.545
9 78 1.321
9 79 1.372
9 80 1.107
9 81 2.850
9 82 2.081
9 83 1.288
9 84 1.545
9 85 0.983
9 86 1.313
9 87 2.303
9 88 1.505
9 89 0.366
9 90 3.197
9 91 0.888
9 92 1.548
9 93 1.494
9 94 2.410
9 95 1.008
9 96 0.247
9 97 1.414
9 98 0.696
9 99 0.575
10 11 2.018
10 12 0.166
10 13 1.125
10 14 0.465
10 15 1.324
10 16 0.369
10 17 1.716
10 18 2.071
10 19 1.673
10 20 1.828
10 21 0.418
10 22 0.610
10 23 0.504
10 24 2.207
10 25 1.018
10 26 1.655
10 27 1.011
10 28 2.167
10 29 1.855
10 30 1.635
10 31 1.142
10 32 3.820
10 33 0.385
10 34 2.269
10 35 3.337
10 36 1.312
10 37 1.232
10 38 0.500
10 39 2.662
10 40 1.623
10 41 1.689
10 42 1.382
10 43 1.712
10 44 0.445
10 45 2.021
10 46 1.334
10 47 0.445
10 48 0.466
10 49 0.595
10 50 0.965
10 51 2.559
10 52 1.621
10 53 1.533
10 54 1.367
10 55 2.439
10 56 1.868
10 57 1.279
10 58 1.716
10 59 1.074
10 60 1.515
10 61 2.062
10 62 2.022
10 63 1.625
10 64 0.788
10 65 0.511
10 66 0.438
10 67 0.898
10 68 2.040
10 69 1.209
10 70 0.869
10 71 1.805
10 72 1.127
10 73 0.764
10 74 0.991
10 75 0.382
10 76 1.327
10 77 0.449
10 78 1.049
10 79 0.886
10 80 1.302
10 81 2.457
10 82 1.488
10 83 1.229
10 84 1.143
10 85 0.582
10 86 1.350
10 87 1.612
10 88 0.873
10 89 0.525
10 90 2.541
10 91 0.873
10 92 1.301
10 93 1.582
10 94 1.848
10 95 1.015
10 96 0.780
10 97 0.730
10 98 0.509
10 99 0.533
11 12 2.129
11 13 2.589
11 14 1.626
11 15 0.696
11 16 2.035
11 17 2.258
11 18 3.499
11 19 2.237
11 20 0.632
11 21 2.104
11 22 2.229
11 23 1.885
11 24 0.508
11 25 2.988
11 26 3.605
11 27 2.951
11 28 2.850
11 29 1.937
11 30 2.697
11 31 2.291
11 32 4.984
11 33 2.357
11 34 0.406
11 35 1.865
11 36 2.158
11 37 0.947
11 38 2.059
11 39 3.969
11 40 0.982
11 41 1.703
11 42 1.080
11 43 3.244
11 44 2.420
11 45 2.220
11 46 1.809
11 47 1.903
11 48 1.858
11 49 1.526
11 50 1.141
11 51 3.898
11 52 1.502
11 53 0.714
11 54 1.231
11 55 0.532
11 56 2.019
11 57 1.426
11 58 0.346
11 59 2.275
11 60 2.572
11 61 3.624
11 62 0.768
11 63 1.255
11 64 1.266
11 65 1.993
11 66 1.823
11 67 2.563
11 68 2.522
11 69 2.082
11 70 1.595
11 71 2.275
11 72 1.848
11 73 2.662
11 74 1.052
11 75 2.113
11 76 2.199
11 77 2.220
11 78 1.867
11 79 1.496
11 80 3.118
11 81 1.758
11 82 0.811
11 83 2.256
11 84 1.567
11 85 2.161
11 86 3.004
11 87 0.573
11 88 1.197
11 89 2.399
11 90 0.549
11 91 2.268
11 92 1.902
11 93 3.227
11 94 0.845
11 95 2.315
11 96 2.797
11 97 1.290
11 98 2.117
11 99 2.464
12 13 0.974
12 14 0.623
12 15 1.441
12 16 0.272
12 17 1.630
12 18 2.139
12 19 1.586
12 20 1.897
12 21 0.546
12 22 0.470
12 23 0.452
12 24 2.288
12 25 0.978
12 26 1.611
12 27 0.988
12 28 2.052
12 29 1.806
12 30 1.757
12 31 1.024
12 32 3.896
12 33 0.393
12 34 2.360
12 35 3.494
12 36 1.219
12 37 1.377
12 38 0.639
12 39 2.735
12 40 1.663
12 41 1.658
12 42 1.420
12 43 1.774
12 44 0.441
12 45 1.952
12 46 1.498
12 47 0.393
12 48 0.428
12 49 0.648
12 50 1.039
12 51 2.630
12 52 1.609
12 53 1.605
12 54 1.529
12 55 2.566
12 56 1.812
12 57 1.277
12 58 1.816
12 59 0.954
12 60 1.388
12 61 2.109
12 62 2.080
12 63 1.638
12 64 0.874
12 65 0.425
12 66 0.603
12 67 0.973
12 68 1.946
12 69 1.121
12 70 1.035
12 71 1.722
12 72 1.068
12 73 0.776
12 74 1.085
12 75 0.255
12 76 1.230
12 77 0.297
12 78 0.986
12 79 0.894
12 80 1.316
12 81 2.449
12 82 1.552
12 83 1.120
12 84 1.124
12 85 0.706
12 86 1.402
12 87 1.748
12 88 0.955
12 89 0.359
12 90 2.643
12 91 0.744
12 92 1.238
12 93 1.627
12 94 1.899
12 95 0.888
12 96 0.687
12 97 0.855
12 98 0.388
12 99 0.550
13 14 1.497
13 15 2.003
13 16 0.789
13 17 0.997
13 18 2.974
13 19 0.963
13 20 2.138
13 21 1.518
13 22 0.521
13 23 0.806
13 24 2.557
13 25 1.570
13 26 2.076
13 27 1.638
13 28 1.197
13 29 1.377
13 30 2.712
13 31 0.376
13 32 4.725
13 33 1.270
13 34 2.685
13 35 4.230
13 36 0.654
13 37 2.108
13 38 1.613
13 39 3.570
13 40 1.784
13 41 1.367
13 42 1.577
13 43 2.602
13 44 1.284
13 45 1.381
13 46 2.448
13 47 0.826
13 48 0.853
13 49 1.162
13 50 1.474
13 51 3.460
13 52 1.444
13 53 1.907
13 54 2.373
13 55 3.101
13 56 1.336
13 57 1.261
13 58 2.243
13 59 0.350
13 60 0.520
13 61 2.885
13 62 2.237
13 63 1.612
13 64 1.415
13 65 0.713
13 66 1.554
13 67 1.870
13 68 1.216
13 69 0.643
13 70 1.955
13 71 1.088
13 72 0.817
13 73 1.566
13 74 1.601
13 75 0.749
13 76 0.630
13 77 0.678
13 78 0.764
13 79 1.094
13 80 2.035
13 81 2.181
13 82 1.820
13 83 0.484
13 84 1.079
13 85 1.674
13 86 2.223
13 87 2.388
13 88 1.453
13 89 0.682
13 90 3.008
13 91 0.331
13 92 0.878
13 93 2.417
13 94 2.039
13 95 0.281
13 96 1.175
13 97 1.552
13 98 0.641
13 99 1.398
14 15 0.934
14 16 0.711
14 17 1.875
14 18 2.113
14 19 1.833
14 20 1.549
14 21 0.491
14 22 0.981
14 23 0.724
14 24 1.885
14 25 1.362
14 26 1.981
14 27 1.326
14 28 2.399
14 29 1.903
14 30 1.505
14 31 1.417
14 32 3.805
14 33 0.739
14 34 1.921
14 35 2.872
14 36 1.511
14 37 0.777
14 38 0.475
14 39 2.674
14 40 1.429
14 41 1.694
14 42 1.212
14 43 1.788
14 44 0.800
14 45 2.118
14 46 0.975
14 47 0.685
14 48 0.673
14 49 0.527
14 50 0.733
14 51 2.580
14 52 1.576
14 53 1.255
14 54 0.908
14 55 2.010
14 56 1.936
14 57 1.231
14 58 1.357
14 59 1.357
14 60 1.801
14 61 2.164
14 62 1.765
14 63 1.508
14 64 0.546
14 65 0.794
14 66 0.227
14 67 1.003
14 68 2.212
14 69 1.401
14 70 0.463
14 71 1.953
14 72 1.248
14 73 1.039
14 74 0.689
14 75 0.763
14 76 1.537
14 77 0.859
14 78 1.187
14 79 0.863
14 80 1.525
14 81 2.370
14 82 1.236
14 83 1.475
14 84 1.153
14 85 0.589
14 86 1.474
14 87 1.172
14 88 0.628
14 89 0.976
14 90 2.166
14 91 1.197
14 92 1.417
14 93 1.710
14 94 1.617
14 95 1.325
14 96 1.205
14 97 0.364
14 98 0.857
14 99 0.838
15 16 1.371
15 17 1.894
15 18 2.903
15 19 1.862
15 20 0.738
15 21 1.418
15 22 1.589
15 23 1.241
15 24 0.986
15 25 2.294
15 26 2.915
15 27 2.260
15 28 2.493
15 29 1.694
15 30 2.152
15 31 1.754
15 32 4.482
15 33 1.662
15 34 0.996
15 35 2.248
15 36 1.686
15 37 0.397
15 38 1.381
15 39 3.412
15 40 0.831
15 41 1.444
15 42 0.753
15 43 2.620
15 44 1.724
15 45 1.971
15 46 1.319
15 47 1.250
15 48 1.208
15 49 0.871
15 50 0.534
15 51 3.332
15 52 1.254
15 53 0.516
15 54 0.805
15 55 1.133
15 56 1.761
15 57 1.029
15 58 0.435
15 59 1.723
15 60 2.084
15 61 3.003
15 62 0.971
15 63 1.055
15 64 0.604
15 65 1.350
15 66 1.138
15 67 1.897
15 68 2.205
15 69 1.592
15 70 0.977
15 71 1.937
15 72 1.360
15 73 1.973
15 74 0.402
15 75 1.447
15 76 1.725
15 77 1.556
15 78 1.354
15 79 0.935
15 80 2.443
15 81 1.828
15 82 0.567
15 83 1.746
15 84 1.105
15 85 1.487
15 86 2.352
15 87 0.401
15 88 0.552
15 89 1.729
15 90 1.232
15 91 1.672
15 92 1.464
15 93 2.581
15 94 0.892
15 95 1.744
15 96 2.103
15 97 0.595
15 98 1.469
15 99 1.771
16 17 1.360
16 18 2.410
16 19 1.316
16 20 1.733
16 21 0.787
16 22 0.270
16 23 0.201
16 24 2.139
16 25 1.216
16 26 1.840
16 27 1.237
16 28 1.798
16 29 1.538
16 30 2.005
16 31 0.772
16 32 4.166
16 33 0.664
16 34 2.228
16 35 3.520
16 36 0.950
16 37 1.384
16 38 0.868
16 39 3.006
16 40 1.465
16 41 1.397
16 42 1.222
16 43 2.045
16 44 0.708
16 45 1.681
16 46 1.662
16 47 0.151
16 48 0.197
16 49 0.510
16 50 0.903
16 51 2.901
16 52 1.361
16 53 1.451
16 54 1.604
16 55 2.504
16 56 1.541
16 57 1.040
16 58 1.706
16 59 0.705
16 60 1.147
16 61 2.381
16 62 1.899
16 63 1.411
16 64 0.771
16 65 0.153
16 66 0.771
16 67 1.242
16 68 1.679
16 69 0.851
16 70 1.167
16 71 1.451
16 72 0.798
16 73 1.042
16 74 0.984
16 75 0.077
16 76 0.963
16 77 0.185
16 78 0.716
16 79 0.675
16 80 1.580
16 81 2.200
16 82 1.387
16 83 0.860
16 84 0.875
16 85 0.950
16 86 1.674
16 87 1.718
16 88 0.839
16 89 0.366
16 90 2.525
16 91 0.509
16 92 0.967
16 93 1.898
16 94 1.711
16 95 0.649
16 96 0.883
16 97 0.828
16 98 0.149
16 99 0.820
17 18 3.768
17 19 0.044
17 20 1.663
17 21 2.130
17 22 1.215
17 23 1.216
17 24 2.038
17 25 2.473
17 26 3.033
17 27 2.521
17 28 0.601
17 29 0.459
17 30 3.335
17 31 0.675
17 32 5.525
17 33 2.014
17 34 2.202
17 35 4.090
17 36 0.415
17 37 2.168
17 38 2.196
17 39 4.364
17 40 1.284
17 41 0.595
17 42 1.192
17 43 3.401
17 44 2.051
17 45 0.384
17 46 2.825
17 47 1.274
17 48 1.260
17 49 1.360
17 50 1.418
17 51 4.259
17 52 0.776
17 53 1.553
17 54 2.543
17 55 2.789
17 56 0.389
17 57 0.868
17 58 1.936
17 59 0.739
17 60 0.553
17 61 3.725
17 62 1.662
17 63 1.022
17 64 1.490
17 65 1.209
17 66 2.035
17 67 2.602
17 68 0.338
17 69 0.509
17 70 2.311
17 71 0.096
17 72 0.628
17 73 2.377
17 74 1.570
17 75 1.380
17 76 0.413
17 77 1.386
17 78 0.689
17 79 1.060
17 80 2.899
17 81 1.267
17 82 1.457
17 83 0.553
17 84 0.804
17 85 2.291
17 86 3.025
17 87 2.288
17 88 1.468
17 89 1.504
17 90 2.528
17 91 0.955
17 92 0.465
17 93 3.244
17 94 1.487
17 95 0.833
17 96 2.084
17 97 1.721
17 98 1.251
17 99 2.167
18 19 3.725
18 20 3.613
18 21 1.689
18 22 2.568
18 23 2.573
18 24 3.886
18 25 1.460
18 26 1.339
18 27 1.370
18 28 4.150
18 29 3.925
18 30 0.856
18 31 3.137
18 32 1.760
18 33 1.755
18 34 3.872
18 35 3.874
18 36 3.355
18 37 2.559
18 38 1.657
18 39 0.598
18 40 3.539
18 41 3.750
18 42 3.325
18 43 0.372
18 44 1.722
18 45 4.089
18 46 1.733
18 47 2.513
18 48 2.537
18 49 2.590
18 50 2.845
18 51 0.491
18 52 3.661
18 53 3.334
18 54 2.296
18 55 3.684
18 56 3.939
18 57 3.313
18 58 3.331
18 59 3.067
18 60 3.467
18 61 0.277
18 62 3.841
18 63 3.617
18 64 2.659
18 65 2.563
18 66 1.889
18 67 1.173
18 68 4.078
18 69 3.259
18 70 1.926
18 71 3.860
18 72 3.197
18 73 1.411
18 74 2.783
18 75 2.388
18 76 3.363
18 77 2.391
18 78 3.118
18 79 2.922
18 80 0.976
18 81 4.477
18 82 3.330
18 83 3.243
18 84 3.199
18 85 1.544
18 86 0.752
18 87 2.931
18 88 2.740
18 89 2.309
18 90 4.037
18 91 2.845
18 92 3.370
18 93 0.570
18 94 3.711
18 95 2.986
18 96 1.828
18 97 2.455
18 98 2.518
18 99 1.605
19 20 1.646
19 21 2.086
19 22 1.173
19 23 1.173
19 24 2.025
19 25 2.432
19 26 2.993
19 27 2.480
19 28 0.631
19 29 0.469
19 30 3.291
19 31 0.635
19 32 5.482
19 33 1.971
19 34 2.188
19 35 4.064
19 36 0.373
19 37 2.132
19 38 2.153
19 39 4.321
19 40 1.266
19 41 0.588
19 42 1.167
19 43 3.357
19 44 2.008
19 45 0.419
19 46 2.784
19 47 1.230
19 48 1.217
19 49 1.319
19 50 1.383
19 51 4.216
19 52 0.763
19 53 1.529
19 54 2.505
19 55 2.768
19 56 0.404
19 57 0.839
19 58 1.912
19 59 0.699
19 60 0.532
19 61 3.682
19 62 1.650
19 63 1.007
19 64 1.452
19 65 1.165
19 66 1.992
19 67 2.559
19 68 0.379
19 69 0.466
19 70 2.270
19 71 0.137
19 72 0.587
19 73 2.335
19 74 1.535
19 75 1.337
19 76 0.372
19 77 1.343
19 78 0.647
19 79 1.021
19 80 2.856
19 81 1.284
19 82 1.433
19 83 0.514
19 84 0.769
19 85 2.248
19 86 2.982
19 87 2.258
19 88 1.431
19 89 1.462
19 90 2.514
19 91 0.914
19 92 0.426
19 93 3.201
19 94 1.474
19 95 0.794
19 96 2.043
19 97 1.682
19 98 1.208
19 99 2.124
20 21 2.036
20 22 1.869
20 23 1.550
20 24 0.421
20 25 2.845
20 26 3.481
20 27 2.830
20 28 2.243
20 29 1.314
20 30 2.884
20 31 1.801
20 32 5.218
20 33 2.206
20 34 0.555
20 35 2.497
20 36 1.622
20 37 1.131
20 38 2.022
20 39 4.137
20 40 0.382
20 41 1.088
20 42 0.560
20 43 3.313
20 44 2.268
20 45 1.595
20 46 2.056
20 47 1.585
20 48 1.539
20 49 1.250
20 50 0.863
20 51 4.054
20 52 0.891
20 53 0.297
20 54 1.525
20 55 1.144
20 56 1.397
20 57 0.892
20 58 0.411
20 59 1.799
20 60 2.034
20 61 3.694
20 62 0.233
20 63 0.643
20 64 1.044
20 65 1.650
20 66 1.773
20 67 2.551
20 68 1.908
20 69 1.563
20 70 1.698
20 71 1.671
20 72 1.340
20 73 2.560
20 74 0.862
20 75 1.809
20 76 1.663
20 77 1.906
20 78 1.379
20 79 1.090
20 80 3.069
20 81 1.169
20 82 0.347
20 83 1.744
20 84 1.063
20 85 2.135
20 86 3.019
20 87 0.941
20 88 0.957
20 89 2.095
20 90 0.884
20 91 1.841
20 92 1.357
20 93 3.253
20 94 0.216
20 95 1.857
20 96 2.584
20 97 1.185
20 98 1.777
20 99 2.339
21 22 1.016
21 23 0.914
21 24 2.377
21 25 0.903
21 26 1.502
21 27 0.853
21 28 2.585
21 29 2.244
21 30 1.217
21 31 1.559
21 32 3.423
21 33 0.361
21 34 2.410
21 35 3.196
21 36 1.729
21 37 1.208
21 38 0.106
21 39 2.271
21 40 1.894
21 41 2.062
21 42 1.666
21 43 1.342
21 44 0.405
21 45 2.424
21 46 1.019
21 47 0.856
21 48 0.871
21 49 0.904
21 50 1.200
21 51 2.171
21 52 1.973
21 53 1.742
21 54 1.210
21 55 2.459
21 56 2.263
21 57 1.625
21 58 1.845
21 59 1.491
21 60 1.930
21 61 1.709
21 62 2.249
21 63 1.942
21 64 1.010
21 65 0.929
21 66 0.282
21 67 0.532
21 68 2.456
21 69 1.625
21 70 0.657
21 71 2.217
21 72 1.529
21 73 0.560
21 74 1.175
21 75 0.794
21 76 1.745
21 77 0.843
21 78 1.454
21 79 1.234
21 80 1.034
21 81 2.796
21 82 1.717
21 83 1.647
21 84 1.511
21 85 0.163
21 86 1.004
21 87 1.617
21 88 1.097
21 89 0.863
21 90 2.649
21 91 1.286
21 92 1.704
21 93 1.241
21 94 2.095
21 95 1.430
21 96 0.836
21 97 0.854
21 98 0.924
21 99 0.391
22 23 0.347
22 24 2.285
22 25 1.268
22 26 1.859
22 27 1.310
22 28 1.592
22 29 1.465
22 30 2.226
22 31 0.569
22 32 4.328
22 33 0.817
22 34 2.389
22 35 3.772
22 36 0.800
22 37 1.636
22 38 1.106
22 39 3.166
22 40 1.564
22 41 1.364
22 42 1.328
22 43 2.198
22 44 0.847
22 45 1.566
22 46 1.928
22 47 0.343
22 48 0.382
22 49 0.719
22 50 1.088
22 51 3.059
22 52 1.368
22 53 1.602
22 54 1.871
22 55 2.716
22 56 1.454
22 57 1.084
22 58 1.891
22 59 0.498
22 60 0.920
22 61 2.513
22 62 2.012
22 63 1.463
22 64 0.985
22 65 0.239
22 66 1.033
22 67 1.420
22 68 1.513
22 69 0.718
22 70 1.436
22 71 1.310
22 72 0.742
22 73 1.166
22 74 1.191
22 75 0.229
22 76 0.803
22 77 0.180
22 78 0.659
22 79 0.780
22 80 1.684
22 81 2.190
22 82 1.527
22 83 0.676
22 84 0.902
22 85 1.176
22 86 1.820
22 87 1.952
22 88 1.041
22 89 0.299
22 90 2.697
22 91 0.279
22 92 0.888
22 93 2.033
22 94 1.818
22 95 0.423
22 96 0.891
22 97 1.077
22 98 0.128
22 99 0.964
23 24 1.960
23 25 1.415
23 26 2.040
23 27 1.433
23 28 1.695
23 29 1.358
23 30 2.121
23 31 0.694
23 32 4.324
23 33 0.844
23 34 2.056
23 35 3.436
23 36 0.820
23 37 1.306
23 38 0.981
23 39 3.165
23 40 1.270
23 41 1.205
23 42 1.028
23 43 2.212
23 44 0.893
23 45 1.517
23 46 1.698
23 47 0.060
23 48 0.051
23 49 0.372
23 50 0.744
23 51 3.062
23 52 1.162
23 53 1.273
23 54 1.570
23 55 2.369
23 56 1.367
23 57 0.839
23 58 1.548
23 59 0.633
23 60 1.078
23 61 2.556
23 62 1.708
23 63 1.210
23 64 0.638
23 65 0.109
23 66 0.838
23 67 1.401
23 68 1.545
23 69 0.714
23 70 1.187
23 71 1.304
23 72 0.624
23 73 1.228
23 74 0.843
23 75 0.268
23 76 0.840
23 77 0.357
23 78 0.545
23 79 0.478
23 80 1.768
23 81 2.002
23 82 1.204
23 83 0.760
23 84 0.677
23 85 1.075
23 86 1.846
23 87 1.608
23 88 0.693
23 89 0.546
23 90 2.360
23 91 0.485
23 92 0.797
23 93 2.074
23 94 1.518
23 95 0.604
23 96 1.084
23 97 0.747
23 98 0.233
23 99 1.001
24 25 3.217
24 26 3.850
24 27 3.195
24 28 2.600
24 29 1.652
24 30 3.115
24 31 2.218
24 32 5.430
24 33 2.576
24 34 0.179
24 35 2.260
24 36 2.030
24 37 1.336
24 38 2.350
24 39 4.384
24 40 0.786
24 41 1.447
24 42 0.980
24 43 3.606
24 44 2.639
24 45 1.922
24 46 2.247
24 47 1.993
24 48 1.946
24 49 1.644
24 50 1.249
24 51 4.307
24 52 1.262
24 53 0.688
24 54 1.680
24 55 0.886
24 56 1.737
24 57 1.307
24 58 0.554
24 59 2.218
24 60 2.438
24 61 3.988
24 62 0.382
24 63 1.021
24 64 1.419
24 65 2.062
24 66 2.103
24 67 2.874
24 68 2.256
24 69 1.976
24 70 1.960
24 71 2.035
24 72 1.757
24 73 2.917
24 74 1.219
24 75 2.216
24 76 2.071
24 77 2.315
24 78 1.797
24 79 1.507
24 80 3.409
24 81 1.312
24 82 0.758
24 83 2.158
24 84 1.481
24 85 2.460
24 86 3.334
24 87 1.029
24 88 1.335
24 89 2.503
24 90 0.491
24 91 2.261
24 92 1.763
24 93 3.565
24 94 0.552
24 95 2.277
24 96 2.974
24 97 1.524
24 98 2.189
24 99 2.702
25 26 0.637
25 27 0.105
25 28 2.767
25 29 2.728
25 30 1.498
25 31 1.804
25 32 3.179
25 33 0.641
25 34 3.269
25 35 4.056
25 36 2.062
25 37 2.110
25 38 0.975
25 39 2.040
25 40 2.636
25 41 2.607
25 42 2.394
25 43 1.101
25 44 0.578
25 45 2.833
25 46 1.775
25 47 1.360
25 48 1.399
25 49 1.610
25 50 1.983
25 51 1.929
25 52 2.577
25 53 2.549
25 54 2.091
25 55 3.360
25 56 2.720
25 57 2.252
25 58 2.708
25 59 1.737
25 60 2.085
25 61 1.331
25 62 3.040
25 63 2.616
25 64 1.802
25 65 1.358
25 66 1.180
25 67 0.675
25 68 2.750
25 69 1.985
25 70 1.539
25 71 2.568
25 72 1.993
25 73 0.358
25 74 1.998
25 75 1.162
25 76 2.060
25 77 1.116
25 78 1.910
25 79 1.872
25 80 0.485
25 81 3.416
25 82 2.506
25 83 1.922
25 84 2.092
25 85 0.906
25 86 0.752
25 87 2.518
25 88 1.888
25 89 0.971
25 90 3.526
25 91 1.518
25 92 2.150
25 93 0.890
25 94 2.865
25 95 1.645
25 96 0.396
25 97 1.706
25 98 1.267
25 99 0.524
26 27 0.656
26 28 3.259
26 29 3.323
26 30 1.727
26 31 2.359
26 32 2.875
26 33 1.276
26 34 3.897
26 35 4.555
26 36 2.631
26 37 2.704
26 38 1.558
26 39 1.824
26 40 3.272
26 41 3.217
26 42 3.030
26 43 1.076
26 44 1.213
26 45 3.404
26 46 2.241
26 47 1.987
26 48 2.028
26 49 2.247
26 50 2.619
26 51 1.718
26 52 3.198
26 53 3.185
26 54 2.637
26 55 3.955
26 56 3.308
26 57 2.879
26 58 3.335
26 59 2.295
26 60 2.595
26 61 1.111
26 62 3.677
26 63 3.247
26 64 2.437
26 65 1.976
26 66 1.784
26 67 1.128
26 68 3.287
26 69 2.564
26 70 2.099
26 71 3.128
26 72 2.597
26 73 0.943
26 74 2.631
26 75 1.781
26 76 2.624
26 77 1.722
26 78 2.514
26 79 2.504
26 80 0.601
26 81 4.035
26 82 3.143
26 83 2.480
26 84 2.714
26 85 1.470
26 86 0.899
26 87 3.116
26 88 2.524
26 89 1.560
26 90 4.147
26 91 2.086
26 92 2.747
26 93 0.865
26 94 3.503
26 95 2.200
26 96 0.969
26 97 2.332
26 98 1.876
26 99 1.148
27 28 2.832
27 29 2.763
27 30 1.394
27 31 1.856
27 32 3.098
27 33 0.627
27 34 3.242
27 35 3.981
27 36 2.108
27 37 2.060
27 38 0.917
27 39 1.954
27 40 2.633
27 41 2.633
27 42 2.393
27 43 1.007
27 44 0.566
27 45 2.876
27 46 1.690
27 47 1.376
27 48 1.414
27 49 1.606
27 50 1.970
27 51 1.843
27 52 2.595
27 53 2.534
27 54 2.024
27 55 3.312
27 56 2.758
27 57 2.265
27 58 2.679
27 59 1.788
27 60 2.149
27 61 1.251
27 62 3.029
27 63 2.624
27 64 1.786
27 65 1.383
27 66 1.134
27 67 0.580
27 68 2.805
27 69 2.027
27 70 1.475
27 71 2.616
27 72 2.025
27 73 0.294
27 74 1.977
27 75 1.188
27 76 2.108
27 77 1.150
27 78 1.941
27 79 1.880
27 80 0.401
27 81 3.435
27 82 2.494
27 83 1.973
27 84 2.110
27 85 0.840
27 86 0.651
27 87 2.470
27 88 1.873
27 89 1.018
27 90 3.493
27 91 1.567
27 92 2.185
27 93 0.800
27 94 2.858
27 95 1.698
27 96 0.466
27 97 1.677
27 98 1.299
27 99 0.493
28 29 0.952
28 30 3.803
28 31 1.028
28 32 5.908
28 33 2.408
28 34 2.770
28 35 4.689
28 36 0.888
28 37 2.757
28 38 2.664
28 39 4.748
28 40 1.870
28 41 1.157
28 42 1.792
28 43 3.778
28 44 2.434
28 45 0.708
28 46 3.367
28 47 1.747
28 48 1.744
28 49 1.905
28 50 2.008
28 51 4.640
28 52 1.353
28 53 2.150
28 54 3.122
28 55 3.379
28 56 0.866
28 57 1.469
28 58 2.533
28 59 1.098
28 60 0.684
28 61 4.074
28 62 2.218
28 63 1.601
28 64 2.065
28 65 1.659
28 66 2.533
28 67 3.012
28 68 0.350
28 69 0.998
28 70 2.850
28 71 0.575
28 72 1.184
28 73 2.740
28 74 2.160
28 75 1.797
28 76 0.862
28 77 1.772
28 78 1.227
28 79 1.633
28 80 3.228
28 81 1.636
28 82 2.055
28 83 0.939
28 84 1.396
28 85 2.748
28 86 3.398
28 87 2.889
28 88 2.050
28 89 1.841
28 90 3.090
28 91 1.313
28 92 1.043
28 93 3.601
28 94 2.056
28 95 1.170
28 96 2.371
28 97 2.286
28 98 1.665
28 99 2.551
29 30 3.405
29 31 1.013
29 32 5.667
29 33 2.200
29 34 1.824
29 35 3.798
29 36 0.726
29 37 2.024
29 38 2.293
29 39 4.513
29 40 0.958
29 41 0.250
29 42 0.944
29 43 3.567
29 44 2.246
29 45 0.285
29 46 2.791
29 47 1.418
29 48 1.391
29 49 1.377
29 50 1.303
29 51 4.412
29 52 0.448
29 53 1.269
29 54 2.426
29 55 2.457
29 56 0.086
29 57 0.706
29 58 1.643
29 59 1.062
29 60 0.997
29 61 3.913
29 62 1.270
29 63 0.685
29 64 1.427
29 65 1.386
29 66 2.095
29 67 2.753
29 68 0.604
29 69 0.768
29 70 2.294
29 71 0.416
29 72 0.740
29 73 2.580
29 74 1.444
29 75 1.578
29 76 0.747
29 77 1.613
29 78 0.823
29 79 1.040
29 80 3.117
29 81 0.818
29 82 1.180
29 83 0.895
29 84 0.749
29 85 2.399
29 86 3.203
29 87 2.066
29 88 1.379
29 89 1.764
29 90 2.142
29 91 1.248
29 92 0.578
29 93 3.431
29 94 1.116
29 95 1.158
29 96 2.356
29 97 1.670
29 98 1.463
29 99 2.356
30 31 2.776
30 32 2.336
30 33 1.448
30 34 3.083
30 35 3.038
30 36 2.941
30 37 1.780
30 38 1.141
30 39 1.273
30 40 2.868
30 41 3.199
30 42 2.678
30 43 0.758
30 44 1.445
30 45 3.608
30 46 0.896
30 47 2.066
30 48 2.075
30 49 2.027
30 50 2.198
30 51 1.203
30 52 3.077
30 53 2.623
30 54 1.472
30 55 2.844
30 56 3.433
30 57 2.735
30 58 2.565
30 59 2.708
30 60 3.145
30 61 1.064
30 62 3.116
30 63 2.990
30 64 2.026
30 65 2.145
30 66 1.311
30 67 0.884
30 68 3.665
30 69 2.835
30 70 1.194
30 71 3.420
30 72 2.720
30 73 1.252
30 74 2.107
30 75 2.009
30 76 2.959
30 77 2.049
30 78 2.650
30 79 2.366
30 80 1.147
30 81 3.851
30 82 2.635
30 83 2.864
30 84 2.656
30 85 1.054
30 86 0.831
30 87 2.124
30 88 2.097
30 89 2.034
30 90 3.224
30 91 2.501
30 92 2.894
30 93 0.899
30 94 3.009
30 95 2.645
30 96 1.740
30 97 1.796
30 98 2.140
30 99 1.341
31 32 4.896
31 33 1.386
31 34 2.354
31 35 4.000
31 36 0.287
31 37 1.918
31 38 1.641
31 39 3.735
31 40 1.437
31 41 0.991
31 42 1.244
31 43 2.766
31 44 1.415
31 45 1.049
31 46 2.391
31 47 0.738
31 48 0.745
31 49 0.981
31 50 1.220
31 51 3.628
31 52 1.071
31 53 1.591
31 54 2.229
31 55 2.814
31 56 0.979
31 57 0.912
31 58 1.945
31 59 0.070
31 60 0.384
31 61 3.077
31 62 1.884
31 63 1.249
31 64 1.204
31 65 0.640
31 66 1.526
31 67 1.988
31 68 0.950
31 69 0.268
31 70 1.879
31 71 0.770
31 72 0.462
31 73 1.732
31 74 1.362
31 75 0.769
31 76 0.271
31 77 0.748
31 78 0.426
31 79 0.819
31 80 2.241
31 81 1.809
31 82 1.499
31 83 0.122
31 84 0.739
31 85 1.722
31 86 2.387
31 87 2.151
31 88 1.222
31 89 0.841
31 90 2.680
31 91 0.292
31 92 0.503
31 93 2.598
31 94 1.687
31 95 0.159
31 96 1.412
31 97 1.383
31 98 0.637
31 99 1.533
32 33 3.514
32 34 5.382
32 35 4.813
32 36 5.113
32 37 4.101
32 38 3.377
32 39 1.162
32 40 5.201
32 41 5.480
32 42 5.004
32 43 2.130
32 44 3.481
32 45 5.840
32 46 3.183
32 47 4.264
32 48 4.285
32 49 4.309
32 50 4.521
32 51 1.269
32 52 5.378
32 53 4.959
32 54 3.755
32 55 5.043
32 56 5.685
32 57 5.030
32 58 4.886
32 59 4.826
32 60 5.224
32 61 1.848
32 62 5.450
32 63 5.310
32 64 4.343
32 65 4.318
32 66 3.592
32 67 2.924
32 68 5.837
32 69 5.016
32 70 3.529
32 71 5.617
32 72 4.946
32 73 3.168
32 74 4.438
32 75 4.146
32 76 5.122
32 77 4.150
32 78 4.868
32 79 4.646
32 80 2.698
32 81 6.173
32 82 4.971
32 83 5.003
32 84 4.930
32 85 3.269
32 86 2.510
32 87 4.414
32 88 4.419
32 89 4.066
32 90 5.486
32 91 4.605
32 92 5.120
32 93 2.309
32 94 5.345
32 95 4.745
32 96 3.564
32 97 4.121
32 98 4.277
32 99 3.364
33 34 2.630
33 35 3.546
33 36 1.600
33 37 1.509
33 38 0.464
33 39 2.352
33 40 2.008
33 41 2.049
33 42 1.768
33 43 1.387
33 44 0.063
33 45 2.343
33 46 1.376
33 47 0.784
33 48 0.816
33 49 0.980
33 50 1.344
33 51 2.246
33 52 1.993
33 53 1.909
33 54 1.557
33 55 2.749
33 56 2.204
33 57 1.656
33 58 2.071
33 59 1.315
33 60 1.731
33 61 1.717
33 62 2.403
33 63 2.007
33 64 1.162
33 65 0.817
33 66 0.591
33 67 0.605
33 68 2.323
33 69 1.506
33 70 1.010
33 71 2.107
33 72 1.461
33 73 0.385
33 74 1.357
33 75 0.634
33 76 1.608
33 77 0.638
33 78 1.379
33 79 1.265
33 80 0.926
33 81 2.832
33 82 1.868
33 83 1.490
33 84 1.510
33 85 0.466
33 86 1.012
33 87 1.910
33 88 1.248
33 89 0.588
33 90 2.891
33 91 1.096
33 92 1.631
33 93 1.235
33 94 2.232
33 95 1.239
33 96 0.483
33 97 1.069
33 98 0.763
33 99 0.157
34 35 2.084
34 36 2.178
34 37 1.312
34 38 2.376
34 39 4.355
34 40 0.934
34 41 1.615
34 42 1.111
34 43 3.604
34 44 2.693
34 45 2.097
34 46 2.202
34 47 2.085
34 48 2.039
34 49 1.725
34 50 1.327
34 51 4.281
34 52 1.426
34 53 0.788
34 54 1.627
34 55 0.714
34 56 1.909
34 57 1.447
34 58 0.564
34 59 2.350
34 60 2.588
34 61 3.986
34 62 0.557
34 63 1.182
34 64 1.486
34 65 2.161
34 66 2.132
34 67 2.893
34 68 2.427
34 69 2.119
34 70 1.952
34 71 2.203
34 72 1.895
34 73 2.958
34 74 1.278
34 75 2.305
34 76 2.218
34 77 2.407
34 78 1.930
34 79 1.617
34 80 3.438
34 81 1.487
34 82 0.868
34 83 2.299
34 84 1.616
34 85 2.483
34 86 3.346
34 87 0.968
34 88 1.405
34 89 2.594
34 90 0.329
34 91 2.381
34 92 1.912
34 93 3.574
34 94 0.715
34 95 2.405
34 96 3.044
34 97 1.565
34 98 2.288
34 99 2.749
35 36 3.927
35 37 2.136
35 38 3.104
35 39 4.119
35 40 2.840
35 41 3.558
35 42 2.898
35 43 3.783
35 44 3.597
35 45 4.082
35 46 2.315
35 47 3.430
35 48 3.395
35 49 3.070
35 50 2.780
35 51 4.094
35 52 3.356
35 53 2.541
35 54 1.989
35 55 1.375
35 56 3.878
35 57 3.229
35 58 2.159
35 59 3.968
35 60 4.331
35 61 4.100
35 62 2.607
35 63 3.113
35 64 2.815
35 65 3.540
35 66 2.959
35 67 3.431
35 68 4.372
35 69 3.836
35 70 2.538
35 71 4.117
35 72 3.603
35 73 3.699
35 74 2.639
35 75 3.588
35 76 3.967
35 77 3.695
35 78 3.601
35 79 3.183
35 80 3.964
35 81 3.571
35 82 2.635
35 83 3.993
35 84 3.337
35 85 3.155
35 86 3.720
35 87 1.850
35 88 2.783
35 89 3.838
35 90 1.861
35 91 3.899
35 92 3.692
35 93 3.876
35 94 2.709
35 95 3.983
35 96 4.028
35 97 2.695
35 98 3.644
35 99 3.583
36 37 1.904
36 38 1.800
36 39 3.952
36 40 1.245
36 41 0.720
36 42 1.083
36 43 2.987
36 44 1.636
36 45 0.773
36 46 2.479
36 47 0.875
36 48 0.867
36 49 1.020
36 50 1.168
36 51 3.846
36 52 0.824
36 53 1.445
36 54 2.251
36 55 2.688
36 56 0.692
36 57 0.736
36 58 1.817
36 59 0.341
36 60 0.414
36 61 3.310
36 62 1.678
36 63 1.027
36 64 1.196
36 65 0.801
36 66 1.653
36 67 2.191
36 68 0.728
36 69 0.110
36 70 1.962
36 71 0.510
36 72 0.326
36 73 1.962
36 74 1.319
36 75 0.967
36 76 0.041
36 77 0.970
36 78 0.347
36 79 0.771
36 80 2.484
36 81 1.527
36 82 1.349
36 83 0.170
36 84 0.594
36 85 1.892
36 86 2.611
36 87 2.087
36 88 1.194
36 89 1.091
36 90 2.506
36 91 0.546
36 92 0.267
36 93 2.829
36 94 1.486
36 95 0.438
36 96 1.676
36 97 1.408
36 98 0.837
36 99 1.753
37 38 1.146
37 39 3.049
37 40 1.216
37 41 1.778
37 42 1.105
37 43 2.297
37 44 1.568
37 45 2.292
37 46 0.926
37 47 1.296
37 48 1.262
37 49 0.948
37 50 0.750
37 51 2.972
37 52 1.598
37 53 0.911
37 54 0.415
37 55 1.251
37 56 2.085
37 57 1.330
37 58 0.785
37 59 1.875
37 60 2.277
37 61 2.678
37 62 1.363
37 63 1.421
37 64 0.715
37 65 1.407
37 66 0.930
37 67 1.628
37 68 2.494
37 69 1.801
37 70 0.649
37 71 2.222
37 72 1.584
37 73 1.766
37 74 0.598
37 75 1.453
37 76 1.940
37 77 1.561
37 78 1.559
37 79 1.134
37 80 2.189
37 81 2.219
37 82 0.955
37 83 1.933
37 84 1.364
37 85 1.239
37 86 2.060
37 87 0.411
37 88 0.711
37 89 1.710
37 90 1.494
37 91 1.780
37 92 1.714
37 93 2.281
37 94 1.289
37 95 1.877
37 96 1.981
37 97 0.560
37 98 1.509
37 99 1.590
38 39 2.231
38 40 1.899
38 41 2.103
38 42 1.676
38 43 1.321
38 44 0.505
38 45 2.481
38 46 0.914
38 47 0.925
38 48 0.936
38 49 0.934
38 50 1.203
38 51 2.134
38 52 2.006
38 53 1.730
38 54 1.122
38 55 2.397
38 56 2.315
38 57 1.658
38 58 1.812
38 59 1.573
38 60 2.015
38 61 1.694
38 62 2.240
38 63 1.962
38 64 1.014
38 65 1.005
38 66 0.249
38 67 0.529
38 68 2.526
38 69 1.695
38 70 0.569
38 71 2.283
38 72 1.588
38 73 0.623
38 74 1.164
38 75 0.881
38 76 1.818
38 77 0.936
38 78 1.515
38 79 1.270
38 80 1.062
38 81 2.820
38 82 1.711
38 83 1.725
38 84 1.553
38 85 0.115
38 86 1.000
38 87 1.558
38 88 1.098
38 89 0.965
38 90 2.606
38 91 1.373
38 92 1.763
38 93 1.236
38 94 2.091
38 95 1.515
38 96 0.934
38 97 0.837
38 98 1.009
38 99 0.479
39 40 4.089
39 41 4.332
39 42 3.882
39 43 0.970
39 44 2.320
39 45 4.682
39 46 2.166
39 47 3.105
39 48 3.128
39 49 3.165
39 50 3.400
39 51 0.111
39 52 4.237
39 53 3.866
39 54 2.743
39 55 4.101
39 56 4.529
39 57 3.889
39 58 3.832
39 59 3.665
39 60 4.065
39 61 0.726
39 62 4.368
39 63 4.181
39 64 3.217
39 65 3.158
39 66 2.454
39 67 1.765
39 68 4.676
39 69 3.855
39 70 2.440
39 71 4.456
39 72 3.789
39 73 2.008
39 74 3.328
39 75 2.985
39 76 3.960
39 77 2.989
39 78 3.710
39 79 3.501
39 80 1.555
39 81 5.044
39 82 3.870
39 83 3.841
39 84 3.781
39 85 2.120
39 86 1.350
39 87 3.396
39 88 3.296
39 89 2.907
39 90 4.495
39 91 3.443
39 92 3.962
39 93 1.157
39 94 4.249
39 95 3.584
39 96 2.417
39 97 3.004
39 98 3.115
39 99 2.203
40 41 0.720
40 42 0.243
40 43 3.217
40 44 2.068
40 45 1.242
40 46 2.104
40 47 1.314
40 48 1.269
40 49 1.028
40 50 0.697
40 51 3.999
40 52 0.519
40 53 0.332
40 54 1.631
40 55 1.509
40 56 1.038
40 57 0.525
40 58 0.687
40 59 1.440
40 60 1.654
40 61 3.592
40 62 0.454
40 63 0.273
40 64 0.886
40 65 1.361
40 66 1.656
40 67 2.423
40 68 1.540
40 69 1.191
40 70 1.677
40 71 1.296
40 72 0.975
40 73 2.380
40 74 0.763
40 75 1.537
40 76 1.286
40 77 1.625
40 78 1.021
40 79 0.793
40 80 2.908
40 81 1.006
40 82 0.264
40 83 1.373
40 84 0.706
40 85 2.014
40 86 2.896
40 87 1.151
40 88 0.801
40 89 1.814
40 90 1.263
40 91 1.502
40 92 0.978
40 93 3.133
40 94 0.256
40 95 1.504
40 96 2.341
40 97 1.085
40 98 1.485
40 99 2.152
41 42 0.694
41 43 3.397
41 44 2.099
41 45 0.532
41 46 2.559
41 47 1.265
41 48 1.232
41 49 1.174
41 50 1.064
41 51 4.233
41 52 0.202
41 53 1.024
41 54 2.182
41 55 2.227
41 56 0.322
41 57 0.472
41 58 1.400
41 59 1.027
41 60 1.069
41 61 3.751
41 62 1.068
41 63 0.448
41 64 1.198
41 65 1.250
41 66 1.895
41 67 2.581
41 68 0.821
41 69 0.726
41 70 2.069
41 71 0.588
41 72 0.623
41 73 2.433
41 74 1.202
41 75 1.446
41 76 0.752
41 77 1.495
41 78 0.705
41 79 0.835
41 80 2.974
41 81 0.831
41 82 0.933
41 83 0.886
41 84 0.551
41 85 2.212
41 86 3.039
41 87 1.816
41 88 1.146
41 89 1.660
41 90 1.938
41 91 1.182
41 92 0.497
41 93 3.271
41 94 0.900
41 95 1.117
41 96 2.249
41 97 1.442
41 98 1.342
41 99 2.205
42 43 2.997
42 44 1.827
42 45 1.224
42 46 1.949
42 47 1.071
42 48 1.026
42 49 0.788
42 50 0.483
42 51 3.790
42 52 0.501
42 53 0.366
42 54 1.517
42 55 1.612
42 56 1.014
42 57 0.347
42 58 0.747
42 59 1.240
42 60 1.497
42 61 3.370
42 62 0.684
42 63 0.322
42 64 0.666
42 65 1.121
42 66 1.437
42 67 2.197
42 68 1.481
42 69 1.015
42 70 1.496
42 71 1.221
42 72 0.786
42 73 2.142
42 74 0.578
42 75 1.295
42 76 1.124
42 77 1.384
42 78 0.820
42 79 0.553
42 80 2.673
42 81 1.173
42 82 0.269
42 83 1.193
42 84 0.506
42 85 1.792
42 86 2.670
42 87 1.123
42 88 0.586
42 89 1.573
42 90 1.436
42 91 1.282
42 92 0.823
42 93 2.907
42 94 0.491
42 95 1.297
42 96 2.098
42 97 0.883
42 98 1.245
42 99 1.913
43 44 1.352
43 45 3.725
43 46 1.542
43 47 2.152
43 48 2.177
43 49 2.247
43 50 2.520
43 51 0.862
43 52 3.315
43 53 3.028
43 54 2.075
43 55 3.470
43 56 3.579
43 57 2.967
43 58 3.053
43 59 2.696
43 60 3.095
43 61 0.382
43 62 3.538
43 63 3.281
43 64 2.332
43 65 2.198
43 66 1.561
43 67 0.816
43 68 3.709
43 69 2.892
43 70 1.652
43 71 3.493
43 72 2.836
43 73 1.039
43 74 2.469
43 75 2.021
43 76 2.995
43 77 2.021
43 78 2.756
43 79 2.575
43 80 0.624
43 81 4.138
43 82 3.018
43 83 2.874
43 84 2.847
43 85 1.206
43 86 0.380
43 87 2.685
43 88 2.416
43 89 1.937
43 90 3.789
43 91 2.474
43 92 3.008
43 93 0.223
43 94 3.400
43 95 2.615
43 96 1.461
43 97 2.140
43 98 2.150
43 99 1.235
44 45 2.385
44 46 1.411
44 47 0.834
44 48 0.867
44 49 1.040
44 50 1.406
44 51 2.213
44 52 2.047
44 53 1.972
44 54 1.608
44 55 2.810
44 56 2.249
44 57 1.711
44 58 2.133
44 59 1.345
44 60 1.754
44 61 1.676
44 62 2.465
44 63 2.064
44 64 1.224
44 65 0.861
44 66 0.647
44 67 0.586
44 68 2.357
44 69 1.544
44 70 1.059
44 71 2.144
44 72 1.507
44 73 0.335
44 74 1.420
44 75 0.674
44 76 1.643
44 77 0.669
44 78 1.424
44 79 1.321
44 80 0.875
44 81 2.886
44 82 1.930
44 83 1.522
44 84 1.563
44 85 0.494
44 86 0.975
44 87 1.970
44 88 1.311
44 89 0.603
44 90 2.954
44 91 1.124
44 92 1.675
44 93 1.194
44 94 2.293
44 95 1.266
44 96 0.432
44 97 1.132
44 98 0.800
44 99 0.117
45 46 3.032
45 47 1.577
45 48 1.556
45 49 1.591
45 50 1.559
45 51 4.578
45 52 0.732
45 53 1.554
45 54 2.689
45 55 2.739
45 56 0.210
45 57 0.964
45 58 1.927
45 59 1.110
45 60 0.926
45 61 4.060
45 62 1.540
45 63 0.970
45 64 1.669
45 65 1.527
45 66 2.298
45 67 2.917
45 68 0.360
45 69 0.848
45 70 2.527
45 71 0.296
45 72 0.895
45 73 2.716
45 74 1.704
45 75 1.711
45 76 0.780
45 77 1.729
45 78 0.972
45 79 1.262
45 80 3.245
45 81 0.948
45 82 1.464
45 83 0.927
45 84 0.975
45 85 2.583
45 86 3.354
45 87 2.347
45 88 1.629
45 89 1.861
45 90 2.410
45 91 1.319
45 92 0.721
45 93 3.578
45 94 1.394
45 95 1.206
45 96 2.448
45 97 1.911
45 98 1.587
45 99 2.499
46 47 1.657
46 48 1.647
46 49 1.466
46 50 1.499
46 51 2.099
46 52 2.406
46 53 1.821
46 54 0.578
46 55 1.952
46 56 2.836
46 57 2.088
46 58 1.705
46 59 2.331
46 60 2.775
46 61 1.902
46 62 2.288
46 63 2.271
46 64 1.364
46 65 1.763
46 66 0.897
46 67 1.123
46 68 3.163
46 69 2.368
46 70 0.516
46 71 2.898
46 72 2.198
46 73 1.426
46 74 1.375
46 75 1.700
46 76 2.506
46 77 1.781
46 78 2.145
46 79 1.775
46 80 1.649
46 81 3.108
46 82 1.851
46 83 2.449
46 84 2.057
46 85 0.921
46 86 1.416
46 87 1.236
46 88 1.414
46 89 1.850
46 90 2.330
46 91 2.163
46 92 2.361
46 93 1.593
46 94 2.206
46 95 2.295
46 96 1.830
46 97 1.121
46 98 1.811
46 99 1.362
47 48 0.046
47 49 0.380
47 50 0.765
47 51 3.002
47 52 1.219
47 53 1.305
47 54 1.547
47 55 2.381
47 56 1.427
47 57 0.893
47 58 1.570
47 59 0.675
47 60 1.121
47 61 2.495
47 62 1.748
47 63 1.261
47 64 0.646
47 65 0.114
47 66 0.789
47 67 1.341
47 68 1.601
47 69 0.770
47 70 1.149
47 71 1.362
47 72 0.684
47 73 1.168
47 74 0.856
47 75 0.224
47 76 0.894
47 77 0.323
47 78 0.605
47 79 0.524
47 80 1.709
47 81 2.059
47 82 1.239
47 83 0.809
47 84 0.733
47 85 1.018
47 86 1.785
47 87 1.609
47 88 0.707
47 89 0.510
47 90 2.385
47 91 0.513
47 92 0.857
47 93 2.014
47 94 1.560
47 95 0.639
47 96 1.034
47 97 0.736
47 98 0.219
47 99 0.941
48 49 0.338
48 50 0.720
48 51 3.025
48 52 1.182
48 53 1.258
48 54 1.521
48 55 2.338
48 56 1.402
48 57 0.853
48 58 1.525
48 59 0.684
48 60 1.128
48 61 2.523
48 62 1.702
48 63 1.219
48 64 0.604
48 65 0.145
48 66 0.789
48 67 1.364
48 68 1.590
48 69 0.760
48 70 1.136
48 71 1.347
48 72 0.661
48 73 1.201
48 74 0.812
48 75 0.271
48 76 0.887
48 77 0.369
48 78 0.584
48 79 0.480
48 80 1.742
48 81 2.022
48 82 1.192
48 83 0.809
48 84 0.697
48 85 1.032
48 86 1.813
48 87 1.571
48 88 0.664
48 89 0.557
48 90 2.340
48 91 0.534
48 92 0.835
48 93 2.042
48 94 1.514
48 95 0.654
48 96 1.077
48 97 0.703
48 98 0.260
48 99 0.973
49 50 0.397
49 51 3.068
49 52 1.071
49 53 0.959
49 54 1.248
49 55 2.001
49 56 1.409
49 57 0.723
49 58 1.197
49 59 0.933
49 60 1.355
49 61 2.612
49 62 1.433
49 63 1.042
49 64 0.266
49 65 0.480
49 66 0.721
49 67 1.434
49 68 1.698
49 69 0.910
49 70 0.951
49 71 1.435
49 72 0.732
49 73 1.355
49 74 0.476
49 75 0.587
49 76 1.050
49 77 0.694
49 78 0.680
49 79 0.339
49 80 1.888
49 81 1.892
49 82 0.905
49 83 1.014
49 84 0.628
49 85 1.046
49 86 1.904
49 87 1.236
49 88 0.329
49 89 0.875
49 90 2.018
49 91 0.832
49 92 0.897
49 93 2.140
49 94 1.256
49 95 0.929
49 96 1.334
49 97 0.402
49 98 0.598
49 99 1.126
50 51 3.308
50 52 0.907
50 53 0.568
50 54 1.133
50 55 1.635
50 56 1.356
50 57 0.597
50 58 0.805
50 59 1.189
50 60 1.558
50 61 2.896
50 62 1.060
50 63 0.793
50 64 0.190
50 65 0.851
50 66 0.959
50 67 1.728
50 68 1.745
50 69 1.069
50 70 1.024
50 71 1.474
50 72 0.843
50 73 1.704
50 74 0.153
50 75 0.981
50 76 1.205
50 77 1.085
50 78 0.828
50 79 0.404
50 80 2.223
50 81 1.653
50 82 0.525
50 83 1.217
50 84 0.614
50 85 1.318
50 86 2.201
50 87 0.930
50 88 0.105
50 89 1.270
50 90 1.622
50 91 1.145
50 92 0.966
50 93 2.437
50 94 0.896
50 95 1.212
50 96 1.726
50 97 0.402
50 98 0.976
50 99 1.480
51 52 4.139
51 53 3.781
51 54 2.675
51 55 4.041
51 56 4.427
51 57 3.791
51 58 3.754
51 59 3.557
51 60 3.956
51 61 0.615
51 62 4.284
51 63 4.087
51 64 3.125
51 65 3.053
51 66 2.359
51 67 1.661
51 68 4.569
51 69 3.750
51 70 2.357
51 71 4.351
51 72 3.686
51 73 1.900
51 74 3.239
51 75 2.879
51 76 3.854
51 77 2.882
51 78 3.607
51 79 3.402
51 80 1.444
51 81 4.949
51 82 3.782
51 83 3.734
51 84 3.682
51 85 2.022
51 86 1.241
51 87 3.326
51 88 3.204
51 89 2.798
51 90 4.427
51 91 3.336
51 92 3.859
51 93 1.046
51 94 4.162
51 95 3.476
51 96 2.306
51 97 2.914
51 98 3.009
51 99 2.096
52 53 0.822
52 54 2.006
52 55 2.028
52 56 0.523
52 57 0.348
52 58 1.198
52 59 1.095
52 60 1.207
52 61 3.676
52 62 0.888
52 63 0.249
52 64 1.057
52 65 1.222
52 66 1.786
52 67 2.500
52 68 1.020
52 69 0.805
52 70 1.926
52 71 0.780
52 72 0.647
52 73 2.379
52 74 1.036
52 75 1.418
52 76 0.861
52 77 1.480
52 78 0.721
52 79 0.740
52 80 2.920
52 81 0.840
52 82 0.732
52 83 0.980
52 84 0.486
52 85 2.118
52 86 2.965
52 87 1.619
52 88 0.996
52 89 1.656
52 90 1.751
52 91 1.221
52 92 0.569
52 93 3.199
52 94 0.711
52 95 1.179
52 96 2.234
52 97 1.298
52 98 1.327
52 99 2.148
53 54 1.321
53 55 1.246
53 56 1.346
53 57 0.712
53 58 0.383
53 59 1.580
53 60 1.859
53 61 3.408
53 62 0.510
53 63 0.590
53 64 0.748
53 65 1.376
53 66 1.481
53 67 2.259
53 68 1.832
53 69 1.372
53 70 1.430
53 71 1.577
53 72 1.140
53 73 2.263
53 74 0.567
53 75 1.527
53 76 1.486
53 77 1.627
53 78 1.165
53 79 0.829
53 80 2.773
53 81 1.313
53 82 0.097
53 83 1.548
53 84 0.858
53 85 1.844
53 86 2.728
53 87 0.819
53 88 0.661
53 89 1.815
53 90 1.103
53 91 1.597
53 92 1.188
53 93 2.963
53 94 0.387
53 95 1.628
53 96 2.292
53 97 0.893
53 98 1.503
53 99 2.042
54 55 1.395
54 56 2.484
54 57 1.725
54 58 1.150
54 59 2.179
54 60 2.602
54 61 2.447
54 62 1.754
54 63 1.835
54 64 1.057
54 65 1.660
54 66 0.971
54 67 1.515
54 68 2.874
54 69 2.144
54 70 0.554
54 71 2.603
54 72 1.939
54 73 1.734
54 74 0.985
54 75 1.663
54 76 2.284
54 77 1.763
54 78 1.904
54 79 1.489
54 80 2.076
54 81 2.632
54 82 1.368
54 83 2.260
54 84 1.741
54 85 1.185
54 86 1.894
54 87 0.659
54 88 1.075
54 89 1.884
54 90 1.752
54 91 2.055
54 92 2.082
54 93 2.096
54 94 1.694
54 95 2.167
54 96 2.040
54 97 0.847
54 98 1.743
54 99 1.600
55 56 2.540
55 57 1.958
55 58 0.872
55 59 2.795
55 60 3.102
55 61 3.842
55 62 1.234
55 63 1.780
55 64 1.735
55 65 2.477
55 66 2.180
55 67 2.865
55 68 3.048
55 69 2.611
55 70 1.872
55 71 2.804
55 72 2.376
55 73 3.018
55 74 1.526
55 75 2.581
55 76 2.729
55 77 2.689
55 78 2.392
55 79 2.008
55 80 3.429
55 81 2.198
55 82 1.343
55 83 2.783
55 84 2.096
55 85 2.487
55 86 3.275
55 87 0.842
55 88 1.675
55 89 2.862
55 90 0.554
55 91 2.776
55 92 2.433
55 93 3.484
55 94 1.349
55 95 2.831
55 96 3.211
55 97 1.712
55 98 2.598
55 99 2.838
56 57 0.759
56 58 1.721
56 59 1.032
56 60 0.936
56 61 3.921
56 62 1.355
56 63 0.765
56 64 1.472
56 65 1.388
56 66 2.123
56 67 2.766
56 68 0.519
56 69 0.745
56 70 2.336
56 71 0.337
56 72 0.744
56 73 2.583
56 74 1.499
56 75 1.578
56 76 0.710
56 77 1.607
56 78 0.825
56 79 1.074
56 80 3.118
56 81 0.879
56 82 1.255
56 83 0.859
56 84 0.784
56 85 2.419
56 86 3.212
56 87 2.137
56 88 1.429
56 89 1.752
56 90 2.227
56 91 1.226
56 92 0.575
56 93 3.438
56 94 1.200
56 95 1.129
56 96 2.344
56 97 1.715
56 98 1.460
56 99 2.361
57 58 1.090
57 59 0.916
57 60 1.150
57 61 3.329
57 62 0.976
57 63 0.379
57 64 0.726
57 65 0.911
57 66 1.439
57 67 2.153
57 68 1.176
57 69 0.672
57 70 1.597
57 71 0.908
57 72 0.450
57 73 2.040
57 74 0.740
57 75 1.102
57 76 0.777
57 77 1.175
57 78 0.497
57 79 0.394
57 80 2.581
57 81 1.178
57 82 0.615
57 83 0.853
57 84 0.188
57 85 1.769
57 86 2.619
57 87 1.421
57 88 0.674
57 89 1.358
57 90 1.774
57 91 0.988
57 92 0.476
57 93 2.854
57 94 0.778
57 95 0.981
57 96 1.921
57 97 0.969
57 98 1.025
57 99 1.810
58 59 1.929
58 60 2.230
58 61 3.435
58 62 0.620
58 63 0.958
58 64 0.944
58 65 1.656
58 66 1.567
58 67 2.331
58 68 2.213
58 69 1.739
58 70 1.406
58 71 1.959
58 72 1.505
58 73 2.395
58 74 0.731
58 75 1.784
58 76 1.858
58 77 1.889
58 78 1.522
58 79 1.150
58 80 2.874
58 81 1.579
58 82 0.479
58 83 1.911
58 84 1.225
58 85 1.920
58 86 2.787
58 87 0.535
58 88 0.869
58 89 2.072
58 90 0.826
58 91 1.923
58 92 1.564
58 93 3.016
58 94 0.618
58 95 1.969
58 96 2.494
58 97 1.003
58 98 1.781
58 99 2.187
59 60 0.446
59 61 3.007
59 62 1.891
59 63 1.262
59 64 1.163
59 65 0.575
59 66 1.462
59 67 1.917
59 68 1.019
59 69 0.302
59 70 1.820
59 71 0.834
59 72 0.468
59 73 1.662
59 74 1.328
59 75 0.700
59 76 0.330
59 77 0.678
59 78 0.421
59 79 0.792
59 80 2.172
59 81 1.850
59 82 1.490
59 83 0.185
59 84 0.736
59 85 1.653
59 86 2.317
59 87 2.118
59 88 1.186
59 89 0.772
59 90 2.675
59 91 0.222
59 92 0.532
59 93 2.528
59 94 1.693
59 95 0.097
59 96 1.346
59 97 1.335
59 98 0.568
59 99 1.463
60 61 3.390
60 62 2.080
60 63 1.426
60 64 1.563
60 65 1.021
60 66 1.908
60 67 2.336
60 68 0.707
60 69 0.495
60 70 2.262
60 71 0.631
60 72 0.730
60 73 2.056
60 74 1.705
60 75 1.136
60 76 0.373
60 77 1.100
60 78 0.731
60 79 1.155
60 80 2.544
60 81 1.815
60 82 1.763
60 83 0.344
60 84 1.006
60 85 2.092
60 86 2.715
60 87 2.485
60 88 1.572
60 89 1.158
60 90 2.917
60 91 0.644
60 92 0.677
60 93 2.917
60 94 1.890
60 95 0.500
60 96 1.689
60 97 1.755
60 98 1.006
60 99 1.872
61 62 3.918
61 63 3.650
61 64 2.707
61 65 2.534
61 66 1.937
61 67 1.177
61 68 4.025
61 69 3.220
61 70 2.033
61 71 3.819
61 72 3.177
61 73 1.348
61 74 2.848
61 75 2.350
61 76 3.315
61 77 2.340
61 78 3.096
61 79 2.935
61 80 0.851
61 81 4.503
61 82 3.397
61 83 3.188
61 84 3.203
61 85 1.579
61 86 0.711
61 87 3.064
61 88 2.791
61 89 2.239
61 90 4.168
61 91 2.785
61 92 3.347
61 93 0.483
61 94 3.778
61 95 2.922
61 96 1.717
61 97 2.519
61 98 2.476
61 99 1.561
62 63 0.655
62 64 1.247
62 65 1.803
62 66 1.991
62 67 2.768
62 68 1.874
62 69 1.633
62 70 1.928
62 71 1.656
62 72 1.424
62 73 2.764
62 74 1.076
62 75 1.973
62 76 1.718
62 77 2.065
62 78 1.473
62 79 1.236
62 80 3.279
62 81 0.990
62 82 0.535
62 83 1.815
62 84 1.159
62 85 2.354
62 86 3.238
62 87 1.155
62 88 1.159
62 89 2.254
62 90 0.872
62 91 1.956
62 92 1.412
62 93 3.473
62 94 0.198
62 95 1.957
62 96 2.764
62 97 1.403
62 98 1.929
62 99 2.540
63 64 0.966
63 65 1.287
63 66 1.728
63 67 2.473
63 68 1.268
63 69 0.989
63 70 1.814
63 71 1.028
63 72 0.796
63 73 2.389
63 74 0.898
63 75 1.476
63 76 1.067
63 77 1.552
63 78 0.857
63 79 0.744
63 80 2.926
63 81 0.863
63 82 0.506
63 83 1.170
63 84 0.563
63 85 2.076
63 86 2.944
63 87 1.402
63 88 0.892
63 89 1.736
63 90 1.508
63 91 1.357
63 92 0.762
63 93 3.181
63 94 0.469
63 95 1.337
63 96 2.294
63 97 1.194
63 98 1.403
63 99 2.158
64 65 0.746
64 66 0.771
64 67 1.538
64 68 1.824
64 69 1.091
64 70 0.871
64 71 1.555
64 72 0.882
64 73 1.517
64 74 0.214
64 75 0.848
64 76 1.231
64 77 0.956
64 78 0.849
64 79 0.432
64 80 2.034
64 81 1.829
64 82 0.712
64 83 1.219
64 84 0.698
64 85 1.129
64 86 2.011
64 87 0.974
64 88 0.087
64 89 1.133
64 90 1.770
64 91 1.084
64 92 1.027
64 93 2.248
64 94 1.085
64 95 1.170
64 96 1.558
64 97 0.244
64 98 0.864
64 99 1.295
65 66 0.886
65 67 1.394
65 68 1.530
65 69 0.700
65 70 1.257
65 71 1.299
65 72 0.646
65 73 1.195
65 74 0.952
65 75 0.196
65 76 0.816
65 77 0.266
65 78 0.564
65 79 0.568
65 80 1.731
65 81 2.059
65 82 1.305
65 83 0.720
65 84 0.740
65 85 1.092
65 86 1.827
65 87 1.715
65 88 0.802
65 89 0.453
65 90 2.466
65 91 0.403
65 92 0.814
65 93 2.051
65 94 1.611
65 95 0.533
65 96 1.012
65 97 0.847
65 98 0.127
65 99 0.973
66 67 0.777
66 68 2.369
66 69 1.545
66 70 0.440
66 71 2.117
66 72 1.413
66 73 0.842
66 74 0.915
66 75 0.804
66 76 1.675
66 77 0.883
66 78 1.346
66 79 1.060
66 80 1.307
66 81 2.590
66 82 1.463
66 83 1.598
66 84 1.348
66 85 0.362
66 86 1.248
66 87 1.338
66 88 0.855
66 89 0.960
66 90 2.367
66 91 1.279
66 92 1.587
66 93 1.483
66 94 1.844
66 95 1.416
66 96 1.073
66 97 0.588
66 98 0.920
66 99 0.660
67 68 2.918
67 69 2.093
67 70 0.993
67 71 2.693
67 72 2.024
67 73 0.373
67 74 1.692
67 75 1.226
67 76 2.202
67 77 1.240
67 78 1.946
67 79 1.759
67 80 0.565
67 81 3.326
67 82 2.239
67 83 2.089
67 84 2.031
67 85 0.415
67 86 0.473
67 87 2.037
67 88 1.624
67 89 1.189
67 90 3.111
67 91 1.699
67 92 2.198
67 93 0.710
67 94 2.619
67 95 1.843
67 96 0.859
67 97 1.366
67 98 1.357
67 99 0.473
68 69 0.831
68 70 2.649
68 71 0.271
68 72 0.966
68 73 2.678
68 74 1.896
68 75 1.693
68 76 0.716
68 77 1.688
68 78 1.026
68 79 1.395
68 80 3.190
68 81 1.300
68 82 1.738
68 83 0.837
68 84 1.132
68 85 2.619
68 86 3.332
68 87 2.595
68 88 1.799
68 89 1.790
68 90 2.746
68 91 1.241
68 92 0.803
68 93 3.546
68 94 1.716
68 95 1.107
68 96 2.357
68 97 2.057
68 98 1.561
68 99 2.474
69 70 1.852
69 71 0.601
69 72 0.235
69 73 1.873
69 74 1.219
69 75 0.872
69 76 0.141
69 77 0.882
69 78 0.242
69 79 0.669
69 80 2.399
69 81 1.549
69 82 1.277
69 83 0.182
69 84 0.515
69 85 1.787
69 86 2.518
69 87 1.993
69 88 1.091
69 89 1.013
69 90 2.446
69 91 0.481
69 92 0.235
69 93 2.738
69 94 1.438
69 95 0.394
69 96 1.603
69 97 1.299
69 98 0.744
69 99 1.660
70 71 2.385
70 72 1.683
70 73 1.183
70 74 0.919
70 75 1.212
70 76 1.990
70 77 1.301
70 78 1.629
70 79 1.267
70 80 1.557
70 81 2.668
70 82 1.442
70 83 1.934
70 84 1.553
70 85 0.635
70 86 1.412
70 87 1.050
70 88 0.930
70 89 1.394
70 90 2.143
70 91 1.659
70 92 1.848
70 93 1.632
70 94 1.816
70 95 1.788
70 96 1.491
70 97 0.628
70 98 1.315
70 99 1.047
71 72 0.706
71 73 2.471
71 74 1.625
71 75 1.472
71 76 0.509
71 77 1.480
71 78 0.771
71 79 1.127
71 80 2.994
71 81 1.206
71 82 1.482
71 83 0.649
71 84 0.861
71 85 2.379
71 86 3.118
71 87 2.328
71 88 1.528
71 89 1.599
71 90 2.526
71 91 1.051
71 92 0.538
71 93 3.337
71 94 1.488
71 95 0.929
71 96 2.180
71 97 1.789
71 98 1.344
71 99 2.260
72 73 1.841
72 74 0.995
72 75 0.839
72 76 0.365
72 77 0.878
72 78 0.084
72 79 0.451
72 80 2.378
72 81 1.451
72 82 1.046
72 83 0.408
72 84 0.282
72 85 1.688
72 86 2.468
72 87 1.762
72 88 0.873
72 89 1.039
72 90 2.221
72 91 0.574
72 92 0.175
72 93 2.695
72 94 1.226
72 95 0.541
72 96 1.629
72 97 1.103
72 98 0.726
72 99 1.618
73 74 1.702
73 75 1.006
73 76 1.967
73 77 0.992
73 78 1.758
73 79 1.649
73 80 0.541
73 81 3.217
73 82 2.229
73 83 1.841
73 84 1.896
73 85 0.549
73 86 0.659
73 87 2.177
73 88 1.605
73 89 0.898
73 90 3.205
73 91 1.439
73 92 2.008
73 93 0.867
73 94 2.598
73 95 1.578
73 96 0.488
73 97 1.395
73 98 1.130
73 99 0.231
74 75 1.061
74 76 1.356
74 77 1.169
74 78 0.977
74 79 0.551
74 80 2.207
74 81 1.749
74 82 0.549
74 83 1.363
74 84 0.766
74 85 1.278
74 86 2.163
74 87 0.790
74 88 0.150
74 89 1.347
74 90 1.557
74 91 1.271
74 92 1.118
74 93 2.399
74 94 0.931
74 95 1.346
74 96 1.766
74 97 0.329
74 98 1.073
74 99 1.484
75 76 0.977
75 77 0.109
75 78 0.755
75 79 0.745
75 80 1.540
75 81 2.255
75 82 1.462
75 83 0.865
75 84 0.934
75 85 0.956
75 86 1.646
75 87 1.791
75 88 0.916
75 89 0.289
75 90 2.603
75 91 0.493
75 92 1.003
75 93 1.868
75 94 1.784
75 95 0.636
75 96 0.819
75 97 0.899
75 98 0.133
75 99 0.789
76 77 0.975
76 78 0.382
76 79 0.807
76 80 2.486
76 81 1.553
76 82 1.390
76 83 0.149
76 84 0.635
76 85 1.908
76 86 2.618
76 87 2.126
76 88 1.230
76 89 1.090
76 90 2.547
76 91 0.542
76 92 0.308
76 93 2.834
76 94 1.526
76 95 0.426
76 96 1.672
76 97 1.440
76 98 0.846
76 99 1.760
77 78 0.794
77 79 0.832
77 80 1.516
77 81 2.313
77 82 1.560
77 83 0.853
77 84 1.001
77 85 1.002
77 86 1.643
77 87 1.900
77 88 1.023
77 89 0.189
77 90 2.707
77 91 0.459
77 92 1.035
77 93 1.859
77 94 1.874
77 95 0.603
77 96 0.755
77 97 1.008
77 98 0.153
77 99 0.786
78 79 0.427
78 80 2.295
78 81 1.532
78 82 1.073
78 83 0.394
78 84 0.316
78 85 1.614
78 86 2.387
78 87 1.755
78 88 0.848
78 89 0.956
78 90 2.256
78 91 0.503
78 92 0.252
78 93 2.613
78 94 1.275
78 95 0.484
78 96 1.545
78 97 1.062
78 98 0.643
78 99 1.536
79 80 2.189
79 81 1.572
79 82 0.750
79 83 0.813
79 84 0.291
79 85 1.380
79 86 2.225
79 87 1.334
79 88 0.423
79 89 1.021
79 90 1.932
79 91 0.774
79 92 0.595
79 93 2.460
79 94 1.043
79 95 0.822
79 96 1.557
79 97 0.662
79 98 0.693
79 99 1.418
80 81 3.758
80 82 2.745
80 83 2.355
80 84 2.437
80 85 0.957
80 86 0.321
80 87 2.599
80 88 2.121
80 89 1.400
80 90 3.665
80 91 1.950
80 92 2.543
80 93 0.407
80 94 3.119
80 95 2.084
80 96 0.866
80 97 1.888
80 98 1.660
80 99 0.771
81 82 1.265
81 83 1.697
81 84 1.325
81 85 2.934
81 86 3.795
81 87 2.102
81 88 1.754
81 89 2.484
81 90 1.744
81 91 2.013
81 92 1.326
81 93 4.030
81 94 0.963
81 95 1.943
81 96 3.068
81 97 2.055
81 98 2.160
81 99 2.987
82 83 1.454
82 84 0.764
82 85 1.825
82 86 2.711
82 87 0.896
82 88 0.624
82 89 1.749
82 90 1.188
82 91 1.513
82 92 1.091
82 93 2.947
82 94 0.382
82 95 1.540
82 96 2.239
82 97 0.878
82 98 1.432
82 99 2.005
83 84 0.690
83 85 1.810
83 86 2.496
83 87 2.146
83 88 1.229
83 89 0.955
83 90 2.627
83 91 0.405
83 92 0.411
83 93 2.709
83 94 1.619
83 95 0.280
83 96 1.532
83 97 1.413
83 98 0.732
83 99 1.639
84 85 1.661
84 86 2.492
84 87 1.506
84 88 0.667
84 89 1.181
84 90 1.942
84 91 0.801
84 92 0.358
84 93 2.724
84 94 0.961
84 95 0.798
84 96 1.752
84 97 0.938
84 98 0.849
84 99 1.666
85 86 0.885
85 87 1.650
85 88 1.213
85 89 1.011
85 90 2.708
85 91 1.448
85 92 1.863
85 93 1.121
85 94 2.206
85 95 1.591
85 96 0.910
85 97 0.951
85 98 1.086
85 99 0.442
86 87 2.462
86 88 2.097
86 89 1.557
86 90 3.552
86 91 2.095
86 92 2.639
86 93 0.237
86 94 3.091
86 95 2.236
86 96 1.091
86 97 1.835
86 98 1.775
86 99 0.858
87 88 0.936
87 89 2.063
87 90 1.106
87 91 2.057
87 92 1.864
87 93 2.680
87 94 1.139
87 95 2.135
87 96 2.376
87 97 0.897
87 98 1.828
87 99 1.997
88 89 1.204
88 90 1.693
88 91 1.122
88 92 1.008
88 93 2.333
88 94 0.998
88 95 1.200
88 96 1.640
88 97 0.304
88 98 0.924
88 99 1.382
89 90 2.892
89 91 0.550
89 92 1.187
89 93 1.762
89 94 2.064
89 95 0.684
89 96 0.592
89 97 1.166
89 98 0.333
89 99 0.718
90 91 2.701
90 92 2.240
90 93 3.775
90 94 1.040
90 95 2.728
90 96 3.320
90 97 1.822
90 98 2.592
90 99 3.003
91 92 0.687
91 93 2.306
91 94 1.758
91 95 0.144
91 96 1.130
91 97 1.225
91 98 0.364
91 99 1.242
92 93 2.865
92 94 1.218
92 95 0.621
92 96 1.779
92 97 1.256
92 98 0.886
92 99 1.787
93 94 3.327
93 95 2.444
93 96 1.261
93 97 2.070
93 98 1.994
93 99 1.079
94 95 1.759
94 96 2.581
94 97 1.260
94 98 1.736
94 99 2.372
95 96 1.253
95 97 1.329
95 98 0.506
95 99 1.383
96 97 1.508
96 98 0.908
96 99 0.468
97 98 0.950
97 99 1.184
98 99 0.916
