nodei nodej distance
0 1 0.521
0 2 0.531
0 3 1.735
0 4 1.361
0 5 2.344
0 6 3.642
0 7 3.137
0 8 4.113
0 9 3.547
0 10 4.650
0 11 3.906
0 12 2.557
0 13 5.670
0 14 3.305
0 15 4.335
0 16 5.101
0 17 4.095
0 18 5.513
0 19 3.265
0 20 3.358
0 21 3.174
0 22 2.413
0 23 2.833
0 24 2.286
0 25 3.777
0 26 1.467
0 27 4.218
0 28 4.094
0 29 2.584
0 30 2.172
0 31 4.759
0 32 3.612
0 33 2.695
0 34 4.608
0 35 3.899
0 36 2.638
0 37 3.417
0 38 4.891
0 39 2.589
0 40 3.991
0 41 4.786
0 42 3.423
0 43 3.086
0 44 4.133
0 45 2.820
0 46 4.407
0 47 4.957
0 48 4.569
0 49 3.772
0 50 3.179
0 51 4.079
0 52 3.785
0 53 3.317
0 54 3.956
0 55 3.987
0 56 4.155
0 57 3.530
0 58 1.869
0 59 5.414
0 60 2.439
0 61 5.178
0 62 4.716
0 63 3.736
0 64 2.681
0 65 2.123
0 66 4.556
0 67 3.568
0 68 4.242
0 69 4.098
0 70 4.167
0 71 4.623
0 72 3.347
0 73 2.835
0 74 2.925
0 75 3.515
0 76 3.883
0 77 2.043
0 78 2.008
0 79 3.694
0 80 2.704
0 81 3.400
0 82 4.378
0 83 3.341
0 84 5.036
0 85 3.260
0 86 4.969
0 87 5.566
0 88 4.079
0 89 3.989
0 90 3.398
0 91 3.729
0 92 4.589
0 93 4.576
0 94 3.148
0 95 4.415
0 96 2.561
0 97 5.486
0 98 2.915
0 99 2.940
1 2 0.912
1 3 1.500
1 4 1.847
1 5 2.051
1 6 3.428
1 7 3.000
1 8 3.893
1 9 3.421
1 10 4.319
1 11 3.705
1 12 2.201
1 13 5.385
1 14 2.854
1 15 4.086
1 16 4.924
1 17 3.919
1 18 5.144
1 19 3.033
1 20 3.277
1 21 2.868
1 22 2.129
1 23 2.719
1 24 2.248
1 25 3.510
1 26 1.234
1 27 3.980
1 28 3.708
1 29 2.429
1 30 1.749
1 31 4.470
1 32 3.235
1 33 2.369
1 34 4.493
1 35 3.640
1 36 2.259
1 37 3.142
1 38 4.539
1 39 2.511
1 40 3.605
1 41 4.560
1 42 3.239
1 43 2.872
1 44 3.823
1 45 2.534
1 46 4.237
1 47 4.736
1 48 4.359
1 49 3.416
1 50 3.000
1 51 3.748
1 52 3.577
1 53 3.091
1 54 3.750
1 55 3.733
1 56 3.896
1 57 3.257
1 58 1.754
1 59 4.929
1 60 2.314
1 61 4.975
1 62 4.441
1 63 3.399
1 64 2.325
1 65 1.865
1 66 4.273
1 67 3.339
1 68 4.019
1 69 3.881
1 70 3.970
1 71 4.364
1 72 3.014
1 73 2.539
1 74 2.608
1 75 3.192
1 76 3.507
1 77 2.036
1 78 1.728
1 79 3.428
1 80 2.342
1 81 3.393
1 82 3.977
1 83 3.172
1 84 4.773
1 85 2.968
1 86 4.692
1 87 5.271
1 88 3.668
1 89 3.691
1 90 3.273
1 91 3.384
1 92 4.174
1 93 4.179
1 94 3.007
1 95 4.177
1 96 2.300
1 97 5.139
1 98 2.618
1 99 2.878
2 3 1.586
2 4 1.414
2 5 2.218
2 6 3.393
2 7 2.826
2 8 3.864
2 9 3.218
2 10 4.516
2 11 3.640
2 12 2.498
2 13 5.472
2 14 3.371
2 15 4.112
2 16 4.800
2 17 3.803
2 18 5.420
2 19 3.043
2 20 2.996
2 21 3.033
2 22 2.274
2 23 2.509
2 24 1.916
2 25 3.581
2 26 1.345
2 27 3.983
2 28 4.043
2 29 2.306
2 30 2.225
2 31 4.575
2 32 3.554
2 33 2.593
2 34 4.259
2 35 3.692
2 36 2.608
2 37 3.237
2 38 4.783
2 39 2.242
2 40 3.940
2 41 4.532
2 42 3.150
2 43 2.849
2 44 3.980
2 45 2.668
2 46 4.105
2 47 4.698
2 48 4.304
2 49 3.683
2 50 2.905
2 51 3.953
2 52 3.527
2 53 3.087
2 54 3.695
2 55 3.774
2 56 3.945
2 57 3.345
2 58 1.588
2 59 5.529
2 60 2.138
2 61 4.900
2 62 4.515
2 63 3.623
2 64 2.617
2 65 1.971
2 66 4.366
2 67 3.335
2 68 3.993
2 69 3.846
2 70 3.893
2 71 4.406
2 72 3.237
2 73 2.692
2 74 2.805
2 75 3.389
2 76 3.818
2 77 1.659
2 78 1.887
2 79 3.498
2 80 2.648
2 81 2.983
2 82 4.343
2 83 3.056
2 84 4.819
2 85 3.104
2 86 4.767
2 87 5.381
2 88 4.063
2 89 3.825
2 90 3.071
2 91 3.626
2 92 4.574
2 93 4.532
2 94 2.841
2 95 4.179
2 96 2.390
2 97 5.364
2 98 2.772
2 99 2.571
3 4 2.991
3 5 0.632
3 6 1.929
3 7 1.528
3 8 2.397
3 9 1.950
3 10 2.936
3 11 2.205
3 12 0.943
3 13 3.934
3 14 1.940
3 15 2.605
3 16 3.424
3 17 2.420
3 18 3.834
3 19 1.540
3 20 1.855
3 21 1.452
3 22 0.689
3 23 1.279
3 24 0.999
3 25 2.042
3 26 0.270
3 27 2.492
3 28 2.468
3 29 0.955
3 30 0.910
3 31 3.025
3 32 1.979
3 33 1.009
3 34 3.018
3 35 2.165
3 36 1.079
3 37 1.682
3 38 3.197
3 39 1.138
3 40 2.366
3 41 3.067
3 42 1.740
3 43 1.373
3 44 2.407
3 45 1.091
3 46 2.740
3 47 3.241
3 48 2.861
3 49 2.097
3 50 1.504
3 51 2.370
3 52 2.078
3 53 1.595
3 54 2.251
3 55 2.255
3 56 2.422
3 57 1.795
3 58 0.466
3 59 4.108
3 60 0.884
3 61 3.476
3 62 2.981
3 63 2.037
3 64 1.054
3 65 0.390
3 66 2.821
3 67 1.845
3 68 2.525
3 69 2.384
3 70 2.471
3 71 2.890
3 72 1.650
3 73 1.111
3 74 1.219
3 75 1.804
3 76 2.239
3 77 0.924
3 78 0.306
3 79 1.959
3 80 1.089
3 81 2.078
3 82 2.775
3 83 1.678
3 84 3.302
3 85 1.531
3 86 3.233
3 87 3.833
3 88 2.511
3 89 2.259
3 90 1.805
3 91 2.039
3 92 3.017
3 93 2.959
3 94 1.531
3 95 2.689
3 96 0.826
3 97 3.781
3 98 1.191
3 99 1.502
4 5 3.620
4 6 4.798
4 7 4.207
4 8 5.267
4 9 4.584
4 10 5.926
4 11 5.039
4 12 3.876
4 13 6.884
4 14 4.665
4 15 5.522
4 16 6.175
4 17 5.188
4 18 6.820
4 19 4.455
4 20 4.335
4 21 4.442
4 22 3.680
4 23 3.886
4 24 3.270
4 25 4.995
4 26 2.738
4 27 5.391
4 28 5.422
4 29 3.708
4 30 3.528
4 31 5.989
4 32 4.935
4 33 3.990
4 34 5.595
4 35 5.105
4 36 3.971
4 37 4.651
4 38 6.187
4 39 3.607
4 40 5.319
4 41 5.933
4 42 4.548
4 43 4.259
4 44 5.392
4 45 4.078
4 46 5.482
4 47 6.097
4 48 5.700
4 49 5.078
4 50 4.305
4 51 5.361
4 52 4.929
4 53 4.498
4 54 5.095
4 55 5.187
4 56 5.357
4 57 4.759
4 58 2.995
4 59 6.772
4 60 3.532
4 61 6.288
4 62 5.928
4 63 5.027
4 64 3.998
4 65 3.379
4 66 5.780
4 67 4.744
4 68 5.397
4 69 5.249
4 70 5.288
4 71 5.817
4 72 4.638
4 73 4.101
4 74 4.208
4 75 4.795
4 76 5.204
4 77 3.008
4 78 3.286
4 79 4.912
4 80 4.025
4 81 4.248
4 82 5.714
4 83 4.449
4 84 6.230
4 85 4.515
4 86 6.180
4 87 6.795
4 88 5.422
4 89 5.238
4 90 4.440
4 91 5.026
4 92 5.934
4 93 5.909
4 94 4.224
4 95 5.586
4 96 3.802
4 97 6.772
4 98 4.181
4 99 3.910
5 6 1.425
5 7 1.224
5 8 1.872
5 9 1.615
5 10 2.310
5 11 1.713
5 12 0.396
5 13 3.337
5 14 1.459
5 15 2.041
5 16 2.939
5 17 1.961
5 18 3.202
5 19 1.018
5 20 1.628
5 21 0.830
5 22 0.087
5 23 1.092
5 24 1.159
5 25 1.459
5 26 0.884
5 27 1.943
5 28 1.845
5 29 0.752
5 30 0.762
5 31 2.423
5 32 1.359
5 33 0.383
5 34 2.634
5 35 1.591
5 36 0.562
5 37 1.091
5 38 2.566
5 39 1.105
5 40 1.745
5 41 2.527
5 42 1.302
5 43 0.901
5 44 1.789
5 45 0.483
5 46 2.281
5 47 2.704
5 48 2.342
5 49 1.467
5 50 1.100
5 51 1.742
5 52 1.580
5 53 1.082
5 54 1.750
5 55 1.686
5 56 1.847
5 57 1.206
5 58 0.840
5 59 3.578
5 60 0.826
5 61 2.959
5 62 2.390
5 63 1.406
5 64 0.474
5 65 0.260
5 66 2.224
5 67 1.320
5 68 1.994
5 69 1.863
5 70 1.978
5 71 2.315
5 72 1.019
5 73 0.492
5 74 0.588
5 75 1.176
5 76 1.614
5 77 1.228
5 78 0.336
5 79 1.379
5 80 0.516
5 81 1.979
5 82 2.157
5 83 1.276
5 84 2.722
5 85 0.920
5 86 2.642
5 87 3.228
5 88 1.906
5 89 1.647
5 90 1.488
5 91 1.408
5 92 2.407
5 93 2.336
5 94 1.215
5 95 2.137
5 96 0.287
5 97 3.153
5 98 0.571
5 99 1.392
6 7 0.699
6 8 0.472
6 9 0.630
6 10 1.419
6 11 0.289
6 12 1.495
6 13 2.109
6 14 2.075
6 15 0.737
6 16 1.514
6 17 0.557
6 18 2.384
6 19 0.407
6 20 0.936
6 21 0.837
6 22 1.339
6 23 0.992
6 24 1.612
6 25 0.426
6 26 2.198
6 27 0.596
6 28 1.566
6 29 1.092
6 30 2.086
6 31 1.272
6 32 1.337
6 33 1.255
6 34 1.293
6 35 0.425
6 36 1.578
6 37 0.522
6 38 1.759
6 39 1.282
6 40 1.521
6 41 1.144
6 42 0.294
6 43 0.557
6 44 0.913
6 45 0.988
6 46 0.867
6 47 1.315
6 48 0.932
6 49 1.167
6 50 0.507
6 51 1.056
6 52 0.155
6 53 0.343
6 54 0.325
6 55 0.458
6 56 0.613
6 57 0.465
6 58 1.805
6 59 3.610
6 60 1.276
6 61 1.547
6 62 1.172
6 63 0.993
6 64 1.418
6 65 1.567
6 66 1.063
6 67 0.134
6 68 0.602
6 69 0.457
6 70 0.552
6 71 1.034
6 72 0.969
6 73 1.013
6 74 1.051
6 75 0.862
6 76 1.382
6 77 1.858
6 78 1.714
6 79 0.397
6 80 1.438
6 81 1.417
6 82 1.845
6 83 0.417
6 84 1.441
6 85 0.712
6 86 1.414
6 87 2.042
6 88 1.806
6 89 0.753
6 90 0.652
6 91 1.059
6 92 2.118
6 93 1.919
6 94 0.672
6 95 0.788
6 96 1.146
6 97 2.214
6 98 0.958
6 99 1.156
7 8 1.113
7 9 0.422
7 10 2.108
7 11 0.864
7 12 1.471
7 13 2.777
7 14 2.342
7 15 1.417
7 16 1.975
7 17 0.981
7 18 3.076
7 19 0.616
7 20 0.427
7 21 1.093
7 22 1.144
7 23 0.322
7 24 0.953
7 25 1.077
7 26 1.776
7 27 1.267
7 28 2.120
7 29 0.574
7 30 1.982
7 31 1.967
7 32 1.776
7 33 1.256
7 34 1.493
7 35 1.115
7 36 1.610
7 37 0.947
7 38 2.443
7 39 0.612
7 40 2.053
7 41 1.748
7 42 0.405
7 43 0.485
7 44 1.579
7 45 0.985
7 46 1.279
7 47 1.903
7 48 1.505
7 49 1.684
7 50 0.263
7 51 1.686
7 52 0.782
7 53 0.592
7 54 0.925
7 55 1.156
7 56 1.311
7 57 0.976
7 58 1.269
7 59 4.145
7 60 0.698
7 61 2.081
7 62 1.860
7 63 1.524
7 64 1.448
7 65 1.249
7 66 1.760
7 67 0.725
7 68 1.237
7 69 1.089
7 70 1.091
7 71 1.710
7 72 1.332
7 73 1.036
7 74 1.162
7 75 1.316
7 76 1.903
7 77 1.211
7 78 1.406
7 79 1.017
7 80 1.485
7 81 0.875
7 82 2.426
7 83 0.282
7 84 2.104
7 85 1.020
7 86 2.094
7 87 2.722
7 88 2.320
7 89 1.410
7 90 0.277
7 91 1.577
7 92 2.705
7 93 2.532
7 94 0.030
7 95 1.444
7 96 0.953
7 97 2.912
7 98 1.033
7 99 0.464
8 9 0.888
8 10 1.168
8 11 0.253
8 12 1.892
8 13 1.664
8 14 2.303
8 15 0.327
8 16 1.086
8 17 0.368
8 18 2.083
8 19 0.860
8 20 1.229
8 21 1.183
8 22 1.787
8 23 1.427
8 24 2.057
8 25 0.529
8 26 2.667
8 27 0.173
8 28 1.572
8 29 1.560
8 30 2.489
8 31 0.895
8 32 1.487
8 33 1.658
8 34 1.059
8 35 0.400
8 36 1.951
8 37 0.846
8 38 1.507
8 39 1.720
8 40 1.556
8 41 0.672
8 42 0.728
8 43 1.028
8 44 0.795
8 45 1.411
8 46 0.543
8 47 0.844
8 48 0.470
8 49 1.258
8 50 0.965
8 51 1.000
8 52 0.340
8 53 0.803
8 54 0.191
8 55 0.322
8 56 0.335
8 57 0.742
8 58 2.276
8 59 3.564
8 60 1.739
8 61 1.087
8 62 0.767
8 63 1.097
8 64 1.800
8 65 2.030
8 66 0.707
8 67 0.555
8 68 0.130
8 69 0.028
8 70 0.210
8 71 0.602
8 72 1.229
8 73 1.426
8 74 1.432
8 75 1.068
8 76 1.443
8 77 2.309
8 78 2.173
8 79 0.577
8 80 1.813
8 81 1.665
8 82 1.795
8 83 0.839
8 84 0.991
8 85 1.054
8 86 0.987
8 87 1.612
8 88 1.841
8 89 0.699
8 90 0.976
8 91 1.166
8 92 2.046
8 93 1.819
8 94 1.089
8 95 0.331
8 96 1.601
8 97 1.874
8 98 1.361
8 99 1.539
9 10 2.010
9 11 0.642
9 12 1.819
9 13 2.513
9 14 2.592
9 15 1.214
9 16 1.592
9 17 0.645
9 18 2.956
9 19 0.795
9 20 0.341
9 21 1.315
9 22 1.531
9 23 0.714
9 24 1.314
9 25 1.056
9 26 2.198
9 27 1.059
9 28 2.192
9 29 0.996
9 30 2.361
9 31 1.782
9 32 1.925
9 33 1.589
9 34 1.072
9 35 1.039
9 36 1.942
9 37 1.073
9 38 2.353
9 39 0.978
9 40 2.141
9 41 1.445
9 42 0.428
9 43 0.767
9 44 1.533
9 45 1.306
9 46 0.905
9 47 1.582
9 48 1.192
9 49 1.781
9 50 0.527
9 51 1.686
9 52 0.624
9 53 0.740
9 54 0.702
9 55 1.044
9 56 1.165
9 57 1.056
9 58 1.682
9 59 4.237
9 60 1.111
9 61 1.726
9 62 1.653
9 63 1.609
9 64 1.777
9 65 1.662
9 66 1.589
9 67 0.727
9 68 0.992
9 69 0.860
9 70 0.796
9 71 1.483
9 72 1.513
9 73 1.351
9 74 1.450
9 75 1.446
9 76 1.999
9 77 1.576
9 78 1.819
9 79 1.024
9 80 1.809
9 81 0.796
9 82 2.475
9 83 0.373
9 84 1.846
9 85 1.213
9 86 1.864
9 87 2.479
9 88 2.424
9 89 1.379
9 90 0.149
9 91 1.671
9 92 2.748
9 93 2.549
9 94 0.420
9 95 1.204
9 96 1.333
9 97 2.758
9 98 1.329
9 99 0.700
10 11 1.381
10 12 2.119
10 13 1.180
10 14 1.933
10 15 0.870
10 16 1.690
10 17 1.526
10 18 0.970
10 19 1.584
10 20 2.341
10 21 1.484
10 22 2.247
10 23 2.370
10 24 2.947
10 25 1.038
10 26 3.194
10 27 1.002
10 28 0.850
10 29 2.362
10 30 2.642
10 31 0.471
10 32 1.162
10 33 1.957
10 34 2.080
10 35 0.995
10 36 2.081
10 37 1.308
10 38 0.343
10 39 2.644
10 40 0.914
10 41 1.119
10 42 1.708
10 43 1.792
10 44 0.553
10 45 1.848
10 46 1.574
10 47 1.217
10 48 1.218
10 49 0.927
10 50 1.877
10 51 0.571
10 52 1.388
10 53 1.569
10 54 1.327
10 55 0.969
10 56 0.850
10 57 1.216
10 58 2.989
10 59 2.509
10 60 2.561
10 61 1.492
10 62 0.612
10 63 0.920
10 64 1.996
10 65 2.547
10 66 0.515
10 67 1.384
10 68 1.115
10 69 1.195
10 70 1.348
10 71 0.760
10 72 1.306
10 73 1.825
10 74 1.725
10 75 1.135
10 76 0.923
10 77 3.167
10 78 2.646
10 79 1.109
10 80 1.982
10 81 2.805
10 82 0.872
10 83 1.831
10 84 0.856
10 85 1.415
10 86 0.695
10 87 1.028
10 88 1.097
10 89 0.722
10 90 2.063
10 91 0.939
10 92 1.037
10 93 0.789
10 94 2.079
10 95 0.958
10 96 2.128
10 97 0.851
10 98 1.745
10 99 2.570
11 12 1.780
11 13 1.914
11 14 2.305
11 15 0.575
11 16 1.227
11 17 0.285
11 18 2.317
11 19 0.696
11 20 0.981
11 21 1.104
11 22 1.627
11 23 1.181
11 24 1.812
11 25 0.552
11 26 2.473
11 27 0.420
11 28 1.684
11 29 1.335
11 30 2.373
11 31 1.142
11 32 1.526
11 33 1.541
11 34 1.035
11 35 0.470
11 36 1.857
11 37 0.774
11 38 1.724
11 39 1.474
11 40 1.653
11 41 0.895
11 42 0.492
11 43 0.833
11 44 0.947
11 45 1.276
11 46 0.581
11 47 1.058
11 48 0.664
11 49 1.324
11 50 0.735
11 51 1.130
11 52 0.134
11 53 0.631
11 54 0.062
11 55 0.439
11 56 0.532
11 57 0.692
11 58 2.055
11 59 3.709
11 60 1.507
11 61 1.273
11 62 1.018
11 63 1.153
11 64 1.699
11 65 1.849
11 66 0.948
11 67 0.410
11 68 0.373
11 69 0.227
11 70 0.266
11 71 0.855
11 72 1.204
11 73 1.299
11 74 1.331
11 75 1.069
11 76 1.527
11 77 2.067
11 78 1.998
11 79 0.565
11 80 1.718
11 81 1.429
11 82 1.935
11 83 0.596
11 84 1.241
11 85 0.976
11 86 1.240
11 87 1.864
11 88 1.941
11 89 0.817
11 90 0.724
11 91 1.222
11 92 2.197
11 93 1.980
11 94 0.841
11 95 0.583
11 96 1.433
11 97 2.117
11 98 1.243
11 99 1.286
12 13 3.214
12 14 1.063
12 15 2.001
12 16 2.978
12 17 2.052
12 18 2.956
12 19 1.103
12 20 1.895
12 21 0.725
12 22 0.419
12 23 1.405
12 24 1.550
12 25 1.412
12 26 1.156
12 27 1.929
12 28 1.547
12 29 1.090
12 30 0.597
12 31 2.303
12 32 1.059
12 33 0.240
12 34 2.769
12 35 1.554
12 36 0.168
12 37 1.052
12 38 2.340
12 39 1.466
12 40 1.444
12 41 2.510
12 42 1.448
12 43 1.056
12 44 1.640
12 45 0.520
12 46 2.361
12 47 2.687
12 48 2.355
12 49 1.218
12 50 1.292
12 51 1.549
12 52 1.647
12 53 1.170
12 54 1.805
12 55 1.653
12 56 1.797
12 57 1.164
12 58 1.227
12 59 3.193
12 60 1.197
12 61 2.961
12 62 2.296
12 63 1.199
12 64 0.124
12 65 0.633
12 66 2.118
12 67 1.370
12 68 2.002
12 69 1.889
12 70 2.033
12 71 2.250
12 72 0.819
12 73 0.486
12 74 0.463
12 75 1.004
12 76 1.328
12 77 1.624
12 78 0.641
12 79 1.340
12 80 0.149
12 81 2.289
12 82 1.845
12 83 1.454
12 84 2.640
12 85 0.848
12 86 2.540
12 87 3.091
12 88 1.570
12 89 1.524
12 90 1.711
12 91 1.183
12 92 2.079
12 93 2.035
12 94 1.456
12 95 2.113
12 96 0.545
12 97 2.939
12 98 0.537
12 99 1.717
13 14 3.111
13 15 1.373
13 16 1.312
13 17 1.875
13 18 1.147
13 19 2.430
13 20 2.848
13 21 2.517
13 22 3.262
13 23 3.089
13 24 3.717
13 25 1.895
13 26 4.203
13 27 1.516
13 28 2.020
13 29 3.194
13 30 3.772
13 31 0.915
13 32 2.332
13 33 3.022
13 34 2.019
13 35 1.779
13 36 3.202
13 37 2.252
13 38 1.172
13 39 3.382
13 40 2.091
13 41 1.084
13 42 2.387
13 43 2.628
13 44 1.575
13 45 2.855
13 46 1.705
13 47 0.992
13 48 1.336
13 49 2.084
13 50 2.616
13 51 1.696
13 52 1.999
13 53 2.389
13 54 1.853
13 55 1.698
13 56 1.528
13 57 2.139
13 58 3.892
13 59 3.266
13 60 3.383
13 61 1.042
13 62 0.957
13 63 2.039
13 64 3.096
13 65 3.546
13 66 1.114
13 67 2.146
13 68 1.541
13 69 1.688
13 70 1.717
13 71 1.076
13 72 2.398
13 73 2.846
13 74 2.780
13 75 2.211
13 76 2.101
13 77 3.967
13 78 3.668
13 79 1.978
13 80 3.090
13 81 3.222
13 82 1.969
13 83 2.502
13 84 0.673
13 85 2.418
13 86 0.704
13 87 0.169
13 88 2.245
13 89 1.696
13 90 2.623
13 91 2.075
13 92 2.037
13 93 1.818
13 94 2.753
13 95 1.333
13 96 3.109
13 97 0.840
13 98 2.767
13 99 3.195
14 15 2.257
14 16 3.314
14 17 2.588
14 18 2.485
14 19 1.797
14 20 2.763
14 21 1.276
14 22 1.475
14 23 2.369
14 24 2.605
14 25 1.778
14 26 2.093
14 27 2.258
14 28 1.099
14 29 2.098
14 30 1.147
14 31 2.301
14 32 0.845
14 33 1.168
14 34 3.337
14 35 1.903
14 36 0.898
14 37 1.554
14 38 2.002
14 39 2.485
14 40 1.021
14 41 2.752
14 42 2.167
14 43 1.862
14 44 1.688
14 45 1.384
14 46 2.843
14 47 2.913
14 48 2.689
14 49 1.106
14 50 2.105
14 51 1.492
14 52 2.195
14 53 1.853
14 54 2.302
14 55 1.989
14 56 2.065
14 57 1.617
14 58 2.281
14 59 2.174
14 60 2.233
14 61 3.211
14 62 2.366
14 63 1.233
14 64 1.002
14 65 1.687
14 66 2.186
14 67 1.942
14 68 2.371
14 69 2.314
14 70 2.498
14 71 2.404
14 72 1.106
14 73 1.328
14 74 1.185
14 75 1.240
14 76 1.020
14 77 2.687
14 78 1.663
14 79 1.745
14 80 0.958
14 81 3.212
14 82 1.257
14 83 2.224
14 84 2.701
14 85 1.384
14 86 2.559
14 87 2.957
14 88 0.930
14 89 1.673
14 90 2.523
14 91 1.170
14 92 1.382
14 93 1.461
14 94 2.319
14 95 2.389
14 96 1.555
14 97 2.578
14 98 1.314
14 99 2.683
15 16 1.057
15 17 0.661
15 18 1.762
15 19 1.072
15 20 1.555
15 21 1.276
15 22 1.960
15 23 1.723
15 24 2.347
15 25 0.590
15 26 2.875
15 27 0.155
15 28 1.399
15 29 1.822
15 30 2.594
15 31 0.569
15 32 1.415
15 33 1.779
15 34 1.243
15 35 0.451
15 36 2.034
15 37 0.958
15 38 1.203
15 39 2.015
15 40 1.403
15 41 0.516
15 42 1.019
15 43 1.263
15 44 0.611
15 45 1.562
15 46 0.721
15 47 0.690
15 48 0.439
15 49 1.162
15 50 1.243
15 51 0.829
15 52 0.635
15 53 1.025
15 54 0.513
15 55 0.354
15 56 0.206
15 57 0.843
15 58 2.527
15 59 3.328
15 60 2.010
15 61 0.977
15 62 0.445
15 63 1.024
15 64 1.897
15 65 2.225
15 66 0.384
15 67 0.777
15 68 0.247
15 69 0.355
15 70 0.480
15 71 0.297
15 72 1.254
15 73 1.567
15 74 1.540
15 75 1.071
15 76 1.313
15 77 2.595
15 78 2.359
15 79 0.666
15 80 1.903
15 81 1.990
15 82 1.581
15 83 1.137
15 84 0.709
15 85 1.155
15 86 0.678
15 87 1.307
15 88 1.676
15 89 0.584
15 90 1.298
15 91 1.088
15 92 1.814
15 93 1.576
15 94 1.392
15 95 0.133
15 96 1.787
15 97 1.547
15 98 1.494
15 99 1.855
16 17 1.008
16 18 2.269
16 19 1.920
16 20 1.869
16 21 2.267
16 22 2.853
16 23 2.292
16 24 2.906
16 25 1.593
16 26 3.689
16 27 1.073
16 28 2.409
16 29 2.517
16 30 3.575
16 31 1.221
16 32 2.471
16 33 2.742
16 34 0.752
16 35 1.452
16 36 3.035
16 37 1.930
16 38 1.933
16 39 2.568
16 40 2.428
16 41 0.586
16 42 1.685
16 43 2.058
16 44 1.648
16 45 2.490
16 46 0.696
16 47 0.476
16 48 0.634
16 49 2.216
16 50 1.927
16 51 1.862
16 52 1.359
16 53 1.857
16 54 1.189
16 55 1.355
16 56 1.253
16 57 1.824
16 58 3.235
16 59 4.186
16 60 2.668
16 61 0.271
16 62 1.080
16 63 2.081
16 64 2.885
16 65 3.075
16 66 1.216
16 67 1.622
16 68 0.981
16 69 1.088
16 70 0.961
16 71 0.961
16 72 2.290
16 73 2.508
16 74 2.517
16 75 2.114
16 76 2.355
16 77 3.168
16 78 3.224
16 79 1.653
16 80 2.898
16 81 2.124
16 82 2.534
16 83 1.761
16 84 0.903
16 85 2.138
16 86 1.051
16 87 1.379
16 88 2.686
16 89 1.641
16 90 1.736
16 91 2.145
16 92 2.725
16 93 2.477
16 94 1.961
16 95 0.925
16 96 2.660
16 97 1.971
16 98 2.445
16 99 2.282
17 18 2.418
17 19 0.954
17 20 0.974
17 21 1.387
17 22 1.874
17 23 1.303
17 24 1.929
17 25 0.822
17 26 2.684
17 27 0.524
17 28 1.926
17 29 1.511
17 30 2.641
17 31 1.211
17 32 1.800
17 33 1.811
17 34 0.750
17 35 0.721
17 36 2.135
17 37 1.058
17 38 1.862
17 39 1.588
17 40 1.904
17 41 0.800
17 42 0.680
17 43 1.065
17 44 1.159
17 45 1.541
17 46 0.321
17 47 0.937
17 48 0.547
17 49 1.588
17 50 0.920
17 51 1.359
17 52 0.409
17 53 0.887
17 54 0.287
17 55 0.666
17 56 0.703
17 57 0.977
17 58 2.230
17 59 3.930
17 60 1.666
17 61 1.101
17 62 1.065
17 63 1.419
17 64 1.975
17 65 2.079
17 66 1.044
17 67 0.687
17 68 0.415
17 69 0.343
17 70 0.182
17 71 0.884
17 72 1.488
17 73 1.568
17 74 1.608
17 75 1.350
17 76 1.784
17 77 2.189
17 78 2.231
17 79 0.844
17 80 1.995
17 81 1.362
17 82 2.159
17 83 0.753
17 84 1.214
17 85 1.259
17 86 1.251
17 87 1.850
17 88 2.191
17 89 1.051
17 90 0.771
17 91 1.489
17 92 2.413
17 93 2.186
17 94 0.964
17 95 0.609
17 96 1.677
17 97 2.190
17 98 1.515
17 99 1.343
18 19 2.552
18 20 3.292
18 21 2.398
18 22 3.148
18 23 3.340
18 24 3.914
18 25 2.009
18 26 4.082
18 27 1.911
18 28 1.446
18 29 3.324
18 30 3.413
18 31 1.211
18 32 1.909
18 33 2.830
18 34 2.842
18 35 1.962
18 36 2.885
18 37 2.263
18 38 0.650
18 39 3.614
18 40 1.546
18 41 1.809
18 42 2.675
18 43 2.758
18 44 1.518
18 45 2.765
18 46 2.389
18 47 1.823
18 48 1.996
18 49 1.742
18 50 2.847
18 51 1.484
18 52 2.340
18 53 2.539
18 54 2.259
18 55 1.929
18 56 1.792
18 57 2.179
18 58 3.928
18 59 2.135
18 60 3.523
18 61 2.011
18 62 1.365
18 63 1.798
18 64 2.832
18 65 3.451
18 66 1.377
18 67 2.354
18 68 2.005
18 69 2.112
18 70 2.236
18 71 1.550
18 72 2.184
18 73 2.735
18 74 2.616
18 75 2.038
18 76 1.637
18 77 4.129
18 78 3.535
18 79 2.079
18 80 2.810
18 81 3.746
18 82 1.228
18 83 2.798
18 84 1.378
18 85 2.347
18 86 1.255
18 87 0.996
18 88 1.556
18 89 1.689
18 90 3.020
18 91 1.795
18 92 1.151
18 93 1.025
18 94 3.048
18 95 1.812
18 96 3.051
18 97 0.311
18 98 2.657
18 99 3.538
19 20 0.998
19 21 0.521
19 22 0.933
19 23 0.806
19 24 1.363
19 25 0.558
19 26 1.810
19 27 0.952
19 28 1.506
19 29 0.784
19 30 1.688
19 31 1.546
19 32 1.165
19 33 0.863
19 34 1.667
19 35 0.653
19 36 1.199
19 37 0.332
19 38 1.905
19 39 1.065
19 40 1.437
19 41 1.528
19 42 0.373
19 43 0.208
19 44 1.034
19 45 0.587
19 46 1.270
19 47 1.702
19 48 1.329
19 49 1.069
19 50 0.353
19 51 1.104
19 52 0.562
19 53 0.068
19 54 0.731
19 55 0.732
19 56 0.903
19 57 0.381
19 58 1.462
19 59 3.529
19 60 0.982
19 61 1.946
19 62 1.475
19 63 0.911
19 64 1.036
19 65 1.169
19 66 1.334
19 67 0.306
19 68 0.986
19 69 0.850
19 70 0.959
19 71 1.364
19 72 0.731
19 73 0.617
19 74 0.680
19 75 0.701
19 76 1.287
19 77 1.587
19 78 1.312
19 79 0.480
19 80 1.061
19 81 1.476
19 82 1.816
19 83 0.431
19 84 1.778
19 85 0.422
19 86 1.726
19 87 2.345
19 88 1.704
19 89 0.863
19 90 0.735
19 91 0.962
19 92 2.095
19 93 1.929
19 94 0.588
19 95 1.150
19 96 0.742
19 97 2.423
19 98 0.572
19 99 1.060
20 21 1.502
20 22 1.552
20 23 0.576
20 24 1.080
20 25 1.359
20 26 2.083
20 27 1.400
20 28 2.469
20 29 0.917
20 30 2.390
20 31 2.123
20 32 2.162
20 33 1.682
20 34 1.263
20 35 1.358
20 36 2.036
20 37 1.313
20 38 2.683
20 39 0.771
20 40 2.411
20 41 1.773
20 42 0.680
20 43 0.902
20 44 1.849
20 45 1.412
20 46 1.204
20 47 1.902
20 48 1.519
20 49 2.044
20 50 0.661
20 51 1.988
20 52 0.954
20 53 0.958
20 54 1.042
20 55 1.372
20 56 1.500
20 57 1.318
20 58 1.522
20 59 4.509
20 60 0.974
20 61 2.026
20 62 1.994
20 63 1.876
20 64 1.874
20 65 1.622
20 66 1.929
20 67 1.012
20 68 1.333
20 69 1.201
20 70 1.133
20 71 1.824
20 72 1.728
20 73 1.463
20 74 1.587
20 75 1.690
20 76 2.264
20 77 1.338
20 78 1.776
20 79 1.316
20 80 1.911
20 81 0.486
20 82 2.763
20 83 0.578
20 84 2.182
20 85 1.417
20 86 2.204
20 87 2.817
20 88 2.687
20 89 1.689
20 90 0.285
20 91 1.935
20 92 3.040
20 93 2.849
20 94 0.447
20 95 1.545
20 96 1.368
20 97 3.098
20 98 1.459
20 99 0.426
21 22 0.764
21 23 1.193
21 24 1.619
21 25 0.688
21 26 1.712
21 27 1.207
21 28 1.139
21 29 1.023
21 30 1.319
21 31 1.602
21 32 0.712
21 33 0.509
21 34 2.130
21 35 0.830
21 36 0.768
21 37 0.338
21 38 1.754
21 39 1.390
21 40 1.052
21 41 1.786
21 42 0.892
21 43 0.608
21 44 0.960
21 45 0.367
21 46 1.681
21 47 1.963
21 48 1.639
21 49 0.709
21 50 0.841
21 51 0.920
21 52 0.978
21 53 0.578
21 54 1.119
21 55 0.929
21 56 1.072
21 57 0.443
21 58 1.537
21 59 3.091
21 60 1.210
21 61 2.239
21 62 1.582
21 63 0.605
21 64 0.623
21 65 1.063
21 66 1.409
21 67 0.704
21 68 1.287
21 69 1.183
21 70 1.341
21 71 1.527
21 72 0.263
21 73 0.342
21 74 0.266
21 75 0.360
21 76 0.903
21 77 1.793
21 78 1.166
21 79 0.618
21 80 0.632
21 81 1.967
21 82 1.461
21 83 0.949
21 84 1.922
21 85 0.130
21 86 1.830
21 87 2.403
21 88 1.285
21 89 0.822
21 90 1.250
21 91 0.624
21 92 1.734
21 93 1.612
21 94 1.067
21 95 1.389
21 96 0.653
21 97 2.331
21 98 0.262
21 99 1.489
22 23 1.024
22 24 1.131
22 25 1.380
22 26 0.949
22 27 1.860
22 28 1.807
22 29 0.690
22 30 0.839
22 31 2.349
22 32 1.324
22 33 0.354
22 34 2.548
22 35 1.511
22 36 0.587
22 37 1.013
22 38 2.509
22 39 1.054
22 40 1.708
22 41 2.444
22 42 1.216
22 43 0.814
22 44 1.721
22 45 0.408
22 46 2.194
22 47 2.621
22 48 2.257
22 49 1.418
22 50 1.015
22 51 1.681
22 52 1.494
22 53 0.996
22 54 1.664
22 55 1.606
22 56 1.768
22 57 1.128
22 58 0.852
22 59 3.575
22 60 0.780
22 61 2.874
22 62 2.314
22 63 1.350
22 64 0.477
22 65 0.303
22 66 2.149
22 67 1.234
22 68 1.909
22 69 1.778
22 70 1.892
22 71 2.236
22 72 0.965
22 73 0.423
22 74 0.533
22 75 1.115
22 76 1.574
22 77 1.218
22 78 0.406
22 79 1.299
22 80 0.521
22 81 1.911
22 82 2.122
22 83 1.190
22 84 2.644
22 85 0.848
22 86 2.566
22 87 3.155
22 88 1.880
22 89 1.576
22 90 1.406
22 91 1.355
22 92 2.376
22 93 2.297
22 94 1.134
22 95 2.055
22 96 0.201
22 97 3.092
22 98 0.503
22 99 1.328
23 24 0.632
23 25 1.331
23 26 1.511
23 27 1.575
23 28 2.293
23 29 0.349
23 30 1.850
23 31 2.263
23 32 1.903
23 33 1.221
23 34 1.779
23 35 1.389
23 36 1.560
23 37 1.132
23 38 2.699
23 39 0.293
23 40 2.216
23 41 2.069
23 42 0.704
23 43 0.618
23 44 1.827
23 45 0.985
23 46 1.597
23 47 2.224
23 48 1.827
23 49 1.852
23 50 0.495
23 51 1.910
23 52 1.091
23 53 0.807
23 54 1.241
23 55 1.442
23 56 1.603
23 57 1.187
23 58 0.971
23 59 4.283
23 60 0.405
23 61 2.403
23 62 2.163
23 63 1.704
23 64 1.409
23 65 1.054
23 66 2.053
23 67 0.992
23 68 1.553
23 69 1.404
23 70 1.413
23 71 2.018
23 72 1.451
23 73 1.041
23 74 1.190
23 75 1.476
23 76 2.065
23 77 0.889
23 78 1.206
23 79 1.262
23 80 1.451
23 81 0.888
23 82 2.608
23 83 0.588
23 84 2.417
23 85 1.152
23 86 2.401
23 87 3.030
23 88 2.468
23 89 1.656
23 90 0.565
23 91 1.749
23 92 2.887
23 93 2.731
23 94 0.342
23 95 1.757
23 96 0.861
23 97 3.191
23 98 1.063
23 99 0.315
24 25 1.916
24 26 1.148
24 27 2.202
24 28 2.757
24 29 0.600
24 30 1.813
24 31 2.877
24 32 2.317
24 33 1.448
24 34 2.342
24 35 1.991
24 36 1.717
24 37 1.658
24 38 3.266
24 39 0.341
24 40 2.670
24 41 2.701
24 42 1.330
24 43 1.156
24 44 2.396
24 45 1.308
24 46 2.215
24 47 2.855
24 48 2.458
24 49 2.323
24 50 1.106
24 51 2.450
24 52 1.719
24 53 1.381
24 54 1.872
24 55 2.052
24 56 2.217
24 57 1.736
24 58 0.550
24 59 4.663
24 60 0.408
24 61 3.028
24 62 2.784
24 63 2.197
24 64 1.603
24 65 0.983
24 66 2.666
24 67 1.596
24 68 2.183
24 69 2.034
24 70 2.044
24 71 2.644
24 72 1.880
24 73 1.360
24 74 1.519
24 75 1.953
24 76 2.521
24 77 0.262
24 78 1.087
24 79 1.840
24 80 1.648
24 81 1.146
24 82 3.079
24 83 1.218
24 84 3.046
24 85 1.619
24 86 3.025
24 87 3.654
24 88 2.893
24 89 2.225
24 90 1.170
24 91 2.230
24 92 3.352
24 93 3.224
24 94 0.973
24 95 2.387
24 96 1.066
24 97 3.784
24 98 1.413
24 99 0.656
25 26 2.311
25 27 0.523
25 28 1.149
25 29 1.342
25 30 2.007
25 31 0.995
25 32 0.978
25 33 1.189
25 34 1.565
25 35 0.143
25 36 1.452
25 37 0.370
25 38 1.369
25 39 1.607
25 40 1.110
25 41 1.098
25 42 0.690
25 43 0.766
25 44 0.502
25 45 0.978
25 46 1.065
25 47 1.275
25 48 0.960
25 49 0.773
25 50 0.839
25 51 0.630
25 52 0.473
25 53 0.535
25 54 0.535
25 55 0.242
25 56 0.390
25 57 0.254
25 58 2.011
25 59 3.190
25 60 1.540
25 61 1.553
25 62 0.939
25 63 0.601
25 64 1.310
25 65 1.656
25 66 0.786
25 67 0.354
25 68 0.614
25 69 0.537
25 70 0.720
25 71 0.855
25 72 0.702
25 73 0.979
25 74 0.950
25 75 0.540
25 76 0.979
25 77 2.144
25 78 1.783
25 79 0.083
25 80 1.318
25 81 1.842
25 82 1.421
25 83 0.809
25 84 1.263
25 85 0.565
25 86 1.192
25 87 1.800
25 88 1.398
25 89 0.334
25 90 1.074
25 91 0.670
25 92 1.693
25 93 1.493
25 94 1.048
25 95 0.701
25 96 1.217
25 97 1.868
25 98 0.905
25 99 1.541
26 27 2.762
26 28 2.698
26 29 1.202
26 30 0.991
26 31 3.292
26 32 2.209
26 33 1.252
26 34 3.269
26 35 2.435
26 36 1.273
26 37 1.950
26 38 3.449
26 39 1.341
26 40 2.596
26 41 3.337
26 42 2.005
26 43 1.642
26 44 2.670
26 45 1.355
26 46 3.003
26 47 3.511
26 48 3.130
26 49 2.341
26 50 1.766
26 51 2.626
26 52 2.347
26 53 1.865
26 54 2.520
26 55 2.525
26 56 2.692
26 57 2.063
26 58 0.600
26 59 4.268
26 60 1.108
26 61 3.745
26 62 3.249
26 63 2.289
26 64 1.274
26 65 0.656
26 66 3.089
26 67 2.115
26 68 2.794
26 69 2.654
26 70 2.738
26 71 3.160
26 72 1.901
26 73 1.371
26 74 1.471
26 75 2.060
26 76 2.474
26 77 1.017
26 78 0.549
26 79 2.228
26 80 1.305
26 81 2.270
26 82 3.000
26 83 1.938
26 84 3.572
26 85 1.795
26 86 3.502
26 87 4.099
26 88 2.724
26 89 2.524
26 90 2.052
26 91 2.288
26 92 3.235
26 93 3.188
26 94 1.781
26 95 2.959
26 96 1.094
26 97 4.037
26 98 1.452
26 99 1.710
27 28 1.461
27 29 1.686
27 30 2.525
27 31 0.723
27 32 1.425
27 33 1.701
27 34 1.161
27 35 0.381
27 36 1.974
27 37 0.878
27 38 1.340
27 39 1.868
27 40 1.454
27 41 0.585
27 42 0.872
27 43 1.135
27 44 0.672
27 45 1.470
27 46 0.635
27 47 0.763
27 48 0.439
27 49 1.183
27 50 1.101
27 51 0.886
27 52 0.485
27 53 0.901
27 54 0.358
27 55 0.283
27 56 0.207
27 57 0.766
27 58 2.396
27 59 3.427
27 60 1.871
27 61 1.032
27 62 0.599
27 63 1.031
27 64 1.830
27 65 2.116
27 66 0.534
27 67 0.651
27 68 0.128
27 69 0.201
27 70 0.349
27 71 0.443
27 72 1.216
27 73 1.479
27 74 1.466
27 75 1.042
27 76 1.352
27 77 2.451
27 78 2.254
27 79 0.589
27 80 1.839
27 81 1.838
27 82 1.666
27 83 0.988
27 84 0.846
27 85 1.082
27 86 0.828
27 87 1.455
27 88 1.735
27 89 0.606
27 90 1.144
27 91 1.098
27 92 1.910
27 93 1.677
27 94 1.242
27 95 0.197
27 96 1.681
27 97 1.701
27 98 1.409
27 99 1.701
28 29 2.160
28 30 1.969
28 31 1.268
28 32 0.489
28 33 1.462
28 34 2.622
28 35 1.213
28 36 1.457
28 37 1.174
28 38 0.906
28 39 2.516
28 40 0.103
28 41 1.824
28 42 1.789
28 43 1.676
28 44 0.791
28 45 1.475
28 46 2.096
28 47 1.961
28 48 1.833
28 49 0.441
28 50 1.857
28 51 0.575
28 52 1.621
28 53 1.528
28 54 1.653
28 55 1.261
28 56 1.254
28 57 1.152
28 58 2.643
28 59 2.045
28 60 2.349
28 61 2.255
28 62 1.365
28 63 0.596
28 64 1.426
28 65 2.104
28 66 1.202
28 67 1.465
28 68 1.589
28 69 1.592
28 70 1.782
28 71 1.450
28 72 0.880
28 73 1.432
28 74 1.286
28 75 0.817
28 76 0.237
28 77 2.929
28 78 2.162
28 79 1.170
28 80 1.398
28 81 2.955
28 82 0.322
28 83 1.893
28 84 1.673
28 85 1.147
28 86 1.519
28 87 1.862
28 88 0.277
28 89 0.875
28 90 2.187
28 91 0.545
28 92 0.596
28 93 0.491
28 94 2.091
28 95 1.527
28 96 1.757
28 97 1.496
28 98 1.364
28 99 2.564
29 30 1.506
29 31 2.324
29 32 1.729
29 33 0.931
29 34 2.067
29 35 1.431
29 36 1.252
29 37 1.062
29 38 2.675
29 39 0.388
29 40 2.074
29 41 2.227
29 42 0.845
29 43 0.577
29 44 1.809
29 45 0.739
29 46 1.823
29 47 2.393
29 48 1.999
29 49 1.724
29 50 0.600
29 51 1.853
29 52 1.222
29 53 0.813
29 54 1.389
29 55 1.502
29 56 1.672
29 57 1.146
29 58 0.721
29 59 4.093
29 60 0.199
29 61 2.599
29 62 2.245
29 63 1.596
29 64 1.111
29 65 0.706
29 66 2.113
29 67 1.048
29 68 1.689
29 69 1.541
29 70 1.590
29 71 2.119
29 72 1.286
29 73 0.794
29 74 0.952
29 75 1.353
29 76 1.925
29 77 0.806
29 78 0.860
29 79 1.264
29 80 1.154
29 81 1.228
29 82 2.482
29 83 0.757
29 84 2.530
29 85 1.019
29 86 2.493
29 87 3.117
29 88 2.305
29 89 1.640
29 90 0.850
29 91 1.630
29 92 2.756
29 93 2.624
29 94 0.579
29 95 1.880
29 96 0.550
29 97 3.205
29 98 0.836
29 99 0.639
30 31 2.868
30 32 1.510
30 33 0.833
30 34 3.348
30 35 2.148
30 36 0.570
30 37 1.648
30 38 2.828
30 39 1.833
30 40 1.867
30 41 3.104
30 42 2.017
30 43 1.617
30 44 2.200
30 45 1.101
30 46 2.953
30 47 3.282
30 48 2.953
30 49 1.718
30 50 1.838
30 51 2.084
30 52 2.240
30 53 1.755
30 54 2.399
30 55 2.248
30 56 2.389
30 57 1.760
30 58 1.346
30 59 3.308
30 60 1.549
30 61 3.557
30 62 2.872
30 63 1.735
30 64 0.697
30 65 0.839
30 66 2.691
30 67 1.964
30 68 2.600
30 69 2.486
30 70 2.628
30 71 2.835
30 72 1.378
30 73 1.074
30 74 1.059
30 75 1.568
30 76 1.779
30 77 1.802
30 78 0.726
30 79 1.936
30 80 0.693
30 81 2.734
30 82 2.230
30 83 2.009
30 84 3.218
30 85 1.443
30 86 3.111
30 87 3.641
30 88 1.920
30 89 2.097
30 90 2.241
30 91 1.706
30 92 2.426
30 93 2.433
30 94 1.971
30 95 2.708
30 96 1.030
30 97 3.431
30 98 1.131
30 99 2.144
31 32 1.478
31 33 2.107
31 34 1.664
31 35 0.893
31 36 2.297
31 37 1.343
31 38 0.728
31 39 2.552
31 40 1.313
31 41 0.662
31 42 1.564
31 43 1.750
31 44 0.669
31 45 1.941
31 46 1.185
31 47 0.747
31 48 0.801
31 49 1.218
31 50 1.773
31 51 0.820
31 52 1.192
31 53 1.512
31 54 1.082
31 55 0.825
31 56 0.660
31 57 1.232
31 58 3.005
31 59 2.968
31 60 2.519
31 61 1.021
31 62 0.160
31 63 1.147
31 64 2.186
31 65 2.636
31 66 0.212
31 67 1.282
31 68 0.803
31 69 0.923
31 70 1.029
31 71 0.341
31 72 1.490
31 73 1.932
31 74 1.865
31 75 1.301
31 76 1.282
31 77 3.116
31 78 2.755
31 79 1.077
31 80 2.181
31 81 2.557
31 82 1.335
31 83 1.685
31 84 0.405
31 85 1.503
31 86 0.258
31 87 0.808
31 88 1.532
31 89 0.781
31 90 1.864
31 91 1.190
31 92 1.508
31 93 1.260
31 94 1.941
31 95 0.603
31 96 2.200
31 97 0.981
31 98 1.853
31 99 2.414
32 33 0.976
32 34 2.540
32 35 1.089
32 36 0.977
32 37 0.853
32 38 1.319
32 39 2.101
32 40 0.387
32 41 1.907
32 42 1.501
32 43 1.302
32 44 0.844
32 45 1.015
32 46 2.030
32 47 2.068
32 48 1.850
32 49 0.263
32 50 1.515
32 51 0.658
32 52 1.432
32 53 1.204
32 54 1.513
32 55 1.166
32 56 1.227
32 57 0.876
32 58 2.167
32 59 2.380
32 60 1.910
32 61 2.366
32 62 1.530
32 63 0.394
32 64 0.938
32 65 1.619
32 66 1.348
32 67 1.214
32 68 1.543
32 69 1.500
32 70 1.690
32 71 1.560
32 72 0.452
32 73 0.967
32 74 0.814
32 75 0.480
32 76 0.272
32 77 2.474
32 78 1.674
32 79 0.963
32 80 0.911
32 81 2.641
32 82 0.798
32 83 1.586
32 84 1.871
32 85 0.758
32 86 1.735
32 87 2.187
32 88 0.576
32 89 0.830
32 90 1.891
32 91 0.327
32 92 1.054
32 93 0.980
32 94 1.748
32 95 1.548
32 96 1.288
32 97 1.922
32 98 0.906
32 99 2.194
33 34 2.529
33 35 1.329
33 36 0.355
33 37 0.823
33 38 2.199
33 39 1.318
33 40 1.362
33 41 2.284
33 42 1.210
33 43 0.823
33 44 1.454
33 45 0.284
33 46 2.122
33 47 2.462
33 48 2.123
33 49 1.089
33 50 1.063
33 51 1.385
33 52 1.408
33 53 0.930
33 54 1.566
33 55 1.428
33 56 1.577
33 57 0.937
33 58 1.206
33 59 3.230
33 60 1.066
33 61 2.732
33 62 2.091
33 63 1.042
33 64 0.192
33 65 0.643
33 66 1.917
33 67 1.131
33 68 1.770
33 69 1.654
33 70 1.795
33 71 2.035
33 72 0.653
33 73 0.246
33 74 0.243
33 75 0.824
33 76 1.231
33 77 1.558
33 78 0.706
33 79 1.114
33 80 0.231
33 81 2.093
33 82 1.774
33 83 1.221
33 84 2.431
33 85 0.624
33 86 2.338
33 87 2.904
33 88 1.527
33 89 1.326
33 90 1.486
33 91 1.037
33 92 2.025
33 93 1.953
33 94 1.238
33 95 1.888
33 96 0.387
33 97 2.792
33 98 0.298
33 99 1.536
34 35 1.452
34 36 2.864
34 37 1.806
34 38 2.386
34 39 2.022
34 40 2.611
34 41 1.033
34 42 1.334
34 43 1.736
34 44 1.833
34 45 2.251
34 46 0.527
34 47 1.049
34 48 0.865
34 49 2.317
34 50 1.539
34 51 2.046
34 52 1.154
34 53 1.599
34 54 1.035
34 55 1.381
34 56 1.367
34 57 1.727
34 58 2.750
34 59 4.569
34 60 2.181
34 61 0.998
34 62 1.504
34 63 2.153
34 64 2.701
34 65 2.714
34 66 1.565
34 67 1.426
34 68 1.033
34 69 1.043
34 70 0.851
34 71 1.330
34 72 2.238
34 73 2.284
34 74 2.339
34 75 2.098
34 76 2.502
34 77 2.601
34 78 2.870
34 79 1.592
34 80 2.725
34 81 1.421
34 82 2.822
34 83 1.361
34 84 1.480
34 85 2.003
34 86 1.588
34 87 2.057
34 88 2.894
34 89 1.755
34 90 1.220
34 91 2.222
34 92 3.057
34 93 2.818
34 94 1.488
34 95 1.131
34 96 2.347
34 97 2.568
34 98 2.238
34 99 1.690
35 36 1.594
35 37 0.507
35 38 1.334
35 39 1.672
35 40 1.185
35 41 0.956
35 42 0.714
35 43 0.857
35 44 0.495
35 45 1.112
35 46 0.943
35 47 1.134
35 48 0.818
35 49 0.867
35 50 0.894
35 51 0.663
35 52 0.423
35 53 0.618
35 54 0.441
35 55 0.099
35 56 0.257
35 57 0.392
35 58 2.115
35 59 3.241
35 60 1.626
35 61 1.410
35 62 0.823
35 63 0.701
35 64 1.452
35 65 1.781
35 66 0.682
35 67 0.397
35 68 0.476
35 69 0.412
35 70 0.601
35 71 0.726
35 72 0.839
35 73 1.116
35 74 1.092
35 75 0.671
35 76 1.063
35 77 2.226
35 78 1.912
35 79 0.215
35 80 1.461
35 81 1.833
35 82 1.467
35 83 0.837
35 84 1.137
35 85 0.706
35 86 1.075
35 87 1.692
35 88 1.473
35 89 0.349
35 90 1.076
35 91 0.770
35 92 1.732
35 93 1.521
35 94 1.086
35 95 0.559
35 96 1.343
35 97 1.802
35 98 1.043
35 99 1.576
36 37 1.105
36 38 2.282
36 39 1.630
36 40 1.354
36 41 2.548
36 42 1.557
36 43 1.176
36 44 1.629
36 45 0.636
36 46 2.438
36 47 2.724
36 48 2.407
36 49 1.163
36 50 1.417
36 51 1.518
36 52 1.727
36 53 1.266
36 54 1.877
36 55 1.693
36 56 1.829
36 57 1.211
36 58 1.386
36 59 3.039
36 60 1.363
36 61 3.004
36 62 2.302
36 63 1.168
36 64 0.165
36 65 0.792
36 66 2.121
36 67 1.449
36 68 2.055
36 69 1.950
36 70 2.103
36 71 2.269
36 72 0.808
36 73 0.592
36 74 0.527
36 75 0.998
36 76 1.249
36 77 1.790
36 78 0.783
36 79 1.385
36 80 0.139
36 81 2.440
36 82 1.743
36 83 1.573
36 84 2.649
36 85 0.897
36 86 2.541
36 87 3.073
36 88 1.456
36 89 1.527
36 90 1.840
36 91 1.142
36 92 1.967
36 93 1.939
36 94 1.593
36 95 2.152
36 96 0.703
36 97 2.885
36 98 0.627
36 99 1.874
37 38 1.613
37 39 1.378
37 40 1.107
37 41 1.461
37 42 0.648
37 43 0.516
37 44 0.756
37 45 0.608
37 46 1.346
37 47 1.639
37 48 1.304
37 49 0.738
37 50 0.684
37 51 0.792
37 52 0.652
37 53 0.357
37 54 0.785
37 55 0.605
37 56 0.760
37 57 0.116
37 58 1.685
37 59 3.202
37 60 1.261
37 61 1.910
37 62 1.301
37 63 0.579
37 64 0.956
37 65 1.294
37 66 1.139
37 67 0.388
37 68 0.952
37 69 0.846
37 70 1.004
37 71 1.225
37 72 0.450
37 73 0.609
37 74 0.589
37 75 0.377
37 76 0.957
37 77 1.867
37 78 1.417
37 79 0.292
37 80 0.968
37 81 1.796
37 82 1.483
37 83 0.735
37 84 1.631
37 85 0.208
37 86 1.553
37 87 2.151
37 88 1.377
37 89 0.592
37 90 1.039
37 91 0.630
37 92 1.762
37 93 1.600
37 94 0.918
37 95 1.065
37 96 0.857
37 97 2.157
37 98 0.535
37 99 1.392
38 39 2.969
38 40 0.995
38 41 1.389
38 42 2.047
38 43 2.111
38 44 0.872
38 45 2.121
38 46 1.891
38 47 1.458
38 48 1.521
38 49 1.122
38 50 2.208
38 51 0.836
38 52 1.730
38 53 1.895
38 54 1.670
38 55 1.312
38 56 1.192
38 57 1.530
38 58 3.280
38 59 2.256
38 60 2.874
38 61 1.710
38 62 0.886
38 63 1.160
38 64 2.216
38 65 2.812
38 66 0.831
38 67 1.719
38 68 1.449
38 69 1.535
38 70 1.682
38 71 1.056
38 72 1.548
38 73 2.093
38 74 1.979
38 75 1.395
38 76 1.053
38 77 3.480
38 78 2.901
38 79 1.437
38 80 2.197
38 81 3.149
38 82 0.800
38 83 2.169
38 84 1.046
38 85 1.699
38 86 0.888
38 87 1.006
38 88 1.094
38 89 1.044
38 90 2.405
38 91 1.163
38 92 0.874
38 93 0.647
38 94 2.414
38 95 1.281
38 96 2.406
38 97 0.603
38 98 2.014
38 99 2.907
39 40 2.435
39 41 2.360
39 42 0.996
39 43 0.864
39 44 2.097
39 45 1.125
39 46 1.875
39 47 2.514
39 48 2.116
39 49 2.076
39 50 0.780
39 51 2.167
39 52 1.384
39 53 1.075
39 54 1.534
39 55 1.729
39 56 1.892
39 57 1.445
39 58 0.759
39 59 4.473
39 60 0.284
39 61 2.687
39 62 2.454
39 63 1.938
39 64 1.494
39 65 0.999
39 66 2.341
39 67 1.275
39 68 1.845
39 69 1.697
39 70 1.703
39 71 2.310
39 72 1.653
39 73 1.180
39 74 1.337
39 75 1.701
39 76 2.284
39 77 0.602
39 78 1.135
39 79 1.535
39 80 1.538
39 81 0.941
39 82 2.836
39 83 0.880
39 84 2.710
39 85 1.369
39 86 2.693
39 87 3.321
39 88 2.674
39 89 1.926
39 90 0.832
39 91 1.978
39 92 3.113
39 93 2.969
39 94 0.633
39 95 2.050
39 96 0.933
39 97 3.472
39 98 1.219
39 99 0.370
40 41 1.845
40 42 1.733
40 43 1.602
40 44 0.792
40 45 1.382
40 46 2.087
40 47 1.988
40 48 1.840
40 49 0.369
40 50 1.790
40 51 0.574
40 52 1.583
40 53 1.463
40 54 1.626
40 55 1.239
40 56 1.247
40 57 1.093
40 58 2.546
40 59 2.099
40 60 2.262
40 61 2.284
40 62 1.401
40 63 0.534
40 64 1.323
40 65 2.004
40 66 1.232
40 67 1.414
40 68 1.581
40 69 1.575
40 70 1.766
40 71 1.475
40 72 0.790
40 73 1.338
40 74 1.190
40 75 0.741
40 76 0.151
40 77 2.838
40 78 2.061
40 79 1.124
40 80 1.295
40 81 2.896
40 82 0.415
40 83 1.833
40 84 1.718
40 85 1.067
40 86 1.567
40 87 1.935
40 88 0.288
40 89 0.857
40 90 2.130
40 91 0.477
40 92 0.683
40 93 0.593
40 94 2.024
40 95 1.533
40 96 1.662
40 97 1.590
40 98 1.271
40 99 2.493
41 42 1.386
41 43 1.699
41 44 1.072
41 45 2.056
41 46 0.628
41 47 0.178
41 48 0.254
41 49 1.648
41 50 1.628
41 51 1.283
41 52 1.006
41 53 1.472
41 54 0.838
41 55 0.857
41 56 0.721
41 57 1.347
41 58 2.946
41 59 3.627
41 60 2.402
41 61 0.463
41 62 0.509
41 63 1.523
41 64 2.408
41 65 2.696
41 66 0.631
41 67 1.222
41 68 0.543
41 69 0.688
41 70 0.659
41 71 0.376
41 72 1.769
41 73 2.064
41 74 2.048
41 75 1.585
41 76 1.776
41 77 2.958
41 78 2.836
41 79 1.170
41 80 2.415
41 81 2.138
41 82 1.951
41 83 1.489
41 84 0.457
41 85 1.662
41 86 0.555
41 87 1.079
41 88 2.100
41 89 1.084
41 90 1.565
41 91 1.584
41 92 2.149
41 93 1.901
41 94 1.727
41 95 0.397
41 96 2.263
41 97 1.536
41 98 1.994
41 99 2.138
42 43 0.403
42 44 1.189
42 45 0.927
42 46 1.000
42 47 1.549
42 48 1.154
42 49 1.368
42 50 0.245
42 51 1.314
42 52 0.389
42 53 0.314
42 54 0.548
42 55 0.752
42 56 0.907
42 57 0.640
42 58 1.566
42 59 3.831
42 60 1.016
42 61 1.756
42 62 1.460
42 63 1.198
42 64 1.392
42 65 1.403
42 66 1.356
42 67 0.337
42 68 0.856
42 69 0.707
42 70 0.745
42 71 1.314
42 72 1.085
42 73 0.966
42 74 1.047
42 75 1.023
42 76 1.587
42 77 1.582
42 78 1.557
42 79 0.640
42 80 1.420
42 81 1.167
42 82 2.083
42 83 0.123
42 84 1.715
42 85 0.786
42 86 1.698
42 87 2.326
42 88 2.011
42 89 1.024
42 90 0.397
42 91 1.258
42 92 2.360
42 93 2.173
42 94 0.377
42 95 1.056
42 96 1.015
42 97 2.508
42 98 0.932
42 99 0.863
43 44 1.240
43 45 0.540
43 46 1.386
43 47 1.872
43 48 1.488
43 49 1.235
43 50 0.246
43 51 1.303
43 52 0.705
43 53 0.239
43 54 0.878
43 55 0.931
43 56 1.102
43 57 0.582
43 58 1.264
43 59 3.680
43 60 0.774
43 61 2.103
43 62 1.675
43 63 1.086
43 64 1.011
43 65 1.017
43 66 1.538
43 67 0.486
43 68 1.156
43 69 1.013
43 70 1.099
43 71 1.558
43 72 0.853
43 73 0.585
43 74 0.691
43 75 0.860
43 76 1.450
43 77 1.379
43 78 1.168
43 79 0.688
43 80 1.042
43 81 1.360
43 82 1.991
43 83 0.398
43 84 1.971
43 85 0.544
43 86 1.925
43 87 2.547
43 88 1.859
43 89 1.070
43 90 0.672
43 91 1.132
43 92 2.269
43 93 2.114
43 94 0.460
43 95 1.332
43 96 0.615
43 97 2.631
43 98 0.566
43 99 0.893
44 45 1.316
44 46 1.307
44 47 1.227
44 48 1.049
44 49 0.582
44 50 1.338
44 51 0.218
44 52 0.916
44 53 1.022
44 54 0.905
44 55 0.508
44 56 0.467
44 57 0.663
44 58 2.440
44 59 2.771
44 60 2.008
44 61 1.525
44 62 0.694
44 63 0.483
44 64 1.522
44 65 2.017
44 66 0.510
44 67 0.855
44 68 0.800
44 69 0.818
44 70 1.003
44 71 0.716
44 72 0.824
44 73 1.299
44 74 1.215
44 75 0.636
44 76 0.707
44 77 2.614
44 78 2.125
44 79 0.565
44 80 1.515
44 81 2.327
44 82 1.000
44 83 1.310
44 84 1.041
44 85 0.877
44 86 0.918
44 87 1.451
44 88 1.066
44 89 0.171
44 90 1.565
44 91 0.533
44 92 1.255
44 93 1.034
44 94 1.549
44 95 0.741
44 96 1.590
44 97 1.401
44 98 1.218
44 99 2.043
45 46 1.855
45 47 2.233
45 48 1.880
45 49 1.060
45 50 0.781
45 51 1.287
45 52 1.142
45 53 0.655
45 54 1.306
45 55 1.208
45 56 1.367
45 57 0.724
45 58 1.175
45 59 3.358
45 60 0.905
45 61 2.495
45 62 1.907
45 63 0.969
45 64 0.471
45 65 0.701
45 66 1.741
45 67 0.870
45 68 1.529
45 69 1.405
45 70 1.535
45 71 1.833
45 72 0.601
45 73 0.056
45 74 0.213
45 75 0.726
45 76 1.238
45 77 1.459
45 78 0.814
45 79 0.898
45 80 0.504
45 81 1.838
45 82 1.797
45 83 0.938
45 84 2.239
45 85 0.440
45 86 2.159
45 87 2.747
45 88 1.589
45 89 1.169
45 90 1.206
45 91 0.983
45 92 2.063
45 93 1.958
45 94 0.965
45 95 1.663
45 96 0.287
45 97 2.696
45 98 0.111
45 99 1.299
46 47 0.720
46 48 0.397
46 49 1.800
46 50 1.237
46 51 1.520
46 52 0.714
46 53 1.204
46 54 0.562
46 55 0.865
46 56 0.841
46 57 1.254
46 58 2.539
46 59 4.048
46 60 1.972
46 61 0.823
46 62 1.027
46 63 1.640
46 64 2.280
46 65 2.400
46 66 1.061
46 67 0.991
46 68 0.507
46 69 0.531
46 70 0.346
46 71 0.844
46 72 1.758
46 73 1.880
46 74 1.912
46 75 1.605
46 76 1.980
46 77 2.477
46 78 2.552
46 79 1.104
46 80 2.299
46 81 1.526
46 82 2.297
46 83 1.068
46 84 1.082
46 85 1.551
46 86 1.157
46 87 1.706
46 88 2.368
46 89 1.233
46 90 1.045
46 91 1.708
46 92 2.534
46 93 2.296
46 94 1.265
46 95 0.616
46 96 1.997
46 97 2.135
46 98 1.824
46 99 1.603
47 48 0.398
47 49 1.807
47 50 1.793
47 51 1.433
47 52 1.174
47 53 1.646
47 54 1.004
47 55 1.035
47 56 0.896
47 57 1.525
47 58 3.113
47 59 3.710
47 60 2.565
47 61 0.298
47 62 0.609
47 63 1.687
47 64 2.585
47 65 2.871
47 66 0.759
47 67 1.397
47 68 0.717
47 69 0.859
47 70 0.811
47 71 0.514
47 72 1.943
47 73 2.242
47 74 2.225
47 75 1.758
47 76 1.926
47 77 3.114
47 78 3.012
47 79 1.347
47 80 2.592
47 81 2.246
47 82 2.069
47 83 1.649
47 84 0.445
47 85 1.840
47 86 0.582
47 87 1.012
47 88 2.235
47 89 1.250
47 90 1.707
47 91 1.747
47 92 2.253
47 93 2.005
47 94 1.883
47 95 0.574
47 96 2.439
47 97 1.536
47 98 2.172
47 99 2.280
48 49 1.599
48 50 1.399
48 51 1.266
48 52 0.785
48 53 1.269
48 54 0.613
48 55 0.721
48 56 0.624
48 57 1.196
48 58 2.719
48 59 3.719
48 60 2.169
48 61 0.617
48 62 0.641
48 63 1.457
48 64 2.260
48 65 2.497
48 66 0.704
48 67 1.024
48 68 0.353
48 69 0.480
48 70 0.414
48 71 0.464
48 72 1.656
48 73 1.894
48 74 1.893
48 75 1.480
48 76 1.753
48 77 2.716
48 78 2.641
48 79 1.022
48 80 2.271
48 81 1.887
48 82 1.998
48 83 1.252
48 84 0.691
48 85 1.511
48 86 0.760
48 87 1.323
48 88 2.110
48 89 1.020
48 90 1.314
48 91 1.522
48 92 2.217
48 93 1.974
48 94 1.485
48 95 0.307
48 96 2.070
48 97 1.738
48 98 1.828
48 99 1.887
49 50 1.421
49 51 0.397
49 52 1.242
49 53 1.094
49 54 1.304
49 55 0.936
49 56 0.980
49 57 0.727
49 58 2.234
49 59 2.466
49 60 1.915
49 61 2.105
49 62 1.267
49 63 0.174
49 64 1.094
49 65 1.720
49 66 1.085
49 67 1.055
49 68 1.304
49 69 1.274
49 70 1.465
49 71 1.297
49 72 0.459
49 73 1.021
49 74 0.886
49 75 0.376
49 76 0.220
49 77 2.501
49 78 1.795
49 79 0.775
49 80 1.074
49 81 2.529
49 82 0.760
49 83 1.466
49 84 1.609
49 85 0.708
49 86 1.475
49 87 1.943
49 88 0.644
49 89 0.580
49 90 1.765
49 91 0.109
49 92 1.037
49 93 0.904
49 94 1.656
49 95 1.295
49 96 1.345
49 97 1.723
49 98 0.948
49 99 2.125
50 51 1.434
50 52 0.626
50 53 0.332
50 54 0.790
50 55 0.949
50 56 1.113
50 57 0.717
50 58 1.321
50 59 3.882
50 60 0.774
50 61 2.001
50 62 1.678
50 63 1.262
50 64 1.252
50 65 1.178
50 66 1.562
50 67 0.497
50 68 1.094
50 69 0.945
50 70 0.990
50 71 1.540
50 72 1.073
50 73 0.828
50 74 0.938
50 75 1.053
50 76 1.640
50 77 1.351
50 78 1.334
50 79 0.773
50 80 1.285
50 81 1.129
50 82 2.165
50 83 0.178
50 84 1.947
50 85 0.761
50 86 1.921
50 87 2.549
50 88 2.057
50 89 1.167
50 90 0.426
50 91 1.314
50 92 2.444
50 93 2.273
50 94 0.235
50 95 1.290
50 96 0.815
50 97 2.696
50 98 0.812
50 99 0.715
51 52 1.083
51 53 1.106
51 54 1.094
51 55 0.696
51 56 0.679
51 57 0.723
51 58 2.445
51 59 2.579
51 60 2.051
51 61 1.731
51 62 0.874
51 63 0.351
51 64 1.427
51 65 1.982
51 66 0.694
51 67 0.978
51 68 1.013
51 69 1.021
51 70 1.209
51 71 0.919
51 72 0.734
51 73 1.261
51 74 1.155
51 75 0.566
51 76 0.494
51 77 2.655
51 78 2.078
51 79 0.674
51 80 1.415
51 81 2.472
51 82 0.804
51 83 1.430
51 84 1.213
51 85 0.864
51 86 1.078
51 87 1.559
51 88 0.849
51 89 0.314
51 90 1.703
51 91 0.379
51 92 1.069
51 93 0.863
51 94 1.656
51 95 0.959
51 96 1.571
51 97 1.411
51 98 1.182
51 99 2.147
52 53 0.498
52 54 0.173
52 55 0.420
52 56 0.548
52 57 0.578
52 58 1.940
52 59 3.657
52 60 1.400
52 61 1.398
52 62 1.079
52 63 1.069
52 64 1.568
52 65 1.719
52 66 0.989
52 67 0.278
52 68 0.468
52 69 0.320
52 70 0.398
52 71 0.928
52 72 1.090
52 73 1.166
52 74 1.200
52 75 0.965
52 76 1.451
52 77 1.971
52 78 1.867
52 79 0.470
52 80 1.587
52 81 1.420
52 82 1.885
52 83 0.504
52 84 1.327
52 85 0.850
52 86 1.312
52 87 1.940
52 88 1.871
52 89 0.771
52 90 0.680
52 91 1.137
52 92 2.153
52 93 1.943
52 94 0.757
52 95 0.667
52 96 1.301
52 97 2.154
52 98 1.110
52 99 1.223
53 54 0.668
53 55 0.692
53 56 0.862
53 57 0.386
53 58 1.503
53 59 3.559
53 60 1.009
53 61 1.886
53 62 1.435
53 63 0.932
53 64 1.103
53 65 1.228
53 66 1.300
53 67 0.251
53 68 0.929
53 69 0.790
53 70 0.895
53 71 1.319
53 72 0.777
53 73 0.685
53 74 0.746
53 75 0.732
53 76 1.314
53 77 1.611
53 78 1.373
53 79 0.460
53 80 1.128
53 81 1.440
53 82 1.834
53 83 0.384
53 84 1.733
53 85 0.473
53 86 1.686
53 87 2.307
53 88 1.734
53 89 0.851
53 90 0.689
53 91 0.986
53 92 2.113
53 93 1.942
53 94 0.563
53 95 1.098
53 96 0.804
53 97 2.403
53 98 0.640
53 99 1.046
54 55 0.399
54 56 0.478
54 57 0.696
54 58 2.109
54 59 3.673
54 60 1.564
54 61 1.225
54 62 0.956
54 63 1.134
54 64 1.721
54 65 1.892
54 66 0.888
54 67 0.436
54 68 0.312
54 69 0.165
54 70 0.229
54 71 0.793
54 72 1.205
54 73 1.327
54 74 1.352
54 75 1.064
54 76 1.503
54 77 2.126
54 78 2.039
54 79 0.557
54 80 1.739
54 81 1.486
54 82 1.898
54 83 0.655
54 84 1.179
54 85 0.990
54 86 1.178
54 87 1.802
54 88 1.914
54 89 0.782
54 90 0.786
54 91 1.203
54 92 2.158
54 93 1.939
54 94 0.902
54 95 0.521
54 96 1.472
54 97 2.057
54 98 1.268
54 99 1.348
55 56 0.171
55 57 0.491
55 58 2.194
55 59 3.274
55 60 1.695
55 61 1.311
55 62 0.744
55 63 0.775
55 64 1.551
55 65 1.873
55 66 0.614
55 67 0.457
55 68 0.384
55 69 0.338
55 70 0.530
55 71 0.635
55 72 0.934
55 73 1.213
55 74 1.191
55 75 0.763
55 76 1.123
55 77 2.291
55 78 2.005
55 79 0.313
55 80 1.560
55 81 1.840
55 82 1.500
55 83 0.875
55 84 1.049
55 85 0.805
55 86 0.994
55 87 1.616
55 88 1.526
55 89 0.386
55 90 1.094
55 91 0.844
55 92 1.760
55 93 1.541
55 94 1.129
55 95 0.460
55 96 1.434
55 97 1.756
55 98 1.140
55 99 1.614
56 57 0.644
56 58 2.364
56 59 3.231
56 60 1.864
56 61 1.182
56 62 0.573
56 63 0.833
56 64 1.692
56 65 2.038
56 66 0.450
56 67 0.625
56 68 0.334
56 69 0.360
56 70 0.539
56 71 0.468
56 72 1.049
56 73 1.369
56 74 1.337
56 75 0.866
56 76 1.146
56 77 2.458
56 78 2.169
56 79 0.469
56 80 1.698
56 81 1.958
56 82 1.465
56 83 1.029
56 84 0.880
56 85 0.953
56 86 0.824
56 87 1.446
56 88 1.527
56 89 0.401
56 90 1.229
56 91 0.899
56 92 1.713
56 93 1.484
56 94 1.284
56 95 0.331
56 96 1.600
56 97 1.607
56 98 1.294
56 99 1.764
57 58 1.786
57 59 3.191
57 60 1.345
57 61 1.798
57 62 1.187
57 63 0.558
57 64 1.065
57 65 1.407
57 66 1.026
57 67 0.339
57 68 0.844
57 69 0.744
57 70 0.910
57 71 1.109
57 72 0.512
57 73 0.725
57 74 0.701
57 75 0.397
57 76 0.947
57 77 1.951
57 78 1.532
57 79 0.177
57 80 1.075
57 81 1.804
57 82 1.452
57 83 0.741
57 84 1.515
57 85 0.316
57 86 1.439
57 87 2.040
57 88 1.371
57 89 0.495
57 90 1.037
57 91 0.618
57 92 1.731
57 93 1.556
57 94 0.947
57 95 0.951
57 96 0.969
57 97 2.062
57 98 0.651
57 99 1.432
58 59 4.417
58 60 0.571
58 61 3.321
58 62 2.937
58 63 2.141
58 64 1.313
58 65 0.595
58 66 2.794
58 67 1.749
58 68 2.406
58 69 2.259
58 70 2.311
58 71 2.822
58 72 1.775
58 73 1.214
58 74 1.357
58 75 1.896
58 76 2.406
58 77 0.461
58 78 0.638
58 79 1.929
58 80 1.355
58 81 1.675
58 82 2.962
58 83 1.477
58 84 3.235
58 85 1.581
58 86 3.188
58 87 3.807
58 88 2.730
58 89 2.278
58 90 1.533
58 91 2.158
58 92 3.221
58 93 3.130
58 94 1.279
58 95 2.591
58 96 0.889
58 97 3.840
58 98 1.286
58 99 1.128
59 60 4.262
59 61 3.965
59 62 3.118
59 63 2.633
59 64 3.105
59 65 3.826
59 66 3.017
59 67 3.510
59 68 3.553
59 69 3.588
59 70 3.770
59 71 3.268
59 72 2.832
59 73 3.304
59 74 3.145
59 75 2.829
59 76 2.246
59 77 4.788
59 78 3.821
59 79 3.214
59 80 3.063
59 81 4.995
59 82 1.775
59 83 3.932
59 84 3.301
59 85 3.136
59 86 3.144
59 87 3.105
59 88 1.825
59 89 2.893
59 90 4.229
59 91 2.575
59 92 1.518
59 93 1.752
59 94 4.117
59 95 3.438
59 96 3.600
59 97 2.429
59 98 3.257
59 99 4.573
60 61 2.762
60 62 2.436
60 63 1.791
60 64 1.234
60 65 0.716
60 66 2.307
60 67 1.240
60 68 1.868
60 69 1.719
60 70 1.757
60 71 2.307
60 72 1.472
60 73 0.958
60 74 1.117
60 75 1.546
60 76 2.113
60 77 0.606
60 78 0.855
60 79 1.462
60 80 1.278
60 81 1.211
60 82 2.671
60 83 0.918
60 84 2.716
60 85 1.212
60 86 2.683
60 87 3.309
60 88 2.486
60 89 1.839
60 90 0.962
60 91 1.822
60 92 2.944
60 93 2.817
60 94 0.709
60 95 2.063
60 96 0.679
60 97 3.403
60 98 1.008
60 99 0.624
61 62 0.896
61 63 1.984
61 64 2.862
61 65 3.114
61 66 1.053
61 67 1.641
61 68 0.966
61 69 1.097
61 70 1.011
61 71 0.812
61 72 2.231
61 73 2.507
61 74 2.498
61 75 2.048
61 76 2.224
61 77 3.289
61 78 3.258
61 79 1.621
61 80 2.871
61 81 2.321
61 82 2.354
61 83 1.845
61 84 0.665
61 85 2.114
61 86 0.822
61 87 1.108
61 88 2.529
61 89 1.545
61 90 1.862
61 91 2.044
61 92 2.528
61 93 2.281
61 94 2.064
61 95 0.854
61 96 2.687
61 97 1.710
61 98 2.439
61 99 2.425
62 63 1.177
62 64 2.182
62 65 2.594
62 66 0.184
62 67 1.197
62 68 0.664
62 69 0.794
62 70 0.885
62 71 0.184
62 72 1.496
62 73 1.902
62 74 1.848
62 75 1.305
62 76 1.356
62 77 3.028
62 78 2.719
62 79 1.022
62 80 2.181
62 81 2.420
62 82 1.460
62 83 1.580
62 84 0.348
62 85 1.475
62 86 0.253
62 87 0.873
62 88 1.636
62 89 0.775
62 90 1.742
62 91 1.227
62 92 1.645
62 93 1.398
62 94 1.835
62 95 0.457
62 96 2.155
62 97 1.125
62 98 1.825
62 99 2.300
63 64 1.076
63 65 1.653
63 66 0.993
63 67 0.882
63 68 1.149
63 69 1.111
63 70 1.301
63 71 1.186
63 72 0.389
63 73 0.937
63 74 0.819
63 75 0.247
63 76 0.390
63 77 2.385
63 78 1.741
63 79 0.601
63 80 1.064
63 81 2.362
63 82 0.905
63 83 1.299
63 84 1.524
63 85 0.578
63 86 1.400
63 87 1.907
63 88 0.815
63 89 0.440
63 90 1.595
63 91 0.069
63 92 1.184
63 93 1.031
63 94 1.495
63 95 1.156
63 96 1.256
63 97 1.750
63 98 0.860
63 99 1.970
64 65 0.725
64 66 2.003
64 67 1.290
64 68 1.907
64 69 1.799
64 70 1.948
64 71 2.140
64 72 0.699
64 73 0.427
64 74 0.370
64 75 0.885
64 76 1.206
64 77 1.694
64 78 0.749
64 79 1.241
64 80 0.044
64 81 2.285
64 82 1.726
64 83 1.408
64 84 2.527
64 85 0.749
64 86 2.425
64 87 2.972
64 88 1.456
64 89 1.409
64 90 1.676
64 91 1.059
64 92 1.964
64 93 1.915
64 94 1.430
64 95 2.011
64 96 0.561
64 97 2.815
64 98 0.463
64 99 1.724
65 66 2.433
65 67 1.475
65 68 2.155
65 69 2.018
65 70 2.116
65 71 2.507
65 72 1.268
65 73 0.722
65 74 0.836
65 75 1.417
65 76 1.872
65 77 1.012
65 78 0.157
65 79 1.573
65 80 0.766
65 81 1.919
65 82 2.417
65 83 1.355
65 84 2.918
65 85 1.141
65 86 2.846
65 87 3.443
65 88 2.166
65 89 1.869
65 90 1.524
65 91 1.658
65 92 2.667
65 93 2.595
65 94 1.246
65 95 2.313
65 96 0.439
65 97 3.394
65 98 0.802
65 99 1.327
66 67 1.070
66 68 0.629
66 69 0.736
66 70 0.862
66 71 0.257
66 72 1.314
66 73 1.734
66 74 1.674
66 75 1.123
66 76 1.180
66 77 2.905
66 78 2.554
66 79 0.868
66 80 2.001
66 81 2.372
66 82 1.320
66 83 1.478
66 84 0.532
66 85 1.305
66 86 0.422
66 87 1.015
66 88 1.476
66 89 0.595
66 90 1.666
66 91 1.043
66 92 1.523
66 93 1.277
66 94 1.733
66 95 0.450
66 96 1.995
66 97 1.169
66 98 1.655
66 99 2.210
67 68 0.680
67 69 0.544
67 70 0.665
67 71 1.073
67 72 0.837
67 73 0.891
67 74 0.922
67 75 0.736
67 76 1.272
67 77 1.834
67 78 1.618
67 79 0.304
67 80 1.309
67 81 1.498
67 82 1.753
67 83 0.455
67 84 1.486
67 85 0.578
67 86 1.444
67 87 2.069
67 88 1.697
67 89 0.688
67 90 0.727
67 91 0.946
67 92 2.029
67 93 1.838
67 94 0.696
67 95 0.848
67 96 1.046
67 97 2.199
67 98 0.834
67 99 1.188
68 69 0.149
68 70 0.234
68 71 0.491
68 72 1.315
68 73 1.542
68 74 1.540
68 75 1.146
68 76 1.477
68 77 2.437
68 78 2.297
68 79 0.672
68 80 1.919
68 81 1.756
68 82 1.794
68 83 0.966
68 84 0.868
68 85 1.159
68 86 0.873
68 87 1.494
68 88 1.862
68 89 0.730
68 90 1.089
68 91 1.217
68 92 2.036
68 93 1.802
68 94 1.214
68 95 0.213
68 96 1.725
68 97 1.783
68 98 1.475
68 99 1.656
69 70 0.192
69 71 0.628
69 72 1.235
69 73 1.421
69 74 1.430
69 75 1.077
69 76 1.461
69 77 2.288
69 78 2.162
69 79 0.582
69 80 1.813
69 81 1.637
69 82 1.818
69 83 0.817
69 84 1.015
69 85 1.054
69 86 1.013
69 87 1.637
69 88 1.860
69 89 0.718
69 90 0.950
69 91 1.180
69 92 2.070
69 93 1.843
69 94 1.066
69 95 0.356
69 96 1.590
69 97 1.902
69 98 1.357
69 99 1.513
70 71 0.705
70 72 1.412
70 73 1.556
70 74 1.578
70 75 1.259
70 76 1.652
70 77 2.302
70 78 2.264
70 79 0.757
70 80 1.964
70 81 1.537
70 82 2.003
70 83 0.839
70 84 1.050
70 85 1.211
70 86 1.077
70 87 1.684
70 88 2.051
70 89 0.909
70 90 0.909
70 91 1.371
70 92 2.252
70 93 2.021
70 94 1.071
70 95 0.428
70 96 1.698
70 97 2.009
70 98 1.497
70 99 1.483
71 72 1.470
71 73 1.833
71 74 1.793
71 75 1.281
71 76 1.412
71 77 2.892
71 78 2.637
71 79 0.936
71 80 2.142
71 81 2.242
71 82 1.576
71 83 1.431
71 84 0.414
71 85 1.412
71 86 0.385
71 87 1.012
71 88 1.726
71 89 0.757
71 90 1.578
71 91 1.243
71 92 1.779
71 93 1.533
71 94 1.685
71 95 0.279
71 96 2.068
71 97 1.309
71 98 1.758
71 99 2.141
72 73 0.562
72 74 0.432
72 75 0.191
72 76 0.642
72 77 2.050
72 78 1.352
72 79 0.654
72 80 0.691
72 81 2.202
72 82 1.202
72 83 1.160
72 84 1.843
72 85 0.312
72 86 1.734
72 87 2.273
72 88 1.022
72 89 0.721
72 90 1.465
72 91 0.390
72 92 1.473
72 93 1.359
72 94 1.305
72 95 1.379
72 96 0.887
72 97 2.139
72 98 0.489
72 99 1.743
73 74 0.159
73 75 0.697
73 76 1.195
73 77 1.507
73 78 0.826
73 79 0.901
73 80 0.458
73 81 1.892
73 82 1.753
73 83 0.981
73 84 2.237
73 85 0.429
73 86 2.153
73 87 2.736
73 88 1.541
73 89 1.156
73 90 1.254
73 91 0.948
73 92 2.018
73 93 1.917
73 94 1.017
73 95 1.670
73 96 0.325
73 97 2.672
73 98 0.080
73 99 1.355
74 75 0.590
74 76 1.050
74 77 1.663
74 78 0.923
74 79 0.878
74 80 0.387
74 81 2.027
74 82 1.605
74 83 1.078
74 84 2.189
74 85 0.385
74 86 2.095
74 87 2.663
74 88 1.385
74 89 1.084
74 90 1.363
74 91 0.822
74 92 1.867
74 93 1.774
74 94 1.140
74 95 1.651
74 96 0.473
74 97 2.566
74 98 0.129
74 99 1.501
75 76 0.590
75 77 2.139
75 78 1.512
75 79 0.506
75 80 0.880
75 81 2.172
75 82 1.135
75 83 1.112
75 84 1.652
75 85 0.334
75 86 1.543
75 87 2.087
75 88 1.004
75 89 0.530
75 90 1.415
75 91 0.277
75 92 1.413
75 93 1.271
75 94 1.288
75 95 1.197
75 96 1.013
75 97 1.977
75 98 0.619
75 99 1.751
76 77 2.692
76 78 1.934
76 79 0.987
76 80 1.180
76 81 2.749
76 82 0.560
76 83 1.686
76 84 1.685
76 85 0.916
76 86 1.540
76 87 1.951
76 88 0.425
76 89 0.748
76 90 1.984
76 91 0.329
76 92 0.831
76 93 0.724
76 94 1.875
76 95 1.445
76 96 1.520
76 97 1.655
76 98 1.127
76 99 2.342
77 78 1.083
77 79 2.066
77 80 1.738
77 81 1.364
77 82 3.251
77 83 1.472
77 84 3.296
77 85 1.808
77 86 3.272
77 87 3.899
77 88 3.048
77 89 2.445
77 90 1.432
77 91 2.413
77 92 3.521
77 93 3.405
77 94 1.231
77 95 2.638
77 96 1.193
77 97 4.009
77 98 1.569
77 99 0.912
78 79 1.702
78 80 0.785
78 81 2.064
78 82 2.469
78 83 1.511
78 84 3.047
78 85 1.253
78 86 2.971
78 87 3.561
78 88 2.205
78 89 1.982
78 90 1.681
78 91 1.740
78 92 2.712
78 93 2.653
78 94 1.403
78 95 2.450
78 96 0.573
78 97 3.488
78 98 0.906
78 99 1.473
79 80 1.250
79 81 1.801
79 82 1.451
79 83 0.756
79 84 1.345
79 85 0.493
79 86 1.275
79 87 1.883
79 88 1.410
79 89 0.394
79 90 1.031
79 91 0.668
79 92 1.726
79 93 1.534
79 94 0.988
79 95 0.773
79 96 1.135
79 97 1.944
79 98 0.827
79 99 1.481
80 81 2.324
80 82 1.696
80 83 1.439
80 84 2.526
80 85 0.760
80 86 2.422
80 87 2.964
80 88 1.422
80 89 1.406
80 90 1.710
80 91 1.044
80 92 1.931
80 93 1.886
80 94 1.467
80 95 2.019
80 96 0.605
80 97 2.797
80 98 0.489
80 99 1.765
81 82 3.249
81 83 1.063
81 84 2.573
81 85 1.891
81 86 2.613
81 87 3.208
81 88 3.172
81 89 2.170
81 90 0.771
81 91 2.420
81 92 3.526
81 93 3.334
81 94 0.900
81 95 1.963
81 96 1.746
81 97 3.537
81 98 1.898
81 99 0.592
82 83 2.191
82 84 1.728
82 85 1.467
82 86 1.567
82 87 1.803
82 88 0.328
82 89 1.118
82 90 2.479
82 91 0.860
82 92 0.279
82 93 0.207
82 94 2.397
82 95 1.701
82 96 2.077
82 97 1.335
82 98 1.686
82 99 2.875
83 84 1.829
83 85 0.853
83 86 1.815
83 87 2.443
83 88 2.109
83 89 1.143
83 90 0.305
83 91 1.357
83 92 2.469
83 93 2.285
83 94 0.255
83 95 1.170
83 96 0.990
83 97 2.631
83 98 0.957
83 99 0.740
84 85 1.812
84 86 0.162
84 87 0.636
84 88 1.936
84 89 1.122
84 90 1.952
84 91 1.572
84 92 1.882
84 93 1.636
84 94 2.080
84 95 0.660
84 96 2.479
84 97 1.092
84 98 2.160
84 99 2.523
85 86 1.725
85 87 2.308
85 88 1.317
85 89 0.729
85 90 1.157
85 91 0.611
85 92 1.744
85 93 1.606
85 94 0.993
85 95 1.266
85 96 0.714
85 97 2.265
85 98 0.350
85 99 1.437
86 87 0.628
86 88 1.779
86 89 1.016
86 90 1.962
86 91 1.445
86 92 1.720
86 93 1.474
86 94 2.069
86 95 0.660
86 96 2.408
86 97 0.982
86 98 2.075
86 99 2.526
87 88 2.083
87 89 1.581
87 90 2.582
87 91 1.939
87 92 1.868
87 93 1.650
87 94 2.697
87 95 1.282
87 96 3.007
87 97 0.686
87 98 2.657
87 99 3.150
88 89 1.142
88 90 2.408
88 91 0.753
88 92 0.512
88 93 0.534
88 94 2.292
88 95 1.804
88 96 1.858
88 97 1.654
88 98 1.481
88 99 2.752
89 90 1.405
89 91 0.504
89 92 1.383
89 93 1.173
89 94 1.380
89 95 0.717
89 96 1.437
89 97 1.567
89 98 1.076
89 99 1.874
90 91 1.655
90 92 2.755
90 93 2.564
90 94 0.278
90 95 1.302
90 96 1.210
90 97 2.833
90 98 1.238
90 99 0.574
91 92 1.138
91 93 0.994
91 94 1.548
91 95 1.221
91 96 1.271
91 97 1.758
91 98 0.873
91 99 2.019
92 93 0.248
92 94 2.676
92 95 1.928
92 96 2.340
92 97 1.319
92 98 1.953
92 99 3.154
93 94 2.502
93 95 1.687
93 96 2.242
93 97 1.145
93 98 1.847
93 99 2.987
94 95 1.420
94 96 0.942
94 97 2.884
94 98 1.012
94 99 0.493
95 96 1.877
95 97 1.581
95 98 1.599
95 99 1.868
96 97 2.978
96 98 0.398
96 99 1.172
97 98 2.592
97 99 3.369
98 99 1.374
