nodei nodej distance
0 1 2.604
0 2 0.553
0 3 2.490
0 4 1.994
0 5 3.295
0 6 2.640
0 7 3.636
0 8 2.275
0 9 1.468
0 10 1.502
0 11 0.469
0 12 3.281
0 13 2.939
0 14 2.939
0 15 3.713
0 16 2.171
0 17 1.993
0 18 1.415
0 19 2.760
0 20 1.470
0 21 1.215
0 22 0.490
0 23 1.314
0 24 1.621
0 25 0.500
0 26 2.614
0 27 2.556
0 28 1.823
0 29 2.136
0 30 1.592
0 31 1.516
0 32 2.094
0 33 2.517
0 34 2.233
0 35 2.239
0 36 3.132
0 37 2.311
0 38 2.374
0 39 3.016
0 40 3.069
0 41 2.330
0 42 1.092
0 43 1.346
0 44 1.831
0 45 1.699
0 46 0.658
0 47 2.138
0 48 2.052
0 49 3.780
0 50 1.359
0 51 1.954
0 52 2.394
0 53 2.284
0 54 3.645
0 55 3.429
0 56 1.828
0 57 2.852
0 58 2.821
0 59 1.509
0 60 0.844
0 61 2.875
0 62 1.805
0 63 0.363
0 64 1.896
0 65 2.689
0 66 2.484
0 67 2.602
0 68 4.018
0 69 4.406
0 70 2.590
0 71 2.278
0 72 2.059
0 73 3.317
0 74 2.732
0 75 2.989
0 76 1.696
0 77 1.604
0 78 1.672
0 79 3.128
0 80 1.491
0 81 2.220
0 82 2.946
0 83 1.055
0 84 1.880
0 85 2.547
0 86 4.042
0 87 0.210
0 88 2.949
0 89 2.736
0 90 3.517
0 91 1.583
0 92 2.994
0 93 0.853
0 94 1.112
0 95 1.808
0 96 3.302
0 97 1.781
0 98 3.045
0 99 0.954
1 2 2.664
1 3 0.757
1 4 1.917
1 5 4.258
1 6 2.156
1 7 3.131
1 8 2.994
1 9 2.075
1 10 3.639
1 11 2.764
1 12 2.510
1 13 2.176
1 14 4.320
1 15 3.166
1 16 4.024
1 17 2.133
1 18 2.559
1 19 2.100
1 20 2.714
1 21 2.833
1 22 2.137
1 23 2.847
1 24 2.868
1 25 2.551
1 26 3.679
1 27 4.501
1 28 2.376
1 29 1.163
1 30 3.057
1 31 3.583
1 32 2.487
1 33 4.243
1 34 4.160
1 35 3.834
1 36 4.153
1 37 2.215
1 38 4.127
1 39 1.657
1 40 2.401
1 41 3.530
1 42 2.677
1 43 1.905
1 44 2.681
1 45 2.707
1 46 2.465
1 47 2.346
1 48 3.275
1 49 4.161
1 50 2.901
1 51 2.805
1 52 3.447
1 53 2.844
1 54 3.602
1 55 3.034
1 56 1.141
1 57 2.283
1 58 4.235
1 59 3.751
1 60 3.186
1 61 3.212
1 62 2.090
1 63 2.670
1 64 3.478
1 65 3.939
1 66 3.744
1 67 2.626
1 68 3.748
1 69 5.525
1 70 3.063
1 71 2.953
1 72 2.195
1 73 3.656
1 74 0.989
1 75 2.852
1 76 2.169
1 77 1.445
1 78 2.507
1 79 3.856
1 80 2.898
1 81 3.544
1 82 3.657
1 83 3.200
1 84 3.776
1 85 0.755
1 86 5.321
1 87 2.587
1 88 2.917
1 89 3.333
1 90 3.220
1 91 3.101
1 92 2.233
1 93 3.139
1 94 2.445
1 95 2.707
1 96 1.227
1 97 4.024
1 98 4.421
1 99 3.485
2 3 2.390
2 4 1.635
2 5 2.742
2 6 2.257
2 7 3.185
2 8 1.746
2 9 1.083
2 10 1.076
2 11 0.157
2 12 2.889
2 13 2.574
2 14 2.401
2 15 3.265
2 16 1.683
2 17 1.586
2 18 0.904
2 19 2.396
2 20 0.936
2 21 0.663
2 22 0.835
2 23 0.763
2 24 1.077
2 25 0.120
2 26 2.061
2 27 2.103
2 28 1.361
2 29 1.959
2 30 1.039
2 31 1.062
2 32 1.623
2 33 2.014
2 34 1.766
2 35 1.708
2 36 2.579
2 37 1.899
2 38 1.871
2 39 2.753
2 40 2.676
2 41 1.777
2 42 0.551
2 43 1.035
2 44 1.317
2 45 1.175
2 46 0.231
2 47 1.694
2 48 1.500
2 49 3.240
2 50 0.807
2 51 1.430
2 52 1.843
2 53 1.772
2 54 3.140
2 55 2.973
2 56 1.701
2 57 2.462
2 58 2.284
2 59 1.138
2 60 0.522
2 61 2.358
2 62 1.406
2 63 0.197
2 64 1.355
2 65 2.140
2 66 1.933
2 67 2.138
2 68 3.527
2 69 3.864
2 70 2.071
2 71 1.754
2 72 1.641
2 73 2.787
2 74 2.586
2 75 2.522
2 76 1.278
2 77 1.939
2 78 1.180
2 79 2.579
2 80 0.941
2 81 1.669
2 82 2.400
2 83 0.602
2 84 1.390
2 85 2.447
2 86 3.508
2 87 0.762
2 88 2.470
2 89 2.201
2 90 3.044
2 91 1.031
2 92 2.623
2 93 0.480
2 94 0.627
2 95 1.290
2 96 3.160
2 97 1.420
2 98 2.508
2 99 0.863
3 4 1.259
3 5 3.569
3 6 1.407
3 7 2.378
3 8 2.335
3 9 1.558
3 10 3.235
3 11 2.520
3 12 1.761
3 13 1.420
3 14 3.694
3 15 2.415
3 16 3.514
3 17 1.478
3 18 2.051
3 19 1.344
3 20 2.199
3 21 2.389
3 22 2.095
3 23 2.379
3 24 2.329
3 25 2.294
3 26 3.029
3 27 3.991
3 28 1.765
3 29 0.511
3 30 2.541
3 31 3.163
3 32 1.825
3 33 3.691
3 34 3.662
3 35 3.276
3 36 3.476
3 37 1.504
3 38 3.587
3 39 0.942
3 40 1.645
3 41 2.913
3 42 2.256
3 43 1.447
3 44 2.082
3 45 2.139
3 46 2.166
3 47 1.669
3 48 2.683
3 49 3.417
3 50 2.426
3 51 2.189
3 52 2.809
3 53 2.172
3 54 2.846
3 55 2.278
3 56 0.689
3 57 1.527
3 58 3.618
3 59 3.373
3 60 2.892
3 61 2.488
3 62 1.478
3 63 2.451
3 64 2.944
3 65 3.308
3 66 3.124
3 67 1.897
3 68 2.992
3 69 4.828
3 70 2.362
3 71 2.290
3 72 1.528
3 73 2.919
3 74 0.311
3 75 2.103
3 76 1.585
3 77 1.809
3 78 1.934
3 79 3.151
3 80 2.391
3 81 2.950
3 82 2.957
3 83 2.842
3 84 3.294
3 85 0.058
3 86 4.649
3 87 2.534
3 88 2.172
3 89 2.633
3 90 2.463
3 91 2.591
3 92 1.478
3 93 2.833
3 94 2.015
3 95 2.114
3 96 0.826
3 97 3.629
3 98 3.790
3 99 3.252
4 5 2.342
4 6 0.649
4 7 1.713
4 8 1.081
4 9 0.553
4 10 2.176
4 11 1.792
4 12 1.290
4 13 0.947
4 14 2.435
4 15 1.783
4 16 2.320
4 17 0.220
4 18 0.938
4 19 0.768
4 20 1.058
4 21 1.338
4 22 1.824
4 23 1.291
4 24 1.143
4 25 1.589
4 26 1.773
4 27 2.788
4 28 0.527
4 29 0.762
4 30 1.373
4 31 2.086
4 32 0.572
4 33 2.460
4 34 2.476
4 35 2.046
4 36 2.237
4 37 0.392
4 38 2.366
4 39 1.178
4 40 1.079
4 41 1.656
4 42 1.263
4 43 0.650
4 44 0.843
4 45 0.929
4 46 1.416
4 47 0.431
4 48 1.438
4 49 2.341
4 50 1.323
4 51 0.937
4 52 1.550
4 53 0.927
4 54 1.923
4 55 1.528
4 56 0.839
4 57 0.863
4 58 2.360
4 59 2.341
4 60 2.028
4 61 1.347
4 62 0.272
4 63 1.781
4 64 1.740
4 65 2.049
4 66 1.866
4 67 0.812
4 68 2.207
4 69 3.610
4 70 1.159
4 71 1.038
4 72 0.279
4 73 1.822
4 74 1.277
4 75 1.156
4 76 0.412
4 77 2.251
4 78 0.733
4 79 1.950
4 80 1.244
4 81 1.701
4 82 1.748
4 83 1.880
4 84 2.133
4 85 1.298
4 86 3.406
4 87 2.135
4 88 1.170
4 89 1.425
4 90 1.660
4 91 1.428
4 92 1.000
4 93 1.953
4 94 1.054
4 95 0.880
4 96 1.779
4 97 2.562
4 98 2.531
4 99 2.446
5 6 2.263
5 7 2.066
5 8 1.281
5 9 2.343
5 10 2.148
5 11 2.841
5 12 2.399
5 13 2.454
5 14 0.675
5 15 2.128
5 16 1.546
5 17 2.128
5 18 2.014
5 19 2.401
5 20 1.897
5 21 2.084
5 22 3.475
5 23 1.989
5 24 1.718
5 25 2.810
5 26 0.688
5 27 1.664
5 28 1.934
5 29 3.098
5 30 1.704
5 31 2.058
5 32 1.775
5 33 1.275
5 34 1.645
5 35 1.217
5 36 0.167
5 37 2.068
5 38 1.348
5 39 3.087
5 40 2.312
5 41 0.965
5 42 2.226
5 43 2.567
5 44 1.686
5 45 1.742
5 46 2.690
5 47 1.913
5 48 1.250
5 49 0.918
5 50 1.939
5 51 1.541
5 52 0.928
5 53 1.416
5 54 1.461
5 55 1.924
5 56 3.160
5 57 2.263
5 58 0.748
5 59 2.300
5 60 2.653
5 61 1.152
5 62 2.200
5 63 2.933
5 64 1.446
5 65 0.650
5 66 0.825
5 67 1.714
5 68 1.833
5 69 1.269
5 70 1.210
5 71 1.316
5 72 2.063
5 73 0.947
5 74 3.507
5 75 1.694
5 76 2.159
5 77 4.349
5 78 1.891
5 79 0.458
5 80 1.820
5 81 1.082
5 82 0.621
5 83 2.367
5 84 1.707
5 85 3.600
5 86 1.097
5 87 3.504
5 88 1.580
5 89 0.940
5 90 1.793
5 91 1.712
5 92 2.436
5 93 2.593
5 94 2.305
5 95 1.680
5 96 3.870
5 97 2.262
5 98 0.659
5 99 2.970
6 7 1.105
6 8 1.194
6 9 1.181
6 10 2.652
6 11 2.414
6 12 0.641
6 13 0.329
6 14 2.533
6 15 1.167
6 16 2.649
6 17 0.675
6 18 1.462
6 19 0.171
6 20 1.543
6 21 1.867
6 22 2.469
6 23 1.799
6 24 1.566
6 25 2.220
6 26 1.845
6 27 3.087
6 28 0.965
6 29 1.054
6 30 1.796
6 31 2.552
6 32 0.800
6 33 2.709
6 34 2.811
6 35 2.314
6 36 2.199
6 37 0.384
6 38 2.643
6 39 0.839
6 40 0.430
6 41 1.830
6 42 1.828
6 43 1.299
6 44 1.205
6 45 1.342
6 46 2.045
6 47 0.644
6 48 1.698
6 49 2.013
6 50 1.816
6 51 1.227
6 52 1.677
6 53 1.013
6 54 1.454
6 55 0.946
6 56 1.292
6 57 0.215
6 58 2.484
6 59 2.830
6 60 2.608
6 61 1.125
6 62 0.851
6 63 2.413
6 64 2.081
6 65 2.152
6 66 2.014
6 67 0.551
6 68 1.660
6 69 3.487
6 70 1.076
6 71 1.143
6 72 0.632
6 73 1.522
6 74 1.274
6 75 0.696
6 76 0.982
6 77 2.793
6 78 1.195
6 79 1.818
6 80 1.704
6 81 1.926
6 82 1.643
6 83 2.426
6 84 2.518
6 85 1.422
6 86 3.360
6 87 2.784
6 88 0.768
6 89 1.333
6 90 1.109
6 91 1.853
6 92 0.370
6 93 2.530
6 94 1.648
6 95 1.249
6 96 1.608
6 97 3.018
6 98 2.613
6 99 3.033
7 8 1.630
7 9 2.177
7 10 3.298
7 11 3.339
7 12 0.626
7 13 0.963
7 14 2.587
7 15 0.083
7 16 3.060
7 17 1.654
7 18 2.298
7 19 1.080
7 20 2.320
7 21 2.661
7 22 3.527
7 23 2.570
7 24 2.263
7 25 3.174
7 26 1.993
7 27 3.407
7 28 1.825
7 29 2.125
7 30 2.454
7 31 3.190
7 32 1.564
7 33 2.986
7 34 3.216
7 35 2.671
7 36 2.085
7 37 1.342
7 38 2.971
7 39 1.518
7 40 0.741
7 41 2.136
7 42 2.680
7 43 2.340
7 44 1.920
7 45 2.076
7 46 2.998
7 47 1.499
7 48 2.159
7 49 1.395
7 50 2.566
7 51 1.857
7 52 1.955
7 53 1.509
7 54 0.674
7 55 0.217
7 56 2.390
7 57 0.909
7 58 2.589
7 59 3.484
7 60 3.436
7 61 1.102
7 62 1.842
7 63 3.362
7 64 2.583
7 65 2.281
7 66 2.241
7 67 1.048
7 68 0.628
7 69 3.061
7 70 1.313
7 71 1.593
7 72 1.583
7 73 1.118
7 74 2.159
7 75 0.676
7 76 1.941
7 77 3.897
7 78 2.014
7 79 1.633
7 80 2.425
7 81 2.285
7 82 1.564
7 83 3.202
7 84 3.029
7 85 2.377
7 86 3.075
7 87 3.800
7 88 0.757
7 89 1.408
7 90 0.272
7 91 2.505
7 92 0.903
7 93 3.357
7 94 2.558
7 95 1.958
7 96 2.258
7 97 3.606
7 98 2.629
7 99 3.859
8 9 1.081
8 10 1.668
8 11 1.883
8 12 1.607
8 13 1.480
8 14 1.372
8 15 1.712
8 16 1.494
8 17 0.862
8 18 0.866
8 19 1.361
8 20 0.810
8 21 1.121
8 22 2.339
8 23 1.019
8 24 0.690
8 25 1.776
8 26 0.695
8 27 1.908
8 28 0.655
8 29 1.844
8 30 0.842
8 31 1.561
8 32 0.510
8 33 1.518
8 34 1.656
8 35 1.134
8 36 1.163
8 37 0.884
8 38 1.461
8 39 2.022
8 40 1.434
8 41 0.636
8 42 1.197
8 43 1.307
8 44 0.460
8 45 0.577
8 46 1.620
8 47 0.669
8 48 0.545
8 49 1.516
8 50 0.998
8 51 0.323
8 52 0.491
8 53 0.181
8 54 1.419
8 55 1.416
8 56 1.882
8 57 1.290
8 58 1.310
8 59 1.855
8 60 1.875
8 61 0.623
8 62 0.919
8 63 1.942
8 64 0.965
8 65 0.985
8 66 0.826
8 67 0.706
8 68 1.829
8 69 2.548
8 70 0.341
8 71 0.051
8 72 0.807
8 73 1.042
8 74 2.316
8 75 0.971
8 76 0.882
8 77 3.104
8 78 0.656
8 79 0.943
8 80 0.850
8 81 0.739
8 82 0.738
8 83 1.615
8 84 1.416
8 85 2.371
8 86 2.327
8 87 2.472
8 88 0.875
8 89 0.467
8 90 1.421
8 91 0.889
8 92 1.491
8 93 1.798
8 94 1.175
8 95 0.473
8 96 2.753
8 97 1.980
8 98 1.463
8 99 2.283
9 10 1.699
9 11 1.239
9 12 1.819
9 13 1.493
9 14 2.278
9 15 2.252
9 16 1.964
9 17 0.525
9 18 0.495
9 19 1.314
9 20 0.646
9 21 0.846
9 22 1.368
9 23 0.825
9 24 0.794
9 25 1.040
9 26 1.690
9 27 2.442
9 28 0.443
9 29 1.054
9 30 0.991
9 31 1.620
9 32 0.698
9 33 2.169
9 34 2.109
9 35 1.760
9 36 2.209
9 37 0.844
9 38 2.055
9 39 1.703
9 40 1.606
9 41 1.493
9 42 0.740
9 43 0.226
9 44 0.659
9 45 0.645
9 46 0.865
9 47 0.692
9 48 1.218
9 49 2.549
9 50 0.870
9 51 0.802
9 52 1.444
9 53 1.000
9 54 2.264
9 55 1.975
9 56 0.937
9 57 1.390
9 58 2.185
9 59 1.852
9 60 1.484
9 61 1.560
9 62 0.337
9 63 1.232
9 64 1.406
9 65 1.912
9 66 1.705
9 67 1.165
9 68 2.602
9 69 3.597
9 70 1.303
9 71 1.057
9 72 0.594
9 73 2.040
9 74 1.668
9 75 1.550
9 76 0.245
9 77 2.024
9 78 0.459
9 79 2.023
9 80 0.836
9 81 1.484
9 82 1.818
9 83 1.357
9 84 1.737
9 85 1.608
9 86 3.334
9 87 1.625
9 88 1.528
9 89 1.527
9 90 2.078
9 91 1.038
9 92 1.544
9 93 1.411
9 94 0.513
9 95 0.672
9 96 2.218
9 97 2.092
9 98 2.384
9 99 1.897
10 11 1.063
10 12 3.201
10 13 2.979
10 14 1.617
10 15 3.380
10 16 0.715
10 17 2.025
10 18 1.238
10 19 2.819
10 20 1.123
10 21 0.853
10 22 1.897
10 23 0.885
10 24 1.088
10 25 1.194
10 26 1.579
10 27 1.055
10 28 1.698
10 29 2.745
10 30 0.864
10 31 0.108
10 32 1.861
10 33 1.077
10 34 0.743
10 35 0.935
10 36 1.983
10 37 2.269
10 38 0.939
10 39 3.351
10 40 3.003
10 41 1.306
10 42 0.980
10 43 1.789
10 44 1.453
10 45 1.310
10 46 1.212
10 47 2.008
10 48 1.163
10 49 2.883
10 50 0.853
10 51 1.467
10 52 1.459
10 53 1.795
10 54 3.030
10 55 3.083
10 56 2.567
10 57 2.816
10 58 1.500
10 59 0.187
10 60 0.664
10 61 2.254
10 62 1.904
10 63 1.186
10 64 0.766
10 65 1.499
10 66 1.351
10 67 2.312
10 68 3.455
10 69 3.061
10 70 1.997
10 71 1.704
10 72 2.040
10 73 2.551
10 74 3.366
10 75 2.632
10 76 1.764
10 77 3.014
10 78 1.467
10 79 2.164
10 80 0.949
10 81 1.145
10 82 2.046
10 83 0.474
10 84 0.457
10 85 3.288
10 86 2.658
10 87 1.694
10 88 2.541
10 89 1.991
10 90 3.087
10 91 0.809
10 92 3.010
10 93 0.649
10 94 1.220
10 95 1.409
10 96 3.916
10 97 0.394
10 98 1.710
10 99 0.845
11 12 3.046
11 13 2.731
11 14 2.471
11 15 3.419
11 16 1.710
11 17 1.743
11 18 1.052
11 19 2.553
11 20 1.074
11 21 0.780
11 22 0.835
11 23 0.883
11 24 1.205
11 25 0.227
11 26 2.166
11 27 2.110
11 28 1.515
11 29 2.098
11 30 1.145
11 31 1.065
11 32 1.776
11 33 2.052
11 34 1.780
11 35 1.770
11 36 2.677
11 37 2.056
11 38 1.909
11 39 2.905
11 40 2.833
11 41 1.879
11 42 0.687
11 43 1.186
11 44 1.462
11 45 1.317
11 46 0.381
11 47 1.849
11 48 1.609
11 49 3.366
11 50 0.921
11 51 1.570
11 52 1.955
11 53 1.916
11 54 3.284
11 55 3.127
11 56 1.832
11 57 2.619
11 58 2.353
11 59 1.100
11 60 0.445
11 61 2.498
11 62 1.563
11 63 0.123
11 64 1.430
11 65 2.227
11 66 2.025
11 67 2.292
11 68 3.674
11 69 3.939
11 70 2.211
11 71 1.893
11 72 1.798
11 73 2.921
11 74 2.723
11 75 2.674
11 76 1.435
11 77 1.963
11 78 1.331
11 79 2.696
11 80 1.061
11 81 1.762
11 82 2.521
11 83 0.599
11 84 1.418
11 85 2.577
11 86 3.573
11 87 0.677
11 88 2.621
11 89 2.333
11 90 3.196
11 91 1.131
11 92 2.780
11 93 0.426
11 94 0.782
11 95 1.433
11 96 3.298
11 97 1.380
11 98 2.577
11 99 0.733
12 13 0.381
12 14 2.810
12 15 0.656
12 16 3.101
12 17 1.304
12 18 2.062
12 19 0.542
12 20 2.124
12 21 2.460
12 22 3.104
12 23 2.383
12 24 2.117
12 25 2.856
12 26 2.148
12 27 3.504
12 28 1.562
12 29 1.551
12 30 2.337
12 31 3.097
12 32 1.348
12 33 3.100
12 34 3.262
12 35 2.734
12 36 2.379
12 37 0.992
12 38 3.057
12 39 0.893
12 40 0.213
12 41 2.212
12 42 2.439
12 43 1.940
12 44 1.752
12 45 1.902
12 46 2.681
12 47 1.224
12 48 2.150
12 49 1.898
12 50 2.393
12 51 1.737
12 52 2.038
12 53 1.443
12 54 1.209
12 55 0.582
12 56 1.842
12 57 0.429
12 58 2.786
12 59 3.384
12 60 3.218
12 61 1.277
12 62 1.486
12 63 3.049
12 64 2.562
12 65 2.457
12 66 2.363
12 67 0.905
12 68 1.253
12 69 3.519
12 70 1.371
12 71 1.559
12 72 1.250
12 73 1.503
12 74 1.533
12 75 0.718
12 76 1.611
12 77 3.351
12 78 1.784
12 79 1.942
12 80 2.267
12 81 2.337
12 82 1.815
12 83 3.019
12 84 3.011
12 85 1.757
12 86 3.471
12 87 3.425
12 88 0.836
12 89 1.565
12 90 0.776
12 91 2.393
12 92 0.317
12 93 3.140
12 94 2.273
12 95 1.795
12 96 1.650
12 97 3.549
12 98 2.872
12 99 3.644
13 14 2.782
13 15 1.008
13 16 2.956
13 17 0.999
13 18 1.791
13 19 0.179
13 20 1.872
13 21 2.196
13 22 2.741
13 23 2.128
13 24 1.892
13 25 2.533
13 26 2.099
13 27 3.385
13 28 1.295
13 29 1.174
13 30 2.121
13 31 2.879
13 32 1.122
13 33 2.998
13 34 3.119
13 35 2.611
13 36 2.407
13 37 0.713
13 38 2.939
13 39 0.651
13 40 0.225
13 41 2.112
13 42 2.156
13 43 1.593
13 44 1.530
13 45 1.669
13 46 2.358
13 47 0.972
13 48 2.002
13 49 2.085
13 50 2.145
13 51 1.543
13 52 1.951
13 53 1.302
13 54 1.450
13 55 0.858
13 56 1.461
13 57 0.196
13 58 2.742
13 59 3.158
13 60 2.935
13 61 1.302
13 62 1.170
13 63 2.725
13 64 2.394
13 65 2.409
13 66 2.286
13 67 0.791
13 68 1.572
13 69 3.639
13 70 1.314
13 71 1.429
13 72 0.960
13 73 1.631
13 74 1.223
13 75 0.782
13 76 1.305
13 77 2.970
13 78 1.525
13 79 1.998
13 80 2.032
13 81 2.218
13 82 1.841
13 83 2.755
13 84 2.835
13 85 1.422
13 86 3.546
13 87 3.075
13 88 0.885
13 89 1.551
13 90 1.047
13 91 2.178
13 92 0.064
13 93 2.857
13 94 1.972
13 95 1.573
13 96 1.444
13 97 3.343
13 98 2.856
13 99 3.359
14 15 2.658
14 16 0.940
14 17 2.216
14 18 1.851
14 19 2.691
14 20 1.707
14 21 1.787
14 22 3.200
14 23 1.710
14 24 1.525
14 25 2.489
14 26 0.688
14 27 0.991
14 28 1.944
14 29 3.193
14 30 1.421
14 31 1.542
14 32 1.874
14 33 0.622
14 34 1.010
14 35 0.707
14 36 0.558
14 37 2.254
14 38 0.720
14 39 3.371
14 40 2.683
14 41 0.790
14 42 1.953
14 43 2.485
14 44 1.640
14 45 1.634
14 46 2.403
14 47 2.039
14 48 1.061
14 49 1.584
14 50 1.653
14 51 1.515
14 52 0.886
14 53 1.548
14 54 2.049
14 55 2.415
14 56 3.184
14 57 2.586
14 58 0.119
14 59 1.743
14 60 2.203
14 61 1.538
14 62 2.232
14 63 2.578
14 64 1.047
14 65 0.388
14 66 0.577
14 67 1.994
14 68 2.451
14 69 1.470
14 70 1.468
14 71 1.421
14 72 2.170
14 73 1.508
14 74 3.688
14 75 2.094
14 76 2.152
14 77 4.183
14 78 1.825
14 79 0.977
14 80 1.571
14 81 0.803
14 82 1.024
14 83 1.927
14 84 1.160
14 85 3.732
14 86 1.110
14 87 3.148
14 88 1.976
14 89 1.246
14 90 2.319
14 91 1.406
14 92 2.779
14 93 2.155
14 94 2.094
14 95 1.617
14 96 4.120
14 97 1.657
14 98 0.109
14 99 2.461
15 16 3.140
15 17 1.729
15 18 2.379
15 19 1.132
15 20 2.402
15 21 2.743
15 22 3.600
15 23 2.652
15 24 2.346
15 25 3.252
15 26 2.070
15 27 3.484
15 28 1.904
15 29 2.176
15 30 2.537
15 31 3.273
15 32 1.644
15 33 3.063
15 34 3.295
15 35 2.750
15 36 2.152
15 37 1.415
15 38 3.050
15 39 1.540
15 40 0.788
15 41 2.216
15 42 2.761
15 43 2.413
15 44 2.002
15 45 2.158
15 46 3.077
15 47 1.577
15 48 2.241
15 49 1.433
15 50 2.648
15 51 1.940
15 52 2.035
15 53 1.592
15 54 0.714
15 55 0.299
15 56 2.447
15 57 0.966
15 58 2.662
15 59 3.567
15 60 3.518
15 61 1.181
15 62 1.917
15 63 3.442
15 64 2.665
15 65 2.355
15 66 2.318
15 67 1.129
15 68 0.615
15 69 3.103
15 70 1.395
15 71 1.676
15 72 1.658
15 73 1.180
15 74 2.188
15 75 0.759
15 76 2.018
15 77 3.955
15 78 2.094
15 79 1.699
15 80 2.507
15 81 2.366
15 82 1.636
15 83 3.285
15 84 3.111
15 85 2.412
15 86 3.127
15 87 3.876
15 88 0.840
15 89 1.486
15 90 0.339
15 91 2.588
15 92 0.946
15 93 3.439
15 94 2.638
15 95 2.040
15 96 2.268
15 97 3.688
15 98 2.698
15 99 3.941
16 17 2.126
16 18 1.470
16 19 2.820
16 20 1.319
16 21 1.214
16 22 2.517
16 23 1.182
16 24 1.188
16 25 1.791
16 26 1.118
16 27 0.478
16 28 1.795
16 29 3.004
16 30 0.974
16 31 0.666
16 32 1.861
16 33 0.363
16 34 0.162
16 35 0.394
16 36 1.390
16 37 2.291
16 38 0.228
16 39 3.438
16 40 2.926
16 41 0.924
16 42 1.384
16 43 2.119
16 44 1.486
16 45 1.392
16 46 1.757
16 47 2.031
16 48 0.956
16 49 2.377
16 50 1.126
16 51 1.429
16 52 1.105
16 53 1.662
16 54 2.666
16 55 2.857
16 56 2.897
16 57 2.772
16 58 0.831
16 59 0.814
16 60 1.360
16 61 1.961
16 62 2.062
16 63 1.829
16 64 0.581
16 65 0.929
16 66 0.858
16 67 2.199
16 68 3.093
16 69 2.354
16 70 1.760
16 71 1.542
16 72 2.113
16 73 2.140
16 74 3.588
16 75 2.441
16 76 1.939
16 77 3.596
16 78 1.593
16 79 1.672
16 80 1.129
16 81 0.776
16 82 1.608
16 83 1.116
16 84 0.293
16 85 3.562
16 86 1.945
16 87 2.372
16 88 2.334
16 89 1.660
16 90 2.817
16 91 0.926
16 92 2.973
16 93 1.329
16 94 1.596
16 95 1.446
16 96 4.099
16 97 0.720
16 98 1.023
16 99 1.553
17 18 0.802
17 19 0.824
17 20 0.902
17 21 1.209
17 22 1.876
17 23 1.150
17 24 0.964
17 25 1.554
17 26 1.553
17 27 2.590
17 28 0.335
17 29 0.982
17 30 1.197
17 31 1.931
17 32 0.354
17 33 2.253
17 34 2.284
17 35 1.840
17 36 2.020
17 37 0.319
17 38 2.162
17 39 1.332
17 40 1.090
17 41 1.439
17 42 1.158
17 43 0.689
17 44 0.641
17 45 0.743
17 46 1.378
17 47 0.231
17 48 1.227
17 49 2.164
17 50 1.175
17 51 0.724
17 52 1.331
17 53 0.712
17 54 1.791
17 55 1.456
17 56 1.040
17 57 0.877
17 58 2.142
17 59 2.197
17 60 1.936
17 61 1.164
17 62 0.188
17 63 1.746
17 64 1.545
17 65 1.829
17 66 1.648
17 67 0.674
17 68 2.105
17 69 3.396
17 70 0.958
17 71 0.820
17 72 0.082
17 73 1.645
17 74 1.488
17 75 1.047
17 76 0.308
17 77 2.399
17 78 0.560
17 79 1.743
17 80 1.080
17 81 1.488
17 82 1.539
17 83 1.763
17 84 1.952
17 85 1.516
17 86 3.188
17 87 2.150
17 88 1.041
17 89 1.219
17 90 1.569
17 91 1.253
17 92 1.044
17 93 1.859
17 94 0.974
17 95 0.680
17 96 1.975
17 97 2.405
17 98 2.312
17 99 2.360
18 19 1.620
18 20 0.155
18 21 0.407
18 22 1.484
18 23 0.353
18 24 0.327
18 25 0.919
18 26 1.331
18 27 1.948
18 28 0.501
18 29 1.545
18 30 0.498
18 31 1.151
18 32 0.737
18 33 1.686
18 34 1.614
18 35 1.283
18 36 1.865
18 37 1.080
18 38 1.567
18 39 2.115
18 40 1.853
18 41 1.091
18 42 0.383
18 43 0.658
18 44 0.417
18 45 0.291
18 46 0.757
18 47 0.839
18 48 0.798
18 49 2.381
18 50 0.388
18 51 0.542
18 52 1.087
18 53 0.871
18 54 2.237
18 55 2.084
18 56 1.427
18 57 1.648
18 58 1.749
18 59 1.403
18 60 1.156
18 61 1.460
18 62 0.667
18 63 1.094
18 64 0.920
18 65 1.507
18 66 1.292
18 67 1.250
18 68 2.622
18 69 3.234
18 70 1.175
18 71 0.865
18 72 0.831
18 73 1.905
18 74 2.149
18 75 1.627
18 76 0.526
18 77 2.348
18 78 0.285
18 79 1.766
18 80 0.341
18 81 1.049
18 82 1.571
18 83 0.964
18 84 1.243
18 85 2.101
18 86 2.938
18 87 1.608
18 88 1.570
18 89 1.331
18 90 2.145
18 91 0.544
18 92 1.830
18 93 1.078
18 94 0.310
18 95 0.394
18 96 2.688
18 97 1.627
18 98 1.959
18 99 1.583
19 20 1.706
19 21 2.027
19 22 2.567
19 23 1.961
19 24 1.734
19 25 2.354
19 26 2.004
19 27 3.257
19 28 1.127
19 29 1.046
19 30 1.965
19 31 2.720
19 32 0.970
19 33 2.878
19 34 2.982
19 35 2.484
19 36 2.344
19 37 0.550
19 38 2.813
19 39 0.687
19 40 0.350
19 41 1.997
19 42 1.982
19 43 1.414
19 44 1.374
19 45 1.510
19 46 2.179
19 47 0.813
19 48 1.869
19 49 2.100
19 50 1.980
19 51 1.398
19 52 1.842
19 53 1.181
19 54 1.503
19 55 0.947
19 56 1.316
19 57 0.183
19 58 2.646
19 59 2.996
19 60 2.760
19 61 1.254
19 62 0.993
19 63 2.546
19 64 2.252
19 65 2.313
19 66 2.179
19 67 0.700
19 68 1.667
19 69 3.612
19 70 1.229
19 71 1.310
19 72 0.789
19 73 1.624
19 74 1.179
19 75 0.779
19 76 1.128
19 77 2.826
19 78 1.358
19 79 1.951
19 80 1.870
19 81 2.095
19 82 1.782
19 83 2.584
19 84 2.689
19 85 1.352
19 86 3.498
19 87 2.897
19 88 0.866
19 89 1.479
19 90 1.126
19 91 2.022
19 92 0.234
19 93 2.683
19 94 1.795
19 95 1.418
19 96 1.470
19 97 3.187
19 98 2.770
19 99 3.184
20 21 0.342
20 22 1.582
20 23 0.258
20 24 0.184
20 25 0.969
20 26 1.211
20 27 1.796
20 28 0.579
20 29 1.691
20 30 0.345
20 31 1.030
20 32 0.779
20 33 1.531
20 34 1.464
20 35 1.129
20 36 1.745
20 37 1.159
20 38 1.413
20 39 2.229
20 40 1.918
20 41 0.958
20 42 0.387
20 43 0.813
20 44 0.402
20 45 0.248
20 46 0.821
20 47 0.905
20 48 0.663
20 49 2.311
20 50 0.274
20 51 0.496
20 52 0.970
20 53 0.847
20 54 2.213
20 55 2.104
20 56 1.580
20 57 1.720
20 58 1.603
20 59 1.295
20 60 1.116
20 61 1.425
20 62 0.786
20 63 1.132
20 64 0.765
20 65 1.370
20 66 1.154
20 67 1.279
20 68 2.610
20 69 3.104
20 70 1.138
20 71 0.819
20 72 0.920
20 73 1.851
20 74 2.290
20 75 1.644
20 76 0.649
20 77 2.483
20 78 0.348
20 79 1.673
20 80 0.192
20 81 0.905
20 82 1.484
20 83 0.896
20 84 1.097
20 85 2.248
20 86 2.799
20 87 1.670
20 88 1.578
20 89 1.267
20 90 2.152
20 91 0.393
20 92 1.908
20 93 1.037
20 94 0.408
20 95 0.367
20 96 2.822
20 97 1.505
20 98 1.815
20 99 1.540
21 22 1.415
21 23 0.103
21 24 0.432
21 25 0.726
21 26 1.400
21 27 1.683
21 28 0.903
21 29 1.894
21 30 0.381
21 31 0.775
21 32 1.119
21 33 1.491
21 34 1.338
21 35 1.128
21 36 1.923
21 37 1.484
21 38 1.357
21 39 2.516
21 40 2.252
21 41 1.119
21 42 0.173
21 43 0.947
21 44 0.742
21 45 0.586
21 46 0.618
21 47 1.237
21 48 0.837
21 49 2.587
21 50 0.144
21 51 0.823
21 52 1.180
21 53 1.178
21 54 2.537
21 55 2.445
21 56 1.731
21 57 2.050
21 58 1.674
21 59 1.008
21 60 0.775
21 61 1.743
21 62 1.069
21 63 0.858
21 64 0.753
21 65 1.497
21 66 1.285
21 67 1.621
21 68 2.939
21 69 3.234
21 70 1.457
21 71 1.136
21 72 1.237
21 73 2.149
21 74 2.513
21 75 1.985
21 76 0.927
21 77 2.419
21 78 0.676
21 79 1.917
21 80 0.281
21 81 1.021
21 82 1.741
21 83 0.560
21 84 0.948
21 85 2.441
21 86 2.897
21 87 1.423
21 88 1.917
21 89 1.559
21 90 2.490
21 91 0.383
21 92 2.235
21 93 0.696
21 94 0.389
21 95 0.705
21 96 3.064
21 97 1.246
21 98 1.896
21 99 1.199
22 23 1.500
22 24 1.757
22 25 0.727
22 26 2.786
22 27 2.936
22 28 1.786
22 29 1.802
22 30 1.791
22 31 1.892
22 32 2.055
22 33 2.844
22 34 2.600
22 35 2.523
22 36 3.318
22 37 2.185
22 38 2.702
22 39 2.721
22 40 2.898
22 41 2.519
22 42 1.256
22 43 1.188
22 44 1.879
22 45 1.773
22 46 0.797
22 47 2.060
22 48 2.226
22 49 3.854
22 50 1.554
22 51 2.018
22 52 2.550
22 53 2.309
22 54 3.627
22 55 3.332
22 56 1.474
22 57 2.684
22 58 3.085
22 59 1.933
22 60 1.270
22 61 2.896
22 62 1.691
22 63 0.713
22 64 2.156
22 65 2.909
22 66 2.696
22 67 2.533
22 68 3.970
22 69 4.648
22 70 2.621
22 71 2.331
22 72 1.952
22 73 3.363
22 74 2.360
22 75 2.917
22 76 1.612
22 77 1.134
22 78 1.690
22 79 3.249
22 80 1.659
22 81 2.433
22 82 3.054
22 83 1.426
22 84 2.225
22 85 2.152
22 86 4.310
22 87 0.451
22 88 2.896
22 89 2.806
22 90 3.443
22 91 1.798
22 92 2.800
22 93 1.260
22 94 1.178
22 95 1.867
22 96 2.919
22 97 2.213
22 98 3.308
22 99 1.439
23 24 0.329
23 25 0.822
23 26 1.304
23 27 1.656
23 28 0.834
23 29 1.879
23 30 0.292
23 31 0.799
23 32 1.037
23 33 1.441
23 34 1.314
23 35 1.066
23 36 1.829
23 37 1.415
23 38 1.311
23 39 2.468
23 40 2.177
23 41 1.025
23 42 0.244
23 43 0.948
23 44 0.651
23 45 0.495
23 46 0.705
23 47 1.162
23 48 0.740
23 49 2.484
23 50 0.059
23 51 0.725
23 52 1.080
23 53 1.081
23 54 2.436
23 55 2.354
23 56 1.733
23 57 1.977
23 58 1.598
23 59 1.050
23 60 0.868
23 61 1.642
23 62 1.020
23 63 0.959
23 64 0.689
23 65 1.410
23 66 1.197
23 67 1.534
23 68 2.840
23 69 3.149
23 70 1.356
23 71 1.036
23 72 1.173
23 73 2.046
23 74 2.492
23 75 1.894
23 76 0.879
23 77 2.483
23 78 0.603
23 79 1.816
23 80 0.178
23 81 0.933
23 82 1.639
23 83 0.638
23 84 0.929
23 85 2.431
23 86 2.818
23 87 1.522
23 88 1.823
23 89 1.455
23 90 2.395
23 91 0.304
23 92 2.165
23 93 0.789
23 94 0.416
23 95 0.612
23 96 3.036
23 97 1.275
23 98 1.819
23 99 1.289
24 25 1.122
24 26 1.031
24 27 1.663
24 28 0.629
24 29 1.818
24 30 0.234
24 31 0.987
24 32 0.773
24 33 1.375
24 34 1.339
24 35 0.966
24 36 1.564
24 37 1.184
24 38 1.263
24 39 2.295
24 40 1.917
24 41 0.775
24 42 0.529
24 43 0.978
24 44 0.365
24 45 0.224
24 46 0.984
24 47 0.921
24 48 0.480
24 49 2.163
24 50 0.309
24 51 0.407
24 52 0.793
24 53 0.761
24 54 2.108
24 55 2.047
24 56 1.730
24 57 1.728
24 58 1.423
24 59 1.269
24 60 1.189
24 61 1.313
24 62 0.878
24 63 1.274
24 64 0.616
24 65 1.186
24 66 0.971
24 67 1.241
24 68 2.514
24 69 2.920
24 70 1.028
24 71 0.708
24 72 0.967
24 73 1.718
24 74 2.402
24 75 1.587
24 76 0.752
24 77 2.667
24 78 0.410
24 79 1.509
24 80 0.162
24 81 0.723
24 82 1.325
24 83 0.940
24 84 0.991
24 85 2.376
24 86 2.616
24 87 1.825
24 88 1.511
24 89 1.128
24 90 2.079
24 91 0.290
24 92 1.923
24 93 1.111
24 94 0.588
24 95 0.322
24 96 2.920
24 97 1.453
24 98 1.633
24 99 1.603
25 26 2.126
25 27 2.217
25 28 1.350
25 29 1.872
25 30 1.107
25 31 1.178
25 32 1.617
25 33 2.118
25 34 1.878
25 35 1.803
25 36 2.649
25 37 1.871
25 38 1.976
25 39 2.686
25 40 2.643
25 41 1.845
25 42 0.593
25 43 0.969
25 44 1.335
25 45 1.200
25 46 0.176
25 47 1.677
25 48 1.562
25 49 3.280
25 50 0.870
25 51 1.455
25 52 1.901
25 53 1.789
25 54 3.154
25 55 2.964
25 56 1.606
25 57 2.428
25 58 2.373
25 59 1.258
25 60 0.637
25 61 2.379
25 62 1.370
25 63 0.193
25 64 1.443
25 65 2.218
25 66 2.008
25 67 2.131
25 68 3.534
25 69 3.948
25 70 2.093
25 71 1.780
25 72 1.613
25 73 2.818
25 74 2.497
25 75 2.516
25 76 1.249
25 77 1.822
25 78 1.184
25 79 2.630
25 80 0.996
25 81 1.744
25 82 2.447
25 83 0.720
25 84 1.500
25 85 2.351
25 86 3.598
25 87 0.703
25 88 2.471
25 89 2.236
25 90 3.042
25 91 1.104
25 92 2.583
25 93 0.599
25 94 0.623
25 95 1.311
25 96 3.071
25 97 1.540
25 98 2.597
25 99 0.958
26 27 1.417
26 28 1.310
26 29 2.535
26 30 1.023
26 31 1.478
26 32 1.204
26 33 0.993
26 34 1.260
26 35 0.727
26 36 0.534
26 37 1.569
26 38 0.991
26 39 2.683
26 40 2.009
26 41 0.292
26 42 1.540
26 43 1.910
26 44 1.031
26 45 1.068
26 46 2.003
26 47 1.363
26 48 0.564
26 49 1.304
26 50 1.256
26 51 0.892
26 52 0.247
26 53 0.865
26 54 1.550
26 55 1.804
26 56 2.555
26 57 1.903
26 58 0.644
26 59 1.750
26 60 2.012
26 61 0.900
26 62 1.591
26 63 2.255
26 64 0.824
26 65 0.311
26 66 0.260
26 67 1.309
26 68 1.976
26 69 1.911
26 70 0.786
26 71 0.741
26 72 1.501
26 73 1.022
26 74 3.009
26 75 1.439
26 76 1.529
26 77 3.675
26 78 1.232
26 79 0.585
26 80 1.133
26 81 0.439
26 82 0.490
26 83 1.725
26 84 1.182
26 85 3.065
26 86 1.650
26 87 2.823
26 88 1.323
26 89 0.593
26 90 1.736
26 91 1.035
26 92 2.098
26 93 1.946
26 94 1.618
26 95 1.019
26 96 3.433
26 97 1.775
26 98 0.773
26 99 2.359
27 28 2.262
27 29 3.480
27 30 1.452
27 31 1.045
27 32 2.311
27 33 0.424
27 34 0.346
27 35 0.775
27 36 1.534
27 37 2.739
27 38 0.448
27 39 3.890
27 40 3.340
27 41 1.293
27 42 1.850
27 43 2.596
27 44 1.949
27 45 1.863
27 46 2.200
27 47 2.483
27 48 1.390
27 49 2.562
27 50 1.601
27 51 1.881
27 52 1.470
27 53 2.084
27 54 2.951
27 55 3.213
27 56 3.375
27 57 3.197
27 58 0.920
27 59 1.084
27 60 1.719
27 61 2.307
27 62 2.533
27 63 2.232
27 64 1.050
27 65 1.154
27 66 1.166
27 67 2.612
27 68 3.370
27 69 2.204
27 70 2.140
27 71 1.958
27 72 2.573
27 73 2.411
27 74 4.060
27 75 2.821
27 76 2.413
27 77 4.035
27 78 2.065
27 79 1.901
27 80 1.607
27 81 1.170
27 82 1.884
27 83 1.512
27 84 0.737
27 85 4.039
27 86 1.768
27 87 2.749
27 88 2.709
27 89 2.000
27 90 3.152
27 91 1.404
27 92 3.398
27 93 1.703
27 94 2.068
27 95 1.910
27 96 4.565
27 97 0.873
27 98 1.031
27 99 1.822
28 29 1.256
28 30 0.862
28 31 1.602
28 32 0.272
28 33 1.935
28 34 1.952
28 35 1.521
28 36 1.810
28 37 0.582
28 38 1.840
28 39 1.666
28 40 1.353
28 41 1.156
28 42 0.878
28 43 0.666
28 44 0.319
28 45 0.408
28 46 1.176
28 47 0.340
28 48 0.918
28 49 2.106
28 50 0.853
28 51 0.429
28 52 1.072
28 53 0.558
28 54 1.843
28 55 1.614
28 56 1.246
28 57 1.148
28 58 1.862
28 59 1.872
28 60 1.656
28 61 1.120
28 62 0.289
28 63 1.538
28 64 1.214
28 65 1.563
28 66 1.369
28 67 0.781
28 68 2.200
28 69 3.198
28 70 0.860
28 71 0.626
28 72 0.342
28 73 1.597
28 74 1.803
28 75 1.167
28 76 0.226
28 77 2.461
28 78 0.232
28 79 1.592
28 80 0.749
28 81 1.185
28 82 1.386
28 83 1.462
28 84 1.617
28 85 1.808
28 86 2.959
28 87 1.998
28 88 1.127
28 89 1.087
28 90 1.695
28 91 0.919
28 92 1.332
28 93 1.577
28 94 0.734
28 95 0.354
28 96 2.304
28 97 2.074
28 98 2.044
28 99 2.083
29 30 2.032
29 31 2.670
29 32 1.334
29 33 3.179
29 34 3.153
29 35 2.765
29 36 2.997
29 37 1.055
29 38 3.076
29 39 0.936
29 40 1.388
29 41 2.409
29 42 1.769
29 43 0.965
29 44 1.573
29 45 1.627
29 46 1.729
29 47 1.186
29 48 2.174
29 49 3.019
29 50 1.924
29 51 1.683
29 52 2.310
29 53 1.688
29 54 2.505
29 55 1.989
29 56 0.337
29 57 1.222
29 58 3.115
29 59 2.889
29 60 2.443
29 61 2.054
29 62 0.969
29 63 2.044
29 64 2.433
29 65 2.808
29 66 2.620
29 67 1.474
29 68 2.708
29 69 4.363
29 70 1.900
29 71 1.800
29 72 1.038
29 73 2.508
29 74 0.631
29 75 1.735
29 76 1.073
29 77 1.808
29 78 1.423
29 79 2.693
29 80 1.883
29 81 2.441
29 82 2.495
29 83 2.369
29 84 2.787
29 85 0.558
29 86 4.167
29 87 2.213
29 88 1.786
29 89 2.170
29 90 2.160
29 91 2.083
29 92 1.237
29 93 2.378
29 94 1.530
29 95 1.604
29 96 1.202
29 97 3.139
29 98 3.290
29 99 2.821
30 31 0.761
30 32 1.000
30 33 1.192
30 34 1.121
30 35 0.798
30 36 1.542
30 37 1.416
30 38 1.071
30 39 2.528
30 40 2.139
30 41 0.739
30 42 0.535
30 43 1.154
30 44 0.591
30 45 0.457
30 46 0.996
30 47 1.152
30 48 0.463
30 49 2.241
30 50 0.238
30 51 0.605
30 52 0.810
30 53 0.945
30 54 2.253
30 55 2.238
30 56 1.925
30 57 1.954
30 58 1.311
30 59 1.048
30 60 1.048
30 61 1.459
30 62 1.106
30 63 1.232
30 64 0.426
30 65 1.118
30 66 0.906
30 67 1.450
30 68 2.668
30 69 2.857
30 70 1.182
30 71 0.870
30 72 1.200
30 73 1.827
30 74 2.624
30 75 1.782
30 76 0.976
30 77 2.765
30 78 0.640
30 79 1.555
30 80 0.162
30 81 0.642
30 82 1.388
30 83 0.778
30 84 0.762
30 85 2.590
30 86 2.528
30 87 1.800
30 88 1.698
30 89 1.238
30 90 2.258
30 91 0.057
30 92 2.150
30 93 0.974
30 94 0.680
30 95 0.548
30 96 3.148
30 97 1.222
30 98 1.530
30 99 1.445
31 32 1.760
31 33 1.026
31 34 0.717
31 35 0.851
31 36 1.892
31 37 2.170
31 38 0.884
31 39 3.259
31 40 2.900
31 41 1.203
31 42 0.912
31 43 1.719
31 44 1.351
31 45 1.210
31 46 1.180
31 47 1.908
31 48 1.055
31 49 2.782
31 50 0.763
31 51 1.362
31 52 1.354
31 53 1.688
31 54 2.922
31 55 2.975
31 56 2.500
31 57 2.714
31 58 1.425
31 59 0.295
31 60 0.694
31 61 2.145
31 62 1.814
31 63 1.187
31 64 0.662
31 65 1.408
31 66 1.254
31 67 2.207
31 68 3.348
31 69 2.996
31 70 1.888
31 71 1.597
31 72 1.944
31 73 2.445
31 74 3.288
31 75 2.524
31 76 1.675
31 77 3.000
31 78 1.371
31 79 2.063
31 80 0.852
31 81 1.042
31 82 1.942
31 83 0.467
31 84 0.389
31 85 3.216
31 86 2.599
31 87 1.713
31 88 2.434
31 89 1.883
31 90 2.979
31 91 0.705
31 92 2.910
31 93 0.666
31 94 1.152
31 95 1.307
31 96 3.835
31 97 0.476
31 98 1.638
31 99 0.921
32 33 1.952
32 34 2.022
32 35 1.545
32 36 1.666
32 37 0.430
32 38 1.873
32 39 1.579
32 40 1.145
32 41 1.108
32 42 1.119
32 43 0.912
32 44 0.409
32 45 0.555
32 46 1.444
32 47 0.173
32 48 0.925
32 49 1.863
32 50 1.045
32 51 0.432
32 52 0.987
32 53 0.359
32 54 1.572
32 55 1.351
32 56 1.387
32 57 0.955
32 58 1.804
32 59 2.042
32 60 1.888
32 61 0.866
32 62 0.444
32 63 1.804
32 64 1.287
32 65 1.486
32 66 1.312
32 67 0.516
32 68 1.928
32 69 3.044
32 70 0.627
32 71 0.467
32 72 0.297
32 73 1.349
32 74 1.816
32 75 0.899
32 76 0.458
32 77 2.691
32 78 0.452
32 79 1.399
32 80 0.920
32 81 1.174
32 82 1.193
32 83 1.675
32 84 1.719
32 85 1.862
32 86 2.835
32 87 2.271
32 88 0.856
32 89 0.878
32 90 1.425
32 91 1.057
32 92 1.150
32 93 1.809
32 94 0.997
32 95 0.452
32 96 2.275
32 97 2.222
32 98 1.967
32 99 2.314
33 34 0.393
33 35 0.415
33 36 1.134
33 37 2.374
33 38 0.143
33 39 3.526
33 40 2.942
33 41 0.889
33 42 1.664
33 43 2.344
33 44 1.617
33 45 1.552
33 46 2.068
33 47 2.125
33 48 1.029
33 49 2.155
33 50 1.383
33 51 1.531
33 52 1.061
33 53 1.698
33 54 2.527
33 55 2.793
33 56 3.105
33 57 2.807
33 58 0.529
33 59 1.174
33 60 1.718
33 61 1.887
33 62 2.216
33 63 2.169
33 64 0.767
33 65 0.731
33 66 0.746
33 67 2.216
33 68 2.947
33 69 1.994
33 70 1.731
33 71 1.569
33 72 2.227
33 73 1.987
33 74 3.737
33 75 2.409
33 76 2.106
33 77 3.902
33 78 1.757
33 79 1.482
33 80 1.354
33 81 0.784
33 82 1.459
33 83 1.466
33 84 0.642
33 85 3.736
33 86 1.582
33 87 2.721
33 88 2.295
33 89 1.580
33 90 2.729
33 91 1.155
33 92 3.008
33 93 1.683
33 94 1.856
33 95 1.581
33 96 4.223
33 97 1.050
33 98 0.689
33 99 1.915
34 35 0.545
34 36 1.496
34 37 2.452
34 38 0.298
34 39 3.598
34 40 3.089
34 41 1.079
34 42 1.505
34 43 2.257
34 44 1.644
34 45 1.547
34 46 1.856
34 47 2.192
34 48 1.118
34 49 2.498
34 50 1.259
34 51 1.590
34 52 1.261
34 53 1.825
34 54 2.810
34 55 3.013
34 56 3.038
34 57 2.934
34 58 0.910
34 59 0.807
34 60 1.405
34 61 2.115
34 62 2.216
34 63 1.901
34 64 0.739
34 65 1.051
34 66 1.000
34 67 2.361
34 68 3.236
34 69 2.375
34 70 1.919
34 71 1.704
34 72 2.272
34 73 2.281
34 74 3.741
34 75 2.601
34 76 2.091
34 77 3.693
34 78 1.746
34 79 1.802
34 80 1.273
34 81 0.934
34 82 1.748
34 83 1.181
34 84 0.391
34 85 3.711
34 86 1.955
34 87 2.430
34 88 2.492
34 89 1.813
34 90 2.970
34 91 1.071
34 92 3.136
34 93 1.382
34 94 1.724
34 95 1.604
34 96 4.255
34 97 0.659
34 98 1.082
34 99 1.555
35 36 1.054
35 37 1.970
35 38 0.329
35 39 3.122
35 40 2.567
35 41 0.535
35 42 1.300
35 43 1.941
35 44 1.202
35 45 1.138
35 46 1.731
35 47 1.718
35 48 0.620
35 49 2.005
35 50 1.007
35 51 1.120
35 52 0.716
35 53 1.309
35 54 2.272
35 55 2.469
35 56 2.695
35 57 2.422
35 58 0.588
35 59 1.084
35 60 1.496
35 61 1.570
35 62 1.802
35 63 1.880
35 64 0.378
35 65 0.572
35 66 0.469
35 67 1.839
35 68 2.700
35 69 2.176
35 70 1.379
35 71 1.183
35 72 1.816
35 73 1.749
35 74 3.323
35 75 2.062
35 76 1.692
35 77 3.547
35 78 1.343
35 79 1.292
35 80 0.960
35 81 0.397
35 82 1.218
35 83 1.219
35 84 0.490
35 85 3.321
35 86 1.803
35 87 2.447
35 88 1.952
35 89 1.268
35 90 2.425
35 91 0.768
35 92 2.624
35 93 1.447
35 94 1.475
35 95 1.167
35 96 3.812
35 97 1.063
35 98 0.810
35 99 1.771
36 37 1.981
36 38 1.198
36 39 3.031
36 40 2.277
36 41 0.803
36 42 2.068
36 43 2.432
36 44 1.551
36 45 1.598
36 46 2.532
36 47 1.811
36 48 1.092
36 49 1.029
36 50 1.779
36 51 1.407
36 52 0.779
36 53 1.309
36 54 1.511
36 55 1.930
36 56 3.045
36 57 2.214
36 58 0.614
36 59 2.137
36 60 2.486
36 61 1.110
36 62 2.082
36 63 2.770
36 64 1.279
36 65 0.484
36 66 0.659
36 67 1.648
36 68 1.902
36 69 1.390
36 70 1.129
36 71 1.202
36 72 1.959
36 73 0.978
36 74 3.426
36 75 1.665
36 76 2.034
36 77 4.206
36 78 1.754
36 79 0.452
36 80 1.661
36 81 0.916
36 82 0.568
36 83 2.200
36 84 1.544
36 85 3.508
36 86 1.174
36 87 3.341
36 88 1.548
36 89 0.866
36 90 1.814
36 91 1.548
36 92 2.394
36 93 2.426
36 94 2.152
36 95 1.542
36 96 3.807
36 97 2.104
36 98 0.565
36 99 2.803
37 38 2.299
37 39 1.152
37 40 0.779
37 41 1.512
37 42 1.451
37 43 0.997
37 44 0.827
37 45 0.960
37 46 1.695
37 47 0.264
37 48 1.350
37 49 1.976
37 50 1.432
37 51 0.862
37 52 1.375
37 53 0.706
37 54 1.532
37 55 1.148
37 56 1.202
37 57 0.570
37 58 2.194
37 59 2.447
37 60 2.231
37 61 0.999
37 62 0.506
37 63 2.063
37 64 1.717
37 65 1.867
37 66 1.709
37 67 0.430
37 68 1.817
37 69 3.324
37 70 0.859
37 71 0.834
37 72 0.259
37 73 1.460
37 74 1.447
37 75 0.764
37 76 0.622
37 77 2.642
37 78 0.811
37 79 1.648
37 80 1.320
37 81 1.592
37 82 1.454
37 83 2.044
37 84 2.147
37 85 1.532
37 86 3.155
37 87 2.467
37 88 0.780
37 89 1.130
37 90 1.273
37 91 1.473
37 92 0.750
37 93 2.153
37 94 1.282
37 95 0.870
37 96 1.869
37 97 2.637
37 98 2.341
37 99 2.657
38 39 3.451
38 40 2.892
38 41 0.847
38 42 1.530
38 43 2.225
38 44 1.523
38 45 1.449
38 46 1.928
38 47 2.045
38 48 0.949
38 49 2.205
38 50 1.253
38 51 1.446
38 52 1.026
38 53 1.637
38 54 2.539
38 55 2.774
38 56 2.991
38 57 2.750
38 58 0.616
38 59 1.042
38 60 1.575
38 61 1.870
38 62 2.117
38 63 2.026
38 64 0.648
38 65 0.760
38 66 0.734
38 67 2.164
38 68 2.963
38 69 2.126
38 70 1.695
38 71 1.511
38 72 2.141
38 73 2.004
38 74 3.642
38 75 2.376
38 76 2.003
38 77 3.764
38 78 1.653
38 79 1.514
38 80 1.232
38 81 0.722
38 82 1.472
38 83 1.322
38 84 0.499
38 85 3.633
38 86 1.719
38 87 2.577
38 88 2.265
38 89 1.563
38 90 2.720
38 91 1.031
38 92 2.951
38 93 1.540
38 94 1.727
38 95 1.486
38 96 4.137
38 97 0.937
38 98 0.798
38 99 1.780
39 40 0.846
39 41 2.657
39 42 2.435
39 43 1.719
39 44 1.958
39 45 2.073
39 46 2.524
39 47 1.408
39 48 2.502
39 49 2.732
39 50 2.498
39 51 2.010
39 52 2.510
39 53 1.841
39 54 2.079
39 55 1.463
39 56 1.273
39 57 0.829
39 58 3.321
39 59 3.518
39 60 3.186
39 61 1.937
39 62 1.448
39 63 2.871
39 64 2.860
39 65 2.990
39 66 2.847
39 67 1.386
39 68 2.145
39 69 4.287
39 70 1.914
39 71 1.971
39 72 1.331
39 73 2.282
39 74 0.668
39 75 1.432
39 76 1.590
39 77 2.694
39 78 1.892
39 79 2.635
39 80 2.411
39 81 2.743
39 82 2.469
39 83 3.054
39 84 3.279
39 85 0.922
39 86 4.183
39 87 3.115
39 88 1.532
39 89 2.166
39 90 1.657
39 91 2.585
39 92 0.686
39 93 3.114
39 94 2.216
39 95 2.000
39 96 0.793
39 97 3.734
39 98 3.452
39 99 3.595
40 41 2.052
40 42 2.228
40 43 1.729
40 44 1.552
40 45 1.700
40 46 2.467
40 47 1.015
40 48 1.972
40 49 1.888
40 50 2.188
40 51 1.544
40 52 1.883
40 53 1.264
40 54 1.236
40 55 0.635
40 56 1.665
40 57 0.216
40 58 2.652
40 59 3.186
40 60 3.008
40 61 1.167
40 62 1.273
40 63 2.836
40 64 2.379
40 65 2.320
40 66 2.213
40 67 0.728
40 68 1.348
40 69 3.471
40 70 1.224
40 71 1.385
40 72 1.038
40 73 1.454
40 74 1.443
40 75 0.619
40 76 1.398
40 77 3.175
40 78 1.576
40 79 1.854
40 80 2.065
40 81 2.170
40 82 1.710
40 83 2.811
40 84 2.826
40 85 1.646
40 86 3.397
40 87 3.214
40 88 0.731
40 89 1.439
40 90 0.826
40 91 2.196
40 92 0.169
40 93 2.929
40 94 2.061
40 95 1.595
40 96 1.633
40 97 3.356
40 98 2.750
40 99 3.434
41 42 1.265
41 43 1.704
41 44 0.850
41 45 0.851
41 46 1.729
41 47 1.278
41 48 0.295
41 49 1.581
41 50 0.975
41 51 0.727
41 52 0.181
41 53 0.817
41 54 1.760
41 55 1.934
41 56 2.394
41 57 1.920
41 58 0.706
41 59 1.482
41 60 1.720
41 61 1.036
41 62 1.444
41 63 1.969
41 64 0.542
41 65 0.420
41 66 0.213
41 67 1.328
41 68 2.188
41 69 2.145
41 70 0.848
41 71 0.687
41 72 1.399
41 73 1.255
41 74 2.922
41 75 1.530
41 76 1.362
41 77 3.439
41 78 1.037
41 79 0.866
41 80 0.859
41 81 0.164
41 82 0.740
41 83 1.434
41 84 0.935
41 85 2.953
41 86 1.849
41 87 2.539
41 88 1.419
41 89 0.737
41 90 1.893
41 91 0.748
41 92 2.120
41 93 1.655
41 94 1.362
41 95 0.828
41 96 3.379
41 97 1.531
41 98 0.893
41 99 2.071
42 43 0.809
42 44 0.778
42 45 0.630
42 46 0.464
42 47 1.218
42 48 0.976
42 49 2.690
42 50 0.300
42 51 0.882
42 52 1.311
42 53 1.230
42 54 2.598
42 55 2.465
42 56 1.588
42 57 2.021
42 58 1.841
42 59 1.120
42 60 0.780
42 61 1.811
42 62 1.001
42 63 0.747
42 64 0.924
42 65 1.653
42 66 1.440
42 67 1.633
42 68 2.991
42 69 3.393
42 70 1.524
42 71 1.206
42 72 1.196
42 73 2.236
42 74 2.395
42 75 2.008
42 76 0.860
42 77 2.246
42 78 0.668
42 79 2.037
42 80 0.407
42 81 1.177
42 82 1.854
42 83 0.619
42 84 1.114
42 85 2.309
42 86 3.061
42 87 1.296
42 88 1.948
42 89 1.650
42 90 2.523
42 91 0.546
42 92 2.198
42 93 0.702
42 94 0.241
42 95 0.747
42 96 2.952
42 97 1.373
42 98 2.062
42 99 1.206
43 44 0.881
43 45 0.853
43 46 0.805
43 47 0.885
43 48 1.424
43 49 2.770
43 50 1.000
43 51 1.025
43 52 1.663
43 53 1.224
43 54 2.465
43 55 2.144
43 56 0.786
43 57 1.513
43 58 2.388
43 59 1.928
43 60 1.489
43 61 1.778
43 62 0.507
43 63 1.157
43 64 1.578
43 65 2.124
43 66 1.914
43 67 1.355
43 68 2.791
43 69 3.819
43 70 1.525
43 71 1.283
43 72 0.766
43 73 2.259
43 74 1.594
43 75 1.734
43 76 0.453
43 77 1.798
43 78 0.678
43 79 2.250
43 80 0.994
43 81 1.686
43 82 2.044
43 83 1.404
43 84 1.876
43 85 1.500
43 86 3.550
43 87 1.485
43 88 1.721
43 89 1.752
43 90 2.258
43 91 1.196
43 92 1.648
43 93 1.422
43 94 0.569
43 95 0.891
43 96 2.160
43 97 2.182
43 98 2.591
43 99 1.884
44 45 0.156
44 46 1.173
44 47 0.563
44 48 0.601
44 49 1.975
44 50 0.650
44 51 0.146
44 52 0.787
44 53 0.455
44 54 1.823
44 55 1.703
44 56 1.544
44 57 1.363
44 58 1.553
44 59 1.634
44 60 1.517
44 61 1.044
44 62 0.604
44 63 1.509
44 64 0.905
44 65 1.265
44 66 1.063
44 67 0.884
44 68 2.213
44 69 2.938
44 70 0.758
44 71 0.453
44 72 0.628
44 73 1.492
44 74 2.121
44 75 1.244
44 76 0.512
44 77 2.666
44 78 0.205
44 79 1.390
44 80 0.517
44 81 0.869
44 82 1.188
44 83 1.286
44 84 1.323
44 85 2.126
44 86 2.678
44 87 2.024
44 88 1.176
44 89 0.927
44 90 1.750
44 91 0.648
44 92 1.559
44 93 1.438
44 94 0.723
44 95 0.044
44 96 2.616
44 97 1.814
44 98 1.742
44 99 1.939
45 46 1.043
45 47 0.698
45 48 0.574
45 49 2.090
45 50 0.495
45 51 0.255
45 52 0.821
45 53 0.600
45 54 1.968
45 55 1.859
45 56 1.566
45 57 1.508
45 58 1.540
45 59 1.489
45 60 1.361
45 61 1.182
45 62 0.670
45 63 1.369
45 64 0.812
45 65 1.271
45 66 1.062
45 67 1.040
45 68 2.362
45 69 2.978
45 70 0.895
45 71 0.580
45 72 0.743
45 73 1.619
45 74 2.197
45 75 1.400
45 76 0.554
45 77 2.608
45 78 0.205
45 79 1.478
45 80 0.365
45 81 0.840
45 82 1.281
45 83 1.131
45 84 1.209
45 85 2.185
45 86 2.699
45 87 1.895
45 88 1.331
45 89 1.041
45 90 1.905
45 91 0.515
45 92 1.701
45 93 1.282
45 94 0.601
45 95 0.119
45 96 2.708
45 97 1.677
45 98 1.739
45 99 1.783
46 47 1.501
46 48 1.440
46 49 3.130
46 50 0.759
46 51 1.298
46 52 1.773
46 53 1.626
46 54 2.988
46 55 2.789
46 56 1.477
46 57 2.252
46 58 2.289
46 59 1.299
46 60 0.730
46 61 2.217
46 62 1.195
46 63 0.369
46 64 1.361
46 65 2.114
46 66 1.902
46 67 1.957
46 68 3.364
46 69 3.852
46 70 1.932
46 71 1.622
46 72 1.437
46 73 2.661
46 74 2.358
46 75 2.343
46 76 1.072
46 77 1.839
46 78 1.015
46 79 2.492
46 80 0.871
46 81 1.638
46 82 2.305
46 83 0.747
46 84 1.470
46 85 2.223
46 86 3.513
46 87 0.852
46 88 2.298
46 89 2.083
46 90 2.869
46 91 1.001
46 92 2.409
46 93 0.677
46 94 0.454
46 95 1.151
46 96 2.931
46 97 1.578
46 98 2.512
46 99 1.092
47 48 1.097
47 49 1.934
47 50 1.176
47 51 0.602
47 52 1.153
47 53 0.503
47 54 1.580
47 55 1.292
47 56 1.267
47 57 0.815
47 58 1.972
47 59 2.186
47 60 1.995
47 61 0.934
47 62 0.381
47 63 1.867
47 64 1.455
47 65 1.651
47 66 1.481
47 67 0.473
47 68 1.911
47 69 3.179
47 70 0.729
47 71 0.622
47 72 0.155
47 73 1.415
47 74 1.649
47 75 0.859
47 76 0.449
47 77 2.625
47 78 0.561
47 79 1.518
47 80 1.060
47 81 1.346
47 82 1.316
47 83 1.796
47 84 1.883
47 85 1.704
47 86 2.983
47 87 2.305
47 88 0.837
47 89 0.994
47 90 1.387
47 91 1.209
47 92 1.005
47 93 1.917
47 94 1.068
47 95 0.606
47 96 2.103
47 97 2.374
47 98 2.131
47 99 2.422
48 49 1.790
48 50 0.693
48 51 0.503
48 52 0.347
48 53 0.708
48 54 1.868
48 55 1.948
48 56 2.135
48 57 1.816
48 58 0.966
48 59 1.348
48 60 1.489
48 61 1.092
48 62 1.205
48 63 1.694
48 64 0.424
48 65 0.709
48 66 0.494
48 67 1.246
48 68 2.293
48 69 2.440
48 70 0.846
48 71 0.591
48 72 1.199
48 73 1.404
48 74 2.714
48 75 1.512
48 76 1.109
48 77 3.145
48 78 0.770
48 79 1.094
48 80 0.569
48 81 0.269
48 82 0.935
48 83 1.207
48 84 0.873
48 85 2.726
48 86 2.140
48 87 2.260
48 88 1.411
48 89 0.830
48 90 1.936
48 91 0.483
48 92 2.018
48 93 1.418
48 94 1.067
48 95 0.571
48 96 3.195
48 97 1.448
48 98 1.168
48 99 1.864
49 50 2.449
49 51 1.839
49 52 1.449
49 53 1.554
49 54 0.721
49 55 1.329
49 56 3.175
49 57 1.926
49 58 1.642
49 59 3.055
49 60 3.279
49 61 1.001
49 62 2.301
49 63 3.436
49 64 2.123
49 65 1.449
49 66 1.544
49 67 1.548
49 68 0.986
49 69 1.671
49 70 1.246
49 71 1.523
49 72 2.084
49 73 0.519
49 74 3.279
49 75 1.322
49 76 2.318
49 77 4.553
49 78 2.165
49 79 0.719
49 80 2.306
49 81 1.740
49 82 0.855
49 83 2.996
49 84 2.480
49 85 3.434
49 86 1.731
49 87 3.981
49 88 1.246
49 89 1.049
49 90 1.149
49 91 2.269
49 92 2.046
49 93 3.208
49 94 2.691
49 95 1.990
49 96 3.521
49 97 3.067
49 98 1.576
49 99 3.647
50 51 0.713
50 52 1.036
50 53 1.069
50 54 2.416
50 55 2.349
50 56 1.784
50 57 1.991
50 58 1.541
50 59 1.022
50 60 0.880
50 61 1.621
50 62 1.052
50 63 1.002
50 64 0.630
50 65 1.356
50 66 1.143
50 67 1.534
50 68 2.823
50 69 3.094
50 70 1.337
50 71 1.017
50 72 1.194
50 73 2.017
50 74 2.534
50 75 1.889
50 76 0.912
50 77 2.542
50 78 0.621
50 79 1.775
50 80 0.148
50 81 0.879
50 82 1.601
50 83 0.637
50 84 0.876
50 85 2.477
50 86 2.761
50 87 1.567
50 88 1.816
50 89 1.426
50 90 2.386
50 91 0.246
50 92 2.180
50 93 0.802
50 94 0.474
50 95 0.610
50 96 3.075
50 97 1.239
50 98 1.762
50 99 1.296
51 52 0.649
51 53 0.356
51 54 1.717
51 55 1.641
51 56 1.671
51 57 1.367
51 58 1.433
51 59 1.652
51 60 1.592
51 61 0.929
51 62 0.717
51 63 1.624
51 64 0.856
51 65 1.135
51 66 0.940
51 67 0.845
51 68 2.117
51 69 2.796
51 70 0.641
51 71 0.325
51 72 0.696
51 73 1.364
51 74 2.212
51 75 1.182
51 76 0.641
51 77 2.812
51 78 0.351
51 79 1.245
51 80 0.569
51 81 0.764
51 82 1.044
51 83 1.347
51 84 1.292
51 85 2.231
51 86 2.541
51 87 2.149
51 88 1.104
51 89 0.790
51 90 1.673
51 91 0.659
51 92 1.567
51 93 1.513
51 94 0.852
51 95 0.151
51 96 2.692
51 97 1.812
51 98 1.616
51 99 2.009
52 53 0.671
52 54 1.587
52 55 1.753
52 56 2.318
52 57 1.757
52 58 0.819
52 59 1.639
52 60 1.831
52 61 0.855
52 62 1.357
52 63 2.038
52 64 0.693
52 65 0.499
52 66 0.337
52 67 1.162
52 68 2.016
52 69 2.158
52 70 0.670
52 71 0.541
52 72 1.284
52 73 1.092
52 74 2.802
52 75 1.351
52 76 1.289
52 77 3.428
52 78 0.986
52 79 0.748
52 80 0.905
52 81 0.337
52 82 0.596
52 83 1.548
52 84 1.106
52 85 2.847
52 86 1.892
52 87 2.602
52 88 1.239
52 89 0.558
52 90 1.712
52 91 0.830
52 92 1.956
52 93 1.762
52 94 1.378
52 95 0.773
52 96 3.244
52 97 1.701
52 98 0.981
52 99 2.198
53 54 1.368
53 55 1.293
53 56 1.746
53 57 1.113
53 58 1.488
53 59 1.981
53 60 1.948
53 61 0.592
53 62 0.794
53 63 1.964
53 64 1.120
53 65 1.161
53 66 1.007
53 67 0.538
53 68 1.762
53 69 2.685
53 70 0.312
53 71 0.130
53 72 0.649
53 73 1.054
53 74 2.144
53 75 0.838
53 76 0.779
53 77 3.019
53 78 0.621
53 79 1.044
53 80 0.923
53 81 0.916
53 82 0.838
53 83 1.701
53 84 1.570
53 85 2.206
53 86 2.480
53 87 2.475
53 88 0.753
53 89 0.530
53 90 1.319
53 91 0.996
53 92 1.315
53 93 1.869
53 94 1.173
53 95 0.483
53 96 2.574
53 97 2.121
53 98 1.637
53 99 2.364
54 55 0.628
54 56 2.713
54 57 1.320
54 58 2.073
54 59 3.214
54 60 3.293
54 61 0.796
54 62 1.961
54 63 3.331
54 64 2.272
54 65 1.798
54 66 1.810
54 67 1.118
54 68 0.429
54 69 2.389
54 70 1.080
54 71 1.400
54 72 1.710
54 73 0.543
54 74 2.671
54 75 0.776
54 76 2.019
54 77 4.173
54 78 1.973
54 79 1.072
54 80 2.268
54 81 1.922
54 82 1.068
54 83 3.030
54 84 2.693
54 85 2.855
54 86 2.420
54 87 3.831
54 88 0.753
54 89 1.040
54 90 0.437
54 91 2.295
54 92 1.402
54 93 3.216
54 94 2.534
54 95 1.851
54 96 2.856
54 97 3.288
54 98 2.074
54 99 3.698
55 56 2.238
55 57 0.767
55 58 2.411
55 59 3.270
55 60 3.220
55 61 0.906
55 62 1.642
55 63 3.152
55 64 2.372
55 65 2.097
55 66 2.047
55 67 0.835
55 68 0.720
55 69 2.975
55 70 1.103
55 71 1.379
55 72 1.382
55 73 0.986
55 74 2.078
55 75 0.460
55 76 1.737
55 77 3.737
55 78 1.800
55 79 1.479
55 80 2.208
55 81 2.081
55 82 1.392
55 83 2.986
55 84 2.819
55 85 2.280
55 86 2.961
55 87 3.596
55 88 0.542
55 89 1.213
55 90 0.195
55 91 2.289
55 92 0.804
55 93 3.141
55 94 2.347
55 95 1.741
55 96 2.232
55 97 3.394
55 98 2.463
55 99 3.642
56 57 1.481
56 58 3.096
56 59 2.698
56 60 2.204
56 61 2.186
56 62 0.965
56 63 1.766
56 64 2.343
56 65 2.806
56 66 2.607
56 67 1.632
56 68 2.951
56 69 4.429
56 70 1.996
56 71 1.845
56 72 1.112
56 73 2.657
56 74 0.905
56 75 1.938
56 76 1.032
56 77 1.510
56 78 1.366
56 79 2.783
56 80 1.768
56 81 2.404
56 82 2.579
56 83 2.161
56 84 2.660
56 85 0.746
56 86 4.203
56 87 1.894
56 88 1.972
56 89 2.259
56 90 2.398
56 91 1.971
56 92 1.525
56 93 2.144
56 94 1.349
56 95 1.568
56 96 1.477
56 97 2.959
56 98 3.286
56 99 2.563
57 58 2.547
57 59 2.997
57 60 2.801
57 61 1.111
57 62 1.058
57 63 2.621
57 64 2.214
57 65 2.214
57 66 2.092
57 67 0.596
57 68 1.487
57 69 3.458
57 70 1.118
57 71 1.239
57 72 0.827
57 73 1.459
57 74 1.357
57 75 0.609
57 76 1.184
57 77 2.988
57 78 1.375
57 79 1.809
57 80 1.872
57 81 2.028
57 82 1.649
57 83 2.610
57 84 2.657
57 85 1.535
57 86 3.357
57 87 2.998
57 88 0.704
57 89 1.356
57 90 0.944
57 91 2.011
57 92 0.202
57 93 2.723
57 94 1.849
57 95 1.407
57 96 1.621
57 97 3.175
57 98 2.660
57 99 3.227
58 59 1.629
58 60 2.084
58 61 1.521
58 62 2.150
58 63 2.461
58 64 0.931
58 65 0.333
58 66 0.494
58 67 1.952
58 68 2.481
58 69 1.588
58 70 1.430
58 71 1.359
58 72 2.099
58 73 1.530
58 74 3.621
58 75 2.073
58 76 2.066
58 77 4.075
58 78 1.734
58 79 1.004
58 80 1.463
58 81 0.702
58 82 1.026
58 83 1.808
58 84 1.044
58 85 3.658
58 86 1.225
58 87 3.030
58 88 1.955
58 89 1.222
58 90 2.323
58 91 1.294
58 92 2.742
58 93 2.036
58 94 1.986
58 95 1.529
58 96 4.063
58 97 1.550
58 98 0.224
58 99 2.344
59 60 0.667
59 61 2.439
59 62 2.070
59 63 1.221
59 64 0.946
59 65 1.654
59 66 1.516
59 67 2.497
59 68 3.640
59 69 3.167
59 70 2.183
59 71 1.891
59 72 2.214
59 73 2.731
59 74 3.514
59 75 2.818
59 76 1.929
59 77 3.063
59 78 1.641
59 79 2.335
59 80 1.126
59 81 1.320
59 82 2.223
59 83 0.553
59 84 0.594
59 85 3.427
59 86 2.755
59 87 1.690
59 88 2.728
59 89 2.174
59 90 3.274
59 91 0.993
59 92 3.190
59 93 0.674
59 94 1.360
59 95 1.591
59 96 4.069
59 97 0.282
59 98 1.832
59 99 0.748
60 61 2.497
60 62 1.773
60 63 0.563
60 64 1.208
60 65 2.013
60 66 1.828
60 67 2.395
60 68 3.702
60 69 3.669
60 70 2.215
60 71 1.896
60 72 1.976
60 73 2.875
60 74 3.073
60 75 2.760
60 76 1.634
60 77 2.403
60 78 1.439
60 79 2.577
60 80 1.027
60 81 1.580
60 82 2.424
60 83 0.287
60 84 1.077
60 85 2.949
60 86 3.281
60 87 1.031
60 88 2.691
60 89 2.286
60 90 3.263
60 91 1.014
60 92 2.978
60 93 0.079
60 94 0.974
60 95 1.479
60 96 3.644
60 97 0.944
60 98 2.304
60 99 0.427
61 62 1.301
61 63 2.551
61 64 1.509
61 65 1.199
61 66 1.141
61 67 0.591
61 68 1.210
61 69 2.363
61 70 0.287
61 71 0.607
61 72 1.085
61 73 0.483
61 74 2.391
61 75 0.559
61 76 1.324
61 77 3.553
61 78 1.212
61 79 0.698
61 80 1.473
61 81 1.189
61 82 0.543
61 83 2.235
61 84 1.947
61 85 2.511
61 86 2.246
61 87 3.066
61 88 0.441
61 89 0.308
61 90 0.857
61 91 1.502
61 92 1.285
61 93 2.420
61 94 1.764
61 95 1.068
61 96 2.724
61 97 2.534
61 98 1.597
61 99 2.903
62 63 1.563
62 64 1.483
62 65 1.850
62 66 1.657
62 67 0.848
62 68 2.284
62 69 3.468
62 70 1.071
62 71 0.884
62 72 0.261
62 73 1.784
62 74 1.527
62 75 1.227
62 76 0.142
62 77 2.252
62 78 0.469
62 79 1.838
62 80 0.974
62 81 1.473
62 82 1.632
62 83 1.615
62 84 1.868
62 85 1.522
62 86 3.239
62 87 1.961
62 88 1.215
62 89 1.320
62 90 1.752
62 91 1.161
62 92 1.218
62 93 1.697
62 94 0.803
62 95 0.636
62 96 2.043
62 97 2.290
62 98 2.332
62 99 2.194
63 64 1.534
63 65 2.326
63 66 2.121
63 67 2.318
63 68 3.715
63 69 4.045
63 70 2.264
63 71 1.948
63 72 1.805
63 73 2.983
63 74 2.664
63 75 2.703
63 76 1.441
63 77 1.842
63 78 1.366
63 79 2.775
63 80 1.137
63 81 1.857
63 82 2.596
63 83 0.721
63 84 1.537
63 85 2.508
63 86 3.683
63 87 0.573
63 88 2.655
63 89 2.397
63 90 3.228
63 91 1.222
63 92 2.776
63 93 0.548
63 94 0.807
63 95 1.483
63 96 3.239
63 97 1.501
63 98 2.685
63 99 0.816
64 65 0.808
64 66 0.621
64 67 1.657
64 68 2.699
64 69 2.511
64 70 1.270
64 71 1.009
64 72 1.533
64 73 1.785
64 74 3.010
64 75 1.935
64 76 1.363
64 77 3.170
64 78 1.015
64 79 1.406
64 80 0.587
64 81 0.385
64 82 1.281
64 83 0.921
64 84 0.451
64 85 2.991
64 86 2.156
64 87 2.106
64 88 1.835
64 89 1.233
64 90 2.357
64 91 0.391
64 92 2.415
64 93 1.148
64 94 1.098
64 95 0.865
64 96 3.518
64 97 1.026
64 98 1.155
64 99 1.537
65 66 0.216
65 67 1.619
65 68 2.216
65 69 1.740
65 70 1.097
65 71 1.034
65 72 1.783
65 73 1.257
65 74 3.300
65 75 1.746
65 76 1.775
65 77 3.853
65 78 1.455
65 79 0.754
65 80 1.255
65 81 0.477
65 82 0.732
65 83 1.728
65 84 1.062
65 85 3.346
65 86 1.431
65 87 2.899
65 88 1.628
65 89 0.896
65 90 2.018
65 91 1.115
65 92 2.409
65 93 1.955
65 94 1.769
65 95 1.244
65 96 3.735
65 97 1.631
65 98 0.483
65 99 2.321
66 67 1.497
66 68 2.236
66 69 1.955
66 70 0.993
66 71 0.876
66 72 1.606
66 73 1.282
66 74 3.128
66 75 1.665
66 76 1.576
66 77 3.638
66 78 1.249
66 79 0.827
66 80 1.040
66 81 0.265
66 82 0.750
66 83 1.542
66 84 0.936
66 85 3.164
66 86 1.645
66 87 2.694
66 88 1.550
66 89 0.833
66 90 1.987
66 91 0.904
66 92 2.291
66 93 1.768
66 94 1.554
66 95 1.041
66 96 3.578
66 97 1.525
66 98 0.680
66 99 2.154
67 68 1.437
67 69 2.948
67 70 0.529
67 71 0.657
67 72 0.593
67 73 1.034
67 74 1.802
67 75 0.388
67 76 0.922
67 77 3.061
67 78 0.966
67 79 1.273
67 80 1.399
67 81 1.442
67 82 1.093
67 83 2.171
67 84 2.107
67 85 1.920
67 86 2.810
67 87 2.774
67 88 0.367
67 89 0.782
67 90 0.916
67 91 1.505
67 92 0.794
67 93 2.316
67 94 1.512
67 95 0.925
67 96 2.159
67 97 2.651
67 98 2.071
67 99 2.820
68 69 2.628
68 70 1.488
68 71 1.806
68 72 2.025
68 73 0.960
68 74 2.782
68 75 1.058
68 76 2.358
68 77 4.441
68 78 2.350
68 79 1.478
68 80 2.675
68 81 2.351
68 82 1.491
68 83 3.444
68 84 3.122
68 85 2.993
68 86 2.717
68 87 4.198
68 88 1.075
68 89 1.466
68 90 0.552
68 91 2.712
68 92 1.514
68 93 3.625
68 94 2.911
68 95 2.244
68 96 2.882
68 97 3.716
68 98 2.467
68 99 4.111
69 70 2.466
69 71 2.585
69 72 3.331
69 73 2.018
69 74 4.750
69 75 2.858
69 76 3.423
69 77 5.582
69 78 3.141
69 79 1.678
69 80 2.995
69 81 2.216
69 82 1.871
69 83 3.395
69 84 2.608
69 85 4.856
69 86 0.443
69 87 4.616
69 88 2.755
69 89 2.195
69 90 2.806
69 91 2.851
69 92 3.613
69 93 3.623
69 94 3.507
69 95 2.928
69 96 5.078
69 97 3.031
69 98 1.366
69 99 3.905
70 71 0.321
70 72 0.884
70 73 0.742
70 74 2.299
70 75 0.682
70 76 1.075
70 77 3.315
70 78 0.932
70 79 0.793
70 80 1.189
70 81 0.985
70 82 0.595
70 83 1.956
70 84 1.716
70 85 2.391
70 86 2.300
70 87 2.782
70 88 0.573
70 89 0.271
70 90 1.091
70 91 1.228
70 92 1.312
70 93 2.138
70 94 1.480
70 95 0.782
70 96 2.682
70 97 2.294
70 98 1.542
70 99 2.623
71 72 0.763
71 73 1.040
71 74 2.269
71 75 0.931
71 76 0.852
71 77 3.081
71 78 0.643
71 79 0.967
71 80 0.869
71 81 0.789
71 82 0.761
71 83 1.640
71 84 1.460
71 85 2.325
71 86 2.368
71 87 2.473
71 88 0.837
71 89 0.477
71 90 1.389
71 91 0.918
71 92 1.441
71 93 1.818
71 94 1.174
71 95 0.471
71 96 2.703
71 97 2.021
71 98 1.511
71 99 2.306
72 73 1.565
72 74 1.523
72 75 0.968
72 76 0.365
72 77 2.480
72 78 0.573
72 79 1.672
72 80 1.091
72 81 1.456
72 82 1.470
72 83 1.795
72 84 1.948
72 85 1.564
72 86 3.129
72 87 2.219
72 88 0.960
72 89 1.148
72 90 1.492
72 91 1.257
72 92 1.002
72 93 1.899
72 94 1.023
72 95 0.669
72 96 1.996
72 97 2.415
72 98 2.264
72 99 2.401
73 74 2.795
73 75 0.851
73 76 1.806
73 77 4.036
73 78 1.673
73 79 0.532
73 80 1.870
73 81 1.418
73 82 0.533
73 83 2.601
73 84 2.188
73 85 2.938
73 86 1.977
73 87 3.513
73 88 0.758
73 89 0.591
73 90 0.846
73 91 1.863
73 92 1.600
73 93 2.801
73 94 2.214
73 95 1.511
73 96 3.075
73 97 2.784
73 98 1.536
73 99 3.264
74 75 1.957
74 76 1.650
74 77 2.120
74 78 1.995
74 79 3.074
74 80 2.482
74 81 2.976
74 82 2.888
74 83 2.999
74 84 3.385
74 85 0.274
74 86 4.599
74 87 2.791
74 88 2.038
74 89 2.567
74 90 2.269
74 91 2.677
74 92 1.275
74 93 3.009
74 94 2.156
74 95 2.156
74 96 0.575
74 97 3.760
74 98 3.779
74 99 3.450
75 76 1.308
75 77 3.403
75 78 1.344
75 79 1.236
75 80 1.748
75 81 1.667
75 82 1.099
75 83 2.526
75 84 2.385
75 85 2.117
75 86 2.778
75 87 3.161
75 88 0.118
75 89 0.851
75 90 0.529
75 91 1.834
75 92 0.754
75 93 2.681
75 94 1.896
75 95 1.282
75 96 2.225
75 97 2.951
75 98 2.155
75 99 3.183
76 77 2.241
76 78 0.350
76 79 1.818
76 80 0.839
76 81 1.378
76 82 1.612
76 83 1.473
76 84 1.737
76 85 1.630
76 86 3.180
76 87 1.859
76 88 1.284
76 89 1.310
76 90 1.836
76 91 1.029
76 92 1.351
76 93 1.558
76 94 0.667
76 95 0.538
76 96 2.174
76 97 2.151
76 98 2.254
76 99 2.056
77 78 2.461
77 79 4.047
77 80 2.612
77 81 3.386
77 82 3.842
77 83 2.541
77 84 3.308
77 85 1.850
77 86 5.282
77 87 1.489
77 88 3.421
77 89 3.549
77 90 3.889
77 91 2.786
77 92 3.034
77 93 2.389
77 94 2.089
77 95 2.670
77 96 2.566
77 97 3.343
77 98 4.292
77 99 2.557
78 79 1.593
78 80 0.520
78 81 1.038
78 82 1.390
78 83 1.236
78 84 1.400
78 85 1.980
78 86 2.876
78 87 1.858
78 88 1.291
78 89 1.120
78 90 1.865
78 91 0.696
78 92 1.561
78 93 1.360
78 94 0.561
78 95 0.213
78 96 2.511
78 97 1.844
78 98 1.929
78 99 1.866
79 80 1.638
79 81 1.022
79 82 0.206
79 83 2.293
79 84 1.762
79 85 3.179
79 86 1.549
79 87 3.333
79 88 1.122
79 89 0.525
79 90 1.361
79 91 1.577
79 92 1.979
79 93 2.509
79 94 2.071
79 95 1.394
79 96 3.421
79 97 2.352
79 98 1.005
79 99 2.936
80 81 0.780
80 82 1.460
80 83 0.778
80 84 0.905
80 85 2.440
80 86 2.674
80 87 1.697
80 88 1.673
80 89 1.279
80 90 2.242
80 91 0.203
80 92 2.065
80 93 0.949
80 94 0.524
80 95 0.475
80 96 3.013
80 97 1.325
80 98 1.680
80 99 1.441
81 82 0.903
81 83 1.292
81 84 0.772
81 85 2.992
81 86 1.896
81 87 2.430
81 88 1.558
81 89 0.894
81 90 2.046
81 91 0.640
81 92 2.230
81 93 1.516
81 94 1.298
81 95 0.840
81 96 3.449
81 97 1.368
81 98 0.911
81 99 1.920
82 83 2.142
82 84 1.666
82 85 2.986
82 86 1.717
82 87 3.150
82 88 0.982
82 89 0.325
82 90 1.297
82 91 1.414
82 92 1.827
82 93 2.353
82 94 1.878
82 95 1.194
82 96 3.250
82 97 2.261
82 98 1.071
82 99 2.794
83 84 0.826
83 85 2.897
83 86 3.014
83 87 1.256
83 88 2.451
83 89 2.014
83 90 3.019
83 91 0.739
83 92 2.794
83 93 0.229
83 94 0.847
83 95 1.247
83 96 3.561
83 97 0.831
83 98 2.029
83 99 0.668
84 85 3.344
84 86 2.210
84 87 2.082
84 88 2.284
84 89 1.661
84 90 2.800
84 91 0.708
84 92 2.858
84 93 1.042
84 94 1.335
84 95 1.281
84 96 3.910
84 97 0.596
84 98 1.254
84 99 1.302
85 86 4.682
85 87 2.591
85 88 2.188
85 89 2.662
85 90 2.468
85 91 2.640
85 92 1.479
85 93 2.889
85 94 2.069
85 95 2.158
85 96 0.770
85 97 3.682
85 98 3.828
85 99 3.309
86 87 4.251
86 88 2.667
86 89 2.033
86 90 2.809
86 91 2.515
86 92 3.527
86 93 3.239
86 94 3.194
86 95 2.663
86 96 4.966
86 97 2.607
86 98 1.001
86 99 3.498
87 88 3.126
87 89 2.934
87 90 3.690
87 91 1.793
87 92 3.131
87 93 1.048
87 94 1.302
87 95 2.003
87 96 3.355
87 97 1.957
87 98 3.254
87 99 1.084
88 89 0.733
88 90 0.575
88 91 1.749
88 92 0.861
88 93 2.612
88 94 1.848
88 95 1.212
88 96 2.324
88 97 2.854
88 98 2.037
88 99 3.111
89 90 1.158
89 91 1.275
89 92 1.542
89 93 2.212
89 94 1.641
89 95 0.940
89 96 2.941
89 97 2.253
89 98 1.312
89 99 2.679
90 91 2.307
90 92 0.994
90 93 3.185
90 94 2.421
90 95 1.786
90 96 2.426
90 97 3.383
90 98 2.359
90 99 3.682
91 92 2.207
91 93 0.941
91 94 0.707
91 95 0.605
91 96 3.203
91 97 1.165
91 98 1.515
91 99 1.405
92 93 2.900
92 94 2.018
92 95 1.603
92 96 1.477
92 97 3.372
92 98 2.851
92 99 3.402
93 94 0.900
93 95 1.400
93 96 3.579
93 97 0.954
93 98 2.257
93 99 0.505
94 95 0.703
94 96 2.716
94 97 1.614
94 98 2.203
94 99 1.392
95 96 2.655
95 97 1.770
95 98 1.720
95 99 1.901
96 97 4.309
96 98 4.206
96 99 4.023
97 98 1.735
97 99 0.959
98 99 2.555
