3509 2
635 0.5022626 0.21541993
715 0.5808845 -0.0094672395
2804 0.3651236 0.79797184
1408 5.1249237 -2.6197011
813 0.3694466 0.68633795
3401 0.49832803 0.18814225
1156 0.38575426 0.53644174
537 0.45012093 1.5404946
291 0.42651132 0.49999955
1587 0.4594044 0.42514262
432 1.5454499 6.053414
1293 0.47166717 0.47013512
21 0.79278845 -0.1182992
293 0.42043334 0.89570713
753 0.45019612 0.9513113
177 0.47271085 0.9489534
662 0.5429713 0.39700273
1541 0.7248021 0.019500852
876 2.3067722 7.719173
1341 0.53013635 1.7681457
105 0.76719165 0.00023104163
499 0.6222923 0.1035665
274 0.89643323 -0.24936803
43 1.0019386 -0.24365523
149 0.8826978 -0.14345314
175 9.887644 10.9136505
220 0.4575666 0.7368919
34 0.53372097 0.3199601
624 0.5273409 0.32598442
1340 0.5006026 1.637537
257 0.87257403 -0.120866746
333 0.35969225 1.0668304
2374 8.381579 -3.8454804
1176 0.5026409 0.6765351
394 0.45433164 0.50629145
2741 0.49331313 0.40302172
750 0.6423146 0.09560243
55 0.8660562 -0.1537597
5 0.49640813 0.60084796
383 0.74687105 0.015914194
132 0.4868472 0.4368507
209 2.5468204 -1.1754712
1193 0.5322306 0.46447137
179 0.49412188 1.1496892
562 1.1350069 -0.36790773
1820 1.42382 -0.5844712
75 0.7214749 -0.00214231
1342 0.52045846 1.7320199
382 0.8665963 -0.092194594
1453 0.43880662 0.83033776
193 0.49822068 1.1500955
166 0.8761194 -0.26167262
254 0.41827464 1.0108871
1234 0.82155186 -0.097849846
451 0.4519798 0.86533266
708 0.55749786 0.4197725
445 0.40080938 0.68921715
370 0.41669405 1.0226028
100 0.5815693 0.15779576
1747 0.7613134 -0.00028585282
88 1.4650742 -0.74921495
13 0.8046492 -0.2175075
525 0.4255917 0.5702612
810 0.46542117 0.95654505
343 1.4990165 5.5103493
1732 1.1886457 -0.39632457
1210 0.44174197 0.56857073
638 0.42916903 1.1454068
621 0.43445474 0.7995929
549 0.39440432 0.9385227
214 0.67463875 0.046380606
146 0.5601438 0.3088675
28 0.7420439 -0.055352982
781 0.42983305 0.62643033
1727 1.2797946 -0.4455843
103 0.42367297 0.6567637
198 1.1831709 -0.39628127
1545 0.6151143 0.089285344
2661 4.77905 12.320288
555 1.1229067 4.4792175
675 0.6901662 0.11109747
60 1.052211 -0.29946777
3321 0.5318157 0.35623646
1170 1.0458242 -0.3878617
3324 0.5575936 0.32973272
1863 0.7098684 0.00091908756
2770 2.2907171 7.8165927
1236 0.8407057 -0.0821234
611 0.40002018 0.2533561
588 0.7064108 2.75128
153 0.6062938 0.0375852
215 0.62409484 0.26418406
482 0.51100695 1.1516534
210 0.9122636 -0.2757394
137 0.92064595 -0.19134584
580 0.56373316 1.9603348
497 0.49545294 0.31288716
618 1.0652714 -0.37831533
435 0.7209761 -0.009532823
659 0.56334454 0.3632142
1749 0.7290715 0.052191112
500 0.44323197 1.2166107
1035 0.9380806 -0.20317326
1372 0.53974366 0.5806819
158 1.2667363 -0.4510069
3020 0.38373244 0.6461498
350 1.0055661 3.7056184
147 0.7167558 0.11056059
516 0.94388616 -0.23327373
77 14.273878 5.239294
1517 14.498552 5.78925
1733 1.3694903 -0.51647115
616 0.8597739 -0.21971554
678 0.41677314 0.66218215
492 0.45771486 1.3124231
3378 0.62080944 0.16603951
196 13.628665 -5.7085075
1746 0.66954917 0.082887806
2253 0.74025625 0.019681886
9 0.47187704 0.429522
524 0.53931385 0.22137071
1421 0.5252266 0.44343105
1553 0.5951151 0.10203588
170 2.5761492 9.127648
1739 0.9789867 -0.27672923
1540 0.8688271 -0.09848548
1735 1.2365956 -0.42503202
190 0.47460297 0.9936528
340 0.38637257 0.3974378
1302 0.44265208 0.8132911
1344 0.37744254 0.7497922
1104 0.8869145 -0.2161097
1070 0.45524117 0.48132423
1164 1.4883317 -0.6531581
41 0.59647477 0.08558402
390 0.77824616 2.9792743
899 0.48586196 0.31811035
31 0.46366423 0.35224584
7 1.5272056 -0.6272346
36 0.6572691 0.068217434
669 0.45035136 1.187523
338 0.6366513 2.245957
2256 0.57334596 0.18115725
1419 0.48199233 0.35004723
631 1.0310867 4.120959
405 1.8344195 -0.8199638
622 0.4790422 0.76384985
1115 1.0673673 -0.33587492
1204 0.7575431 0.002240138
404 2.0302823 -0.90791386
1426 0.7886316 -0.13641323
1129 15.215972 -5.4991994
1736 1.49155 -0.5757991
1196 0.46368045 1.0601109
311 0.9571373 -0.1973405
1431 1.2285049 -0.49627054
367 1.059643 -0.31451502
698 5.292248 -2.5318618
511 0.98449546 -0.27596655
577 0.9551407 -0.28521618
411 0.94047993 -0.165443
785 0.6193477 0.18497658
601 0.31770566 1.1318417
1581 0.8421337 -0.11836124
1443 0.59966606 0.26744643
743 1.0311619 -0.2608157
1112 14.666737 1.7523184
506 0.44815955 0.9561582
242 0.79309106 2.430805
180 0.46111566 1.1016216
619 9.107691 -4.3556585
2397 0.86516875 -0.17202988
1179 0.52328587 0.540814
2600 1.384157 5.369133
101 0.481269 0.3771818
687 0.7051831 -0.059006926
437 1.1532308 -0.35338
1488 4.1678786 -1.9424126
592 0.80449617 -0.1405241
45 0.65631425 0.05658119
617 1.2089993 -0.42923316
290 0.444173 0.6598076
711 0.50161064 0.5983411
466 0.52687734 1.7861865
1554 0.6760551 -0.02656331
1371 0.43867263 0.64865226
143 0.77053773 -0.047925897
747 0.43909 1.0031451
295 0.5160732 0.8082171
104 0.4859308 0.38960454
1361 0.8446889 -0.12223497
641 0.46849194 0.41138607
288 0.96608067 -0.256448
207 1.5534563 -0.6353255
56 1.2195902 -0.44512913
620 0.45440206 0.6563062
305 0.434393 0.6467846
1730 1.0204804 -0.31986162
192 0.8638459 -0.08991649
329 0.85612255 -0.115476415
430 0.6413733 2.5350106
1287 13.561657 8.834272
749 0.35084915 -0.11758303
84 1.5311737 -0.6847356
3054 0.5399109 0.12663205
694 1.2469679 -0.5072824
442 0.57313544 -0.014709963
756 0.8368415 -0.115050174
595 0.81357545 3.2723744
1368 0.44073692 0.79533374
2674 1.4931908 -0.6170616
1721 0.47079155 0.97807044
108 1.1133528 -0.3973552
321 12.505933 -2.4576254
3385 11.864268 -3.8419607
3364 12.835772 -5.628576
539 12.647996 -5.6227303
1411 12.685704 -5.552974
225 12.522788 -5.606828
243 1.6211696 -0.74939126
1776 0.80472803 -0.20462885
1480 0.61247337 0.21980508
1785 0.37074083 0.87949324
707 1.1895034 -0.4459319
235 0.48754817 0.5016263
1386 0.4077601 0.49329904
1160 0.8162925 -0.14133836
544 0.6033886 2.243508
1834 0.5568853 0.9231988
64 0.6357325 0.1257872
51 1.6207063 -0.7185672
507 0.4116275 0.92493975
972 0.40521383 0.5628878
513 0.42397532 0.73983914
1214 0.4410091 0.4970898
1114 1.2993575 -0.47071615
407 1.5310818 -0.6760126
172 0.4958691 0.50965935
1670 0.88328344 -0.16982318
1093 0.85220516 -0.17188308
12 0.50821024 1.6935331
3333 2.8495178 8.935149
144 0.82026446 -0.12864834
1538 0.51932716 0.38787895
508 0.6071799 2.2797034
1202 0.54468316 0.4002437
1775 0.7837778 -0.05009075
102 0.5810209 0.22493096
782 0.48972166 0.7019989
3345 15.05459 -4.0156736
296 0.4834399 0.9571556
1989 0.4541993 0.7897427
342 0.45391577 0.82813895
1076 0.55970883 0.45407268
1767 0.7568785 -0.20037799
133 0.42734957 1.6334115
2672 4.7590265 12.355484
1137 0.52730864 -0.13761024
1223 0.7813273 3.1199927
186 15.067737 1.4761951
227 1.7592574 5.7613764
502 0.48689523 0.39397362
1288 13.583564 8.700251
1403 0.45306274 0.7521356
535 3.5864868 -1.7435153
721 0.72786486 -0.043100026
273 0.82053244 -0.18315661
1589 0.45467684 0.882403
973 0.40392402 0.7419897
121 0.65286076 -0.12782457
594 0.38707095 1.2157751
1205 0.5900394 0.12549515
748 0.4531398 0.52644855
1688 0.90539724 3.619899
419 1.425398 5.3119645
1479 0.8011407 -0.2041824
576 1.2168268 -0.472527
798 0.6122295 1.8068374
1744 0.3427623 0.29675198
316 0.43305036 0.9093398
902 0.40567118 0.5014634
1165 0.44298074 0.5009085
1092 0.5244577 0.24064596
873 0.39115453 0.9332935
930 0.3880981 0.50605464
676 0.33517998 0.585095
1507 0.74094117 -0.117115065
2409 0.53618956 1.4037017
2301 0.75588036 -0.08596922
1497 0.9820939 -0.40953988
1385 0.4937348 0.32274723
167 0.4824505 -0.06433096
605 0.3514103 0.53564763
181 1.9978397 7.352801
459 0.5750649 0.08318409
218 0.63150406 0.12565313
3008 1.1802807 4.6641498
252 0.569064 1.735229
927 0.45163643 0.37437865
1133 0.44136372 0.5518033
1096 0.50981915 0.32337144
1001 0.4896152 1.0897729
1094 0.6162906 0.09643475
237 0.44990203 0.4748874
1588 0.4202733 0.61044145
1145 0.42052916 0.3525104
1693 1.3964369 -0.5751213
1634 0.53840214 0.3077452
536 0.36834008 0.57825154
465 1.6181476 5.757466
397 0.5434922 0.12665506
871 0.42205414 0.45186272
3043 1.2471638 -0.49444532
128 0.64932215 0.119297504
1182 0.5019419 0.50047654
1200 0.54035866 0.34678903
900 0.42216045 0.48995104
811 0.36540058 0.8736662
65 0.4546435 0.30476856
1577 0.99516976 -0.2795158
2257 0.715569 0.069969855
1172 0.44511944 1.1099608
6 1.3900278 -0.540258
1527 1.3442267 4.6161017
874 0.42936134 0.59860706
35 0.4983789 0.389025
358 2.256604 7.98289
211 0.9090969 -0.21505427
710 0.4845523 0.696515
1574 0.5858233 0.13885221
802 0.48472074 1.1211939
1198 0.59497344 0.5304479
1796 0.56514966 0.48582283
122 0.5504649 0.05473596
1737 1.0083699 -0.32502538
287 0.8852601 -0.11727426
636 0.57891977 2.0724216
427 0.937238 3.8365304
310 1.185929 -0.38786915
47 0.89376986 -0.17719467
1117 1.3540092 -0.50191736
52 1.1424073 -0.39209932
2785 0.67493564 2.128279
538 0.4141043 0.6152133
440 1.1923838 -0.42917624
1082 7.818959 16.109491
313 15.098764 9.179285
2589 6.658712 16.137783
1851 15.9420185 7.0945888
1376 7.006525 18.879055
2681 9.601094 13.913211
297 7.3495264 14.990067
2636 5.362216 15.878516
1390 10.546001 13.531064
2598 11.683919 15.088146
1742 5.3983717 16.36126
17 12.53736 13.471627
3037 7.715722 16.923187
461 12.555713 14.599229
408 10.457572 13.067433
765 6.4182816 16.175755
1802 0.978966 -0.17399946
1097 0.8032074 0.21367674
424 1.3985062 4.9899507
2415 0.2782394 1.0544606
1379 5.3010883 14.480336
1696 0.6374509 -0.04130305
1568 0.4166938 0.98242164
1365 0.5824669 0.24640682
1770 0.31315407 0.5392772
791 0.65196 0.09613839
695 2.1373854 -1.0121707
2577 11.3955145 -5.3135843
529 1.0159934 -0.35239702
554 0.4832587 1.8120627
1722 0.50027055 1.0801506
2675 1.8418106 -0.8359287
740 0.5244022 1.6993617
541 0.88065803 3.4263904
1162 0.6403921 -5.6463123e-05
610 0.32350627 0.8345749
2386 9.414781 -4.439711
1151 0.42645627 0.38865498
1384 0.4342234 0.5285313
1147 0.3373942 0.7613995
3337 0.40992317 0.8521218
326 2.4937115 -1.1852542
510 0.40495592 0.67235583
704 0.5591347 0.18033168
1667 1.3592811 -0.618082
398 2.2790666 -1.0689315
976 0.38849142 0.44310564
534 7.05435 -3.3852768
736 0.5632877 0.3409988
1095 0.40633288 1.4106631
2274 0.41006097 0.5032657
131 0.5287051 0.34840494
251 0.81183356 2.6643083
308 0.41928297 0.5396004
509 0.36914086 0.47796115
2016 0.56629664 0.26348475
98 1.0064405 -0.43623713
1422 0.52614903 0.35636535
72 0.4107391 0.90679866
623 0.74638027 -0.120382585
919 0.38502032 0.36758232
734 0.4708683 0.45545343
712 0.42691162 0.6377943
1483 0.40706673 0.7667505
1177 0.42602077 0.7492295
1074 0.46910945 0.5487559
1711 0.3908557 0.9529745
918 0.41129 0.3475573
868 0.42543617 0.69416755
2388 7.523199 -3.5720003
1 0.88144815 -0.23856778
2788 5.893566 16.4296
221 0.720518 2.745829
1178 0.54452634 0.4881825
2745 0.55064875 0.31219745
255 0.519924 0.33521944
285 1.4324208 -0.5413134
768 0.47039783 0.21664622
932 0.45727456 0.57778203
2791 5.8053074 16.342648
1229 1.2902356 -0.44450408
2679 0.4541177 0.6685337
1146 0.3726339 0.6163691
1303 0.46572146 0.6733656
3487 1.1160138 -0.3826137
729 0.9304685 -0.2774051
1565 0.37087503 0.69981325
1006 0.41368476 0.76960886
1140 0.5233474 0.4805282
3389 0.9544978 -0.2360093
1596 0.5574908 0.533846
2362 0.9710654 -0.291311
1312 0.5463531 0.3527748
2289 0.44243708 0.28822488
1757 1.8194841 -0.81560224
666 0.69454294 0.040962823
99 0.6107218 0.19583908
2659 7.053134 -3.358439
732 0.30143467 0.5332028
1031 0.468409 0.7184776
728 0.9310684 -0.28621066
680 0.42718157 0.84525734
178 0.50095946 1.3003122
2361 0.6597523 -0.009028527
1418 0.5448406 0.41354024
650 0.46321544 0.9981237
761 0.40876815 1.084829
567 1.9066901 7.1074257
289 0.7526969 -0.020411378
512 0.4343105 0.70237625
142 0.7031137 0.030090269
3226 0.86439 -0.21378976
455 0.8041985 -0.15459535
2270 0.67466724 -0.037299924
1467 1.4683049 -0.5616015
1203 0.6050533 0.30898467
1194 0.5303257 0.6393121
1786 0.5188039 1.8125392
438 1.096488 -0.30912054
63 0.7225169 0.055869594
416 0.72087 0.008052789
1311 0.47894976 0.48948973
1632 0.5269773 0.3196164
658 0.8509051 -0.10821076
1592 0.5446625 0.49228567
3305 0.63618 1.4085406
1090 14.607119 -3.8626416
806 0.5098753 1.3168889
283 0.54016393 0.19558842
1428 0.6668864 -0.01680023
696 4.9262767 -2.3559387
434 0.9153416 -0.16505566
1392 5.244774 -2.5835693
805 0.48263177 1.2295282
467 0.9278534 -0.15002693
804 0.50053906 1.3007843
803 0.49520487 1.2876955
2760 0.8515489 -0.1557106
1799 0.7593312 0.01530983
2586 0.4552997 0.86887956
1350 0.40415436 1.1402974
1650 0.48055387 0.40671006
758 1.286942 -0.42711896
195 12.870983 -5.529367
2685 0.8957121 -0.25694966
376 0.36977607 0.98227376
521 0.6470845 0.42905763
786 0.77940106 3.1220107
336 1.8266796 -0.89133173
3028 0.8856709 -0.24115492
1720 0.5004149 1.0740165
433 1.0981227 4.394567
1230 1.8918297 -0.77225995
608 0.1781802 0.5174893
1719 0.49244156 1.0789312
3492 0.43251547 1.8989508
553 0.78486013 3.2024035
1124 0.5484591 1.0147066
1381 5.114236 14.197605
1723 0.495002 1.078788
377 1.0708795 -0.4710291
1557 0.51478803 1.4652145
1378 5.137948 14.381679
1755 0.52891654 1.9582961
3374 0.71808547 2.5689247
929 0.26006564 1.1147581
306 0.51150113 0.9457367
1447 1.3255665 4.7388797
173 8.562123 9.704467
584 0.4419656 1.662821
1718 0.61514235 0.3396936
784 0.41006783 0.58610296
3315 0.6695453 0.5572009
1434 0.50056124 0.4250387
473 1.5223125 -0.74842894
2800 0.94978046 -0.2885963
2826 0.39457485 1.2046638
135 0.5256656 1.9050611
1789 0.4288836 0.8107467
471 0.5179125 0.105143465
1163 2.779194 -1.3818188
1009 0.36874127 0.4029259
2317 0.46527198 0.60170597
276 1.0016471 3.8870447
1402 0.3854877 0.5961758
1219 0.45440224 0.347952
1224 0.9277516 3.6996753
2348 0.42955405 0.66453564
2208 0.58853763 0.30559075
583 0.30308455 0.8361351
522 0.6000122 0.3591298
2349 0.40197235 0.39615914
275 0.87633264 3.4366708
1753 0.501573 1.4169954
905 0.41211185 0.27511388
1040 0.55176854 0.1767418
2667 4.6543803 12.298368
2227 0.5268593 0.29671782
1865 0.5898075 0.025499664
116 0.37830886 0.5472834
1004 0.39122257 0.50197697
570 0.5650892 2.173309
1152 0.46143904 1.3729231
2814 0.47549242 0.26577124
330 0.43744498 0.42674172
2143 0.49985874 0.11357653
2595 0.43046248 1.2752751
2332 0.7657062 -0.24468412
1594 0.38870314 0.47796902
702 0.5539069 0.19263259
2587 0.8294219 -0.15001354
1830 0.44731167 0.62595844
1481 0.43490547 0.55915093
1783 0.45978266 1.349192
1658 0.5058334 0.16429178
1441 0.8991991 -0.189165
1444 0.7681652 -0.1576498
891 0.45251274 0.33776554
279 0.66769207 0.18046878
1516 1.3834924 -0.5510619
351 0.5405016 1.9114326
1983 0.5975615 0.21271586
2901 0.407416 0.28735325
2032 0.5027875 0.12727112
1212 0.46840072 1.0950874
282 0.5858527 0.2560463
892 0.4054002 0.5881661
421 15.662435 -4.2768855
1613 0.44259235 0.3083877
1321 0.48141497 0.25145766
796 0.43588093 0.56003773
1870 0.39167535 0.5001575
2843 0.4058693 0.28236398
557 18.404839 -6.184402
558 18.033365 -5.877667
355 16.979462 -7.6085615
356 17.098003 -7.6632037
3396 17.52728 -2.624494
3397 17.522505 -2.60383
203 11.258302 -4.3175774
202 11.16416 -4.1868577
1843 18.297977 -4.039516
1842 18.694378 -4.310293
1155 0.4496285 1.4280243
889 0.3630616 0.5755819
30 0.5450552 0.15235102
3006 14.0565815 -5.032521
1473 17.770151 2.3975523
1472 17.85064 2.4314215
1081 18.672901 0.40189376
1080 18.558365 0.39209878
277 17.86621 -1.7828912
278 17.829128 -1.7644699
2358 16.573978 -7.2421713
2357 16.654284 -7.283012
449 17.424755 2.5206904
450 17.518353 2.5155864
1485 17.738369 -3.1968021
1484 17.725636 -3.1897311
3047 18.332716 -2.9613283
3046 18.2737 -2.9530911
1505 17.086786 -1.681005
1504 17.013548 -1.6696093
1550 17.18896 -7.2838016
1549 17.332916 -7.3347163
1486 16.08942 -6.8923116
1487 16.165182 -6.9269385
533 11.813367 -3.7599144
532 11.652337 -3.6628742
2366 18.200645 -6.292845
2365 18.149897 -6.2602286
3505 18.675177 -0.54538107
3504 18.806963 -0.5508668
779 17.8278 -3.5965288
780 17.81911 -3.603477
446 17.965 -3.7294688
447 17.942133 -3.723017
1839 18.649776 -4.7039046
1840 18.602713 -4.697541
3007 14.018237 -5.043132
3310 17.716005 0.61668366
3311 17.708204 0.6167741
3 15.917135 -6.842391
2 15.958002 -6.8188705
3042 17.560625 -1.7865163
3041 17.48761 -1.770488
755 11.214647 -3.3339264
754 11.203721 -3.4107378
683 18.3654 -6.966684
682 18.40287 -6.9757366
1452 17.525482 2.2057004
1451 17.563484 2.2081025
1494 17.525242 1.9545037
1495 17.558155 1.9724144
2583 17.597187 -4.8744326
2582 17.638025 -4.859363
302 18.115986 1.30846
301 18.183039 1.314228
2786 17.516817 -4.4512773
2787 17.295294 -4.4521914
2402 16.346933 -7.141731
2401 16.288555 -7.111145
3368 17.646002 -2.8402002
3367 17.57863 -2.8282952
1715 18.202082 -5.9901714
1714 18.066744 -5.954481
1803 17.545073 -3.4183445
1804 17.615486 -3.43618
2643 17.471685 -1.7344731
2644 17.48872 -1.7370913
373 18.205849 -4.1022797
374 18.056622 -4.074108
3000 18.048233 -4.020166
2999 18.138077 -4.030126
86 17.6776 -5.891994
87 17.710556 -5.8951716
117 17.449873 -6.0778146
118 17.45675 -6.0898356
2390 18.273552 -5.3993974
2389 18.209475 -5.3812027
639 17.21337 -4.651595
640 17.18499 -4.662815
246 16.448944 -5.925121
245 16.41784 -5.892638
1226 17.694527 -0.4187139
1225 17.701105 -0.41972488
200 16.671951 -3.1226814
201 16.643211 -3.1160238
1576 18.28856 -2.4536316
1575 18.174496 -2.4364095
2620 17.774271 -5.911703
2621 17.752567 -5.917657
204 17.498379 -0.21336086
205 17.58028 -0.21830249
2764 17.142582 -7.388949
2765 16.972073 -7.3396664
1792 18.57369 -2.9561095
1793 18.56275 -2.9497082
3383 18.373392 -3.8478446
3382 18.380949 -3.8502207
3031 11.913844 -3.4685104
3032 11.931073 -3.5056472
319 17.27285 -7.890047
318 16.97278 -7.7567415
3056 17.668972 -3.9440513
3057 17.62032 -3.945691
304 18.346497 -4.088657
303 18.437904 -4.1009283
423 15.625637 -4.067459
2605 18.199726 -4.584579
2606 18.13681 -4.5717216
1766 17.333368 4.0240607
1765 17.33011 4.0232153
598 17.558128 -6.448998
597 17.609762 -6.4553165
1536 18.570587 -7.6409235
1535 18.51423 -7.6158733
1416 16.408638 -1.8069338
1415 16.34645 -1.8112642
14 18.004961 0.6801765
15 18.032742 0.6750821
114 11.632077 -0.7653144
113 11.710572 -0.8685803
3015 17.566038 -3.4152021
3014 17.42293 -3.3903759
1228 17.887337 1.2935542
1227 17.909763 1.2976109
163 18.069023 -6.714463
164 17.96231 -6.6663575
614 12.363334 -3.8586
613 12.203542 -3.7774444
1664 17.42189 -4.6656723
1665 17.406763 -4.645894
3349 18.496944 -1.4890959
3350 18.374777 -1.4822241
3342 16.820217 -7.047016
3343 16.92884 -7.0869927
1701 13.385284 -4.74917
1702 13.258608 -4.66142
1476 16.485096 -6.677826
1477 16.310625 -6.6879034
2581 18.46561 -0.3183851
2580 18.367981 -0.32096583
1449 18.00234 -1.853172
1448 18.077147 -1.8639371
3308 17.127665 -6.3708644
3309 17.215107 -6.388613
82 16.144962 -1.7217133
81 16.137888 -1.7208847
112 17.30914 -3.0740232
111 17.293587 -3.0706127
1102 17.326849 -5.239573
1101 17.354279 -5.247539
1383 11.383621 -4.598367
1382 11.453887 -4.5813165
70 18.33674 -2.0096145
71 18.291788 -2.0157528
574 17.363186 -1.2563274
573 17.401842 -1.2602125
161 18.025675 -2.255001
162 17.989521 -2.2386506
1498 0.83175 -0.29749137
1161 0.85768956 -0.22285184
1463 0.48164296 1.6062006
689 0.562126 0.023294793
454 0.60298395 0.008670922
3005 14.40585 -5.1904163
443 0.59785694 0.204587
703 0.46449485 0.28202537
585 0.46988153 1.3018912
709 0.44129696 0.4178773
681 0.39910465 0.6805228
1120 0.9122185 -0.2244924
24 0.5137157 0.19354865
607 0.35499096 0.40519777
1754 0.5416903 1.7037683
457 0.6555643 -0.081799485
672 0.5401557 0.13353553
1622 0.46422324 0.32069162
422 15.985561 -4.3102875
751 0.6355304 -0.03140834
1806 1.2580323 -0.53014743
2747 0.5439553 0.053102944
1508 0.90871537 -0.2644804
3356 1.1224221 -0.33139622
1317 0.4694495 0.41757298
1318 0.4490524 0.40290043
1298 0.4841362 0.35752156
812 0.41569442 1.574181
1297 0.50930667 0.3760408
606 0.36603484 0.976201
1511 0.5713319 0.04711466
1984 0.5090187 0.22448368
3371 0.5842995 0.43684742
1332 0.3822976 0.5960386
890 0.46844405 0.9772293
1331 0.45677987 0.3933224
1026 0.4171327 0.45328456
1410 0.77850133 -0.16863397
2160 0.42682704 0.4899698
1617 0.40666053 0.3140275
1633 0.40201238 0.49256855
1864 0.43612155 0.31624088
2144 0.60251516 0.1327676
952 0.4193793 0.43313107
1523 0.71648586 -0.11256651
2983 0.43967533 0.5157516
1616 0.4496193 0.4135695
901 0.43022975 0.31319356
2352 0.4599264 0.22321136
1454 0.5415821 1.9689707
312 0.98642814 -0.23850898
1603 0.42491272 0.40840378
280 0.57529074 0.1468438
969 0.48861015 0.36564532
256 0.46442592 0.34727204
867 0.4415267 0.32048586
789 2.2324276 -1.0095202
1450 1.2348276 -0.46530566
1425 0.41859552 0.22805466
2794 0.4682818 0.92898756
917 0.41601327 0.33581585
292 0.44811553 0.60507435
1606 0.44477597 0.44257692
1761 2.398943 -1.1077913
1612 0.4807125 0.30056596
903 0.46731982 0.40107316
1607 0.4809533 0.33737397
1833 0.45704588 0.9223486
1478 0.98637486 -0.26537254
877 0.38961628 0.5985743
872 0.439591 0.31647345
1605 0.49809107 0.35450235
667 0.901229 -0.14061664
651 0.4886492 1.0939752
1567 0.5183523 0.32020047
1329 0.52515304 0.1515288
1615 0.48131007 0.2827218
23 0.47611037 0.2510523
1286 0.5980203 0.1579306
2372 0.6547981 0.07266604
2754 0.45645776 0.34428623
1759 1.9985821 -0.8830517
1119 1.2992647 -0.46630436
1174 0.46560574 0.9940681
1319 0.4798817 0.36859474
1713 0.46693328 0.93260837
468 0.81129295 -0.04181654
365 0.64145803 0.17294015
941 0.48581737 0.20649289
652 0.47035745 0.9502743
2126 0.685388 -0.017518768
600 0.5716599 0.34488645
2608 1.0678706 -0.3500779
1173 0.44630072 0.92883277
1105 0.82853216 -0.06428911
1639 0.43496317 0.55060273
148 1.537751 -0.64663017
1636 0.44639063 0.38884225
1593 0.50374955 0.55479455
1429 1.3648444 -0.51625854
2795 1.3044813 -0.40682203
294 0.5018628 0.61200124
1175 0.4709449 1.1785301
2647 0.5217302 1.0303891
921 0.40924788 0.43503693
1795 0.602474 0.5155287
1232 0.98599136 -0.23330763
2648 0.5120963 1.0570247
59 1.404421 -0.48418388
387 7.559415 -3.4769206
61 1.1463822 -0.33511385
1199 0.61090195 0.5233823
366 1.1296823 -0.32907283
2593 0.49600473 0.9347238
44 0.7466691 -0.05869387
40 0.5467769 0.23048078
191 0.45995054 0.576726
2400 0.39166602 0.6900029
1158 0.66353875 0.16212778
1801 0.9784427 -0.20564313
3392 1.869844 6.274708
1798 0.83781135 -0.01412229
1347 0.57655346 1.953434
1669 0.7531699 0.004981061
1351 0.59397435 2.0345674
2367 0.556885 0.6673795
1724 1.1017853 -0.34303305
1348 0.57725376 1.9458205
1356 0.6530274 2.414218
1343 0.59480333 2.0191922
406 2.0775187 -0.9305471
368 1.154328 -0.3251719
1099 0.7783585 0.25792515
1359 0.59533 2.0209265
1349 0.59601194 2.001262
1548 0.4437281 1.1352503
1346 0.59286463 2.0105317
1525 2.0382946 7.1249204
1490 6.4564185 -2.973841
1731 1.3514453 -0.49391732
2658 8.05246 -3.8240793
417 0.7883417 0.25669348
1729 1.458156 -0.5519663
559 5.982213 -2.9167602
2752 1.2421947 4.8354545
1100 0.8027197 0.23179269
1678 2.3614426 7.703605
1394 6.7091546 -3.2827609
1353 0.5958215 1.9997522
1687 1.3425035 5.2145786
699 6.673109 -3.1799572
1728 1.4762031 -0.5654003
1526 1.7336173 6.072597
229 1.3772358 4.53296
188 1.3967832 -0.55561495
3026 0.75745046 2.9472022
1336 0.6174784 0.5654919
2994 1.4470313 4.807154
3330 1.2800573 -0.5060539
1547 0.39119655 0.980062
1529 0.56287026 1.503065
239 0.88693357 2.769928
1493 0.99015474 -0.4295545
1436 0.6172294 0.8328888
1531 0.47748193 1.6466964
346 1.3652197 4.9917884
431 0.38390458 1.5952157
1088 0.8788658 -0.19358952
1562 0.4207029 0.8442135
171 2.053358 7.299718
169 0.42375416 0.9936633
1705 0.62562436 1.8949149
1532 0.3838691 1.1602275
632 1.1047158 4.529251
817 0.5629696 2.148198
1762 0.550968 0.009052402
2767 0.5024216 1.1859896
120 0.45704615 0.9338823
856 0.5659752 2.0747197
1083 7.305145 15.091199
2683 9.007032 13.077354
569 1.2039918 4.5199656
1435 0.5412646 0.6536546
3013 1.1806066 4.5919766
1570 0.37878895 1.3402598
247 0.60218334 2.253128
1978 0.4472934 0.748636
1439 4.955864 13.819901
2638 5.1966376 15.306789
315 14.404 8.659943
1707 1.7512072 6.2868195
1136 0.65148544 0.41875634
299 6.9268384 14.430782
272 0.5966715 -0.059420228
127 1.9098957 -0.90842414
1389 10.040098 12.7817
1837 0.4753316 0.8556124
767 6.1955156 15.545383
410 9.976355 12.411643
795 0.87108034 2.982337
463 11.905244 13.592163
425 1.9985684 7.094548
2591 6.312562 15.059864
1741 5.024936 15.366398
1850 15.542574 5.822845
2590 6.5986776 15.29919
1377 6.6322613 17.947462
1930 0.8124529 -0.19635276
18 11.90114 12.492407
2597 11.179904 14.356
3039 7.362276 16.095129
3038 7.3119645 16.11397
1380 4.9350066 13.803773
2599 11.067914 14.245392
16 11.942682 12.673871
1375 6.595325 17.858732
1440 4.940247 13.800728
1852 15.345806 6.359309
1743 5.101339 15.603506
1121 0.41017255 1.0327808
462 12.088891 13.912515
48 1.0499431 -0.37149927
409 9.952925 12.402797
314 14.453123 8.608977
543 1.3499308 5.083447
766 6.092723 15.293777
1571 0.35396802 1.0947118
1084 7.3596783 15.24057
1391 10.033746 12.732302
475 0.5727054 0.11315897
386 0.9373933 -0.35486123
1218 0.5291004 0.29458138
298 6.844887 14.164451
3033 2.4088206 -1.1508143
83 2.23952 -1.0638876
2637 5.138758 15.108038
2671 4.6393948 11.93113
339 1.2704077 4.735347
1337 0.5446884 0.37161255
2682 9.068489 13.184215
3048 0.5109939 0.20101215
1563 0.40562674 0.46860173
96 0.9764467 -0.42883953
1388 0.48358747 1.4890159
20 0.4388967 0.3746172
160 0.3991803 0.7824939
764 0.69571775 -0.121017754
1813 1.5495424 -0.680321
565 0.8692398 3.2217376
1290 12.548774 7.9303536
2817 0.35968488 0.37251532
1446 1.1482382 4.1013427
575 2.0315475 -0.91017836
2403 0.74574745 -0.12056801
224 0.94791335 3.748515
1556 0.43986437 1.0842031
145 0.5386576 0.5491458
602 0.46817714 1.5372275
493 0.5354006 1.9834255
589 0.6326117 2.429162
3354 0.44305298 1.3969759
2670 4.586807 11.785535
1142 0.48397487 1.5259264
2634 1.2293044 -0.602438
563 0.96236837 3.6304672
1928 0.5458353 0.17801398
2411 0.70827454 -0.100504026
3313 0.44346708 1.3601159
3507 0.42842913 1.1462914
849 0.33127978 0.9942121
909 0.42506787 0.38362348
794 0.507246 1.6241995
2632 0.59925026 1.4021528
2288 0.38509336 0.4711503
1433 0.6160067 0.05671826
590 0.54093075 0.16960452
2668 4.6525393 11.986162
2017 0.5422861 0.24012846
946 0.37407482 0.75483626
378 1.0994809 -0.48565817
1717 0.6047304 0.28939447
2937 0.36215293 0.3293885
3355 0.4545321 1.454702
2863 0.36854598 0.38448277
2931 0.37547526 0.31926405
331 0.4981744 0.34903908
1220 0.5518915 0.23468517
2622 1.1457157 -0.43657655
564 0.83555216 3.157142
91 1.108242 -0.4951648
249 0.55387044 0.17486978
2129 0.5438142 0.07010157
674 0.34625715 0.73469853
2908 0.33781552 0.44980496
2666 4.432943 11.596817
2799 0.6879937 0.00012763403
1828 1.3982968 -0.5626272
1906 0.3925064 0.4839711
1292 12.677565 7.9956
1362 1.2713114 -0.47671783
705 0.56762195 0.15182869
80 0.48556235 0.80512613
2737 0.36783442 1.0164306
2665 4.443963 11.647505
79 0.43893287 0.47465798
2192 0.5482135 0.045211375
2769 0.67830694 -0.0040420257
863 0.4702652 0.22204958
2761 0.548293 0.24399848
644 0.32491928 0.86457103
1401 0.425454 0.45335123
572 1.3221945 -0.49512386
994 0.37716922 0.74145204
3113 0.54796445 0.061043043
286 0.9776065 -0.31536344
673 0.31459275 0.7289472
2303 0.5563149 0.11994603
1208 0.597536 0.17350109
1322 0.50757056 0.18411939
1417 0.43449417 1.3041111
456 0.77818906 -0.20284404
722 0.48252675 0.19866595
1169 0.32192677 0.7521332
1003 0.3873256 0.42194214
783 0.4753469 0.42827207
2097 0.5248025 0.075552784
879 0.4077721 0.6193573
154 0.61213356 0.042812414
1528 0.5512414 0.06830338
936 0.36119613 0.7207821
515 0.45433196 0.49076277
3243 0.5335701 0.0766596
3358 0.7317306 0.014819708
2938 0.3550868 0.51415235
1154 0.38458815 1.1019813
3106 0.55372006 0.017742623
1624 0.49123847 0.18782125
531 0.7073169 -0.12756541
2662 4.507044 11.816764
963 0.35980102 0.7310211
922 0.40895972 0.4002224
974 0.4020811 0.2928687
684 0.80234444 -0.06045197
2159 0.54804564 0.06842527
39 0.6992609 -0.095872544
2089 0.5427567 0.08861133
2669 4.6324744 11.887279
1552 0.49002063 0.2359646
1880 0.5384565 0.07785632
2734 0.4296896 0.23536596
923 0.5086853 0.064295776
2184 0.54498446 0.16513495
2188 0.37670922 0.45703775
1326 0.41566607 0.53476095
2935 0.3636151 0.5252958
2136 0.42562822 0.37760195
609 0.32613093 0.6234472
1995 0.4827252 0.16561955
2201 0.5041365 0.17180283
152 0.6366174 0.05571217
2721 0.45080605 0.22746876
942 0.42557403 0.37324205
2932 0.36983833 0.45583755
997 0.38971215 0.46147332
2275 0.49101505 0.16582645
2024 0.37529007 0.47169533
1127 0.51580846 1.4058272
3233 0.54185086 0.070837475
604 0.34982723 0.9202882
2727 0.42589912 0.25344092
1502 12.597615 8.038887
2356 0.506602 1.3447298
1186 0.5045049 0.50886595
1515 1.5316583 -0.614982
996 0.38900974 0.42091498
341 0.37510848 0.5382047
1578 0.69127697 -0.04148931
1666 1.7204055 -0.8001984
2838 0.39322525 0.51517886
1138 0.47189745 0.49738735
452 0.5620818 0.1585026
731 0.55008554 0.07498273
2810 0.37860566 0.49528992
2092 0.57055575 0.037930585
1909 0.48919338 0.22454454
911 0.411013 0.43279475
2688 0.43596986 0.20952012
1328 0.49243596 0.20295253
2789 5.3986607 15.238142
519 1.1740851 -0.43585825
2865 0.3713751 0.4952354
1184 0.42231837 0.7582388
1939 0.48642716 0.22868325
2073 0.5026025 0.18489867
2202 0.5215348 0.09510657
1559 0.47118956 0.5498086
884 0.41320673 0.40963697
1512 0.7810789 2.9527597
1466 0.48544985 0.4391176
2042 0.4944418 0.22226007
1908 0.48636746 0.21159783
1703 0.83372134 -0.28132263
165 0.7890092 -0.21068905
1167 0.8108142 -0.15322244
2656 0.4634592 0.76589453
1323 0.50860834 0.19226223
1150 0.47266415 0.30813232
156 0.53132176 0.016411798
940 0.40636966 0.29514992
906 0.4589537 0.38110295
3279 0.5420728 0.060225185
723 0.45665804 0.21260543
2220 0.5206684 0.1674699
960 0.39466345 1.0606647
1306 0.48758823 0.35014385
1301 0.6406762 -0.075344615
1412 11.866712 -5.2433176
1398 0.60373116 0.10096037
2233 0.4843665 0.19497545
1430 0.3544986 0.63468677
735 0.5905034 0.054572426
2347 0.52736896 0.059693813
322 11.686416 -2.2537484
2879 0.37591818 0.4614729
2407 0.496015 1.1635506
3384 11.238803 -3.7364178
1849 0.5401761 0.107741475
2152 0.89023 -0.35634843
866 0.3594274 0.57732636
155 0.88074195 -0.2769804
1637 0.46837902 0.33423892
1399 0.72060406 0.0531358
415 0.9236974 -0.111668564
1166 0.42794272 0.71735764
402 2.0361304 -0.91712445
3362 11.909853 -5.3274503
1499 0.93464506 -0.40575162
3146 0.59140974 0.07693695
2002 0.517542 0.18293133
1861 0.65408564 -0.0126410555
2080 0.52194834 0.13694285
904 0.41567698 0.42691877
944 0.39976093 0.4151698
496 11.945083 -5.3758926
953 0.39478526 0.2831522
2646 1.4662129 -0.62265676
1651 0.46157527 0.22686973
645 0.27168775 0.9530485
2707 0.3459465 0.64182884
2723 0.34417307 0.6790782
954 0.41233832 0.56776774
1779 0.4374826 0.55224645
2052 0.52810794 0.062976755
2680 0.49687982 0.73061
1024 0.3715856 0.30405846
733 0.38329512 0.2591455
2768 0.8024968 -0.14263465
2081 0.5457635 0.06388111
3060 0.48768854 0.83991146
1920 0.47441867 0.22222356
1289 12.378844 7.952043
495 0.4049878 0.5163163
57 1.9633143 -0.92701644
3365 11.847243 -5.239681
231 2.1702867 -1.0044004
1468 0.5320922 0.33361095
1661 0.48682228 0.17156537
2359 0.5468331 0.27809694
1180 0.4978372 0.4299004
887 0.3668382 0.63591295
643 0.4925457 1.4398593
2790 5.401665 15.17206
1075 0.5969018 0.1253974
943 0.41914266 0.25169998
1462 0.50923765 0.21244776
2899 0.41986385 0.4359342
223 0.5302583 1.9284621
2686 0.4317737 0.31349432
3366 11.91873 -5.2696776
1899 0.5082163 0.1918309
938 0.41462198 0.43631405
1103 1.0207473 -0.30512106
990 0.4239984 0.39063594
2732 0.37093908 0.664085
950 0.37721118 0.5760332
2169 0.5126744 0.3257875
1023 0.3442548 0.72279334
334 0.47368637 1.1750417
3327 0.4866856 1.3307556
1424 0.50131756 0.2951735
939 0.40895998 0.6148902
458 0.7330142 -0.10728278
1215 0.44520873 0.32254893
226 11.525994 -5.1898704
2689 0.42376196 0.35384977
1460 0.46756974 0.48652458
1590 0.7257124 -0.11360936
3372 0.5588262 0.4922035
706 1.1207305 -0.38366386
2645 1.761456 -0.80878526
1141 0.6145644 0.3297809
37 0.629088 0.031111503
975 0.39483696 0.44207615
1420 0.5221886 0.43466577
2398 0.9350651 -0.15275882
690 0.6861197 -0.068425536
686 0.5362127 0.35294518
1036 0.52450573 1.4905999
1030 0.37600833 0.57313883
1853 0.6694749 -0.029558826
3361 11.919924 -5.337758
1602 0.4429281 0.51368773
1500 0.4988858 -0.06005482
1400 0.41957235 0.43397644
1546 0.6994305 0.029028576
893 0.36830956 0.44889438
3025 1.2860806 -0.42835644
1414 12.033407 -5.332184
949 0.43111315 0.41768873
27 0.6362442 0.026027456
2328 0.44963646 0.43666306
2094 0.52089095 0.09048795
1964 0.46520415 0.25012034
2350 0.5018887 0.17612582
571 0.5437311 0.14392608
3387 11.432643 -3.7699914
3369 0.57537824 0.41262135
1432 0.3642624 1.0959568
219 0.7061274 0.06395188
324 11.722978 -2.2725744
777 0.46413237 0.9792845
915 0.38433123 0.6082414
323 11.666417 -2.2619374
213 0.661474 -0.010690529
1455 0.49535772 0.53445935
3508 1.0095595 -0.29881033
1034 0.4796196 1.0148803
244 1.4519733 -0.6317544
3386 11.196932 -3.70546
885 0.3906562 0.601705
2393 1.9610447 -0.9191098
1690 2.032503 -0.94102824
540 11.839459 -5.2923064
3373 0.5744602 0.43079093
2053 0.5011211 0.21881928
1126 0.49147198 1.2412964
140 1.2168273 -0.43762183
1618 0.44875944 0.3557324
1313 0.4933998 0.3240496
2310 0.5178967 0.090599954
3489 0.47766286 0.42864785
1919 0.6942073 -0.0051706294
2084 0.67297184 0.007466882
542 0.67264616 2.518777
2067 0.50191873 0.2136054
1653 0.43936485 0.36711589
1296 0.4559142 0.66538125
3363 12.117737 -5.355201
1601 0.44729182 0.4881375
505 0.6390398 0.02392799
241 11.890163 -5.3610353
2713 0.3634252 0.66554725
1413 12.056891 -5.295497
1764 0.42061698 0.5784897
1740 0.8051923 -0.19466399
1039 2.3156326 -1.050939
1309 0.4780976 0.3472973
76 0.6651754 0.1737755
1000 0.40934235 0.63683844
2262 0.4938623 0.21292111
875 0.3967182 0.6407362
2650 0.6134938 0.1155233
2391 0.43767378 0.53313065
259 0.72540385 -0.1118657
1561 0.5429854 0.2643202
2766 0.92984354 -0.23693521
2651 0.5259977 1.1352594
494 0.4071683 0.8140707
3379 0.5551692 0.18267472
1148 0.651437 0.069863565
3344 1.0697206 -0.37858683
1656 0.4904251 0.2946924
2121 0.5781905 0.16380575
3491 0.4947009 0.4733436
1898 0.43213215 0.39061543
1464 0.33168182 0.7174325
26 1.135008 -0.41510293
481 1.2977307 -0.4128877
2746 0.5041647 0.28162926
586 0.44981867 1.0478393
808 0.4217541 0.9210452
1132 0.49930474 1.2638017
401 1.4978919 -0.6263662
1745 0.6124375 0.21137929
1116 1.3356459 -0.48104334
151 1.7779169 -0.7811835
2405 0.5621334 0.6716575
8 0.67386734 0.03922442
625 0.5330098 0.40931362
3352 14.676333 -5.2937045
1595 0.5573788 0.58444977
1427 0.661022 -0.0014602037
335 0.8585346 -0.14505967
1628 0.4775169 0.3328824
1760 2.5672345 -1.1763122
1325 0.4907648 0.3117873
1086 1.3343482 -0.42691582
1077 0.59524 0.114630036
2101 0.48631704 0.18522757
1623 0.4400449 0.7522578
2360 0.4900102 0.9537939
3359 1.1575013 -0.4260227
1335 0.46774882 0.47673196
150 1.8577089 -0.8258636
258 1.0167959 -0.3112431
1572 1.2081134 -0.3598793
1641 0.4839077 0.32119295
657 0.5186548 0.15907885
679 0.39778164 0.57402223
3332 0.8137034 0.02089785
1738 1.7657429 -0.7201155
1638 0.47718748 0.31864855
1831 0.7142702 0.018217405
1134 0.49782196 0.8965998
3490 0.44912493 0.49259555
469 0.9128658 -0.15454602
460 0.7336349 -0.015252422
637 0.49438503 1.6487732
208 1.9619143 -0.859882
1621 0.46608606 0.3544431
1773 1.6022465 -0.63994336
1692 0.5856781 0.485332
1573 0.42977613 0.57634884
3347 13.901996 -3.7864692
1630 0.47895923 0.3034968
1543 0.85760885 -0.08197549
1608 0.44740874 0.48026162
1579 0.55102885 0.3302799
1586 0.47914797 0.32769012
626 0.55306095 0.3557155
1300 0.51881707 0.5130909
701 0.60674524 0.17243277
29 0.9658449 -0.23356424
3323 0.593163 0.33849904
1091 13.840554 -3.6946158
206 1.8778617 -0.8192809
1128 14.298991 -5.190064
746 0.4701111 1.0181901
1668 0.90852755 -0.08795989
1358 0.5834341 2.029263
1542 0.8961294 -0.14127636
1599 0.47056386 0.47375557
653 12.534289 4.560037
3322 0.5616213 0.3746031
3346 13.743202 -3.7306654
364 0.80690086 0.017359924
514 0.45792755 0.50579584
1514 0.6190913 0.27123442
1130 13.818585 -5.0079637
384 0.9265253 -0.09268165
197 12.202451 -5.33307
1407 2.387559 -1.0880823
1598 0.4615305 0.49260962
865 0.87291217 0.0897237
1748 0.8489437 -0.034069378
1360 0.89240754 -0.11386749
1539 0.9386316 -0.10161697
1098 0.7673129 0.24990427
1520 12.379395 5.011096
697 0.4899832 0.5414076
1519 12.391327 5.0188375
3340 1.1540672 -0.33146465
807 0.49277735 0.50717264
403 2.3885038 -1.0872597
185 14.046188 1.444938
1501 14.401246 -5.162029
78 12.42386 4.5207267
1233 0.8997083 -0.08241823
545 12.38258 -5.2564807
1357 0.5992386 2.0120602
1522 12.262584 4.9741497
1518 12.285873 4.981128
1113 13.426214 1.409294
654 12.346409 4.4891205
655 12.295579 4.463892
3394 13.766309 1.4535736
656 12.019747 4.357234
547 12.495498 -5.2902904
187 13.800763 1.3573219
1521 12.324773 4.99339
2594 13.256493 1.2522044
174 7.86615 9.111689
548 12.382553 -5.231749
263 8.39306 9.332586
546 12.302599 -5.203492
262 8.308864 9.199014
261 8.291507 9.217444
269 8.312186 9.229997
266 8.338303 9.177588
270 8.315104 9.193405
267 8.307432 9.196635
264 8.277584 9.154623
260 8.282783 9.172777
268 8.265326 9.140161
265 8.277966 9.18094
2459 4.807866 -2.4558105
2501 4.8872056 -2.4950926
2432 4.870663 -2.4943967
2445 4.8550506 -2.4739618
2519 4.8357177 -2.4660976
2572 4.8530827 -2.4867628
2424 4.820521 -2.462275
2484 4.8344545 -2.4712408
2542 4.9228234 -2.5209184
2454 4.875767 -2.493752
2538 4.9021397 -2.5071743
2532 4.859399 -2.4867911
2536 4.8688416 -2.4849806
2453 4.8403335 -2.4768958
2512 4.8553286 -2.4828181
2562 4.826037 -2.4671
2493 4.8040276 -2.4508388
2481 4.9110413 -2.5051675
2487 4.8995132 -2.497096
2496 4.788348 -2.4311428
2514 4.88484 -2.5084732
2561 4.92043 -2.5248976
2420 4.8283086 -2.4689457
2558 4.836854 -2.4709415
2449 4.849048 -2.4737744
2433 4.8985558 -2.5054355
2527 4.813283 -2.4569523
2504 4.7586184 -2.4337223
2466 4.75527 -2.422411
2541 4.824947 -2.462796
2464 4.839619 -2.4763598
2521 4.8217006 -2.455192
2554 4.860669 -2.4940884
2468 4.9271865 -2.5206447
2524 4.785479 -2.4423137
2421 4.8467093 -2.4624166
2427 4.8352222 -2.4643908
2506 4.848011 -2.4796872
2456 4.862177 -2.491683
2485 4.7933373 -2.4496508
2530 4.8211737 -2.4702551
2569 4.8250833 -2.4664726
2543 4.78961 -2.4528732
2463 4.8205276 -2.4574594
2436 4.8333807 -2.4760342
2434 4.826165 -2.4774253
2502 4.806262 -2.4560413
2574 4.81733 -2.468306
2417 4.8396072 -2.4646559
2523 4.8191853 -2.4870577
2497 4.8377633 -2.4707325
2526 4.825823 -2.4812396
2494 4.8724566 -2.4880521
2478 4.8366766 -2.4652343
2531 4.798875 -2.4561586
2467 4.846297 -2.4907868
2579 10.944478 -5.09297
2461 4.7898526 -2.4568722
2525 4.8262405 -2.478696
3335 2.8464894 8.88007
2486 4.87629 -2.4904444
2448 4.8260627 -2.4577928
2422 4.8878903 -2.4939616
2505 4.8029213 -2.447752
2556 4.823776 -2.4740906
2567 4.7796125 -2.435252
2549 4.825007 -2.4543307
2441 4.7508636 -2.4402764
2510 4.758531 -2.4422753
2518 4.83832 -2.4867058
2548 4.8136563 -2.4545906
2442 4.7177277 -2.4068139
2511 4.756671 -2.4427967
2418 4.8509674 -2.475634
1489 4.9637156 -2.3161223
2534 4.8211446 -2.4725258
2552 4.798833 -2.4485428
2509 4.8417883 -2.470641
2544 4.8490524 -2.4794948
2479 4.8484354 -2.4746482
2489 4.80814 -2.449855
649 8.850693 -4.242073
2576 4.834506 -2.4728658
3334 2.8476021 8.963456
2444 4.809885 -2.4588275
2492 4.7831607 -2.4429593
2495 4.730005 -2.4141574
2469 4.827912 -2.4685144
2507 4.790735 -2.4534483
2557 4.842919 -2.4682326
2565 4.7580414 -2.434168
2458 4.7931476 -2.4476516
2573 4.8123016 -2.4597924
2483 4.7505565 -2.4284256
2578 10.965023 -5.100965
2457 4.791332 -2.458144
2480 4.868592 -2.4863892
2550 4.862143 -2.487282
2560 4.8364615 -2.4739013
2465 4.7898297 -2.4539583
2555 4.776711 -2.4287546
2438 4.810822 -2.4552317
2500 4.805303 -2.464651
2490 4.8338604 -2.4648206
2482 4.8944287 -2.502263
2533 4.79728 -2.456786
2472 4.723172 -2.414046
2537 4.77398 -2.4376347
2431 4.911565 -2.506922
2570 4.8589063 -2.4858804
2462 4.7952595 -2.4574566
2566 4.819471 -2.4718752
2419 4.832347 -2.4724967
2450 4.7779164 -2.4395368
2515 4.8660517 -2.489464
2551 4.9151583 -2.5169804
2516 4.839914 -2.4794202
2539 4.7123737 -2.4030044
2446 4.8377714 -2.468122
2508 4.715083 -2.4263985
2619 7.114104 -3.4186974
2439 4.8306065 -2.4750419
2568 4.8349214 -2.4722114
2387 9.656825 -4.557231
2602 1.4808555 5.743266
2443 4.871087 -2.5020816
2430 4.868423 -2.5005205
2601 1.4585863 5.6462913
3395 2.0241175 6.842605
2488 4.773038 -2.4386265
3336 2.8396273 8.891091
2545 4.795497 -2.468225
2385 7.952865 -3.6600795
2475 4.880893 -2.4979384
2571 4.816441 -2.454319
2535 4.830695 -2.469025
2429 4.8467197 -2.483251
2455 4.7611337 -2.4299603
2498 4.869862 -2.4837918
2476 4.8547907 -2.4847631
2513 4.872645 -2.4978364
2470 4.768866 -2.4481182
2435 4.844021 -2.4858174
2440 4.8279696 -2.480066
2426 4.8855944 -2.4847553
2564 4.7695646 -2.4496343
646 8.797649 -4.221929
2559 4.810767 -2.4686353
388 7.881717 -3.6116173
2473 4.8184953 -2.4571579
2437 4.8733726 -2.4898422
2522 4.8231955 -2.464417
2575 4.896354 -2.488718
3496 2.2582536 7.934829
2540 4.9096913 -2.512353
2425 4.8070354 -2.458612
2499 4.843357 -2.4657655
2451 4.768891 -2.449645
2563 4.899462 -2.504843
2378 8.106448 -3.7255564
2375 7.984199 -3.6658394
2529 4.8402786 -2.4679475
2528 4.774707 -2.4502802
2447 4.7302322 -2.4191551
2460 4.8091793 -2.4629123
1491 4.994672 -2.3318706
2491 4.872479 -2.4900632
2517 4.7679005 -2.4520328
2503 4.8539233 -2.4793837
2477 4.877939 -2.4879243
2382 8.184484 -3.7729063
2603 1.4693948 5.659682
2802 0.99742174 3.3674712
2660 8.32595 -3.9607508
2471 4.904424 -2.5028946
2803 0.9701663 3.2897344
2546 4.714687 -2.4048164
2585 0.48631638 1.3832211
2380 7.9889045 -3.6739254
2377 7.95044 -3.6474302
2452 4.884672 -2.4891102
228 1.9250337 6.260085
2553 4.8198624 -2.474947
2751 1.3785027 5.3252454
1681 2.1063974 7.0535254
647 8.739569 -4.190647
2520 4.901003 -2.5089831
2428 4.949734 -2.5269272
2384 8.059785 -3.7045722
2376 7.913894 -3.631928
2379 7.9627457 -3.659952
628 1.5572072 5.8778863
2423 4.85972 -2.490438
2474 4.774828 -2.4406793
240 1.9880707 6.4515715
1338 0.6375274 0.62412095
234 1.9250057 6.2976055
1255 1.4254485 5.5449343
1841 6.97242 -3.413133
1283 1.4101288 5.5062127
1265 1.452982 5.642018
2381 8.135636 -3.7303846
1671 2.0899186 7.0208197
1685 2.0982697 7.0482435
700 7.171934 -3.4301155
2383 7.997685 -3.6819928
560 6.527825 -3.19227
1259 1.4419136 5.5914664
2989 7.173987 -3.4210284
1278 1.4562678 5.645918
1676 2.1055315 7.061697
648 8.962894 -4.301427
1752 1.5264117 5.798029
2604 1.4689916 5.7263956
230 1.5717076 5.241991
1266 1.441247 5.6152782
2772 2.188167 7.427529
1672 2.0864828 7.004945
1689 1.4597044 5.698259
1276 1.4514481 5.644378
1682 2.081628 6.97032
2773 2.2042732 7.5142517
1279 1.4194001 5.5247684
1674 2.0367403 6.8247347
1274 1.3901739 5.486049
1492 4.944895 -2.300901
1281 1.4429885 5.639318
182 2.0642319 7.58556
2547 4.8327293 -2.4688418
1239 1.419668 5.5284157
1251 1.4347694 5.5714
1243 1.4409397 5.614885
566 1.89838 7.007237
1675 2.0870116 6.9833865
3011 0.61465627 2.5680351
1244 1.4367465 5.613644
1260 1.4392025 5.5891023
189 1.7663951 -0.75226504
1684 2.0658586 6.927369
1680 2.114162 7.1172566
1275 1.4234414 5.5339637
2775 2.179542 7.450518
1363 4.467873 -2.1635425
1677 2.0348337 6.829774
1263 1.4175754 5.528176
3306 0.65591127 1.4964277
3027 0.9059502 3.5731077
670 0.70365965 2.235765
1240 1.4150118 5.4995966
1257 1.4190811 5.5516744
1683 2.078325 6.980874
1262 1.4073917 5.502023
1249 1.4499614 5.6004333
1277 1.426398 5.5726237
568 1.9282228 7.1156464
528 0.37334755 0.948426
1280 1.417747 5.518614
1258 1.409133 5.498265
1679 2.036546 6.8528085
2774 2.1487057 7.299672
1273 1.4324852 5.5954633
3370 7.334781 -3.498422
1256 1.4039787 5.5032897
2771 2.1196473 7.2307086
360 2.4710364 8.760369
1245 1.3994087 5.4559174
1269 1.4249358 5.535202
1254 1.4235549 5.587509
3018 1.2712455 5.0139627
1686 2.1333852 7.1841297
1268 1.4381764 5.5988545
361 2.4560926 8.713476
1264 1.4692765 5.7104635
1242 1.4209071 5.5365195
1267 1.4347821 5.593893
1246 1.4273055 5.539914
1272 1.4389043 5.583731
2998 5.526644 -2.6131752
1393 5.7854934 -2.839597
1271 1.4192717 5.505256
1191 1.6995724 6.0241137
1241 1.4474981 5.644636
2777 2.1334686 7.28299
1252 1.4046794 5.4667797
348 1.5621444 5.7280183
1437 0.6511512 0.9776849
1282 1.4536452 5.6771283
1673 2.0633936 6.9190073
2992 6.0807014 -2.892771
1089 0.9445685 -0.26272622
3501 2.4045942 -1.1830417
3009 0.62048274 2.5591233
1253 1.4172364 5.524317
345 1.5164465 5.593238
1247 1.4265887 5.56245
2792 1.4917315 5.181327
1248 1.4007603 5.4804516
1564 0.45994234 0.9443857
2776 2.1543813 7.3384824
238 1.1697766 3.7364237
1123 0.61273986 1.2100675
3307 0.6371817 1.4435515
119 0.46677 1.0209904
3016 1.2020454 4.849749
420 1.5471983 5.8028345
124 0.58085823 0.043850303
1261 1.4531618 5.6660466
1530 0.6046226 1.7048762
2991 6.1713734 -2.9422967
1284 1.4321725 5.611027
3010 0.6387129 2.6349108
1270 1.4277142 5.5476313
2684 0.9898089 -0.29211697
2618 0.9506305 3.0295012
183 1.9644274 7.2220535
363 2.462462 8.728444
1250 1.4264419 5.5938334
168 0.46616167 1.0842483
523 0.69338995 0.448098
3029 1.0119674 -0.31922737
1838 0.62940484 1.040498
1192 1.6740998 5.94773
578 1.1942812 4.844282
353 1.5528668 5.7400436
357 2.321121 8.246134
520 0.67990965 0.43940187
850 0.44984868 1.5793712
464 1.6304646 5.7832203
814 0.4513628 1.5264176
633 1.1886411 4.860831
3348 0.7010572 2.6094732
184 1.9910635 7.3333483
352 1.5362288 5.641605
1285 1.3930246 5.446011
3393 1.0117629 -0.3005445
125 0.5855771 0.036633644
2655 0.4607296 0.921287
385 0.9931138 -0.43861136
1533 0.4915 1.7864527
359 2.3263142 8.247815
1763 0.61072236 -0.037257683
479 1.166308 4.2947507
375 0.36979833 0.9508352
3019 1.18784 4.8462515
1706 0.70338434 2.2102165
1366 1.3246363 -0.51117396
2784 0.8156401 2.6660376
477 1.1844475 4.364048
3499 2.2413661 -0.9433813
788 0.80121404 3.1978855
2990 6.131757 -2.9228249
1835 0.6302815 1.0637745
478 1.0955546 4.042631
439 1.2911638 -0.5056282
476 1.1299272 4.2324505
380 0.5499304 1.0646656
1041 0.4359833 1.5131099
271 0.6041886 -0.09013846
1708 1.8632979 6.6785355
1836 0.63415134 1.0540259
349 1.5350108 5.643663
1585 2.2359562 -0.9362471
552 0.8365751 3.3921037
3030 0.993238 -0.30791262
1814 3.3104286 -1.5437021
1339 0.668447 2.584782
787 0.81186163 3.2427213
3493 0.43099418 1.8430698
3331 0.5368182 0.1863407
362 2.4317954 8.614481
1695 0.6562464 -0.027304098
3376 0.86910236 3.0662782
2856 0.3549198 0.7740465
596 1.4920579 5.628347
248 0.701521 2.7121184
126 2.1058173 -1.0018404
347 1.5344485 5.641191
1042 0.4435907 1.5291617
2416 0.3628462 1.374895
836 0.4654611 1.5363641
1698 0.65452194 -0.03712511
837 0.45451504 1.52865
663 1.055245 4.2622886
1043 0.461292 1.5341839
123 0.57771295 0.048379127
3012 0.74753803 2.9720469
89 1.6183013 -0.88360363
1052 0.46543244 1.4977089
2805 0.3551604 0.79385716
337 2.3105345 -1.1430132
307 0.4523782 0.7071911
819 0.4681223 1.5978178
1049 0.4394559 1.5057352
1135 0.6440482 0.41009128
842 0.46862465 1.5355352
3375 0.8409368 3.0617921
344 1.5313652 5.605254
1812 3.3175478 -1.5455252
1809 3.2302752 -1.498452
1816 3.414091 -1.5913379
2371 0.7332461 2.5154784
1061 0.4388169 1.4926089
2870 0.346733 0.7454821
841 0.4498905 1.5750554
1769 0.84867585 -0.19985002
159 0.42335048 0.86006427
2922 0.340433 0.81222266
822 0.45246634 1.5569148
1291 10.457466 6.607895
3388 0.46473938 1.1643826
838 0.41221955 1.4956108
828 0.460381 1.5955372
1056 0.44571942 1.497768
2844 0.33898842 0.78875667
2886 0.34746355 0.79881436
1756 0.58248335 2.070714
1063 0.44427574 1.5296559
3252 0.603967 -0.06900867
815 0.44536647 1.5008175
1591 1.0328593 -0.29694605
824 0.45261133 1.5322548
1067 0.4430099 1.5284659
835 0.4490983 1.544501
2894 0.35878444 0.79606104
480 1.1513993 4.2514067
3017 1.1228472 4.291881
444 0.67598575 -0.040963817
1125 0.60169005 1.1960108
3298 0.58138824 -0.03227447
3034 2.7103593 -1.3303578
2355 0.4605001 1.5451363
1815 3.3200707 -1.5444813
97 1.5757612 -0.82753766
581 0.72106355 2.5395713
441 1.3067102 -0.5093865
3282 0.53738123 0.019161897
2633 0.6203854 1.4864671
846 0.44825837 1.527391
1122 0.43384132 1.147654
1811 3.2680252 -1.5206977
844 0.43075627 1.491178
429 0.7527037 2.9769073
1817 3.2724023 -1.520833
790 0.6884501 0.0410561
830 0.45386273 1.5223259
1044 0.44489563 1.515505
2849 0.3630367 0.7674436
2839 0.33650735 0.79897803
823 0.45614213 1.4999844
2339 0.5159693 0.1857924
3494 0.44399312 1.9307259
1237 0.5011872 0.53045803
428 0.5040833 1.9417715
2900 0.35566056 0.78997684
92 1.6848924 -0.904799
94 1.6509833 -0.8704407
845 0.45347068 1.5547827
2969 0.3526568 0.7793445
2830 0.36001006 0.7764777
1790 0.47434133 0.8906351
1768 0.8471049 -0.22675487
2654 0.46399462 0.94831795
833 0.43358487 1.4904239
2020 0.509461 0.19537757
93 1.6273093 -0.8570763
3111 0.5971298 -0.014124547
2813 0.3502847 0.75446445
3317 0.68458253 0.60298604
2975 0.3586522 0.7904838
832 0.45810813 1.5417223
2837 0.35097182 0.7692682
826 0.4472574 1.5399917
692 2.089135 -0.96202284
2404 0.7981928 -0.16675228
2957 0.35335487 0.751232
1364 0.5845685 0.28490067
2809 0.36067456 0.8007466
847 0.45158437 1.5218946
2821 0.35579044 0.80927616
3140 0.5630399 0.011582441
2962 0.34376425 0.785319
664 0.5068347 0.20155604
2963 0.35630563 0.76475865
1782 1.0498691 3.9605033
85 2.973671 -1.4454757
2897 0.35572737 0.80521566
2891 0.35491192 0.7611518
1055 0.4638825 1.5729967
2924 0.33542362 0.7784215
426 0.4792152 1.9029648
992 0.38055068 0.69411135
2944 0.35200194 0.74460244
737 0.6399252 0.3162797
2664 4.0539274 10.535537
1406 0.49300167 0.89649487
3001 0.862745 2.8519402
474 0.64510846 0.023953728
3294 0.5890224 -0.017641323
1051 0.47122708 1.5738294
1050 0.45539942 1.4858421
2964 0.34666666 0.78365713
3138 0.5635604 -0.011883305
3087 0.58356386 -0.025311941
1217 0.52859616 1.8303351
470 0.5522834 0.11867518
3149 0.57457787 -0.012096925
2030 0.51560843 0.18045372
2877 0.3336726 0.7823598
3102 0.5877179 -0.031007623
136 0.56136733 1.9971004
591 0.5575027 0.13932016
2859 0.34299266 0.81884557
19 0.46532083 0.31025568
2968 0.35579202 0.7881374
1771 0.32911226 0.6528227
3452 0.48789117 0.19286448
860 0.43590897 1.5072587
3198 0.60974103 -0.06649222
3161 0.5906635 -0.06376921
821 0.43950745 1.5500059
2851 0.35749272 0.7825601
831 0.42861733 1.4546741
2051 0.4963534 0.23263459
1818 3.2624156 -1.5187632
134 0.47271562 1.8653213
2869 0.35250768 0.8213437
2907 0.35263163 0.76066625
859 0.43391928 1.4898846
3329 0.53666896 0.18249618
741 0.58045125 2.0187554
2304 0.49050733 0.20686352
2965 0.3468526 0.757892
858 0.48267025 1.5934116
579 0.69858164 2.5011394
1823 1.7251152 -0.74887764
2954 0.35621515 0.75930774
2412 0.75450766 -0.153091
3445 0.48447406 0.21308382
3259 0.5885246 -0.02514662
3076 0.5662953 -0.025978358
1064 0.45622423 1.5327039
3264 0.53335637 0.031563856
3100 0.58844316 -0.046421736
3222 0.60712355 -0.050876267
2920 0.3583389 0.7803637
2928 0.35026217 0.77693856
1062 0.45367575 1.5262787
2652 0.4485134 0.93976563
1216 0.66345614 -0.20706597
3360 1.5224075 -0.744425
2916 0.32319662 0.75198233
843 0.44004893 1.5379492
2835 0.34343258 0.8139957
1016 0.38431832 0.65918833
1065 0.42267302 1.4694467
2173 0.45192236 0.21018632
3289 0.62033373 -0.055421997
2866 0.35880223 0.8103701
3074 0.59058595 -0.048245024
825 0.4319172 1.4695137
3152 0.57513964 -0.022175176
2902 0.33354867 0.76956934
2950 0.35335183 0.7905934
951 0.3522495 0.6460986
2939 0.3514181 0.76478404
1941 0.54070836 0.17616606
2933 0.35474938 0.8074157
854 0.46065423 1.5425949
1060 0.47123715 1.5681937
1777 0.71078104 0.15190418
90 1.6122638 -0.85047835
792 0.65588534 0.06165567
2952 0.35581568 0.7677332
2255 0.5210357 0.20857956
3265 0.58534133 -0.036859695
2876 0.3428929 0.77082074
2974 0.35955435 0.7647368
2951 0.36062494 0.7922774
3316 0.68358475 0.61908317
1907 0.49050257 0.23305526
2926 0.351797 0.8128367
2146 0.4919738 0.19970962
3292 0.5529855 -0.0002096942
3338 0.42042038 0.97999626
1048 0.45723248 1.5584872
2898 0.34644255 0.7877187
839 0.44963357 1.5275449
2930 0.35171902 0.7941091
2833 0.35521063 0.7952524
853 0.46062073 1.5411632
472 1.5293297 -0.7600928
827 0.43092212 1.5273732
855 0.44036272 1.4849049
3199 0.56826437 -0.015589582
3153 0.5989551 -0.054852962
2977 0.35850745 0.7777178
3506 0.43339676 1.2931929
3232 0.5529144 -0.005115922
851 0.46397638 1.5410527
2272 0.5207204 0.16728666
3095 0.5833966 -0.011687428
3293 0.5864619 -0.03753312
3475 0.49941203 0.18480732
862 0.43262073 1.50082
2903 0.354035 0.78235084
1914 0.50153285 0.22256523
2887 0.35515654 0.8264271
2910 0.33174437 0.7273126
2848 0.3450004 0.7596392
857 0.42237192 1.4726541
2154 0.5259623 0.16899192
2936 0.36168304 0.7605923
3116 0.56469595 -0.0017588614
3422 0.5024067 0.15882789
2988 0.33617184 0.8014939
1569 0.47264782 1.1375078
3238 0.5634339 -0.02222951
3288 0.6071386 -0.06759522
2985 0.3529748 0.79139715
2860 0.3550625 0.7630627
3250 0.5649869 -0.016043527
2976 0.35499343 0.8076741
2918 0.3508393 0.8071609
3212 0.5175557 0.031367555
3002 0.4256183 0.5631266
2757 0.94302076 3.74079
3051 1.2076327 -0.463291
2368 0.516206 0.5573206
2873 0.33375105 0.76958466
2984 0.34797904 0.7831244
2607 0.5917135 0.25601605
1068 0.4657381 1.5782785
3122 0.58515644 -0.043426357
983 0.31901604 0.6860211
2949 0.3390609 0.7724487
2816 0.36558548 0.7904913
3437 0.51938415 0.1707738
760 0.48932204 0.20256355
861 0.45316494 1.575784
2133 0.50298065 0.20877
2874 0.3200737 0.7490427
3203 0.545853 -0.01716795
1506 0.39945513 0.81725985
3281 0.57149935 -0.019776747
2959 0.34550473 0.82564384
1054 0.4538332 1.5801764
982 0.35111132 0.7158645
818 0.45322847 1.5241681
3067 0.56141245 -0.026180493
3381 0.84899056 -0.19327007
3082 0.5558447 -0.011953666
2841 0.35527053 0.78169465
642 0.5447726 0.5377278
2218 0.468098 0.27652198
2956 0.37423015 0.79251724
2846 0.3511687 0.78402185
3117 0.5750505 -0.033494003
2297 0.5098235 0.17952341
2958 0.33366856 0.75701946
3201 0.5741692 -0.019573998
3237 0.58897287 -0.009816332
2755 0.8919322 -0.11600533
2942 0.3304286 0.80028623
3052 1.1746094 -0.4423134
2298 0.49918535 0.22126234
582 0.6795137 2.427104
3216 0.5754603 -0.027062533
2986 0.3444243 0.7558787
3101 0.54682404 -0.0031820892
1057 0.46482718 1.5177249
3004 0.58127254 2.1818764
3190 0.5712761 -0.02962877
2855 0.33919853 0.76061666
759 0.5358592 0.15197812
727 0.56526005 -0.025043247
2199 0.50887126 0.20085797
2982 0.3488833 0.7812188
2623 1.2893943 -0.506118
281 0.6611943 0.22824275
2893 0.37152097 0.7962017
2031 0.50157446 0.21664639
726 0.5944552 -0.027432268
3377 2.893034 -1.372301
3154 0.55910337 -0.008288162
2824 0.3506136 0.7673279
1369 0.44132453 0.8051151
2827 0.35922807 0.7701765
2981 0.36092243 0.8051107
1929 0.5428491 0.17153892
2970 0.342606 0.7951015
1143 0.72822875 0.15852617
1005 0.37382925 0.67424786
2836 0.3552566 0.77923346
3099 0.5736992 -0.054677613
3429 0.48678008 0.19123177
3217 0.5850376 -0.040720068
3280 0.5836455 -0.038468167
2801 0.90986454 -0.24767652
2364 0.488127 0.73928285
3234 0.5943932 -0.047320496
3256 0.5688321 -0.013376164
2064 0.53748465 0.17784211
2653 0.4508953 0.93743545
2978 0.35689765 0.8276912
3024 0.40364698 0.69153184
3473 0.49883628 0.18370023
250 0.5743618 0.19807012
829 0.44506997 1.5421927
820 0.45397526 1.5333444
3114 0.58934265 -0.03327223
1883 0.49710128 0.17536353
3253 0.589324 -0.022626614
852 0.44651166 1.6151108
2039 0.5103357 0.19275375
840 0.44791546 1.5023673
2955 0.3478837 0.80912185
3192 0.5649914 -0.013867311
2740 0.62544256 0.33535907
3189 0.60994565 -0.07962319
3276 0.594218 -0.023939602
2296 0.49830434 0.22800162
3175 0.5892556 -0.04365651
2858 0.34866977 0.78478354
2904 0.32260266 0.8004729
2230 0.50054055 0.22323863
2882 0.34514433 0.7720327
716 0.5925646 -0.04528026
3177 0.59127504 -0.010053244
2780 1.4433672 -0.59904814
2906 0.3374436 0.7875902
2923 0.331154 0.78772944
3214 0.5938427 -0.03221427
2892 0.34141982 0.7807753
3132 0.5927743 -0.05148703
3460 0.49551988 0.19341001
2021 0.5256092 0.18011625
2369 0.671319 0.008313403
530 1.177981 -0.43679473
1772 0.3229357 0.58518225
3270 0.575069 -0.011584015
2888 0.33781728 0.77287686
2588 0.92432934 -0.20047857
2179 0.49272606 0.21804416
883 0.35941783 0.67643195
1524 2.1621122 -1.0149693
3162 0.57421273 -0.034406103
2212 0.4898371 0.25326315
2182 0.52448183 0.18824919
3194 0.572325 -0.037563603
2842 0.35392055 0.73836
848 0.46193695 1.5432488
3195 0.5734674 -0.0119281765
2911 0.34775987 0.79981834
2864 0.35734874 0.8074099
1663 1.5555089 -0.65847754
3165 0.58511007 -0.045998562
1962 0.52520925 0.19943687
3196 0.60098964 -0.05496023
501 0.48895764 0.48800343
3353 2.1453826 -1.0068015
2914 0.33205667 0.8017703
2890 0.35406542 0.77882224
2948 0.3621486 0.7957031
3155 0.5849638 -0.047100924
2825 0.35541776 0.7556465
2252 0.5120665 0.1996192
776 0.4738182 1.0924845
2927 0.36131263 0.7745221
3248 0.618772 -0.07241001
3269 0.5816903 -0.038066458
2823 0.33914155 0.8198779
2155 0.5102254 0.16122396
3055 0.6011953 0.12939706
2343 0.50081766 0.24068268
2852 0.34694415 0.8056261
1810 3.3071046 -1.5375364
3080 0.57551664 -0.018544251
1474 1.1451066 -0.38340643
3084 0.57348114 -0.04995038
1918 0.52873 0.16745429
2806 0.34792927 0.75670356
2187 0.5197172 0.1865659
3413 0.4892683 0.19519001
3118 0.5773528 -0.018720446
612 0.41193962 1.3038939
3443 0.49185696 0.21050766
2840 0.32452807 0.8356817
964 0.3711254 0.6861605
2041 0.54090387 0.17285311
910 0.3847083 0.6729853
3072 0.58833385 -0.018603433
1750 1.0360923 4.1609497
3223 0.6173337 -0.059240844
3187 0.5847211 -0.03232357
1955 0.49542168 0.22326025
3176 0.56835216 0.0028807553
2807 0.35938528 0.7912746
2676 1.6289587 -0.68567234
2921 0.35555568 0.79614294
2018 0.49369138 0.14708996
2872 0.35033303 0.78523225
490 0.5610618 0.7594609
2263 0.50698894 0.23620008
1890 0.50944096 0.20533553
816 0.45231003 1.563765
3105 0.5838351 -0.024646029
2881 0.3464328 0.7423806
3444 0.51464355 0.16407366
3202 0.5595426 -0.03810724
1513 0.897548 3.4038646
3021 0.47311962 0.40248162
2087 0.52193594 0.17973451
3157 0.5924337 -0.029597418
2845 0.3400889 0.81888133
1470 1.1483917 -0.3784235
1968 0.5232437 0.1011609
2145 0.49565914 0.20767063
1053 0.46249226 1.5637617
2850 0.32561496 0.7767381
110 0.81635803 -0.07948115
3071 0.59093815 -0.03193876
2880 0.3649521 0.7648422
1047 0.45904884 1.5512601
2127 0.49341732 0.21048194
2149 0.51365536 0.1889237
2005 0.5130243 0.16302612
3151 0.5899612 -0.048926186
3241 0.5679541 -0.020305196
2847 0.3326114 0.83264637
3137 0.58029926 -0.07477042
3092 0.56542474 -0.027474683
2822 0.3167748 0.83190733
1819 3.4155314 -1.5915259
742 1.1985914 -0.32299033
3063 0.6562236 2.0259979
2278 0.51576847 0.20119867
3077 0.59382576 -0.047006592
3478 0.49593863 0.17783235
2069 0.5207793 0.14616753
1555 0.5175034 0.2012436
2831 0.3397952 0.7640934
3124 0.5736 -0.041118126
3245 0.5744895 -0.025852993
2346 0.51523197 0.18541886
1950 0.48379257 0.21062708
491 0.58323824 0.7391964
2925 0.36590266 0.8196577
1697 0.641817 -0.021545924
1956 0.49227276 0.22552642
2912 0.3739534 0.7741682
436 3.0750105 -1.4902104
1185 0.522081 0.7229778
2010 0.50008386 0.1702158
3278 0.6098598 -0.043631595
2815 0.353386 0.77539676
3239 0.574285 -0.03692132
603 0.42348152 1.277622
3098 0.57526094 -0.019737493
2972 0.32958278 0.78268653
2099 0.49517146 0.22107615
2861 0.35580793 0.7963024
2584 0.5169931 0.32281503
2883 0.3683211 0.7935669
2327 0.52241236 0.17071716
947 0.37528533 0.67837185
2158 0.50322896 0.22053483
934 0.39643654 0.61524576
1058 0.45114988 1.5472088
3075 0.5884787 -0.04654475
2226 0.4917236 0.18776703
2875 0.32781753 0.80250466
3129 0.6024425 -0.046886064
2259 0.53947043 0.15817972
1445 0.8545238 -0.19609271
3119 0.59529907 -0.035429314
882 0.37519822 0.6271639
2759 0.6745107 -0.037084315
2062 0.4673849 0.27948162
3235 0.5480771 -0.0063470514
2134 0.5142372 0.20642503
3204 0.56192607 -0.03481451
2344 0.49540818 0.24456596
2334 0.5424862 0.1556048
3287 0.5632342 0.000652069
718 0.55372417 0.0032440708
2947 0.36467043 0.805856
1824 1.7342373 -0.7362602
2071 0.52041316 0.17021139
2269 0.51523453 0.12300554
869 0.3668433 0.6824694
2714 0.34909564 0.560897
1860 0.99432665 -0.28379467
2834 0.364854 0.74851596
2113 0.52631116 0.14721641
2122 0.5281486 0.15786023
2971 0.35570166 0.7524292
3291 0.5756519 -0.02233868
834 0.4525524 1.4443979
1751 1.0374002 4.1452513
2867 0.3480492 0.74330646
1551 0.46479473 0.32333192
3268 0.59441656 -0.03680944
503 0.50639373 0.5019082
3205 0.59370995 -0.029306583
1998 0.47581488 0.22843346
2023 0.5166117 0.19681291
3488 1.3933406 -0.5569081
2811 0.34994668 0.75839484
1993 0.5251976 0.16476078
2905 0.35302883 0.8141258
2678 1.6680874 -0.701839
3050 1.2484585 -0.4950164
1066 0.45328972 1.5064305
3172 0.5801916 -0.026238983
3231 0.5962646 -0.05650364
3178 0.57774943 -0.03918955
3229 0.5513839 0.012292137
2915 0.3462589 0.77907246
2967 0.35782263 0.79997295
2941 0.35053262 0.7811483
1788 2.0540063 -0.9460353
1888 0.52726257 0.14698288
2818 0.36203566 0.806626
2758 0.70257837 -0.04023577
2082 0.49744838 0.22207469
2853 0.36267316 0.8192276
2808 0.3624847 0.8057113
1662 0.520684 0.52887785
2946 0.3481955 0.78463864
3107 0.57547945 -0.02745278
989 0.3994106 0.6236946
3273 0.5663904 -0.020108746
3224 0.5902293 -0.044636853
1794 1.331779 -0.5344901
3295 0.5558478 -0.019865843
3141 0.5822439 -0.03800379
3260 0.57977206 -0.01852697
2054 0.5464334 0.13780998
3215 0.57656795 -0.011891644
3211 0.5837435 -0.035673976
487 0.5293861 1.3584151
2013 0.4946197 0.22930373
1046 0.46256468 1.4990157
3186 0.55728155 0.012643558
956 0.3562843 0.70365787
3088 0.55106926 -0.014234933
2819 0.34043878 0.76957595
3169 0.5771745 -0.01980642
3242 0.5993698 -0.038201377
3166 0.5842924 -0.03268063
2913 0.34507534 0.77494884
2884 0.36614752 0.7852197
671 0.4510033 1.0095887
3266 0.5834227 -0.05131482
3023 0.41164047 0.7349007
2862 0.32954156 0.7858373
2176 0.4954488 0.22987506
1475 1.1832931 -0.39964283
2260 0.45741066 0.24036779
1829 1.6923338 -0.74290556
3302 0.5767029 -0.0117651345
3267 0.5723698 -0.0200705
2193 0.52409285 0.17692673
3299 0.5988261 -0.050541945
3283 0.5568409 -0.007758905
3261 0.5611205 -0.00237799
2750 0.49015197 0.89827025
2264 0.51988477 0.16893204
3320 0.39591014 1.0315588
2973 0.3560757 0.7845804
3163 0.5894814 -0.04493533
2037 0.5015339 0.1995101
3228 0.5861426 -0.05118277
2267 0.49221548 0.22234257
2295 0.49889567 0.21819739
1873 0.50640136 0.20818226
3221 0.59428424 -0.043463092
3200 0.5825521 -0.040495936
2284 0.46492547 0.23734492
3351 1.0452394 -0.33759406
2191 0.52415794 0.1830358
2961 0.36193475 0.7806362
3069 0.62013775 -0.074478745
2006 0.5031818 0.1895847
2889 0.3598294 0.7859585
2885 0.3598254 0.8147369
1482 0.4783273 0.4999997
2980 0.34713525 0.75897294
3078 0.5987843 -0.045128353
3003 0.42653677 0.6041818
1894 0.52547467 0.19461335
2351 0.52187043 0.20789091
2871 0.356985 0.7742466
3300 0.5672206 -0.011214041
3180 0.55314535 -0.007970227
2045 0.5062454 0.185738
2110 0.5396262 0.12215307
2857 0.34157568 0.8062681
2235 0.47171196 0.28184062
2313 0.5349635 0.17527606
1916 0.5367446 0.19287392
2329 0.520417 0.18829693
53 1.7003099 -0.7420335
775 0.46193385 1.0099423
1905 0.4803807 0.2124497
3240 0.56335235 -0.019110797
2730 0.38760245 0.5212434
2753 0.5967852 0.096179724
1985 0.43102393 0.2621495
488 0.57909757 0.72927386
2940 0.34813914 0.7942896
957 0.35442972 0.69438595
3244 0.6118052 -0.06539419
2953 0.35050887 0.76325107
1059 0.45236516 1.5880693
3185 0.5700845 -0.023138054
3301 0.56984943 0.0044020307
372 0.57887703 0.7308591
3139 0.6102335 -0.06641189
2749 0.47894755 0.89673257
1822 1.723885 -0.7464646
3174 0.60543317 -0.04709462
720 0.5485193 -0.02253015
2406 0.54789126 0.5907421
1022 0.3782226 0.6396579
2966 0.3444245 0.78911346
1157 0.48046264 0.2164978
395 0.49983558 0.5894799
3085 0.5800149 -0.019977488
2022 0.51028705 0.20829535
3469 0.5126696 0.13799788
2000 0.49843967 0.22027327
109 0.7817405 -0.08516602
2828 0.3469252 0.7996764
95 1.6558197 -0.879798
3471 0.4821051 0.19725892
1704 1.633577 -0.765782
3164 0.5328243 0.030151619
1510 0.8268184 -0.22035642
1961 0.49388108 0.24657416
1827 1.8049892 -0.79168266
1891 0.5123036 0.20435135
2258 0.5127875 0.22069244
3070 0.5682854 -0.013762065
1957 0.51742625 0.2306726
2124 0.509505 0.22851186
2342 0.47336185 0.19363564
2164 0.48619276 0.26025137
3484 0.5013155 0.21016634
3086 0.5950092 -0.043463476
629 0.5763415 0.7702445
2036 0.5073567 0.20153572
3128 0.58621794 -0.04086675
2104 0.48604432 0.2175044
2878 0.37454462 0.8124465
1395 0.48164403 0.5868318
1582 0.9255374 -0.101578295
1014 0.36004955 0.66033906
3251 0.58985376 -0.045162506
2130 0.52128434 0.16062407
518 1.0058066 -0.26917517
3476 0.49141955 0.19757977
762 0.44856685 0.9655398
897 0.37758163 0.6728864
3079 0.5682527 -0.019034155
3127 0.5556911 -0.0053156093
3160 0.5663185 -0.017062815
725 0.5641332 -0.007599465
3477 0.4890126 0.2055033
2181 0.52228546 0.19835135
3431 0.48411915 0.16349931
3208 0.58899844 -0.027931746
2943 0.34999725 0.77940446
3447 0.49604174 0.18831076
2832 0.3233024 0.7940184
2319 0.537715 0.14959387
685 0.8966284 -0.1534634
1872 0.526576 0.16620842
2117 0.5194684 0.21466836
399 2.9368074 -1.429741
1503 0.9096032 -0.23536041
2177 0.5037966 0.19056766
1087 0.51937836 0.18126395
2895 0.33675566 0.79503196
3220 0.5507664 0.0048659598
2057 0.49739125 0.19648935
3441 0.4798341 0.17615692
2205 0.484731 0.2123633
3126 0.58601815 -0.027877955
3426 0.48185265 0.21449386
3285 0.57491523 -0.030267075
2265 0.4943855 0.21169469
2216 0.5107428 0.1966572
3230 0.5655532 -0.037347715
2222 0.51045305 0.15282372
2174 0.50738525 0.19738069
1871 0.50805825 0.21144377
3073 0.59517074 -0.055831484
1370 0.43843 0.8265696
3193 0.5811148 -0.027191
3225 0.5407945 -0.008788823
2612 0.47609472 0.6138415
3277 0.59800494 -0.052535772
3171 0.5643569 -0.0115482975
2410 0.6114552 1.6087266
3290 0.57879484 -0.031479694
2217 0.53089803 0.19870017
2231 0.50267905 0.20276171
3420 0.49944717 0.1713462
3255 0.5882206 -0.0454666
3179 0.5838622 -0.027092107
1469 1.1686004 -0.40043274
634 0.49561042 0.22121483
2276 0.5232832 0.16488974
916 0.38403547 0.680458
2715 0.35728356 0.52915007
3213 0.5856336 -0.0058365157
3091 0.5649853 -0.0059156977
3468 0.48492953 0.21363272
2820 0.35339785 0.7891586
3433 0.50690377 0.16578862
3121 0.6195966 -0.04806922
2294 0.4763023 0.22761844
677 0.4572134 1.0856993
1879 0.5065544 0.15467526
3404 0.48361635 0.206377
1069 1.4019245 -0.6035011
1011 0.38554725 0.64272195
1971 0.5077485 0.20820509
2414 0.43961927 0.8390138
1952 0.48084578 0.24142385
2225 0.5194858 0.19186777
1778 0.6566025 0.18771802
1207 0.5751 0.15663846
2698 0.3946269 0.5324217
3403 0.47885308 0.18917194
2171 0.511284 0.15145178
2663 3.9006603 10.186509
914 0.36691836 0.700932
1038 0.50333154 0.18894988
3454 0.5063725 0.17621428
3191 0.5831405 -0.05947261
763 0.5033187 0.22158411
3103 0.5784723 -0.045841802
2363 0.47686738 0.7353751
1972 0.5299202 0.17428967
2396 0.6073469 0.34100002
2318 0.5274599 0.18085118
1107 0.9785949 -0.27508503
3142 0.5568343 -0.01732739
1940 0.49682352 0.20634098
1997 0.52604693 0.16815962
945 0.3709269 0.6594835
1405 0.48385468 0.8019538
719 0.6043779 -0.06507993
1931 0.50221163 0.21110694
2074 0.51514626 0.19709286
1967 0.5190605 0.2035119
3083 0.6025672 -0.065141246
593 0.42691466 1.3619211
955 0.3772891 0.65618217
1867 0.5327922 0.15431498
3081 0.56795555 -0.0076640835
1874 0.47652474 0.20424642
2325 0.53063506 0.16933635
3457 0.49778336 0.17764099
2015 0.5263453 0.15870811
3257 0.60436505 -0.06348922
2098 0.48613766 0.22437777
2337 0.49786925 0.21792229
2096 0.5232584 0.16517085
3249 0.5820557 -0.02802339
2300 0.522066 0.18085918
3219 0.59298766 -0.06301582
730 0.5742053 -0.030032383
2138 0.5295814 0.13642254
2316 0.5203298 0.18839896
115 0.43800703 0.58233935
2238 0.504693 0.21150264
2118 0.5089901 0.17555477
2929 0.33938444 0.81448054
1936 0.5373331 0.1470937
1373 0.96404916 -0.1975599
2292 0.52302253 0.1766942
773 0.4651566 1.1502509
1923 0.47724253 0.2023356
2987 0.34704915 0.761911
1848 0.62332666 0.019846573
3135 0.5997507 -0.05450072
3182 0.58172005 -0.02859114
1584 0.9457533 -0.110068485
2354 0.510319 0.20917815
2631 0.50938404 1.1008424
2131 0.5182695 0.14930029
3134 0.5732634 -0.041859765
332 0.41141242 1.2891868
2635 0.5119574 1.0364968
2165 0.49507725 0.2339868
2717 0.379873 0.51669306
2162 0.52771574 0.17738661
2102 0.51603866 0.19132747
1990 0.49469933 0.19519646
3414 0.49346808 0.19884838
1913 0.5140851 0.19137463
2338 0.5215497 0.16713227
176 0.50477254 1.0854287
2917 0.35709262 0.76785666
2868 0.3274466 0.81918114
1915 0.4864984 0.24699287
2762 0.62171435 0.31457517
3209 0.5952543 -0.0514829
2934 0.3591876 0.7714712
2909 0.3520137 0.77929676
2213 0.50917304 0.21334748
2240 0.49444976 0.20060003
2086 0.48947334 0.21388516
3065 0.40528342 0.70214087
1028 0.35949022 0.67441654
232 2.5117273 -1.1600726
3183 0.58055717 -0.035351634
587 0.49649042 1.4030725
1889 0.5147784 0.16522667
3419 0.49323228 0.17183883
2186 0.5110938 0.19461267
3275 0.57553506 -0.04250149
1139 0.48254022 0.4794847
138 1.0781146 -0.27624246
1045 0.432836 1.4439538
896 0.38802856 0.661242
2266 0.5083637 0.18304853
369 0.43537575 1.0816754
3258 0.5767362 -0.02408349
3442 0.49603206 0.18135603
2246 0.4947084 0.23572962
2200 0.5058399 0.21241567
1942 0.50834924 0.15949185
3109 0.58393025 -0.042091146
2116 0.5380505 0.17154819
3455 0.49652168 0.1883601
2228 0.49144512 0.21281947
3406 0.48728883 0.17161867
1108 0.98398995 -0.26402056
1959 0.49497923 0.19816175
984 0.3727656 0.6979679
2726 0.37784603 0.5519247
3188 0.5830986 -0.020796273
2321 0.5370927 0.15666981
1037 0.52512246 1.5039537
1911 0.5063881 0.20914575
3439 0.4725355 0.23200691
1887 0.4838759 0.20155717
1933 0.5114668 0.20604163
864 0.46823043 0.21103808
2323 0.5374808 0.07977978
3150 0.58570725 -0.068386726
2705 0.38769644 0.56643665
1937 0.5175747 0.16417125
3147 0.56023395 -0.020053139
2111 0.48499987 0.21106997
615 0.9758031 -0.27879727
2413 0.6551935 0.04220448
1183 0.52125734 0.75220644
2241 0.50763386 0.21347453
3254 0.56238294 -0.0016428974
3391 0.92572194 -0.24117605
2211 0.51410127 0.18968311
2093 0.5097014 0.23809455
3417 0.5018745 0.20650432
1726 0.47416633 0.8418047
1965 0.5193952 0.20911561
2035 0.4973553 0.2076815
3170 0.6040593 -0.03814908
2243 0.48774698 0.23802795
1209 0.4574211 0.6251369
1171 1.2707683 -0.50442517
3136 0.558109 -0.022994306
2043 0.5136435 0.18191023
1982 0.5029845 0.22582045
3409 0.49630436 0.15787275
3263 0.57419276 -0.023650603
2210 0.528987 0.17957366
2207 0.53292394 0.15830174
1951 0.5117937 0.21897784
2829 0.34465185 0.81835884
2049 0.49828452 0.2287445
1975 0.51864415 0.21579647
1635 0.45269415 0.45769906
2178 0.5252892 0.20784707
2250 0.5017318 0.18863417
2008 0.49639776 0.22488596
2132 0.5106055 0.20083484
1007 0.37546632 0.66689134
2299 0.48471335 0.21811974
1149 0.5358708 0.17301741
2687 0.35093722 0.6163064
2345 0.50582904 0.2066159
2027 0.49410632 0.20833716
2710 0.38306192 0.5102122
2673 0.43036416 0.3404318
3173 0.59442866 -0.033490382
3064 0.68701035 2.098083
2203 0.5157263 0.1491331
2033 0.5210767 0.1881263
217 0.7466394 -0.15339692
1821 1.766534 -0.7579819
2120 0.5138606 0.15295543
1017 0.35282862 0.68661976
1922 0.5174443 0.17141652
3357 0.9740595 -0.25103977
2236 0.50704825 0.21917616
309 0.45546287 0.7591778
2198 0.51355886 0.22196037
3451 0.4868272 0.18473388
371 0.45620865 1.207731
3093 0.58872485 -0.038726524
1784 0.43493712 1.2966013
2232 0.53841186 0.13258848
1797 0.6168446 0.39160302
1580 0.5550048 0.507358
3341 0.4350672 1.0871756
1032 0.49246222 1.1069187
2091 0.53370553 0.1777576
933 0.37777647 0.628656
3498 0.5767033 1.4178435
2100 0.50909764 0.21902055
870 0.3578837 0.6632109
1374 0.40344647 0.72753817
1018 0.37325615 0.6529393
2690 0.3976929 0.5588875
3143 0.57698995 -0.049244776
2095 0.5162851 0.20831491
141 1.0449395 -0.25603154
991 0.36780548 0.6584004
2249 0.51278734 0.2171262
2139 0.5298289 0.17349882
3068 0.5951161 -0.05885802
3104 0.5895766 -0.022121789
2168 0.50867534 0.19470997
2945 0.35709244 0.76643986
2007 0.5192657 0.20209523
2314 0.52634203 0.20853917
739 0.59351146 2.038921
3227 0.58161396 -0.036476437
3297 0.583885 -0.022588108
693 0.50166154 0.21455693
3131 0.5852537 -0.04432442
3066 0.59980273 -0.022575155
2135 0.5159538 0.15323979
965 0.3665639 0.6558268
978 0.37252095 0.6555237
400 2.8956013 -1.3930082
926 0.37192515 0.66338706
2596 0.4950992 0.60993093
3453 0.48198318 0.20513695
1980 0.4756054 0.2515036
2088 0.5119441 0.19869894
2060 0.47842243 0.21086374
1404 0.48942995 0.8733979
3218 0.59004825 -0.02824775
907 0.35257304 0.68421686
2286 0.49082866 0.17589754
3110 0.5554285 -0.024717573
1946 0.51435995 0.21599513
1944 0.52219063 0.20099603
551 0.47146246 0.5615329
2090 0.4912018 0.21827412
880 0.36358288 0.6965604
3096 0.58810264 -0.0317409
3247 0.54087985 0.011878126
3158 0.5929703 -0.054760903
2229 0.51164114 0.17225198
2854 0.34769332 0.78874266
3045 0.48202723 0.59234744
327 3.0488913 -1.4507984
878 0.38746977 0.655911
1903 0.5158447 0.22865175
2105 0.5080198 0.19843897
3061 0.8841068 -0.224064
2353 0.52298737 0.1731822
1878 0.51602536 0.18378647
392 0.94722545 3.5848608
2056 0.46465954 0.24819873
2083 0.5274934 0.17223375
448 1.3553432 -0.5110035
1882 0.50420785 0.2319517
3438 0.49389958 0.20137407
1981 0.5145317 0.18948855
2373 0.77506 -0.041806806
2128 0.5297645 0.18000963
2153 0.5160963 0.16399816
2302 0.50065124 0.1560374
2066 0.5050216 0.20150642
2694 0.37859997 0.52298754
3148 0.6025769 -0.047990892
3421 0.488383 0.22776204
68 0.7550202 -0.015483138
2308 0.52910846 0.18820103
517 1.003037 -0.2491692
1780 0.49808165 1.1180136
2003 0.5232716 0.17749545
2047 0.52217567 0.19815797
988 0.37648523 0.69958746
2692 0.35473418 0.52049744
752 0.476251 1.1265923
3485 0.4656243 0.19250126
3286 0.58047223 -0.032117072
1987 0.53348315 0.0927608
2103 0.5074539 0.16307901
2119 0.51753926 0.21905781
3058 0.7462121 2.6903481
3416 0.4854797 0.21827951
3500 0.5115391 1.1628574
886 0.3846703 0.6495931
3274 0.5500564 0.005302371
3112 0.5704985 -0.014128227
2214 0.5207735 0.18477447
3236 0.5800415 -0.031821996
1895 0.5231607 0.20473109
2209 0.5442134 0.16090032
2040 0.49156868 0.21204324
3415 0.48028082 0.19995166
22 0.8818404 -0.18984194
3408 0.49136502 0.21335955
908 0.38977283 0.69119906
3097 0.5580323 -0.009342349
2048 0.53627324 0.17023252
2237 0.49440718 0.19563408
1025 0.34909874 0.690606
958 0.34462038 0.683726
2273 0.502999 0.21293943
2708 0.3695598 0.5659338
2079 0.48347378 0.19128324
3412 0.4952175 0.19699539
2336 0.51124674 0.19432727
962 0.38856247 0.64445233
1294 0.4757033 0.49768662
1206 0.59448284 0.13247736
389 0.9283422 3.5544975
1866 0.5513074 0.17327708
1187 0.5372983 0.75478435
1921 0.5145318 0.14372179
2701 0.3630343 0.516839
1949 0.51104957 0.19093686
3503 0.41495228 0.5731329
73 0.43771648 1.063132
1012 0.35848233 0.6153052
3049 0.42161945 0.83463126
1409 0.86625624 -0.2198789
1825 1.7795174 -0.76884323
800 0.52104527 1.3131145
1954 0.50719607 0.156617
1884 0.47769424 0.2508938
2221 0.50613534 0.23228244
3262 0.5807027 -0.023698227
665 0.5351494 0.17348415
2012 0.53437424 0.18137524
2610 0.4820848 0.6387596
1826 1.7650632 -0.7578084
2189 0.5136519 0.19098741
2309 0.5161675 0.1807731
1958 0.5234162 0.17638516
3181 0.599134 -0.05254152
1106 1.0966572 -0.34911567
2919 0.35281163 0.80161077
3418 0.45735636 0.150242
981 0.36089855 0.6599242
3466 0.50855124 0.15039507
2896 0.3414183 0.7980817
2609 0.4857763 0.37582758
1966 0.5422539 0.15140401
2061 0.5073734 0.22032893
3197 0.5910248 -0.03520579
2736 0.39566448 0.54521996
3145 0.57711715 -0.03806461
2046 0.48851782 0.2349071
2395 0.6237612 0.34034038
2315 0.5240621 0.1900576
3271 0.59439874 -0.035956122
1901 0.48093176 0.19502375
2034 0.48480654 0.19452913
2068 0.5086899 0.20363088
894 0.36974266 0.6957242
1781 0.47421172 1.0974544
2044 0.5050504 0.2303451
3159 0.58403903 -0.016508738
2797 1.1070974 -0.2812513
1875 0.5095925 0.19585389
199 1.3356286 -0.47174397
2640 1.7701632 -0.75346106
489 0.5839047 0.7457901
3495 0.4876205 0.56701374
2695 0.3852681 0.5364864
2195 0.5203514 0.13478391
1924 0.5141252 0.16958448
3168 0.55719733 -0.014105484
881 0.38051417 0.63357174
2206 0.51661646 0.18869253
2254 0.499053 0.19144759
2333 0.49063212 0.20894961
1902 0.50480807 0.17705785
1988 0.48460093 0.23616928
717 0.59689295 -0.043056913
1537 0.5419142 0.41455656
2704 0.39034325 0.5051134
2140 0.5237395 0.14512211
2279 0.4855385 0.16719592
1560 1.1876258 -0.5132447
3130 0.5660004 -0.01673605
2196 0.49455667 0.16654225
1534 1.0834781 -0.37257895
3339 0.4400102 0.93904334
2271 0.5285993 0.1653226
504 0.5131012 0.45654622
1027 0.38160744 0.700464
1583 0.9087305 -0.07220193
3380 0.5063595 0.37958658
1015 0.3719777 0.701338
2993 1.2045392 -0.46301064
1938 0.48447916 0.19841455
2112 0.51679116 0.19588915
2320 0.47216287 0.2653721
418 1.3953738 -0.54496694
2756 0.8795503 -0.08810947
2624 0.48739243 0.37310275
1181 0.53153765 0.736181
1190 0.5453526 0.7072885
2063 0.5132508 0.17597644
1131 0.51920354 0.20101702
2248 0.535664 0.14194001
253 0.45601234 1.1296986
1307 0.4733434 0.520759
1892 0.5157915 0.1633082
3424 0.49301744 0.17514202
1316 0.4664105 0.5252391
2812 0.35910252 0.8113068
3425 0.4921889 0.17048898
2725 0.36656046 0.55826
769 0.49738252 1.1747814
771 0.4927388 1.1324983
320 0.5155229 0.17026746
3435 0.50562215 0.16422571
2719 0.37398142 0.5179723
2779 0.5188405 1.6420895
2204 0.5295263 0.14402872
1977 0.52561045 0.17482562
2065 0.47803813 0.2448419
3303 0.580309 -0.029888209
1925 0.5291502 0.16383354
2340 0.51244134 0.19977762
691 0.5516835 -0.03781855
2979 0.32388556 0.7721745
2735 0.3393226 0.5640193
1020 0.3638483 0.6616006
1970 0.50326926 0.2195771
1073 0.49991062 0.46407863
3481 0.51681 0.18120547
2215 0.52041525 0.1784771
1856 0.94227314 -0.26733467
2399 1.7803026 -0.81368583
2142 0.43636122 0.26065418
1885 0.49140096 0.18490072
2796 1.1913654 -0.31195277
2029 0.5144896 0.19218867
54 1.7153578 -0.77927107
1927 0.50174814 0.13867621
1999 0.51084256 0.22066379
2613 0.49576235 0.6637656
3167 0.5920444 -0.052225094
2305 0.5322225 0.17184734
3483 0.49691215 0.19771968
3467 0.46940583 0.22231331
3272 0.5711207 -0.041549653
3464 0.4936736 0.16646092
1859 0.9714711 -0.28175318
2166 0.5152631 0.17276043
2219 0.4982902 0.18782304
556 0.7159675 2.5860384
1900 0.50627583 0.19845907
1948 0.4805453 0.25653407
998 0.37248695 0.64124495
1857 1.0618614 -0.3451005
3402 0.4800739 0.21807681
2234 0.5222582 0.17925355
2148 0.51555675 0.20115843
3120 0.55715 0.005976453
3156 0.57802045 -0.029434731
3482 0.471307 0.23550673
10 0.5108688 0.51586705
1858 1.0028526 -0.28592288
1877 0.53626704 0.16222799
414 1.0964638 -0.26656663
724 0.5852271 -0.036103748
738 0.63561755 0.30785236
2641 0.7238077 2.6661644
2326 0.49420783 0.22654594
453 0.68242204 -0.098697275
2627 0.5149327 1.1322011
1881 0.51078534 0.22122124
3436 0.50634414 0.17067981
1442 0.5086929 1.1199017
3456 0.4816386 0.21848366
1926 0.46086553 0.1714188
2677 1.5966184 -0.67284656
1021 0.36822802 0.652073
2331 0.52008927 0.16080713
961 0.36037064 0.68593645
2009 0.4830297 0.19944984
2290 0.49509653 0.1985415
1932 0.51703334 0.20038727
2058 0.51859325 0.16668676
3284 0.5810451 -0.02575326
2050 0.53369594 0.1383824
987 0.37829208 0.6686732
2180 0.52143013 0.1803617
1110 1.3908949 -0.5026127
1188 0.5257211 0.75604916
778 0.47842062 0.9526107
2190 0.5170304 0.19557534
1869 0.5131995 0.20198248
3432 0.48610583 0.17813343
2783 0.47562155 0.6110636
948 0.3396627 0.690439
1459 0.54672384 1.0296055
3463 0.52210724 0.1531325
3144 0.5734308 -0.01607451
2011 0.49884778 0.18301888
928 0.38556886 0.6549845
1019 0.37400877 0.6924958
2311 0.52780616 0.18215013
1327 0.457751 0.54356813
2170 0.5007967 0.17611873
2782 0.519256 0.54747015
912 0.373513 0.6383005
3062 0.66895497 2.0485759
2019 0.5002981 0.21141271
3497 0.5965277 0.37777233
550 0.44840628 1.0476028
774 0.45512214 1.0979941
2106 0.5079267 0.22666249
212 0.97724664 -0.25878552
2070 0.5072894 0.21954976
3448 0.48146325 0.20577252
999 0.38133615 0.66165537
1947 0.48678234 0.17751712
3458 0.4903345 0.19538698
2291 0.5080431 0.1772795
2077 0.4861673 0.24418075
1716 0.46658286 1.0807302
757 0.87057215 -0.07669233
58 2.384534 -1.1636722
3449 0.5097584 0.16604191
2625 0.543778 0.31503293
38 0.90811807 -0.2013158
2028 0.5255387 0.19210042
2960 0.36238837 0.8090034
3059 0.7210339 2.5474427
3434 0.49634826 0.16736314
1991 0.48424852 0.20952033
1213 0.49331206 0.64045477
2996 1.3575878 -0.5265288
2282 0.5092549 0.21638829
2693 0.3778751 0.55543256
2194 0.5321404 0.15559886
3465 0.5013749 0.16782147
924 0.3589607 0.63208246
67 0.7109637 0.14912987
3022 0.40623757 0.67578787
2175 0.5145308 0.20838869
2183 0.50648093 0.22633082
2709 0.3996339 0.5073531
1934 0.5294053 0.1679196
1694 0.5381871 0.5115011
1457 0.51625276 1.0373169
797 0.50835353 1.317577
2280 0.48822394 0.18810426
1304 0.47965202 0.5146207
2341 0.4917807 0.16418509
937 0.371643 0.71301943
2161 0.52384317 0.16194719
2055 0.49229404 0.2063755
627 0.5488952 0.40345934
3296 0.5605025 -0.013678094
317 0.47004977 1.1038125
1986 0.51930314 0.17230521
2699 0.37514544 0.5684613
2026 0.51202935 0.22455436
1144 0.5037509 0.1534747
1238 1.0560703 -0.33304903
391 0.8799447 3.3306248
2724 0.38188362 0.49641955
2137 0.50224084 0.21278119
2630 0.5166115 1.1177647
2115 0.511068 0.13677981
2245 0.52867717 0.15531904
2306 0.51821625 0.16559549
1509 0.82432485 -0.20324634
3319 0.40557885 1.048209
3115 0.5781562 -0.019605102
1620 0.42408183 0.57885003
1111 1.4227418 -0.513316
3318 0.40938404 1.0636417
1893 0.50361705 0.13464184
2185 0.5376632 0.19648577
139 1.071528 -0.28528792
2712 0.37344325 0.53901035
971 0.3561139 0.5995928
1465 0.4864543 1.2219803
977 0.3682933 0.6818383
1943 0.5352045 0.16365008
1973 0.53997755 0.14705217
1201 0.590573 0.64888483
2691 0.39611077 0.5323827
2261 0.47337648 0.20811623
393 0.9146497 3.4590876
898 0.36640623 0.6769426
3108 0.5857221 -0.040110495
3427 0.4748029 0.18883638
979 0.4059921 0.5916211
3089 0.56209254 -0.015879758
1002 0.3684255 0.68193686
3210 0.5816386 -0.025836844
3035 0.46870205 0.27335414
2798 1.1535126 -0.2948612
236 0.54364496 0.5668584
1960 0.5041614 0.1846055
2700 0.38212407 0.5600396
1974 0.49207976 0.22379139
985 0.38011724 0.67764735
222 0.7864435 2.9881985
1072 0.47213864 0.54916537
2322 0.48040482 0.21774049
2702 0.3898466 0.5225804
935 0.36108795 0.6405636
2324 0.54187405 0.18815151
3207 0.5505305 -0.012103792
2247 0.51054764 0.21888295
993 0.38583902 0.68569356
2703 0.3837643 0.55209607
668 0.7541647 0.041122813
216 0.6059586 0.37115467
1010 0.38992688 0.653326
2611 0.5002388 0.5888579
2244 0.5255578 0.1670484
2242 0.4966658 0.18713681
1992 0.50837356 0.14594236
2287 0.5102658 0.16070668
3479 0.48066065 0.18940532
42 0.8514589 -0.14676043
69 0.72404975 0.020898713
2150 0.50596166 0.1696641
325 2.90933 -1.4016027
2085 0.53594905 0.16799949
2151 0.50192547 0.24364887
2283 0.53385234 0.14935012
925 0.36749113 0.6583724
1461 0.4153755 0.99761
966 0.3541631 0.6976659
1367 0.5067456 1.4298868
980 0.37559366 0.71092194
3328 0.98713046 -0.29936066
2125 0.5124897 0.19847463
1614 0.43438226 0.533937
1774 1.7275544 -0.69714075
1979 0.49615544 0.18500157
3246 0.5703942 -0.016902225
2592 1.4248726 -0.57351226
74 0.55755895 0.3438339
3446 0.49688175 0.19698703
2109 0.50722706 0.16037522
931 0.3877228 0.6543868
1832 0.5696395 0.17641023
3123 0.5867094 -0.018905956
1604 0.444358 0.5182218
713 0.44551584 1.029352
1625 0.44104752 0.5326011
2285 0.4951342 0.23231079
1334 0.44708997 0.5445871
2696 0.36568138 0.54306114
913 0.37285703 0.67663
1904 0.5106161 0.20309821
1189 0.5322886 0.7732068
50 0.8830759 -0.18597314
2697 0.3865336 0.52371997
32 0.8747593 -0.18098132
2312 0.5113089 0.19574401
300 0.44664082 0.5300754
1847 1.1720704 -0.344745
2004 0.5042455 0.19608456
2722 0.36556226 0.54832536
2157 0.5012464 0.197564
2072 0.5405874 0.15341224
2156 0.51241785 0.18104826
1886 0.4838437 0.17532662
2742 0.539325 0.3945503
1333 0.47396627 0.50248986
2025 0.5030541 0.23661703
2038 0.50655204 0.2067496
1071 0.47027865 0.5290103
4 0.5749953 0.7484204
1994 0.5093268 0.19650239
2743 0.5252429 0.4379437
3474 0.4912646 0.18780437
1896 0.50840795 0.19881988
1471 0.8262659 -0.007582748
2335 0.503074 0.20970444
3459 0.52674186 0.16289712
2626 0.5139287 1.1223476
1195 0.471167 0.21823274
1315 0.47733656 0.5296749
3470 0.49042988 0.18127382
1976 0.5131492 0.18729208
1963 0.47869024 0.24295096
2615 0.46786794 0.7866626
1953 0.5070905 0.20682491
526 0.8345941 0.019562893
2114 0.5398044 0.18683337
1324 0.4797539 0.525747
1627 0.43040037 0.54080695
2224 0.50970095 0.18073377
2744 0.51840657 0.4622275
484 0.54381603 1.3566266
3472 0.49793026 0.18651037
2370 0.4462662 0.8266914
2307 0.5121618 0.1932159
25 0.86793786 -0.16465753
3090 0.5879513 -0.020577572
599 0.5886424 0.26362565
3312 0.43666357 1.0636635
2001 0.51639545 0.18589154
1168 0.5098209 0.16460802
1945 0.54245436 0.1354774
995 0.36944863 0.669628
2076 0.51384854 0.16866419
2223 0.53153217 0.1610796
1643 0.46002677 0.4337057
3398 0.48094586 1.132121
630 0.5695221 0.73209786
2330 0.49500197 0.15057884
3428 0.48812336 0.20780599
3461 0.51538455 0.17616451
3405 0.5007012 0.1808342
1691 1.1173445 -0.39451563
1597 0.42185768 0.5613044
2251 0.47236958 0.1614776
2639 1.8099108 -0.79297906
895 0.40155607 0.6453569
1305 0.46349743 0.5027469
3314 0.47001567 0.7557508
2197 0.5123578 0.1451365
1758 1.0469327 -0.33936822
1619 0.43708736 0.5493516
959 0.34491238 0.65453404
1308 0.48711622 0.5224786
130 0.73111737 0.06810372
1310 0.47414458 0.48105046
793 0.5085751 0.21799733
661 0.55499965 0.51241434
986 0.37313193 0.6448847
0 1.071756 -0.33015907
2394 1.6576852 -0.7236955
2642 0.46713856 1.2629561
129 0.7872711 0.010598719
2141 0.50296 0.18092966
3390 1.0832039 -0.3358472
1397 0.3843519 0.5416088
2793 0.54232186 0.3028048
1725 0.44684562 0.82077646
2614 0.4738806 0.8510576
2995 0.4658154 1.1260496
2657 0.6710981 0.13003139
233 0.48203695 0.48952302
3411 0.5003063 0.20001537
2167 0.5386308 0.18306954
2293 0.50259554 0.22495253
2172 0.5527599 0.12841153
2163 0.5294385 0.18884805
328 0.98763263 -0.18572408
1917 0.51899165 0.1520525
1876 0.50433457 0.16436593
1295 0.48043832 0.4781844
1320 0.47338015 0.52508885
2781 0.47623175 0.96744287
1640 0.47137293 0.44915453
1085 1.4040031 -0.43442887
1600 0.44425887 0.50576323
1855 1.0124469 -0.3000751
3462 0.49185315 0.17673124
2716 0.37235588 0.52593434
1808 1.0119164 -0.23552026
3094 0.56162095 -0.013371216
2107 0.4950182 0.19475809
3423 0.5114585 0.16578974
2277 0.52681816 0.16748899
2720 0.36381662 0.5653047
66 0.70034486 0.14435415
3053 1.232255 -0.42909896
688 1.2798494 -0.43141368
1626 0.44673026 0.51407254
2733 0.36603713 0.53952473
46 0.9426113 -0.22979076
1969 0.5280243 0.17039464
2108 0.54121417 0.14223641
1854 1.0265281 -0.32098085
483 0.55954325 1.3882184
485 0.53163797 1.3409226
3430 0.4954505 0.18412276
2392 0.47487804 0.61372745
1611 0.4541386 0.5143308
2628 0.51665914 1.06023
3486 0.49838766 0.15647852
1438 1.2083902 -0.37868744
968 0.33915755 0.6809861
1709 0.5421886 0.880544
2711 0.3829792 0.48818162
3184 0.58622825 -0.042672433
561 1.2200749 -0.38154003
2059 0.5294756 0.17419294
1013 0.34924632 0.6644168
3399 0.4159841 1.0176706
770 0.49033183 1.1259705
772 0.484306 1.1344221
1566 0.337112 0.7550641
1610 0.43017617 0.51854986
920 0.38479382 0.6589947
1996 0.51991504 0.18387038
1846 1.235084 -0.3647285
3133 0.5573494 0.00093035254
1844 1.1759626 -0.33455282
3480 0.46650034 0.2030987
1029 0.3745095 0.6707362
2706 0.3937735 0.5033235
2123 0.5225075 0.18361428
1299 0.4840888 0.5243362
49 0.8745458 -0.16489695
2629 0.52343506 1.1171882
1805 0.95710313 -0.20573874
3206 0.60716355 -0.056690007
2739 0.48059735 1.0459808
2731 0.41040358 0.4778952
1609 0.44589368 0.52138406
2078 0.53831494 0.16602382
2778 1.4832267 -0.5709701
2075 0.5074806 0.21305622
1079 0.72205037 0.09667491
2408 0.44450536 0.9118331
3304 0.47509 0.8516209
1912 0.5238156 0.15633625
3440 0.4550001 0.22754958
1897 0.5121898 0.208408
2268 0.51655173 0.18307549
2738 0.38831362 0.5352749
967 0.36724588 0.6697436
3326 0.4899796 0.97969055
1153 0.6031386 0.41249412
888 0.3655311 0.67074245
1868 0.5526129 0.119282715
1699 0.5622096 1.4415809
1644 0.4730434 0.4000861
3407 0.4915878 0.17962794
2281 0.51111656 0.20472388
714 0.55690426 0.37171975
486 0.5427991 1.3672117
3502 0.44688287 0.5227253
1496 1.0618176 -0.24124877
2729 0.39134791 0.54485554
354 0.572253 1.5059323
2147 0.49753556 0.22549155
1159 1.2568356 -0.4086756
1354 0.6078263 2.0238812
396 0.4893412 0.58886266
801 0.5109395 1.3650913
3040 0.4909913 0.5455091
1387 0.9177464 -0.08874106
1423 0.54404896 0.4698258
744 0.43294227 1.0722018
1845 1.1906728 -0.35465237
3410 0.47892487 0.19858244
1456 0.5374634 0.9655703
1654 0.47471017 0.4450787
809 0.51726896 1.1150354
3044 1.5971853 -0.66368765
3125 0.5769012 -0.012493483
970 0.37178367 0.66734576
1645 0.4575001 0.45734045
1211 0.46770188 0.5954444
1642 0.44681904 0.46913254
498 0.5784657 0.35764033
1935 0.53032875 0.18363674
2728 0.38060534 0.54471713
3325 1.9368656 -0.8593499
3400 0.42673108 1.0935743
660 0.58499384 0.43368113
2718 0.38583168 0.55090624
1008 0.3706039 0.64824355
1660 0.46223453 0.46024954
1330 0.4815175 0.48584983
1314 0.47182247 0.5291945
1231 1.1831565 -0.35364914
107 0.6436101 0.2550823
157 1.4049652 -0.5341487
1710 1.2705688 -0.41672483
1648 0.44891274 0.47923326
1712 1.1760911 -0.3109947
1652 0.449284 0.45908383
2239 0.53385997 0.14415297
2997 0.9992238 -0.27699336
1197 0.48299474 1.1304611
33 0.91639096 -0.21157809
1458 0.4978219 1.0587046
284 0.57825094 0.20498653
1659 0.46297586 0.4405526
3450 0.48565155 0.210696
1109 0.93373924 -0.2551018
1791 0.43890515 0.6694447
1910 0.5251844 0.19114721
1396 0.40589002 0.4538021
745 0.44575188 1.0492022
413 1.0379456 -0.2676518
1800 0.8888904 -0.10352198
1355 0.5862993 2.0147307
1118 1.3389219 -0.4879161
1657 0.45740253 0.4118891
799 0.5090029 1.3073936
1646 0.45114705 0.47037682
2763 0.9529554 -0.17410792
2617 1.1248777 -0.37751797
1649 0.47349605 0.41155905
2014 0.51617646 0.17000353
62 0.7386607 0.07154574
11 0.54619396 1.8728528
3036 1.4896994 -0.5697792
106 0.87365144 -0.039937135
1352 0.5842157 1.9608321
1631 0.45582092 0.46419764
1222 1.2859135 -0.42883605
1221 1.3840647 -0.53859323
1629 0.47120765 0.41231355
1647 0.46391124 0.47942972
1235 0.9589579 -0.17917801
1033 0.5139102 1.2446766
194 0.48683813 1.2020521
527 0.843892 0.023912119
381 0.9972762 -0.14161476
2649 0.56264746 1.4679183
1078 0.72543246 0.058151256
2616 0.47474626 0.7875984
1655 0.44621328 0.47818515
2748 0.87491435 -0.04800311
412 1.0727586 -0.2621187
1544 0.82577753 -0.0078836465
1345 0.60041165 2.080583
1734 1.6883214 -0.681366
1807 1.0053912 -0.23034027
1862 0.0033318957 -0.1428206
379 -0.01181363 -0.14523341
1787 0.008370412 -0.041686993
1700 0.22784741 -0.07550966
1558 0.015710475 0.025833592
