1000 2
225 0.3676502 -0.29125047
491 0.409473 -0.22585684
724 0.35552233 -0.3085515
875 0.387261 -0.2612087
675 0.6199258 0.10012391
658 0.3228145 -0.35632423
406 0.49175403 -0.09785279
419 0.318479 -0.3727377
13 0.5211906 -0.053303316
100 0.3348168 -0.34500036
437 0.39502567 -0.2475449
944 0.35793462 -0.30955812
134 0.14808922 -0.642027
761 0.3333932 -0.34321088
472 0.3957258 -0.24624407
138 0.55000865 -0.009724459
272 0.4243799 -0.20038113
370 0.3799087 -0.26689133
143 0.33614022 -0.3410219
270 0.34973833 -0.3200149
917 0.49385372 -0.09720239
10 0.5455737 -0.015460195
711 0.50232023 -0.08170593
203 0.35255712 -0.3133867
812 0.4329835 -0.19082133
599 0.51130486 -0.06782392
230 0.5269476 -0.042982846
340 0.361956 -0.29954857
567 0.6704324 0.17359449
182 0.4976589 -0.09052574
258 0.31472662 -0.3758597
780 0.276841 -0.42842633
692 0.36307114 -0.29990304
651 0.3924803 -0.25167224
204 0.58663416 0.04715594
621 0.32626042 -0.355469
699 0.51419485 -0.06367354
515 0.51838857 -0.057841502
148 0.48411906 -0.113880254
698 0.510332 -0.06982123
953 0.38616654 -0.26058757
115 0.34575066 -0.3261117
463 0.40263557 -0.23622103
136 0.38188085 -0.26418597
15 0.49647027 -0.092001095
911 0.54339594 -0.01829227
746 0.26010314 -0.4597489
470 0.26759744 -0.44539315
775 0.35327813 -0.31517524
888 0.2857608 -0.42098975
583 0.20668183 -0.5466766
678 0.56727594 0.01611156
662 0.28273878 -0.42210844
732 0.36708033 -0.29039308
748 0.2495593 -0.4784239
588 0.376408 -0.27703655
266 0.2035868 -0.5483087
448 0.4106162 -0.22344686
605 0.45062077 -0.16001971
757 0.3038573 -0.3936171
900 0.4964333 -0.089755625
133 0.5656981 0.016609378
735 0.36254573 -0.29862547
573 0.6000396 0.06597855
105 0.35239637 -0.31678304
331 0.40483585 -0.23253293
765 0.39422235 -0.24656953
427 0.38497758 -0.2646908
268 0.56602234 0.016335012
300 0.43757683 -0.18004255
369 0.5140098 -0.06435176
521 0.39269215 -0.24869433
866 0.4509934 -0.15994242
831 0.5594157 0.002263515
978 0.5304858 -0.03862638
242 0.31137154 -0.38352674
305 0.322748 -0.36175668
113 0.21360809 -0.53136253
674 0.33492532 -0.3429179
173 0.43288717 -0.18918487
687 0.31456214 -0.3722934
562 0.36746174 -0.2931012
278 0.19068709 -0.5703633
842 0.5270674 -0.04338943
416 0.13563536 -0.6573475
35 0.5435864 -0.01796695
664 0.62907165 0.11394568
903 0.37377897 -0.28448343
744 0.2644397 -0.4493406
116 0.3258422 -0.35325098
14 0.28405812 -0.42117167
450 0.55165225 -0.00544836
445 0.43450353 -0.18958884
195 0.51778346 -0.05845456
282 0.3797213 -0.27531928
640 0.21776809 -0.53262645
968 0.37089115 -0.28399548
423 0.34872645 -0.31844875
518 0.3269887 -0.35536575
251 0.16745156 -0.60766244
271 0.20000593 -0.5563824
75 0.36332688 -0.29948243
482 0.48326668 -0.11386228
817 0.39546186 -0.25126377
958 0.44054723 -0.18033543
952 0.33350915 -0.34710756
895 0.43600702 -0.18594998
941 0.4379841 -0.17904776
409 0.5303854 -0.037722424
706 0.4665324 -0.13824491
449 0.40151855 -0.24008386
972 0.19496536 -0.56873965
946 0.5170995 -0.060492676
997 0.6182901 0.0983209
532 0.23514459 -0.5033867
786 0.41346806 -0.21908036
313 0.27374998 -0.43701166
838 0.41983566 -0.20803562
401 0.32923746 -0.35201257
516 0.4682654 -0.13184208
81 0.32549322 -0.35692573
497 0.41360876 -0.21997328
49 0.51884013 -0.054878622
297 0.53122747 -0.03440593
324 0.49221623 -0.09581413
890 0.2881648 -0.41391912
275 0.57630235 0.029795993
561 0.35757685 -0.30757537
244 0.37430462 -0.281326
598 0.45149973 -0.15819295
404 0.33196527 -0.34514534
263 0.3477537 -0.31851897
310 0.3643684 -0.29828295
311 0.293186 -0.4041266
221 0.46869928 -0.12976363
909 0.69151217 0.20437714
352 0.60582244 0.07950422
899 0.5671781 0.023213565
670 0.32190838 -0.36055645
357 0.24767248 -0.4786319
537 0.36148888 -0.29837173
314 0.595832 0.061112404
785 0.38013422 -0.272288
996 0.62123704 0.102100596
981 0.2785343 -0.430535
566 0.436474 -0.18234193
811 0.52353394 -0.051433004
545 0.27304485 -0.43779898
102 0.38586038 -0.26360166
240 0.41306144 -0.22263856
500 0.4508937 -0.16183297
476 0.45956826 -0.14694834
326 0.51598173 -0.061558373
618 0.46256286 -0.14330222
294 0.26053235 -0.45792696
502 0.52186626 -0.05458313
29 0.42544302 -0.20043474
840 0.1832212 -0.58137494
793 0.45886305 -0.14875421
543 0.38754785 -0.26062664
632 0.41158494 -0.2234114
303 0.3659751 -0.29354152
998 0.4349475 -0.18743956
823 0.27962133 -0.42835218
477 0.3571441 -0.30924338
781 0.3206314 -0.36730486
893 0.50991774 -0.07319111
243 0.4126294 -0.21950392
602 0.56089425 0.007875445
715 0.3831751 -0.2689079
41 0.5024475 -0.08127751
389 0.38841218 -0.2580862
214 0.31403467 -0.37763175
127 0.5895181 0.050208718
349 0.64830965 0.14325042
432 0.44916922 -0.16851598
378 0.30746803 -0.38542205
769 0.32344916 -0.35997203
481 0.3449866 -0.32457054
256 0.27432543 -0.43698925
178 0.55410135 -0.0016121612
123 0.5043576 -0.07891174
28 0.3941704 -0.24688014
541 0.24603821 -0.48347163
804 0.2919185 -0.41343966
947 0.35646796 -0.30872846
680 0.28809056 -0.4180669
359 0.37048638 -0.28744394
222 0.21778992 -0.52869886
395 0.5230545 -0.05034229
835 0.26152188 -0.46053794
954 0.46806765 -0.13416705
208 0.51675665 -0.06146277
38 0.31592673 -0.37177646
887 0.42209855 -0.20637137
139 0.29542974 -0.4040459
719 0.46250185 -0.1418594
549 0.3309716 -0.3458491
494 0.35325107 -0.31410772
805 0.33679533 -0.33903432
669 0.43202552 -0.18954916
861 0.30161095 -0.39358652
90 0.30655056 -0.38716722
642 0.53894556 -0.025017032
16 0.4428307 -0.1738011
353 0.3715283 -0.28600413
637 0.519881 -0.054733936
398 0.4690032 -0.13159671
956 0.24389838 -0.49062228
792 0.19190083 -0.5628807
170 0.529771 -0.041409206
880 0.43179548 -0.19521828
57 0.46281233 -0.1439439
677 0.5309422 -0.04046271
693 0.43502966 -0.18521053
50 0.5046083 -0.07789526
354 0.47706038 -0.120997936
234 0.2221176 -0.52121186
478 0.466354 -0.13752425
188 0.37005287 -0.28921548
206 0.40620074 -0.23165052
315 0.42736 -0.19857799
293 0.46509296 -0.13943872
843 0.0619423 -0.77792555
373 0.3732907 -0.28550336
639 0.31558064 -0.3753097
245 0.48338383 -0.116812564
982 0.47223267 -0.12570639
319 0.343736 -0.32767048
517 0.46316397 -0.14182852
193 0.3849034 -0.26169485
351 0.46506995 -0.14248261
525 0.4431211 -0.17615786
306 0.5394316 -0.022484291
23 0.34168717 -0.33422023
960 0.32249007 -0.3600816
86 0.40342927 -0.2323729
627 0.41772655 -0.2116366
779 0.32062772 -0.36438674
431 0.26488236 -0.45129406
643 0.46108493 -0.14397235
120 0.37995127 -0.27325332
192 0.57971764 0.03849287
227 0.692881 0.2060712
867 0.3191867 -0.36807796
344 0.39764038 -0.24061793
99 0.34193757 -0.33334494
987 0.4085987 -0.22481342
302 0.43475232 -0.1875235
983 0.43400976 -0.18721989
762 0.48286638 -0.11195947
856 0.38028944 -0.27277228
6 0.32938668 -0.3490884
672 0.22321528 -0.5185069
844 0.5999246 0.06137531
832 0.57965595 0.03176167
283 0.32361957 -0.3634847
852 0.4405128 -0.17510617
196 0.5095365 -0.07179712
730 0.46869412 -0.13254102
548 0.24522051 -0.4887805
452 0.56900746 0.023955945
132 0.14313836 -0.6490141
328 0.44880182 -0.16175412
202 0.38772205 -0.25771487
787 0.40277436 -0.23795028
966 0.538797 -0.0259703
601 0.33546343 -0.34277117
155 0.47790796 -0.11945444
555 0.17395598 -0.59469056
265 0.43731165 -0.18094781
377 0.19222455 -0.57132477
89 0.35069948 -0.31764954
725 0.22685164 -0.50982016
771 0.5101319 -0.07054202
740 0.5323233 -0.03562723
557 0.3709107 -0.28864294
118 0.46073622 -0.147657
53 0.56892455 0.020973247
73 0.2672112 -0.44467023
167 0.4764929 -0.12379343
151 0.38335025 -0.2670365
708 0.35937414 -0.30415103
101 0.50416964 -0.07757335
332 0.2222062 -0.52142376
873 0.24160145 -0.48953456
580 0.47753057 -0.12411963
568 0.39175302 -0.2547569
563 0.40608072 -0.23242703
399 0.4694819 -0.13330585
335 0.28619096 -0.4176287
76 0.2552901 -0.466519
506 0.28629258 -0.4188294
950 0.2777261 -0.4308916
70 0.28624192 -0.41633812
201 0.31839308 -0.36817187
429 0.44767308 -0.1647188
213 0.5255252 -0.04700067
772 0.54295605 -0.018546633
821 0.38703313 -0.2612353
501 0.38381475 -0.26667276
729 0.42729935 -0.19748257
928 0.16277112 -0.61479664
60 0.41521725 -0.21592487
190 0.26848075 -0.449102
975 0.36560264 -0.2926329
685 0.19309221 -0.5649941
422 0.327036 -0.35773394
96 0.32339546 -0.35942775
914 0.12591091 -0.6704368
853 0.43117848 -0.19205724
290 0.34778315 -0.32354254
797 0.44864723 -0.16627382
107 0.4119209 -0.2252612
442 0.40760803 -0.23047155
534 0.31667158 -0.36976543
609 0.43409044 -0.18639566
140 0.48250577 -0.1118809
934 0.3370101 -0.34017086
538 0.19641982 -0.56234
66 0.36757213 -0.28986278
153 0.26520875 -0.45404586
341 0.3288048 -0.3521665
468 0.39547914 -0.2493792
596 0.108595446 -0.700552
18 0.7430014 0.28638524
386 0.38533425 -0.26298857
149 0.32291687 -0.35962552
128 0.48533216 -0.10989195
380 0.33654118 -0.34186712
547 0.48053062 -0.110917665
400 0.12792464 -0.67385244
65 0.14524376 -0.64638096
337 0.40674528 -0.23049147
393 0.29389074 -0.40562645
333 0.29829323 -0.40187952
681 0.3169471 -0.37320617
156 0.45541117 -0.15703152
9 0.3664369 -0.28990474
948 0.32575536 -0.35736135
175 0.38857055 -0.2606375
589 0.42398652 -0.20453046
8 0.38954884 -0.25788274
829 0.21117084 -0.5446284
39 0.47301403 -0.1272537
839 0.4531411 -0.1573399
224 0.46386957 -0.13928224
858 0.41879994 -0.21349499
625 0.60532844 0.07855451
671 0.2179619 -0.5268529
855 0.25297412 -0.4704467
841 0.2431487 -0.4851302
613 0.3675808 -0.29119274
519 0.17072119 -0.59657186
152 0.46111643 -0.14405257
898 0.35571373 -0.31269756
381 0.47412 -0.12424741
942 0.42539337 -0.20088662
922 0.3220457 -0.36044976
716 0.35715246 -0.30411306
961 0.46561936 -0.1341382
986 0.41058648 -0.22404122
364 0.3129618 -0.37724334
345 0.4885845 -0.104442716
0 0.36836725 -0.2867792
25 0.44701156 -0.16615051
760 0.44192058 -0.17869005
794 0.71127605 0.23629181
572 0.35835773 -0.30510962
991 0.45559567 -0.15273358
46 0.5195241 -0.052998617
546 0.45785683 -0.15146989
819 0.5269629 -0.043644585
342 0.26583192 -0.45027816
11 0.54868704 -0.009741487
237 0.19387633 -0.5656855
936 0.3463624 -0.32105315
995 0.36755148 -0.2894086
44 0.43997258 -0.17783394
385 0.5815789 0.04278019
177 0.38339284 -0.27005237
408 0.4296407 -0.19587545
550 0.5605582 0.007540733
616 0.37737218 -0.2738726
570 0.37779537 -0.27465257
246 0.5149993 -0.065427236
223 0.39248335 -0.25119588
608 0.4756623 -0.11906309
808 0.393884 -0.25096822
976 0.2796169 -0.42874545
636 0.22230355 -0.52262914
383 0.3938876 -0.25192702
999 0.6573613 0.1539729
540 0.40265188 -0.23358963
169 0.48677775 -0.10433205
161 0.25059915 -0.47652963
247 0.41357258 -0.22041556
529 0.42971012 -0.19288766
822 0.46381494 -0.13949919
646 0.5271726 -0.042431682
142 0.39576247 -0.24717985
807 0.4717185 -0.12804693
558 0.6026022 0.06801323
250 0.40460688 -0.23610269
937 0.21567614 -0.52960396
117 0.5513452 -0.006347132
644 0.5513625 -0.0055654068
347 0.50674146 -0.075206146
405 0.42144433 -0.20616463
758 0.407797 -0.22704935
339 0.30856845 -0.38479254
723 0.55792016 0.0060056136
67 0.4148531 -0.21821526
215 0.36236638 -0.3011538
473 0.29819116 -0.39929536
745 0.47474024 -0.12664923
421 0.4415168 -0.17472535
254 0.2914032 -0.4125428
456 0.52341735 -0.050616182
951 0.29652572 -0.40366063
292 0.35912615 -0.30811659
382 0.19419295 -0.5628663
131 0.21198337 -0.53885365
556 0.21107608 -0.5350168
129 0.4199625 -0.21021791
262 0.45187572 -0.16119921
597 0.4751674 -0.12538347
773 0.2726739 -0.44126105
721 0.22981137 -0.511635
277 0.39516276 -0.2519334
559 0.32338884 -0.35774544
803 0.48237592 -0.112812296
464 0.5034017 -0.08050257
896 0.4441729 -0.17488529
320 0.27050263 -0.44786745
707 0.33905396 -0.33738875
682 0.43439052 -0.1845026
157 0.35626328 -0.30987245
859 0.2623962 -0.45634025
648 0.17635094 -0.5967153
7 0.49258548 -0.09548351
539 0.21779123 -0.5278092
768 0.39326692 -0.25052446
695 0.39874983 -0.24695562
874 0.4025268 -0.23581721
17 0.29252937 -0.40916696
668 0.34366396 -0.33041278
430 0.3125186 -0.3763927
667 0.34892917 -0.32260597
194 0.48494577 -0.10816181
718 0.57640487 0.034372605
209 0.22676909 -0.51138705
228 0.450165 -0.15913539
30 0.40940365 -0.22843757
4 0.18334779 -0.58044136
397 0.3553268 -0.31189036
56 0.21145494 -0.53876764
80 0.27362224 -0.43722865
881 0.41199443 -0.22036247
891 0.24690828 -0.48206338
180 0.3102061 -0.38411254
988 0.5384174 -0.02388653
551 0.36889526 -0.28605393
122 0.08405604 -0.7387144
184 0.42593843 -0.19394398
750 0.3748058 -0.28151807
309 0.4440644 -0.1701775
197 0.62745494 0.11116607
656 0.3642489 -0.29574716
686 0.43945444 -0.18294351
612 0.2563062 -0.46369746
624 0.47727764 -0.11924632
734 0.36195853 -0.3011594
617 0.16749404 -0.60607
774 0.28304753 -0.4182567
945 0.27151954 -0.43768167
921 0.27000275 -0.44477192
869 0.2594739 -0.46098793
36 0.3346588 -0.34093073
420 0.5316168 -0.03839858
755 0.14485064 -0.6438164
106 0.4759326 -0.12444991
526 0.31522998 -0.37209344
163 0.22303182 -0.5152317
800 0.4639784 -0.13880758
985 0.5502929 -0.008490829
932 0.40929022 -0.22414403
696 0.39213687 -0.24941559
595 0.6748557 0.17995556
447 0.51773983 -0.058435082
469 0.44489017 -0.16917254
912 0.38874674 -0.2557116
487 0.621086 0.100077
467 0.30994153 -0.38102356
179 0.4535077 -0.15579051
424 0.56286705 0.01014611
32 0.4687376 -0.13467045
231 0.21260743 -0.5320706
703 0.33702144 -0.33680624
460 0.2729579 -0.43848273
962 0.16119534 -0.6184235
77 0.5592276 0.003530434
376 0.4096403 -0.22891033
586 0.1859643 -0.57663184
287 0.5810694 0.036868136
879 0.49161345 -0.10116914
789 0.52971494 -0.040915586
512 0.5440867 -0.019776974
426 0.58073765 0.03770325
977 0.46039313 -0.14604771
58 0.4572805 -0.15221478
622 0.5300875 -0.04047796
186 0.46361855 -0.1426164
372 0.37291807 -0.28179452
974 0.33684477 -0.33481422
702 0.3244326 -0.3592413
720 0.38595444 -0.2636463
150 0.37351215 -0.2805077
304 0.41312245 -0.21739134
174 0.5182335 -0.05852557
610 0.5350992 -0.031635385
802 0.17706345 -0.59324557
296 0.6312241 0.113187745
713 0.3223849 -0.36618182
796 0.63938576 0.13075866
276 0.18218745 -0.5850811
882 0.39401573 -0.24721941
360 0.55308414 -0.0030204104
95 0.46162212 -0.14346607
112 0.38292027 -0.2676613
145 0.29854754 -0.39838898
211 0.65568966 0.1495331
571 0.45778203 -0.14976609
217 0.34087136 -0.33055893
63 0.37276697 -0.2843746
229 0.5012686 -0.08660067
587 0.33599642 -0.3428912
160 0.63814896 0.12271609
717 0.6594557 0.16270238
84 0.47931063 -0.11678705
414 0.50333464 -0.077107415
164 0.45840076 -0.15203787
71 0.3526109 -0.31398302
83 0.5337819 -0.034896802
673 0.35925773 -0.30319524
930 0.6981309 0.21713705
915 0.30488664 -0.3880567
402 0.3376023 -0.33739668
109 0.44579944 -0.1689009
892 0.56013805 0.009395167
660 0.20251052 -0.5502228
412 0.24038364 -0.49231508
480 0.34166455 -0.3288373
374 0.36488438 -0.29274654
710 0.2718346 -0.4405441
181 0.30159417 -0.39747652
43 0.59284073 0.054435987
72 0.45538458 -0.15467955
159 0.4238917 -0.20027347
649 0.5794266 0.041457035
493 0.4289669 -0.194147
200 0.28588992 -0.4197795
390 0.5464809 -0.014662406
121 0.44945142 -0.16674832
498 0.47961837 -0.1178565
108 0.58466065 0.04239862
614 0.35018605 -0.32215944
391 0.50512743 -0.079843916
620 0.329932 -0.34927592
939 0.59609795 0.06874849
872 0.6769385 0.18217264
238 0.5208917 -0.05321104
443 0.5403629 -0.024385944
809 0.5244947 -0.052376345
926 0.30399713 -0.39053652
847 0.36081785 -0.3000196
185 0.47778472 -0.11983457
756 0.1518341 -0.635364
885 0.5178465 -0.056058314
212 0.5888989 0.051648207
92 0.7019393 0.22076768
784 0.52025 -0.053526618
124 0.3857806 -0.26356673
778 0.40932575 -0.22851063
253 0.3545585 -0.3101123
166 0.4437467 -0.17125428
392 0.4122989 -0.21971269
19 0.25566074 -0.46421948
741 0.22040349 -0.5262318
569 0.29576558 -0.4074767
51 0.3455041 -0.32366744
691 0.10380016 -0.710592
523 0.3097508 -0.37957123
59 0.5288328 -0.041454893
603 0.4646996 -0.13866839
907 0.28559345 -0.42324653
530 0.31932768 -0.36785626
857 0.38469008 -0.26245344
257 0.14151016 -0.65278184
446 0.4116635 -0.22385325
690 0.33132103 -0.34820694
441 0.23183632 -0.50226235
144 0.21667439 -0.52880436
810 0.36144105 -0.30056325
777 0.12749448 -0.6718927
241 0.1418825 -0.6466887
162 0.3599092 -0.30027375
259 0.5245874 -0.047023185
924 0.41681403 -0.21465231
704 0.2883568 -0.42037928
979 0.20817327 -0.5413545
22 0.34834346 -0.32341284
980 0.2887241 -0.41425464
55 0.18225713 -0.5814956
114 0.66133994 0.15865643
970 0.42982128 -0.19356298
955 0.31128812 -0.38094184
312 0.302359 -0.3876049
199 0.5200416 -0.051462587
219 0.33435693 -0.3440915
318 0.3336125 -0.34501413
434 0.36920112 -0.29041475
371 0.56712323 0.020806834
363 0.14920808 -0.63857454
375 0.23309445 -0.5042155
45 0.1733612 -0.599241
615 0.2984705 -0.3992802
860 0.4601305 -0.14705472
733 0.22090578 -0.5239184
828 0.5653403 0.014093327
579 0.34123522 -0.33127764
863 0.47841358 -0.11716268
499 0.5867741 0.047927033
818 0.1698402 -0.60490966
782 0.5900169 0.053996053
484 0.3498532 -0.3182063
110 0.5519986 -0.003098682
417 0.234077 -0.5008291
475 0.3688543 -0.28293303
751 0.37167364 -0.28309488
709 0.442038 -0.17498568
739 0.41815227 -0.21083474
74 0.29061404 -0.4112077
864 0.36523396 -0.29495865
619 0.51272535 -0.063095875
742 0.31650648 -0.36939162
759 0.41922462 -0.20923287
3 0.41995615 -0.21017048
910 0.50903875 -0.06987796
154 0.63120127 0.11430678
949 0.48967698 -0.10277132
365 0.07729942 -0.7541247
316 0.32028207 -0.36498252
542 0.41577017 -0.21527937
897 0.8337664 0.4132561
330 0.18493822 -0.5820746
665 0.22099963 -0.5250926
329 0.40406075 -0.23611334
753 0.35634887 -0.30863124
737 0.380522 -0.27383313
307 0.48609942 -0.106862076
308 0.4679581 -0.13706139
474 0.38129234 -0.2703192
801 0.4940858 -0.09004182
298 0.29738596 -0.40035743
663 0.6304069 0.11754564
631 0.4503791 -0.16277355
27 0.42707503 -0.19998781
137 0.61862165 0.09951586
600 0.25461635 -0.46639666
593 0.40678594 -0.22959985
1 0.41713843 -0.216934
486 0.30614048 -0.38708076
935 0.47332647 -0.12786356
479 0.37918824 -0.26696458
654 0.44449162 -0.17311157
350 0.21803218 -0.5299523
226 0.31448218 -0.37510568
317 0.24342886 -0.4844639
652 0.26222932 -0.45818698
130 0.28090602 -0.42978072
455 0.36956117 -0.28852078
688 0.5318306 -0.03555025
233 0.32094905 -0.3650807
635 0.3833942 -0.27087742
346 0.2989352 -0.40029147
388 0.47997582 -0.118552096
146 0.59437895 0.060015474
210 0.5705646 0.022430606
338 0.12366182 -0.6762465
854 0.36612973 -0.2939724
232 0.50843537 -0.068885036
205 0.24701005 -0.48230898
825 0.5711722 0.024257578
236 0.21933469 -0.5281163
522 0.3538678 -0.31295863
147 0.34861436 -0.31770065
902 0.44419807 -0.16801058
689 0.5034183 -0.08064554
752 0.32642832 -0.35455835
387 0.44656605 -0.1688541
508 0.50321907 -0.08041001
576 0.5016059 -0.0840876
565 0.3061937 -0.3861998
438 0.38806766 -0.26094085
61 0.5356889 -0.03203978
52 0.3511973 -0.31116557
356 0.19494362 -0.5683889
575 0.6579159 0.15978609
883 0.43702716 -0.18477178
938 0.44319257 -0.1739123
908 0.553959 -0.0023265572
590 0.36313668 -0.29668397
878 0.46031058 -0.14881635
850 0.48477617 -0.10783071
403 0.45719096 -0.15268262
524 0.41583157 -0.21636088
458 0.37071905 -0.28528902
79 0.23780791 -0.49627572
923 0.3950484 -0.2469379
770 0.2704349 -0.44490638
379 0.49525484 -0.08889581
361 0.30076453 -0.39579463
78 0.31991938 -0.36703146
68 0.57880455 0.040700376
97 0.41774896 -0.20998837
824 0.4324606 -0.19209646
862 0.4713804 -0.1290201
288 0.35910013 -0.30434802
220 0.49562055 -0.09150115
820 0.476195 -0.12349546
367 0.16316923 -0.6149853
694 0.5884757 0.056855608
336 0.56529385 0.01303585
321 0.38552096 -0.261558
510 0.40046516 -0.24060461
814 0.26921704 -0.44620195
868 0.14065099 -0.6497754
21 0.22456637 -0.5172478
684 0.29956076 -0.398672
248 0.52894205 -0.041433353
552 0.11528548 -0.69295704
604 0.281899 -0.4218521
358 0.1488679 -0.63828534
69 0.113859676 -0.68791616
535 0.40097237 -0.23993643
5 0.59062076 0.05444312
119 0.14302562 -0.6463978
407 0.50137156 -0.083564475
465 0.15797763 -0.62904835
428 0.42584607 -0.19884184
536 0.28168982 -0.42495385
366 0.35621443 -0.30727604
884 0.277481 -0.4320827
940 0.3029461 -0.39425007
653 0.4799077 -0.115300365
286 0.44599462 -0.16938938
260 0.32815775 -0.34884658
269 0.32489705 -0.3588081
727 0.54259217 -0.018471787
362 0.27742988 -0.43756628
634 0.3261836 -0.35587388
267 0.32080752 -0.36673102
584 0.29957175 -0.39997533
591 0.4139988 -0.22144975
280 0.38831237 -0.26176244
279 0.64514583 0.13973804
607 0.34308836 -0.3308332
747 0.23463267 -0.49926522
454 0.34817258 -0.32826954
504 0.41937998 -0.20995489
629 0.4441658 -0.16913494
849 0.46363258 -0.13899936
705 0.48676288 -0.105206825
495 0.456374 -0.1495782
836 0.7115703 0.24124072
871 0.45388618 -0.15677732
776 0.45580515 -0.15101972
533 0.34407368 -0.3252122
187 0.37643063 -0.27892095
47 0.6808192 0.19439307
87 0.2987469 -0.39969873
544 0.5079881 -0.070766225
48 0.6211632 0.10018057
633 0.36883244 -0.28920174
411 0.35992026 -0.3021498
929 0.28631198 -0.42005977
845 0.20536134 -0.54739326
435 0.2692913 -0.44911346
85 0.22894374 -0.5082344
171 0.1503687 -0.6347106
462 0.35655975 -0.30257
410 0.2546101 -0.46585825
764 0.37674233 -0.27550074
64 0.49261382 -0.09711661
249 0.5679133 0.019610882
274 0.3159798 -0.3707912
33 0.3702851 -0.2857383
471 0.28852975 -0.4131464
158 0.4716526 -0.13210306
527 0.50858796 -0.070696905
93 0.37920585 -0.2705363
901 0.49773353 -0.08450586
444 0.46602657 -0.13295306
655 0.31287083 -0.3766898
91 0.18937032 -0.571515
483 0.37513027 -0.28033656
931 0.4691552 -0.13453169
906 0.37086326 -0.2839726
641 0.31217882 -0.37830156
736 0.27983567 -0.42822915
281 0.37728152 -0.27810758
323 0.51780415 -0.056085534
82 0.4759478 -0.12118782
833 0.4927246 -0.09734232
886 0.47864938 -0.117468685
183 0.3773885 -0.28009114
650 0.11736091 -0.68289936
198 0.32226714 -0.35944283
531 0.38985896 -0.25686255
295 0.22131069 -0.5233143
918 0.32160196 -0.36551926
967 0.51135963 -0.06824235
798 0.35314465 -0.31791177
714 0.3281407 -0.3546923
252 0.4358191 -0.18444635
513 0.38478515 -0.25792697
661 0.40210012 -0.23653181
218 0.4600585 -0.14752938
638 0.41554785 -0.21937889
355 0.51226574 -0.065713
834 0.37146795 -0.2830114
126 0.40834552 -0.22645295
959 0.3455994 -0.32775706
630 0.42890942 -0.19636823
626 0.44955394 -0.15970065
384 0.098566115 -0.7186753
189 0.5110963 -0.06771701
919 0.19483669 -0.563273
783 0.4766676 -0.1229404
697 0.2595137 -0.46089828
165 0.3974112 -0.24432535
846 0.22775392 -0.51411825
20 0.38836282 -0.2569432
676 0.32970744 -0.34704325
788 0.37024364 -0.28768194
870 0.1995553 -0.5575124
216 0.23144455 -0.5064219
965 0.27097058 -0.44523403
865 0.35483176 -0.30819422
285 0.39411804 -0.24698578
994 0.34912542 -0.32240763
659 0.3954321 -0.24521421
490 0.3671276 -0.29438674
731 0.38158363 -0.26841712
837 0.61335826 0.0854373
790 0.3710629 -0.2865023
103 0.24709809 -0.48045754
913 0.3639665 -0.29526636
413 0.20287213 -0.55259013
489 0.45283353 -0.15687564
806 0.409053 -0.22487202
511 0.18669647 -0.579625
916 0.34355488 -0.3278316
141 0.29617772 -0.40228724
273 0.49374622 -0.09416794
889 0.54131246 -0.023476932
554 0.26269972 -0.45552784
993 0.18071933 -0.58553123
2 0.41768512 -0.21232954
816 0.3393833 -0.33490324
927 0.38304257 -0.26460543
749 0.23007613 -0.5063883
368 0.4437084 -0.1721522
830 0.36566582 -0.29350138
325 0.26683494 -0.4512569
877 0.30809134 -0.38469684
111 0.3670374 -0.29303306
125 0.51042086 -0.06750972
581 0.31957504 -0.3695655
322 0.73984414 0.28301844
261 0.26158336 -0.4551778
40 0.17476927 -0.59268683
135 0.41428015 -0.21944334
440 0.4446901 -0.16912583
813 0.31854102 -0.37042984
992 0.30351472 -0.39340368
969 0.38446498 -0.2630743
264 0.36105597 -0.299583
905 0.3970635 -0.24653573
528 0.18647763 -0.57748824
453 0.5513537 -0.006142464
396 0.35356098 -0.31260964
577 0.4413299 -0.17346877
984 0.49786758 -0.088301726
964 0.35204458 -0.31418622
728 0.27922225 -0.42768356
191 0.24281073 -0.4884885
564 0.3172214 -0.3724271
763 0.42530933 -0.20050377
726 0.5526018 -0.0057902876
795 0.48216882 -0.11251959
94 0.39459595 -0.25062463
457 0.37315536 -0.28093246
439 0.45995954 -0.14745855
31 0.1620546 -0.61655307
451 0.29897112 -0.4018023
963 0.4836191 -0.110568516
943 0.22697204 -0.5118451
301 0.3989172 -0.24376148
12 0.28271025 -0.4254515
585 0.28620327 -0.41658455
990 0.30144653 -0.39426294
436 0.41528633 -0.22318701
343 0.46704954 -0.13689625
239 0.6330174 0.11898859
647 0.57849103 0.033297658
666 0.43033728 -0.19345056
348 0.30395305 -0.38937268
628 0.18347289 -0.5843841
700 0.17923072 -0.58757573
560 0.5431184 -0.018554004
679 0.5440155 -0.019224098
466 0.38187224 -0.26594356
578 0.31778473 -0.36885977
957 0.61921906 0.09619863
925 0.19627945 -0.5598237
851 0.30758455 -0.38528916
894 0.43668148 -0.18400274
104 0.5452252 -0.01687322
42 0.3834797 -0.26392615
827 0.36652687 -0.29062638
507 0.43807548 -0.17808245
592 0.46665505 -0.1407185
683 0.27118826 -0.44490144
594 0.59149903 0.05158149
88 0.62625355 0.10401666
172 0.30138823 -0.39441115
289 0.42645955 -0.19988082
488 0.06808601 -0.77031296
606 0.518952 -0.05882271
235 0.38256282 -0.26934823
168 0.58889604 0.04772384
425 0.49874064 -0.086031355
520 0.31704897 -0.37070835
433 0.46894443 -0.1322935
24 0.37705055 -0.27837813
611 0.49549386 -0.09376144
505 0.37307954 -0.28398064
34 0.20295358 -0.5489278
712 0.31983066 -0.3646496
327 0.38113138 -0.26868594
496 0.36606127 -0.29297912
503 0.3875163 -0.26095408
514 0.5899692 0.050852034
54 0.40425518 -0.23398456
701 0.43464524 -0.1867443
415 0.30185246 -0.39327675
284 0.34358194 -0.32633555
459 0.4191655 -0.2098334
255 0.29050258 -0.41332427
767 0.7365746 0.27488077
766 0.41845405 -0.21437743
509 0.4444778 -0.17009696
876 0.21541113 -0.53396004
754 0.49416506 -0.092594385
176 0.32653746 -0.35336432
299 0.35004768 -0.3189764
334 0.6290045 0.11595553
623 0.35467315 -0.3123442
26 0.36882964 -0.28793764
207 0.47080776 -0.13044988
461 0.7048428 0.22600378
989 0.2943923 -0.4062923
791 0.37584332 -0.27982482
553 0.41562515 -0.21519409
582 0.62239283 0.10247201
62 0.35524708 -0.31089774
722 0.4432982 -0.16979876
826 0.13730864 -0.6558372
492 0.3463866 -0.32441685
394 0.1435884 -0.64273405
743 0.4513315 -0.15696548
904 0.34511423 -0.32663077
657 0.11126399 -0.69570863
98 0.3551633 -0.31548634
574 0.3869204 -0.26204908
848 0.53707135 -0.023876194
973 0.50214446 -0.08149353
485 0.577815 0.037669502
418 0.5502595 -0.0062945406
37 0.28914917 -0.41796452
645 0.25421035 -0.46592298
291 0.21416299 -0.531294
971 0.22553214 -0.51692986
920 0.5031421 -0.079746984
933 0.43881443 -0.18350884
799 0.48298752 -0.11224148
815 0.76884747 0.32185814
738 0.75684816 0.30046597
