2 1 26 3 17 21 12 9 19 16
12 9 12 15 12 8 23 14 9 19
11 8 0 28 0 8 0 29 0 14
28 18 28 14 9 20 9 19 16 20
17 21 27 11 8 18 5 12 28 10
5 20 16 20 5 15 5 17 5 15
13 27 21 11 2 13 1 28 22 1
24 10 2 10 24 2 13 2 11 22
21 18 8 12 9 20 2 13 26 1
29 4 29 0 29 4 15 5 17 21
3 25 17 11 2 13 1 10 24 28
20 2 20 2 13 26 18 21 3 22
18 27 13 15 13 1 13 14 13 27
1 13 15 14 12 5 15 14 26 3
9 12 10 1 22 16 21 27 11 21
22 21 3 25 17 5 12 9 14 15
27 21 17 25 17 3 26 10 24 18
15 12 21 3 22 7 25 3 9 3
25 11 18 8 23 18 8 18 26 3
18 11 21 3 22 21 22 1 2 1
23 0 29 1 13 2 1 13 26 1
26 10 28 10 12 8 23 8 0 23
4 15 22 21 25 11 2 20 16 25
14 0 23 0 14 0 8 11 17 11
8 12 21 12 5 20 9 3 17 25
16 6 19 16 25 21 11 2 20 5
10 28 24 10 2 11 17 25 11 22
19 6 18 26 3 9 24 28 14 23
7 25 16 27 21 11 2 24 3 17
6 19 6 16 22 1 13 27 18 28
