1000 2
225 -0.009988688 0.4756326
491 -0.011429014 0.4752839
724 -0.1060784 0.45317128
875 -0.28439105 0.41545686
675 0.011449151 0.48012823
658 -0.45243227 0.3765303
406 0.19317707 0.5217107
419 -0.13401908 0.45061985
13 0.051340714 0.49005044
100 0.08901152 0.4997774
437 -0.13094458 0.44840503
944 -0.26224828 0.4216029
134 -0.38220492 0.39552453
761 -0.1364472 0.44689506
472 -0.08365875 0.45863652
138 0.03420309 0.4864486
272 -0.026162766 0.4706227
370 0.024280827 0.4803982
143 -0.03542193 0.4704039
270 -0.56198996 0.3563326
917 -0.18948413 0.43721846
10 -0.25105944 0.42263836
711 -0.35898772 0.39887023
203 -0.6113909 0.3460753
812 0.13006258 0.50806767
599 0.45917028 0.5838365
230 0.30173334 0.54651344
340 -0.21821162 0.4293777
567 0.12985481 0.50764257
182 0.031399794 0.48592234
258 -0.3871853 0.39385203
780 -0.30179363 0.40856934
692 0.0344812 0.48607627
651 0.0035901328 0.47863334
204 0.33539572 0.5547398
621 -0.116376 0.45159888
699 0.4659259 0.5861517
515 0.025844613 0.4836246
148 0.14896226 0.51386356
698 0.119494945 0.50518733
953 -0.32800266 0.40463072
115 -0.22539528 0.42825365
463 -0.09859061 0.45589066
136 -0.24404359 0.42104402
15 0.30616888 0.54969466
911 -0.084376074 0.45890123
746 -0.2584095 0.4197569
470 -0.32992887 0.40343317
775 -0.20976052 0.4319975
888 -0.03335508 0.47123387
583 -0.25588164 0.4217556
678 0.010986138 0.48087794
662 -0.29486448 0.4112151
732 0.14576122 0.510682
748 -0.41551 0.3872037
588 -0.09067854 0.45749548
266 -0.53471607 0.3604999
448 -0.09015988 0.45756978
605 -0.15846321 0.441665
757 -0.15395792 0.4446833
900 0.3083363 0.54793864
133 0.2021546 0.52329904
735 -0.09838866 0.45547733
573 0.103862494 0.5024026
105 -0.04165981 0.46943483
331 -0.18627037 0.43585378
765 -0.10962449 0.45183432
427 -0.036920905 0.47016028
268 0.051098432 0.48917195
300 0.05397499 0.48906034
369 -0.17601423 0.43897006
521 -0.23495622 0.42388752
866 0.27116725 0.53940195
831 -0.08087815 0.4622542
978 0.071266785 0.49390686
242 -0.13961141 0.4488379
305 0.07991792 0.49593607
113 -0.07957758 0.4584884
674 -0.42701584 0.38461462
173 -0.055322275 0.4654347
687 -0.059215505 0.4635617
562 -0.2179322 0.43033397
278 -0.31560656 0.40789455
842 0.014244685 0.48065788
416 -0.47732857 0.37320417
35 0.19082361 0.5212622
664 0.39787674 0.56936234
903 -0.06783915 0.46426442
744 -0.2307244 0.42514157
116 -0.21138531 0.42934898
14 -0.11639194 0.45145854
450 -0.19348967 0.43531922
445 0.0801087 0.49777544
195 0.19967659 0.5235072
282 -0.107619874 0.45570108
640 -0.399133 0.39247683
968 -0.030988544 0.4697997
423 -0.3605311 0.39734903
518 -0.25044852 0.42278963
251 -0.3337228 0.40417266
271 -0.11389493 0.45345885
75 -0.25915158 0.42128584
482 0.0008917175 0.47948188
817 -0.1328395 0.450281
958 -0.026189677 0.47341588
952 0.064566985 0.49392107
895 -0.08745718 0.45896214
941 0.15590596 0.5117957
409 -0.00782362 0.47549984
706 -0.024034556 0.4733273
449 -0.10665059 0.4551674
972 -0.32168224 0.4096926
946 -0.049945705 0.46764812
997 -0.0838379 0.45777258
532 -0.4893916 0.37304857
786 -0.11893862 0.4511527
313 -0.17539017 0.43773538
838 0.04789665 0.48793077
401 -0.36979008 0.39670432
516 0.08164854 0.49465346
81 -0.18447125 0.43661758
497 0.12895007 0.507636
49 0.04041124 0.48616016
297 0.16657491 0.51400113
324 -0.062629245 0.46272054
890 -0.44598043 0.37971756
275 0.0018108145 0.47880536
561 -0.1373526 0.44748107
244 0.04271122 0.4881376
598 -0.1250951 0.4487375
404 -0.25003058 0.42144778
263 0.03632749 0.48392025
310 -0.09089008 0.4584692
311 -0.30326545 0.40893897
221 -0.046275 0.46529266
909 0.27057156 0.5408948
352 0.3621461 0.5605093
899 0.18363206 0.51712644
670 -0.26286918 0.4184409
357 -0.31757927 0.40741637
537 -0.4104311 0.38664737
314 -0.0268512 0.47239378
785 -0.21140712 0.43146998
996 0.098955065 0.4986441
981 -0.2630073 0.4194669
566 0.22946753 0.52947426
811 -0.009368456 0.476533
545 -0.41575214 0.3862144
102 -0.33283782 0.40529317
240 -0.40788716 0.38979936
500 0.072281905 0.49442285
476 0.09335875 0.49875015
326 0.15987986 0.51443684
618 -0.04908978 0.46692988
294 -0.19425826 0.43416733
502 -8.7457025e-05 0.4793887
29 -0.044447847 0.4675185
840 -0.29518947 0.41233465
793 0.0030981284 0.47877008
543 -0.25871894 0.42040792
632 -0.26445067 0.42006445
303 -0.0003554942 0.4776488
998 0.099585064 0.5014181
823 -0.54568005 0.3587956
477 -0.24767318 0.42411178
781 0.31747192 0.5525505
893 0.15656438 0.5152981
243 -0.17040254 0.43903103
602 0.27231532 0.54019934
715 -0.07796174 0.46151438
41 0.23048022 0.5297929
389 0.013631535 0.4809708
214 -0.24580333 0.42482948
127 -0.037927575 0.47012946
349 0.20218119 0.5239876
432 -0.2436476 0.42657062
378 -0.39184788 0.3916365
769 -0.08836393 0.4576796
481 -0.3243735 0.4053523
256 -0.36360425 0.39743206
178 0.2874619 0.54338366
123 0.027744913 0.48485932
28 -0.30145764 0.4100494
541 -0.22366355 0.42894506
804 -0.26122022 0.4217845
947 -0.15230414 0.44401383
680 -0.4510567 0.38016084
359 -0.154299 0.44401956
222 -0.32406074 0.4067299
395 0.15516955 0.5133417
835 -0.23895045 0.4261248
954 -0.06394099 0.46330732
208 0.08753467 0.49870932
38 -0.084232084 0.4588201
887 0.15151691 0.51261723
139 -0.30879346 0.4093875
719 0.08282605 0.49544832
549 -0.034019034 0.4680844
494 -0.2467868 0.4234936
805 -0.29159343 0.41310957
669 -0.016317518 0.47378033
861 -0.5419416 0.35901532
90 -0.2968546 0.41257408
642 0.012882477 0.48052987
16 -0.23493417 0.42584068
353 -0.24449505 0.4242829
637 0.14438048 0.51158077
398 -0.1339675 0.44679245
956 -0.06698376 0.46504658
792 -0.436026 0.37968966
170 -0.1867191 0.43687782
880 -0.036416262 0.47191295
57 0.25859672 0.53789
677 0.30368015 0.54846174
693 -0.36165854 0.39735144
50 -0.04077958 0.4685472
354 -0.037648853 0.469705
234 -0.59012353 0.35000515
478 -0.20524459 0.43243077
188 0.04420565 0.4892607
206 0.069044046 0.49392885
315 0.19369325 0.5228119
293 -0.03245334 0.47061
843 -0.51641804 0.36520958
373 -0.52069914 0.3668526
639 -0.03291541 0.47147363
245 0.13986105 0.5123164
982 0.31422684 0.5484982
319 -0.24016757 0.4238554
517 0.14821988 0.5112232
193 -0.06636427 0.46181303
351 -0.2539269 0.42293832
525 0.18578279 0.5214435
306 0.20092222 0.52214587
23 -0.09705881 0.45762953
960 -0.3764282 0.3936373
86 -0.31753784 0.40599018
627 -0.07987013 0.45929542
779 -0.1403131 0.44609186
431 -0.38017252 0.39406824
643 -0.13193518 0.44725332
120 -0.30860347 0.4105315
192 -0.040451758 0.46787414
227 0.40223423 0.57169545
867 0.010360439 0.47993004
344 -0.01540011 0.47229624
99 -0.068553016 0.46382388
987 -0.064384826 0.46217424
302 0.18025716 0.5193173
983 0.17016107 0.5159554
762 0.025196733 0.48368642
856 0.09066563 0.49946123
6 0.01119563 0.47887462
672 -0.013766435 0.47524327
844 0.09593178 0.50353014
832 0.24449733 0.5359813
283 -0.4649374 0.3785035
852 -0.041999254 0.46719745
196 0.13384359 0.5090659
730 -0.096799225 0.4551354
548 -0.40288875 0.39152488
452 0.07404188 0.49243468
132 -0.26931873 0.41951248
328 -0.45671776 0.37626696
202 -0.17917766 0.43661276
787 0.13942176 0.51104295
966 -0.02061601 0.4736211
601 -0.33183658 0.40492985
155 0.086249225 0.49694675
555 -0.37985542 0.39310253
265 -0.091306716 0.45673823
377 -0.3815755 0.3957588
89 -0.3147178 0.4081152
725 -0.23407467 0.4243272
771 0.1519033 0.51262945
740 -0.003107 0.4764293
557 -0.0018891926 0.47859353
118 -0.017634831 0.47484258
53 0.17172329 0.5167761
73 -0.30414888 0.40792695
167 0.20346352 0.5252834
151 0.25171712 0.5369199
708 -0.1235147 0.45045406
101 0.0066632666 0.478495
332 -0.24061172 0.42532173
873 -0.39921618 0.3902224
580 -0.11220799 0.45475295
568 -0.029119609 0.47228557
563 -0.044313893 0.4689109
399 -0.080885224 0.46016973
335 -0.093062036 0.45642143
76 -0.20990328 0.43055236
506 -0.29841244 0.4123423
950 -0.18095882 0.43702218
70 0.09822106 0.4996024
201 0.04848423 0.48909354
429 -0.16260472 0.44103125
213 -0.26712936 0.4180153
772 0.118312165 0.5043564
821 -0.26003593 0.42077747
501 -0.19167851 0.43561563
729 -0.24656053 0.422508
928 -0.3149492 0.4085913
60 0.0390069 0.48594594
190 -0.33469567 0.40499645
975 -0.19348334 0.43374026
685 -0.41403615 0.3860759
422 -0.13341832 0.44952312
96 -0.24954598 0.42188945
914 -0.21604419 0.42815042
853 0.20874017 0.52581525
290 -0.24133012 0.42522234
797 -0.08887095 0.45866406
107 -0.0779078 0.46219513
442 -0.4153172 0.3884627
534 -0.0037317276 0.47684574
609 -0.26333722 0.41884726
140 -0.057234272 0.46493515
934 -0.09690658 0.45665723
538 -0.46475127 0.3762679
66 -0.09092566 0.4566571
153 -0.23160626 0.4277486
341 0.010693014 0.48019415
468 0.14944953 0.51302415
596 -0.34543616 0.40101424
18 0.3183389 0.55150294
386 -0.39412132 0.39102602
149 -0.3596253 0.39756262
128 -0.21595803 0.4310736
380 -0.09442168 0.4576947
547 0.19555464 0.52025056
400 -0.18314843 0.4377239
65 -0.2517158 0.42415854
337 -0.10753859 0.45424587
393 0.122302234 0.5056539
333 0.119131915 0.50629336
681 -0.16249186 0.44308442
156 -0.26371753 0.42087212
9 -0.24503945 0.42199636
948 -0.018558083 0.47411713
175 -0.32488057 0.40753362
589 0.20267273 0.525485
8 0.24990173 0.53617054
829 -0.034563944 0.47356367
39 -0.17344956 0.4391126
839 -0.26895684 0.4176939
224 -0.2662419 0.41751662
858 -0.06491069 0.46450517
625 -0.2598462 0.419587
671 -0.27761585 0.4163489
855 -0.508318 0.36681905
841 -0.27569833 0.41568333
613 -0.30613482 0.41078588
519 -0.32609665 0.40315962
152 -0.31999612 0.4069019
898 -0.045082226 0.4694162
381 -0.20282029 0.4324551
942 0.058291744 0.49104154
922 -0.13746765 0.4461174
716 0.045231737 0.4864473
961 -0.14233443 0.4436361
986 -0.012682841 0.47524244
364 -0.079339854 0.45987505
345 0.08877473 0.49882412
0 -0.06809707 0.4610388
25 0.020135067 0.4817258
760 -0.019193515 0.4758064
794 0.08458429 0.4965365
572 -0.3952789 0.39041722
991 -0.098260574 0.45479542
46 0.18755084 0.5192693
546 -0.12074872 0.45103502
819 -0.105296195 0.45398527
342 -0.41464952 0.38628414
11 -0.2788732 0.41593483
237 -0.089901045 0.4576396
936 -0.34949297 0.39914608
995 -0.02985135 0.47013626
44 -0.039653484 0.4689843
385 0.12981942 0.50552666
177 -0.41386327 0.38968858
408 -0.169659 0.4408799
550 0.4325089 0.578557
616 0.15094893 0.5114213
570 0.103435576 0.50062233
246 0.0956555 0.50122136
223 -0.15344767 0.44308966
608 -0.18149218 0.43571714
808 -0.10651208 0.45454955
976 -0.28638455 0.41422486
636 -0.266806 0.42062235
383 -0.016954867 0.47511017
999 0.4016991 0.57084006
540 -0.11354724 0.4511339
169 0.09691733 0.49912232
161 -0.43283242 0.38362968
247 -0.12513717 0.45033854
529 -0.29662234 0.41165018
822 -0.07420321 0.45976096
646 0.073709294 0.4933691
142 -0.36629346 0.39728975
807 0.115139455 0.5033891
558 -0.06786745 0.46549898
250 -0.15816611 0.44412327
937 -0.17678657 0.4373614
117 0.22990663 0.5307831
644 0.08019434 0.4954568
347 -0.26953584 0.41804102
405 0.29374436 0.54435915
758 -0.09317495 0.456363
339 -0.14693512 0.4454453
723 0.046830118 0.48683515
67 0.119788796 0.50557345
215 -0.18809459 0.4372194
473 -0.332357 0.40370536
745 -0.21869014 0.4302431
421 -0.06482863 0.4626792
254 -0.43731603 0.38344932
456 -0.030791523 0.47133753
951 0.007113237 0.48034486
292 -0.099473715 0.45774394
382 -0.25418898 0.42041266
131 -0.21770369 0.43103412
556 -0.45463148 0.37732488
129 -0.16049388 0.44243658
262 -0.16888134 0.44096988
597 -0.08697091 0.4590801
773 -0.38496026 0.39355293
721 -0.35642648 0.40028688
277 -0.17854051 0.4401684
559 -0.22910456 0.4256124
803 0.43453684 0.5791361
464 0.06469826 0.49321806
896 -0.056834612 0.46675134
320 -0.11496363 0.4539382
707 0.046636995 0.4894913
682 -0.21909325 0.4279092
157 -0.26639894 0.41960132
859 -0.20120616 0.43263635
648 -0.48222068 0.37374815
7 0.0124208 0.47966728
539 -0.39532685 0.39066413
768 -0.13276647 0.44806904
695 0.19356285 0.52492136
874 0.18055728 0.51866347
17 -0.2773248 0.41649035
668 -0.27718547 0.41812325
430 -0.46317273 0.3763848
667 0.068886854 0.49522337
194 0.0010980491 0.47784382
718 0.040961236 0.48583946
209 -0.32664645 0.4049933
228 -0.08639957 0.4569661
30 -0.08138635 0.46119562
4 -0.36828747 0.395574
397 -0.3163923 0.40867418
56 -0.33482945 0.4054166
80 -0.14480114 0.4449439
881 -0.043974865 0.46737483
891 -0.29784054 0.41246834
180 -0.087237224 0.46028268
988 -0.10067734 0.45405906
551 -0.08341776 0.45766708
122 -0.3696683 0.3944907
184 -0.013321023 0.47162098
750 -0.08849407 0.45878047
309 -0.070664994 0.46069697
197 0.05964158 0.48975933
656 0.02072882 0.48227844
686 0.06222847 0.49378082
612 -0.37867135 0.39345345
624 -0.12260397 0.44968522
734 -0.18134236 0.43810987
617 -0.53435916 0.36220258
774 -0.4072494 0.3853399
945 -0.3371962 0.40154982
921 0.021740643 0.48320806
869 -0.35367957 0.39950523
36 -0.15472706 0.44217917
420 0.28369612 0.5440658
755 -0.5451985 0.35822505
106 0.20499709 0.5261366
526 -0.17712118 0.4378498
163 -0.28561133 0.412502
800 -0.16306883 0.44010407
985 0.043746747 0.48848924
932 -0.19750294 0.43280366
696 -0.32731023 0.40401155
595 0.28836784 0.5449384
447 -0.11195531 0.4529889
469 -0.13762806 0.4465465
912 -0.4168245 0.38503116
487 0.34232074 0.55720025
467 -0.33799294 0.4031725
179 -0.07769194 0.45968634
424 -0.10948599 0.45462215
32 0.19102108 0.52157825
231 -0.22719494 0.42522445
703 -0.26343653 0.41796762
460 -0.29963177 0.4108714
962 -0.20966719 0.43174168
77 0.26651442 0.5399296
376 0.05814454 0.4927642
586 -0.28222698 0.4146512
287 0.4738429 0.5894444
879 0.121814564 0.507271
789 -0.050182886 0.4668882
512 0.08097283 0.4967411
426 0.34754243 0.5584539
977 0.40602344 0.57276267
58 -0.19540323 0.4345318
622 -0.09730513 0.45678243
186 -0.1333433 0.44854093
372 -0.32180998 0.4060841
974 -0.10277789 0.45273393
702 -0.2817913 0.41571593
720 -0.07053287 0.46267623
150 -0.08435377 0.45825034
304 -0.18208587 0.43616894
174 0.038780883 0.48739785
610 -0.052636944 0.46615267
802 -0.20204373 0.4327654
296 0.5787431 0.6148035
713 -0.043902554 0.47023562
796 0.009657754 0.47809705
276 -0.04007218 0.46976846
882 -0.092237435 0.4557085
360 -0.039134927 0.46945074
95 -0.048552155 0.46632218
112 -0.07374567 0.46144447
145 -0.1749188 0.43853137
211 0.08000432 0.49783212
571 0.11827029 0.5042246
217 -0.49479812 0.3685815
63 0.10204826 0.50212866
229 -0.069716096 0.46354598
587 -0.099134706 0.4569361
160 0.07480401 0.49606135
717 -0.07716918 0.45814177
84 -0.18209754 0.43701798
414 -0.29887617 0.4096466
164 -0.3499706 0.40217373
71 -0.37669957 0.39466786
83 -0.060872845 0.46499208
673 -0.11535094 0.45158547
930 0.19050744 0.52217376
915 -0.17193969 0.4386837
402 -0.21702227 0.42937866
109 -0.1446396 0.4455112
892 0.11849555 0.50337976
660 -0.3431805 0.4013702
412 -0.2612072 0.42060667
480 -0.41300598 0.38566342
374 -0.6859213 0.32995355
710 0.0067307553 0.47972387
181 -0.27914175 0.41747412
43 -0.2606786 0.4212508
72 0.17227675 0.51782614
159 -0.3578225 0.3975378
649 0.013035108 0.47790796
493 -0.17275427 0.43837732
200 -0.6586366 0.3379456
390 -0.0038584203 0.47704247
121 -0.4955505 0.3715443
498 -0.041171 0.4692442
108 -0.17062135 0.4410351
614 -0.42515254 0.38646472
391 0.29563007 0.5478947
620 -0.22243695 0.42788005
939 -0.08436046 0.45630923
872 0.39684573 0.56893176
238 0.12426601 0.50658035
443 0.27605736 0.54188675
809 0.3377224 0.55808246
926 -0.42464954 0.3845985
847 -0.43793917 0.380757
185 0.030973779 0.48480555
756 -0.5227427 0.36552298
885 -0.20477872 0.4311232
212 0.35846892 0.56040716
92 0.13206986 0.5087938
784 0.1595796 0.5141734
124 -0.0796298 0.46042395
778 -0.17578998 0.44001207
253 0.043650825 0.48697546
166 0.110253915 0.5020552
392 0.048275016 0.48761854
19 0.10056063 0.4995335
741 0.058093984 0.49312606
569 -0.543707 0.36157963
51 -0.12324627 0.44905135
691 -0.6955364 0.32799438
523 -0.10692181 0.45287865
59 0.0641239 0.4927864
603 0.19085258 0.5205994
907 0.117307425 0.5068173
530 0.010890717 0.48135337
857 -0.24172907 0.4233091
257 -0.4963309 0.37089574
446 -0.47844836 0.37393656
690 -0.09528367 0.45650834
441 -0.3265014 0.40379655
144 -0.15648581 0.44240522
810 0.009075686 0.47990468
777 -0.23465648 0.42513266
241 -0.12782454 0.44848984
162 0.30462465 0.5445983
259 0.0060996795 0.47875425
924 0.09164101 0.4986802
704 -0.30286622 0.41300693
979 0.076545954 0.49511677
22 0.10743588 0.5039077
980 -0.08064182 0.4594592
55 -0.16853464 0.4393031
114 0.04405682 0.4896025
970 0.15650463 0.51328474
955 -0.08202683 0.459936
312 -0.39738238 0.3873499
199 -0.008407801 0.47387752
219 -0.06427067 0.463995
318 -0.2862677 0.41516218
434 -0.6898469 0.33047628
371 -0.08087024 0.45751086
363 -0.44650388 0.38058582
375 -0.27414134 0.41800392
45 -0.57495683 0.35291833
615 -0.32537833 0.40586704
860 0.33825457 0.5555708
733 -0.12249094 0.45135462
828 0.19957164 0.5232929
579 -0.4342247 0.3817679
863 -0.4803413 0.37102064
499 0.06650676 0.49301276
818 -0.5132407 0.36698458
782 0.1307892 0.50639254
484 -0.36403176 0.39719462
110 0.039717134 0.48506656
417 -0.31764847 0.4076183
475 -0.5600459 0.3534076
751 -0.20911351 0.43024862
709 -0.28573522 0.41417372
739 0.17432971 0.51693684
74 -0.17890036 0.43731943
864 -0.026742024 0.4721845
619 0.07865925 0.49461296
742 -0.113770865 0.45142186
759 0.09458114 0.49864513
3 -0.07778796 0.46081594
910 0.16618842 0.51476026
154 0.24810043 0.53588015
949 0.04942871 0.48999646
365 -0.13838434 0.44629243
316 -0.514333 0.36623326
542 0.31267858 0.54910517
897 0.24982195 0.5365491
330 -0.6472826 0.33973548
665 -0.019642742 0.47464502
329 -0.33688465 0.40439016
753 -0.07339262 0.4611917
737 -0.39587206 0.39271808
307 0.024000188 0.4835378
308 -0.0379603 0.47002083
474 -0.12508807 0.450241
801 0.09736712 0.49765924
298 -0.1807136 0.43694657
663 0.0820294 0.49490917
631 0.09662589 0.5000109
27 -0.10277726 0.45582047
137 0.1516833 0.51067847
600 -0.09469242 0.4551615
593 -0.320859 0.40716818
1 -0.009679856 0.47746325
486 -0.31455657 0.4078109
935 -0.116173744 0.4525891
479 -0.13486606 0.44417733
654 -0.074305795 0.46212494
350 0.1330076 0.50800896
226 -0.38791764 0.39289844
317 -0.11231818 0.4517262
652 0.08518355 0.49788862
130 -0.24014851 0.42562383
455 0.2168039 0.52814376
688 -0.07882384 0.4603413
233 -0.37056282 0.39694315
635 -0.18003531 0.4403877
346 0.0076931682 0.48110205
388 0.22112918 0.53000253
146 0.37531382 0.56458217
210 0.22192198 0.529654
338 -0.3429859 0.40113944
854 -0.2964543 0.41259566
232 -0.11758435 0.4497722
205 0.15012656 0.5128475
825 -0.00041601685 0.47719032
236 -0.34332433 0.4042421
522 0.102343835 0.5021549
147 -0.08199539 0.45784456
902 -0.08168493 0.45736095
689 -0.40860757 0.38953495
752 -0.046773233 0.46673787
387 -0.002198211 0.47781453
508 0.17406145 0.517531
576 0.008252266 0.48065513
565 -0.3721034 0.3955498
438 0.11339402 0.5046338
61 0.22650002 0.53001857
52 -0.12711337 0.44675282
356 -0.41469958 0.38900676
575 0.33238867 0.55274487
883 0.03606763 0.487102
938 0.105586104 0.50248176
908 -0.23711844 0.42501095
590 0.26376253 0.5373591
878 -0.14934854 0.44588017
850 0.2829353 0.542591
403 -0.1279576 0.44972208
524 -0.17652321 0.4388257
458 0.015007671 0.48098785
79 -0.20002246 0.43363944
923 -0.14207873 0.4451036
770 -0.24210803 0.4247695
379 0.05561171 0.4885525
361 -0.1155959 0.4521727
78 -0.07453457 0.46181482
68 0.16197334 0.51217806
97 -0.10060579 0.4536755
824 -0.01244253 0.4763943
862 0.03826921 0.48647815
288 -0.4624147 0.37805715
220 -0.2763315 0.41630128
820 0.026191182 0.48425335
367 -0.17965104 0.43797097
694 -0.03415277 0.46650487
336 -0.09792538 0.456571
321 -0.16503464 0.440335
510 -0.04639937 0.46799222
814 -0.021074992 0.4729015
868 -0.32757977 0.40521494
21 -0.32015112 0.40721363
684 -0.4212456 0.38561413
248 0.13081029 0.5079101
552 -0.47039673 0.37614083
604 -0.4275688 0.38141775
358 -0.044923462 0.4683262
69 -0.642885 0.33625686
535 -0.21364412 0.43088245
5 0.39342552 0.56881255
119 -0.24538885 0.42284238
407 -0.27978215 0.4165099
465 -0.4443288 0.38336214
428 0.030711515 0.48417088
536 -0.12420173 0.4495936
366 -0.3262805 0.40505362
884 -0.20672819 0.43126145
940 -0.1780828 0.43876082
653 -0.34155923 0.40188408
286 -0.32554027 0.40650275
260 -0.38923994 0.3905425
269 -0.37738147 0.39520025
727 -0.4257487 0.3839543
362 0.025550174 0.48519725
634 -0.30732155 0.40984383
267 0.22742258 0.5310568
584 -0.07140095 0.46309397
591 0.1728434 0.51941854
280 -0.42147923 0.38767335
279 0.34210086 0.5546853
607 -0.19753833 0.43486738
747 -0.2944774 0.41221648
454 -0.073877595 0.46504214
504 0.08473494 0.49690753
629 -0.102464914 0.4534349
849 -0.20063806 0.43134663
705 -0.0020817576 0.47701442
495 -0.33163336 0.4031556
836 0.38179323 0.56310236
871 -0.16484204 0.44117364
776 0.13084799 0.50629145
533 0.08003067 0.49466068
187 -0.08293355 0.46060622
47 0.32513803 0.55136204
87 -0.52350456 0.3639402
544 0.05267557 0.48796898
48 0.3912653 0.56883
633 -0.36687422 0.39717445
411 -0.15328334 0.44313422
929 -0.04770026 0.46712983
845 -0.40442896 0.38928768
435 -0.55311 0.35846528
85 -0.1283878 0.44841075
171 -0.6264756 0.3411461
462 0.029928397 0.48123214
410 -0.48518893 0.3702584
764 -0.32146385 0.40536168
64 0.22593096 0.52980876
249 0.3263612 0.5534189
274 -0.2078629 0.43049416
33 0.07803103 0.49537024
471 -0.46192667 0.37604117
158 -0.011268177 0.47710922
527 0.22660774 0.529153
93 0.13802329 0.5078846
901 0.03064202 0.48220828
444 -0.05089493 0.46363792
655 -0.053194903 0.46576115
91 -0.55539286 0.35563698
483 -0.062223475 0.46466336
931 0.14466646 0.5113806
906 0.02532509 0.48253763
641 -0.09465021 0.45689884
736 -0.3861069 0.39258188
281 -0.24240258 0.42507848
323 0.21399955 0.52562773
82 -0.003613681 0.47620118
833 -0.0088394005 0.47616345
886 0.11055635 0.50230557
183 -0.18015984 0.44004452
650 -0.23562855 0.42378107
198 0.090644166 0.4972802
531 -0.052294467 0.4664469
295 -0.37556586 0.39592615
918 -0.24433963 0.4248226
967 -0.023831585 0.47247112
798 0.050309982 0.49135175
714 -0.25733685 0.42177263
252 -0.089682184 0.4577765
513 0.029521422 0.4807803
661 -0.32140136 0.40653688
218 -0.16954699 0.44025072
638 -0.03438572 0.4722163
355 -0.29009676 0.41340795
834 -0.121917725 0.44955367
126 -0.25334415 0.42040077
959 -0.45480794 0.3797498
630 -0.044979483 0.46838287
626 0.13870446 0.5070508
384 -0.37102193 0.39647666
189 -0.173223 0.43903223
919 -0.35407883 0.39974517
783 0.06925955 0.4943911
697 -0.13109364 0.44813865
165 -0.010968112 0.47552875
846 -0.2604311 0.4215199
20 -0.17896713 0.43718082
676 0.06706657 0.4909966
788 0.011547104 0.4808683
870 -0.33718082 0.40356213
216 -0.047433946 0.46727866
965 -0.056961417 0.46629438
865 0.003737166 0.47690096
285 -0.12932427 0.44751108
994 0.031596094 0.48638225
659 -0.0057547702 0.47515005
490 0.014100574 0.48277336
731 -0.082539015 0.4590049
837 0.07266524 0.49647474
790 -0.2895429 0.41411787
103 -0.30720875 0.40978092
913 -0.058218844 0.46402118
413 -0.026708614 0.47288513
489 -0.15608273 0.44243515
806 -0.20761327 0.43089488
511 -0.11943211 0.45327064
916 -0.21130525 0.4304638
141 -0.09212853 0.456569
273 0.03605642 0.48606464
889 -0.18034618 0.43940935
554 -0.7438144 0.31738952
993 -0.5226497 0.36411375
2 0.12892511 0.5069345
816 0.07469494 0.49524888
927 -0.83942044 0.29782987
749 -0.23983014 0.42394897
368 -0.054803453 0.46530133
830 0.106651425 0.50182104
325 -0.3212627 0.4082972
877 -0.28019738 0.41600317
111 -0.2990481 0.41219983
125 -0.13269569 0.44711602
581 0.067861505 0.49436688
322 0.30069926 0.5458027
261 -0.11008714 0.45169947
40 -0.581335 0.3502049
135 0.030483406 0.48572412
440 -0.20404895 0.4318442
813 -0.36866263 0.3976547
992 -0.33032197 0.4065844
969 0.10770016 0.5012535
264 -0.27578968 0.41569775
905 -0.26423287 0.4203077
528 -0.35278457 0.40021008
453 -0.09467695 0.4559931
396 -0.28431258 0.41489494
577 -0.14180164 0.4446986
984 0.33625787 0.5552432
964 0.07747966 0.49494392
728 -0.10098808 0.45428538
191 -0.2569222 0.42154336
564 -0.43499383 0.38368854
763 -0.44228363 0.3814372
726 0.18541086 0.5207004
795 -0.24825083 0.4232299
94 0.24363291 0.5347659
457 -0.010260443 0.47449636
439 -0.2899851 0.4140018
31 -0.41728836 0.38649198
451 -0.3277023 0.4067586
963 0.08968636 0.49773553
943 -0.18923493 0.43527305
301 -0.18263428 0.4380921
12 -0.1481462 0.44510362
585 -0.41594023 0.38494653
990 -0.10761023 0.45360008
436 -0.03132978 0.47452566
343 -0.013735158 0.47472325
239 0.05938628 0.4909699
647 0.07364866 0.49529487
666 0.02117453 0.48308375
348 -0.47901043 0.3723925
628 -0.2815552 0.41660875
700 -0.23644808 0.424917
560 0.07551186 0.49453667
679 0.16073053 0.5154891
466 -0.2254247 0.42624173
578 -0.29840982 0.41169205
957 0.20250131 0.5244875
925 0.0877653 0.49701792
851 -0.39758548 0.39041615
894 -0.1837557 0.43668824
104 0.38519907 0.56693137
42 -0.2122832 0.4294173
827 0.09013894 0.49713126
507 0.22490306 0.52713245
592 0.12015198 0.5076349
683 0.06018255 0.49230957
594 -0.0121680945 0.47640187
88 0.37217155 0.5662315
172 -0.091017745 0.45728174
289 -0.06660848 0.4634628
488 -0.7073544 0.32596764
606 0.34457538 0.55949116
235 0.07596824 0.49618593
168 -0.04403925 0.46965215
425 0.09285383 0.49848336
520 -0.004292816 0.47745752
433 -0.4491419 0.37853503
24 -0.065952204 0.46446407
611 0.2198714 0.5285113
505 -0.49974504 0.36971566
34 -0.1693068 0.43890616
712 -0.025775736 0.47094473
327 -0.29001293 0.4134091
496 -0.2910227 0.41261974
503 -0.3760452 0.39609838
514 -0.12014134 0.4508772
54 -0.56494313 0.3549427
701 0.4070582 0.5732769
415 0.4298077 0.5786253
284 0.04158133 0.48638856
459 0.038994554 0.4860841
255 -0.15761702 0.44319734
767 0.10325053 0.50057006
766 0.046413917 0.4894856
509 -0.06801875 0.4620767
876 -0.31930554 0.40901515
754 0.05408691 0.48918548
176 -0.0038938965 0.47532588
299 -0.31245235 0.4089523
334 0.35645816 0.55826753
623 -0.49199656 0.3706552
26 -0.08296601 0.45871967
207 0.16505937 0.5154883
461 0.34229627 0.5571698
989 -0.10373142 0.45503142
791 -0.18641482 0.437548
553 -0.22882815 0.42676404
582 0.28253606 0.5428873
62 0.07207925 0.4942033
722 -0.04515068 0.46568888
826 -0.3810915 0.3934129
492 0.13118386 0.5076941
394 -0.32898712 0.40351993
743 -0.13909876 0.44453475
904 -0.33723834 0.40365103
657 -0.68175757 0.32887706
98 0.15885742 0.5171602
574 -0.18097395 0.4382889
848 -0.09327674 0.45388788
973 0.26836205 0.53844494
485 0.066530205 0.49064028
418 0.2762319 0.53988224
37 -0.28920293 0.4154975
645 -0.08076865 0.457949
291 -0.4392154 0.3813466
971 -0.42794955 0.38456345
920 0.056898247 0.4902561
933 0.15480813 0.5148246
799 -0.20399094 0.4327049
815 0.4045193 0.5721675
738 0.16191022 0.51638937
