2 1 26 3 17
12 28 10 8 12
11 22 7 22 16
28 14 9 24 9
17 3 22 3 9
5 18 5 12 8
13 26 3 17 11
24 28 14 9 20
21 17 21 17 5
29 1 13 27 11
3 24 2 1 29
20 5 20 16 20
18 27 13 2 11
1 13 27 21 18
9 3 25 7 25
22 28 25 21 22
27 11 27 11 18
15 12 8 12 10
25 11 22 16 19
0 29 0 29 0
23 18 24 2 20
26 18 8 0 29
4 15 5 17 21
14 9 20 9 3
8 12 8 0 29
16 20 2 20 2
10 26 14 0 28
19 6 19 16 1
7 25 16 25 11
6 16 20 5 18
3 9 14 23 14
22 16 21 22 1
24 28 0 29 0
26 14 15 12 5
27 18 26 1 16
12 15 14 26 13
1 2 13 27 13
7 25 3 9 3
23 14 13 2 24
6 18 8 18 26
21 16 25 7 25
13 27 21 22 21
9 3 9 3 26
28 12 28 24 2
16 22 1 22 28
11 17 5 12 21
10 12 8 11 17
2 24 18 26 13
8 11 2 20 16
25 28 22 1 22
29 0 14 0 8
17 11 17 11 27
19 18 8 18 24
14 23 0 14 26
4 15 14 23 18
20 16 6 16 19
5 17 25 16 27
20 2 11 17 25
15 12 15 4 29
18 26 3 9 24
1 26 18 24 9
18 27 16 21 11
25 16 21 11 25
12 28 1 26 18
13 27 16 21 18
8 12 14 9 3
7 25 17 25 7
20 2 13 26 1
15 12 15 5 15
27 13 27 21 16
17 11 27 21 11
3 17 21 16 22
10 18 24 3 25
23 0 29 0 23
22 28 10 26 1
14 26 1 28 18
24 10 26 18 24
11 25 7 25 28
4 15 13 26 14
16 19 9 24 10
9 14 13 14 23
28 14 15 13 1
29 0 14 15 22
21 12 14 15 13
6 16 22 7 25
10 8 23 18 28
5 15 14 15 5
19 16 25 21 16
26 13 15 12 28
2 24 18 10 8
26 3 24 28 10
27 18 23 0 28
6 18 19 18 6
21 27 18 19 9
19 16 25 7 25
20 2 20 9 19
28 10 24 3 25
16 27 11 2 20
8 18 24 10 8
4 29 0 8 11
23 8 0 28 25
11 21 16 20 16
7 25 3 9 14
9 12 15 14 12
29 4 15 14 23
3 26 18 11 25
13 27 18 11 25
5 12 14 12 14
22 16 20 2 20
2 20 2 10 8
1 28 0 8 18
14 13 14 9 19
18 24 18 19 16
25 7 22 21 27
15 14 26 18 27
12 14 0 14 12
12 14 23 14 26
24 9 12 28 12
17 25 21 3 9
10 12 10 24 10
27 18 6 16 27
18 27 16 21 25
9 19 18 11 17
29 4 29 1 16
29 0 14 15 5
14 13 2 1 26
8 12 21 25 21
13 15 12 21 3
7 22 11 21 27
12 15 13 26 1
3 24 3 17 25
6 16 25 3 17
1 26 10 24 2
26 14 26 13 26
23 18 8 18 23
16 25 17 11 18
4 15 13 1 26
28 24 28 18 28
17 25 3 22 21
10 12 9 24 3
20 2 24 3 9
11 21 27 11 8
2 24 3 24 2
21 25 3 24 3
22 7 25 16 21
15 4 29 4 15
19 18 26 18 11
24 2 10 12 8
25 21 16 19 16
5 20 5 20 2
25 17 3 22 7
1 2 1 10 2
8 23 18 26 1
16 22 11 2 24
7 25 7 25 28
17 25 21 18 21
24 10 2 10 8
15 14 26 3 25
10 12 8 10 28
29 0 14 13 1
27 18 10 26 3
12 14 26 3 24
13 27 18 19 9
26 14 15 4 29
25 17 11 27 21
3 17 25 3 25
20 2 20 5 20
28 25 7 22 11
9 14 28 25 11
14 13 27 18 10
4 15 5 15 12
23 8 23 14 13
21 18 21 12 15
22 7 22 21 25
6 18 10 12 8
2 11 2 1 2
18 8 18 23 8
11 18 11 22 1
19 18 28 10 28
5 15 4 15 4
11 18 24 2 24
15 13 14 12 15
13 1 13 1 22
18 11 8 18 10
25 7 22 1 22
23 14 12 10 24
7 25 21 12 10
12 15 12 28 0
22 28 24 10 18
3 17 21 17 3
27 16 21 27 16
2 11 18 10 12
19 9 19 16 19
24 10 12 8 11
9 24 9 14 28
8 0 29 4 29
17 21 27 13 27
4 15 13 15 13
16 27 13 1 13
5 18 28 10 12
10 8 12 21 3
14 0 8 12 10
6 18 24 28 18
1 28 25 3 25
29 1 22 28 1
21 25 21 11 17
20 16 1 28 24
26 3 24 18 24
20 2 20 2 10
28 18 8 23 8
