2 1 26 3 17 21 12 9 19 16 19 9 14 15 4 29 0 28 25 11 8 12 21 12 15
12 10 1 26 18 11 8 18 11 25 11 18 23 8 23 0 29 0 8 12 9 24 18 26 10
11 18 27 13 2 11 17 5 20 9 3 25 7 25 16 25 28 14 13 1 16 22 3 26 1
28 22 16 22 7 25 17 25 17 11 21 17 3 26 14 12 8 18 28 25 7 25 28 14 9
17 21 18 5 18 6 16 22 11 8 18 6 18 24 28 22 1 29 4 15 13 15 4 15 12
5 15 22 7 25 17 25 11 2 24 10 26 13 27 13 26 13 2 11 21 27 11 21 22 1
13 27 21 12 5 20 9 14 0 28 0 14 23 14 26 13 1 29 4 15 12 8 0 8 11
24 3 17 5 18 8 18 26 3 22 11 21 22 21 22 1 2 1 10 12 28 24 2 11 2
21 17 21 12 10 2 24 18 23 14 12 14 26 18 11 2 20 16 25 21 11 21 3 17 3
29 4 29 1 13 14 28 22 7 22 16 27 11 25 3 26 14 23 18 27 11 2 20 5 18
3 26 10 28 1 22 7 25 3 22 16 1 26 14 26 1 22 16 25 16 27 21 11 2 24
20 5 15 14 9 3 21 27 16 22 15 4 29 1 10 26 13 1 26 18 28 18 11 22 28
18 11 8 0 28 25 17 5 12 21 22 16 22 7 22 11 25 17 3 25 21 27 11 17 21
1 16 22 15 12 14 9 24 28 0 23 18 8 18 11 22 3 25 16 19 18 28 25 21 12
9 19 6 16 27 21 12 10 8 18 11 18 19 16 21 17 21 11 2 24 28 25 21 25 11
22 15 13 2 20 9 20 5 20 16 20 16 21 12 15 13 27 13 15 13 14 28 14 13 2
27 21 11 2 1 13 1 28 1 26 13 27 18 10 8 12 28 1 28 14 23 18 6 19 18
15 12 10 18 21 12 14 9 20 9 19 9 20 9 12 9 20 2 13 1 10 12 21 27 21
25 17 21 18 8 23 18 28 10 1 29 4 29 0 29 4 15 13 15 4 15 12 10 24 18
4 15 14 23 14 0 23 14 26 1 22 7 25 11 18 24 3 21 27 11 17 5 18 26 14
23 0 29 4 15 12 8 12 9 24 28 14 12 5 18 24 18 21 16 21 22 15 14 15 22
26 1 13 15 12 10 28 12 14 0 8 10 12 15 13 27 13 1 13 26 1 16 20 9 12
4 15 12 21 22 28 1 10 28 10 18 26 10 26 10 28 12 9 24 28 0 14 15 5 15
14 13 1 26 13 15 14 28 22 15 22 21 3 17 5 17 25 11 27 21 3 24 3 17 25
8 0 28 0 14 23 14 23 0 29 1 29 4 29 0 29 1 28 14 13 1 28 0 23 18
16 22 7 22 3 22 21 16 19 6 18 26 18 24 3 25 16 6 19 9 20 2 13 1 13
10 8 11 25 11 2 24 9 24 28 22 3 25 11 18 6 19 9 12 15 14 12 8 23 14
19 16 19 6 19 16 27 13 2 11 27 13 14 23 18 26 18 11 8 23 0 8 18 5 17
7 22 1 16 27 16 19 16 25 16 6 16 19 6 18 8 23 8 0 14 28 1 16 20 2
6 18 10 26 3 21 22 7 22 1 29 0 23 14 9 19 16 21 25 17 5 20 2 24 2
9 20 5 18 19 6 16 19 16 20 5 12 10 24 10 8 11 17 25 17 21 17 5 15 4
23 14 0 8 0 14 13 2 13 14 23 0 28 10 28 10 2 20 9 20 16 21 17 25 28
10 12 9 3 24 28 10 1 22 11 25 16 19 16 1 13 1 22 15 4 15 4 29 0 8
4 29 1 13 26 10 24 10 8 10 24 9 19 6 18 23 18 11 17 21 17 3 21 17 25
6 19 16 21 27 13 2 20 5 18 28 14 26 3 25 11 2 20 9 14 9 24 28 14 13
29 4 15 13 15 13 15 5 12 9 19 16 20 5 18 21 3 24 9 24 3 17 11 22 21
12 14 9 24 9 24 18 23 18 28 1 13 27 11 25 16 20 2 13 2 1 13 27 16 6
17 25 11 22 1 22 7 22 1 22 28 14 23 8 11 25 21 17 25 17 5 18 11 17 21
20 2 1 10 28 1 2 1 29 1 10 28 10 18 10 28 1 26 3 22 21 16 25 16 6
18 28 12 8 18 21 27 21 22 16 1 10 2 1 13 27 13 26 18 6 16 6 16 1 2
1 28 25 11 22 21 25 11 25 21 12 9 24 28 10 1 2 20 2 1 13 2 11 8 11
2 13 15 5 18 10 28 25 21 17 25 11 2 11 17 5 20 5 18 26 10 18 28 12 8
28 24 2 1 10 12 21 22 3 9 12 8 0 23 18 10 8 10 26 18 19 18 6 19 6
22 7 25 21 16 21 16 22 21 25 3 17 3 17 21 17 5 15 4 29 0 8 11 18 10
24 28 10 18 23 8 10 18 26 18 21 25 17 3 22 3 26 1 2 11 25 11 18 24 3
21 27 11 21 16 19 9 3 21 27 16 19 16 21 16 20 5 18 28 25 28 18 27 13 14
5 17 25 16 25 28 18 21 27 16 1 22 28 10 2 24 2 11 18 8 23 14 23 8 23
8 23 18 10 24 18 24 2 24 18 27 18 10 24 2 10 1 29 0 29 0 14 15 13 27
24 3 21 16 21 17 21 22 15 13 14 26 3 21 11 18 21 18 8 0 28 10 28 10 28
7 25 3 17 11 18 8 12 14 12 14 26 3 24 9 3 9 20 5 18 23 0 8 18 23
3 17 3 25 17 3 21 27 21 18 26 3 21 25 28 14 15 5 15 13 14 0 14 0 28
26 1 16 27 21 22 11 18 23 18 23 0 28 10 18 28 24 28 22 15 5 17 11 21 12
27 11 25 17 11 8 0 28 12 10 26 13 27 11 2 20 5 18 26 1 2 13 15 12 15
11 2 20 2 10 2 20 9 12 14 15 13 15 12 8 0 14 23 18 19 6 18 28 25 16
14 23 18 19 9 20 2 11 27 13 2 11 21 3 24 28 14 23 18 21 22 28 12 9 12
13 1 16 1 10 18 10 8 23 8 11 21 12 14 0 29 4 15 22 16 27 13 27 21 3
16 6 16 19 9 12 9 19 6 19 18 26 18 23 14 26 3 24 3 26 13 27 18 5 15
25 28 25 21 27 16 21 25 7 25 11 18 26 10 18 6 16 6 19 18 23 14 28 12 14
15 5 12 8 18 11 8 23 18 8 11 17 25 7 22 16 21 3 9 20 9 14 13 1 26
19 16 21 11 2 20 5 20 2 24 3 21 11 8 18 23 14 26 14 12 8 12 9 24 10
9 14 23 14 9 14 15 5 20 5 17 11 25 28 18 11 22 21 11 22 16 22 21 12 10
1 26 1 29 1 22 3 26 18 27 16 6 18 19 9 24 18 26 14 23 0 29 0 23 18
29 4 29 1 28 0 8 10 24 9 3 21 12 10 2 20 16 19 16 1 2 11 21 18 23
2 11 8 12 10 26 14 26 14 28 22 3 22 3 26 13 27 13 26 3 25 17 5 15 12
1 22 15 13 14 12 14 26 18 8 0 8 0 8 18 24 2 10 1 22 7 25 11 18 27
15 12 10 1 29 0 8 18 26 1 2 11 18 27 21 22 3 17 21 22 21 22 21 3 22
10 2 13 15 12 15 12 8 18 11 2 24 9 3 21 3 25 28 22 7 22 11 18 5 20
5 12 10 8 11 21 11 18 5 15 5 20 2 1 22 11 18 28 10 26 18 26 3 26 10
11 21 12 28 24 28 1 29 4 29 1 28 10 28 18 26 14 28 0 28 10 2 11 8 11
12 15 13 26 1 29 0 28 10 28 10 26 14 28 12 5 12 15 14 12 8 23 0 29 4
22 16 20 5 17 25 3 21 27 16 27 18 28 14 0 29 0 28 0 29 0 29 0 29 1
18 21 11 21 3 24 28 24 10 12 10 12 5 20 5 17 11 18 21 16 27 18 11 18 6
13 2 11 22 28 25 28 10 12 15 22 1 16 19 9 14 13 1 28 24 18 24 9 19 18
21 27 11 22 11 2 11 18 27 13 1 16 25 16 27 18 24 3 22 28 25 3 24 18 10
14 26 13 27 18 5 20 5 17 3 9 14 0 29 4 29 4 29 0 28 0 23 18 8 10
19 18 28 18 24 2 1 16 25 11 25 11 22 15 5 17 11 2 10 24 18 10 2 1 29
20 9 24 3 25 7 22 1 2 20 2 20 16 20 2 1 28 0 23 0 23 8 10 18 6
8 23 8 10 28 12 28 22 15 22 16 25 7 22 7 25 7 22 16 1 2 10 1 29 0
28 22 15 14 26 14 28 22 7 22 16 25 28 24 10 24 3 21 12 9 12 21 27 16 27
17 21 11 25 16 27 11 22 11 8 0 8 0 8 0 29 4 15 12 14 0 8 18 10 24
16 20 2 10 2 24 3 25 28 18 6 19 18 21 16 21 27 11 17 3 9 3 17 5 15
25 16 6 16 1 22 15 5 17 21 11 8 18 6 18 24 2 11 25 11 25 3 26 13 1
26 10 24 10 24 9 20 5 20 2 11 27 16 19 16 22 28 1 2 13 1 16 21 16 21
4 15 13 2 20 2 20 2 20 5 17 11 22 7 22 11 22 15 13 14 12 21 25 7 25
23 14 15 12 21 27 11 27 18 19 18 24 9 12 8 11 22 16 27 18 11 27 11 2 1
3 22 1 29 1 2 1 13 1 28 25 21 11 25 16 27 18 21 17 5 15 12 14 23 8
7 22 28 10 2 1 13 14 23 0 28 24 18 26 10 8 0 29 0 23 18 6 19 6 16
24 18 6 18 28 14 13 1 26 13 2 24 10 1 22 21 11 22 3 9 12 15 14 12 9
27 16 19 16 20 5 17 25 21 12 15 4 15 22 3 25 21 18 19 9 20 16 22 3 24
6 19 18 23 8 10 28 12 21 11 18 11 22 15 13 26 18 6 18 5 12 8 11 2 13
22 1 29 1 26 1 2 10 26 10 26 1 26 10 1 10 18 19 16 1 16 25 28 22 3
10 18 27 16 27 11 8 0 23 8 23 8 12 28 25 11 2 10 18 10 24 9 12 15 14
11 8 0 8 18 11 8 10 2 13 26 10 1 28 1 29 1 26 13 2 1 13 14 15 13
9 12 21 11 21 18 10 2 24 9 20 2 10 2 24 9 12 28 22 7 22 21 17 5 17
24 9 24 9 12 14 23 18 19 16 1 28 14 9 12 9 24 18 5 17 5 18 19 9 3
26 10 1 2 1 26 13 26 14 13 15 22 16 25 21 27 16 21 3 26 13 27 21 25 11
12 28 12 21 17 3 21 17 25 21 18 27 16 19 6 19 9 20 5 18 26 1 16 6 16
8 11 17 5 20 9 20 9 20 5 18 24 18 26 18 27 18 10 12 10 1 28 18 27 18
3 22 3 21 25 28 10 8 12 28 10 18 5 20 2 11 17 3 25 21 3 21 3 17 3
14 12 28 12 9 3 24 18 28 1 22 15 4 29 4 15 12 8 18 23 14 9 20 9 19
20 9 3 22 15 4 29 1 28 25 11 17 25 21 11 18 21 25 21 11 22 7 25 3 9
16 1 28 25 21 3 17 21 22 3 17 11 21 3 21 18 8 12 28 24 10 8 12 10 2
1 26 3 24 3 25 16 27 18 8 18 26 1 10 8 0 8 23 14 23 18 5 20 16 19
15 14 0 14 13 15 5 12 14 0 14 13 2 10 18 11 18 27 16 25 7 25 28 10 2
18 27 13 1 10 1 22 21 22 28 12 14 13 15 5 17 3 24 18 28 25 3 24 2 24
21 17 21 3 21 16 21 18 21 17 3 24 10 26 1 2 1 28 0 14 12 28 10 24 28
13 27 11 25 17 25 21 25 11 18 11 25 21 27 16 27 11 2 11 27 21 27 16 25 28
25 17 21 3 26 13 1 26 1 26 1 26 1 29 0 28 12 8 0 29 0 8 10 26 1
17 5 17 3 22 28 1 13 2 13 26 3 22 3 17 25 17 21 22 16 21 25 7 22 1
11 2 11 21 3 26 18 23 0 29 4 15 5 20 5 20 2 11 25 16 25 28 12 21 25
4 15 22 11 8 18 11 18 11 2 10 24 2 13 2 13 1 29 0 14 26 1 26 1 28
7 25 11 18 26 3 22 16 27 21 25 16 21 25 7 25 21 25 17 3 17 25 7 25 16
23 14 9 24 2 10 8 10 12 21 27 11 25 11 17 21 11 18 5 17 5 15 13 1 28
28 24 9 12 8 0 23 18 11 22 1 2 10 24 2 1 28 10 8 12 9 20 5 20 2
5 15 12 21 3 26 14 13 1 2 20 9 14 9 12 9 3 22 15 5 12 10 2 20 2
19 18 26 13 27 11 22 21 11 27 13 14 23 14 28 18 28 1 16 1 2 1 29 0 14
6 19 18 24 3 26 1 26 14 28 24 3 24 2 13 14 28 10 2 24 18 10 24 9 20
2 11 2 11 27 11 27 13 26 10 24 3 21 17 3 21 17 3 24 2 20 9 20 2 24
27 13 26 1 10 12 28 14 12 10 1 10 8 11 22 11 18 19 9 20 2 20 9 3 17
29 1 16 6 18 28 0 8 18 28 10 24 2 20 5 18 8 10 28 18 6 18 6 19 16
7 25 17 25 17 21 18 23 0 29 1 10 8 11 17 3 25 11 8 10 8 10 28 1 13
22 3 25 28 25 16 25 7 25 17 3 22 15 5 20 9 12 15 13 1 10 18 6 16 6
11 25 28 25 7 25 28 24 3 26 14 26 10 8 18 10 2 13 1 13 14 15 4 29 4
29 4 15 12 14 0 14 12 21 25 16 27 21 16 25 21 3 25 3 17 5 15 4 15 14
19 6 16 1 29 4 15 14 23 8 10 2 11 8 23 0 14 15 14 13 2 1 28 12 14
1 2 20 2 11 22 15 5 12 5 17 5 15 5 15 4 29 1 26 18 26 13 27 21 3
5 20 9 19 18 11 8 23 0 14 0 28 18 21 18 28 25 11 21 11 8 18 21 17 5
10 24 18 19 18 5 15 14 28 14 9 19 6 18 6 18 27 13 14 15 22 3 9 3 9
8 18 19 6 19 16 27 16 19 6 19 6 19 9 24 18 26 3 21 16 25 28 0 28 24
13 14 0 23 18 24 9 19 18 10 24 28 18 10 8 0 23 18 27 21 12 10 24 2 20
24 10 8 12 8 10 26 14 9 12 28 1 26 13 27 13 1 2 1 10 8 11 2 24 9
16 22 1 28 25 3 24 2 20 9 12 9 19 18 24 2 24 18 28 24 28 1 2 11 18
20 16 1 26 1 26 13 27 21 12 9 20 5 17 11 25 7 22 15 5 20 16 22 16 22
21 25 17 21 18 27 11 2 24 3 24 9 14 9 3 17 21 12 15 5 12 5 18 6 18
15 4 29 1 2 1 16 1 16 19 18 19 18 11 27 21 11 27 11 27 11 27 18 8 0
14 13 1 2 20 2 10 28 18 28 1 16 20 2 24 2 10 18 26 14 13 1 28 18 19
3 17 11 21 16 1 2 11 25 17 21 25 11 22 3 9 20 2 11 18 28 18 28 25 7
17 11 17 5 15 14 0 14 0 14 15 13 2 10 8 12 8 11 8 11 18 23 0 23 14
27 11 21 11 21 12 9 14 13 27 13 15 5 12 9 12 5 15 13 14 13 15 22 15 5
12 9 24 2 11 27 21 11 21 18 21 16 25 17 21 17 25 17 3 17 21 12 8 18 19
18 19 18 6 16 25 16 20 2 20 5 12 5 20 2 20 9 12 15 13 14 12 21 16 22
6 19 16 1 28 24 10 18 23 0 28 25 3 21 16 19 9 19 6 18 10 26 14 13 27
28 24 10 12 28 10 2 1 29 0 28 0 8 23 8 12 8 0 23 18 8 18 19 9 24
9 19 6 19 18 26 13 14 15 13 1 29 0 8 11 21 27 11 8 11 25 16 25 17 5
26 14 12 14 12 8 23 14 15 12 21 11 27 11 21 3 9 12 5 12 8 18 6 18 26
23 8 10 24 18 10 28 10 2 10 1 22 11 22 7 22 7 25 16 1 26 13 26 18 27
15 12 9 3 26 10 12 9 20 2 10 2 24 3 21 3 9 12 21 3 24 28 24 3 21
4 29 0 23 18 8 0 23 8 12 21 3 24 2 1 28 24 2 10 8 11 25 3 26 1
25 3 17 3 21 25 7 25 7 22 28 18 28 12 10 26 1 2 10 26 1 16 20 5 18
2 10 1 10 2 24 3 21 3 24 2 24 18 24 10 28 0 28 10 24 18 27 13 2 10
28 0 28 14 12 14 9 20 2 13 27 18 21 18 5 18 5 17 5 12 10 28 24 9 24
25 7 25 16 19 16 25 28 14 15 14 26 13 27 21 11 22 1 13 2 11 21 18 26 18
29 1 10 1 26 13 15 13 15 13 15 13 15 14 13 26 3 26 14 15 22 3 25 28 12
9 20 9 12 21 18 26 3 21 25 16 22 21 18 11 18 28 18 19 16 1 13 27 11 27
19 16 21 18 8 0 8 23 18 8 10 8 11 17 25 11 21 16 1 16 27 11 22 1 29
3 22 15 4 15 22 28 14 23 8 12 21 25 3 17 3 26 14 15 14 23 0 29 4 15
15 13 1 29 1 29 1 16 27 13 14 12 15 12 15 5 17 3 22 28 25 17 25 3 21
22 1 29 1 10 1 26 14 0 29 4 15 5 15 12 5 15 5 15 13 15 4 15 13 15
1 22 1 2 10 24 2 11 22 1 2 24 18 19 6 18 6 16 19 6 19 18 24 9 12
8 10 1 10 18 10 12 9 19 16 1 10 12 9 14 26 18 27 13 27 13 14 0 23 8
23 0 29 0 23 14 12 21 25 28 18 5 12 9 3 9 19 16 25 7 22 15 12 21 22
26 1 29 4 15 13 2 24 3 21 3 17 25 16 25 7 22 3 17 11 18 6 18 26 18
7 25 17 3 24 2 1 22 11 8 0 29 4 29 0 14 15 12 8 10 26 14 0 28 18
11 25 7 25 28 14 0 23 14 28 24 9 19 6 19 18 21 22 21 25 3 17 25 3 26
10 12 14 0 23 18 27 16 22 16 25 7 25 16 27 16 22 3 25 21 3 26 13 14 15
22 15 22 7 25 17 3 21 27 11 17 3 25 7 25 28 1 13 1 10 1 26 14 28 25
17 11 2 24 18 23 14 15 12 21 12 8 23 18 11 25 21 3 21 12 8 18 8 12 14
24 3 17 11 17 25 7 22 28 24 10 8 11 25 21 22 3 21 22 1 10 8 11 25 3
27 18 27 16 19 6 19 18 26 18 24 10 12 9 20 5 15 4 15 13 26 1 10 1 2
13 26 18 27 13 2 11 21 16 22 1 29 4 29 0 8 23 18 19 9 20 5 12 5 20
14 0 14 13 27 18 6 19 9 19 16 22 7 25 28 22 16 20 2 10 28 10 24 3 17
6 19 18 21 3 17 21 18 23 18 24 28 24 28 10 1 26 1 28 22 21 27 16 25 21
5 20 16 1 10 26 14 28 12 10 1 26 13 2 20 2 24 9 3 17 21 17 21 25 17
4 15 4 29 0 8 11 25 7 22 21 11 2 10 12 15 13 1 16 27 13 15 5 18 21
21 3 24 18 23 18 5 12 15 22 16 19 18 24 10 2 11 8 23 14 9 19 6 18 27
20 9 24 3 17 5 17 5 17 3 22 28 1 2 10 12 14 12 10 1 13 14 26 13 14
12 9 14 9 24 2 11 22 16 22 16 21 27 18 19 9 3 22 11 22 3 9 24 28 22
2 11 8 11 17 3 17 11 25 21 16 21 17 25 7 25 3 26 1 2 1 16 27 13 1
16 21 22 16 22 11 2 1 26 1 29 4 15 4 15 4 15 14 23 18 19 9 20 5 17
18 27 18 8 10 18 5 20 5 12 15 5 17 3 21 18 19 18 28 22 21 18 23 14 0
26 1 29 4 15 12 5 20 9 14 23 0 23 18 19 9 20 9 14 12 15 4 15 13 27
11 17 11 18 24 10 26 18 28 24 9 3 21 16 1 28 25 7 25 3 25 7 25 7 22
3 22 1 29 1 29 4 29 0 8 23 0 8 0 8 11 17 11 2 10 1 13 26 18 27
13 15 22 3 24 9 24 2 13 15 13 14 28 24 9 12 5 15 4 15 12 10 2 24 10
22 15 5 20 9 14 15 13 2 24 28 12 8 10 26 18 19 6 18 10 2 24 3 26 3
25 3 24 18 10 12 10 8 11 2 10 1 16 21 18 19 16 21 11 21 12 21 18 10 24
24 9 3 24 28 0 14 13 26 14 13 14 0 8 12 15 14 13 26 10 28 0 28 18 11
21 12 21 12 10 28 0 29 4 15 4 15 5 15 22 3 24 2 11 27 16 6 16 19 18
18 19 6 19 18 23 0 23 14 28 1 28 1 2 1 10 8 11 18 10 12 21 18 8 11
8 23 14 26 1 28 24 2 1 10 18 6 19 6 16 19 6 16 22 28 12 15 12 8 10
16 21 3 22 16 21 16 20 9 3 24 10 2 24 28 25 16 25 11 17 21 16 25 11 8
4 29 4 15 14 9 14 23 0 8 18 19 9 3 21 22 3 26 13 1 13 15 12 8 10
5 17 25 16 19 16 25 21 16 19 9 12 15 4 15 14 0 23 8 0 8 23 14 28 22
28 1 29 4 15 13 1 16 6 19 18 5 18 21 16 25 28 12 10 28 14 12 9 12 14
7 22 28 14 13 2 13 26 13 26 13 2 11 2 24 2 10 8 18 10 12 9 20 2 20
17 25 16 19 6 19 9 14 13 1 13 2 10 18 11 8 10 1 28 1 2 20 2 10 12
12 9 20 9 3 9 24 2 20 9 19 9 3 9 3 24 2 11 27 18 10 24 2 1 29
23 14 12 9 3 17 3 25 3 21 25 17 25 7 25 11 8 23 14 15 5 20 16 25 21
6 16 20 2 13 14 12 8 11 25 11 25 16 20 5 12 9 19 6 18 5 17 5 20 9
20 16 27 18 6 16 25 28 18 24 10 12 8 12 9 3 21 3 9 19 16 19 16 19 6
15 4 15 22 3 25 11 21 3 25 3 25 7 22 7 22 21 22 28 18 19 9 24 2 10
14 0 14 26 3 22 28 24 10 18 19 6 19 18 19 18 21 16 20 5 18 26 3 25 21
10 12 28 0 23 0 8 10 24 2 24 9 3 21 11 2 24 2 10 28 10 18 10 8 18
27 16 22 3 22 7 25 7 22 7 22 1 29 4 15 4 29 1 28 10 12 21 12 9 12
25 17 21 25 28 14 9 3 21 27 18 24 28 24 2 11 18 28 22 15 14 13 26 18 6
19 9 14 15 5 18 26 18 24 18 24 9 12 10 26 10 26 18 8 23 18 5 17 11 27
29 0 8 11 25 17 3 21 3 26 3 17 21 22 3 22 7 22 21 11 25 7 25 11 21
1 16 19 6 16 19 9 19 6 16 19 9 12 21 27 21 17 21 17 21 22 7 25 7 22
2 20 2 20 2 1 28 1 29 4 29 1 22 21 11 27 13 14 0 14 26 18 19 6 19
9 14 28 12 28 25 17 3 22 7 22 21 25 28 22 16 19 18 11 25 3 21 17 25 21
16 1 16 19 16 27 21 17 21 25 7 25 21 18 21 12 14 9 12 9 19 6 18 24 28
5 18 5 15 22 3 26 1 22 21 3 22 11 2 11 2 13 2 24 2 11 25 3 9 20
17 11 21 11 22 28 25 11 22 7 22 21 17 25 21 17 25 16 1 13 2 10 1 26 18
29 4 15 5 12 10 18 11 2 24 10 28 24 10 18 5 18 5 20 2 11 8 10 2 11
18 28 18 5 12 14 13 26 18 23 14 15 4 29 1 10 2 1 2 10 24 28 0 28 22
4 15 4 15 22 7 25 11 8 0 8 12 8 18 24 18 26 13 14 23 0 8 23 8 10
23 0 29 0 28 25 7 25 21 12 5 18 21 17 3 26 18 10 1 2 13 14 0 28 18
14 0 23 0 28 25 17 21 22 15 13 27 18 19 9 24 28 25 28 12 14 12 21 16 20
7 25 17 5 20 2 24 3 17 11 18 26 14 26 3 26 18 26 13 27 13 1 2 11 2
1 10 24 3 22 11 17 11 21 11 25 16 6 19 18 11 27 21 27 13 27 13 26 18 19
24 3 22 3 21 12 8 18 10 1 10 2 13 27 11 27 11 21 22 7 25 16 27 16 25
15 12 21 18 8 0 14 12 15 12 9 19 9 14 23 14 23 18 21 27 13 15 5 15 4
20 9 3 17 21 11 2 24 10 8 11 27 16 20 16 1 13 26 3 26 18 19 9 12 14
11 17 21 16 20 5 15 4 15 22 7 22 28 22 28 1 29 0 23 8 11 25 17 25 21
8 10 28 14 15 22 15 4 29 0 29 1 28 12 15 12 21 3 21 11 18 5 17 5 18
25 17 25 7 22 7 22 7 25 21 25 3 24 10 1 28 24 2 13 26 18 27 21 17 11
14 0 14 13 2 11 18 27 11 27 18 24 10 2 1 2 10 28 24 10 18 11 21 11 8
26 1 10 18 5 12 21 3 9 20 5 17 21 27 13 27 21 27 16 27 18 23 8 10 1
22 11 18 19 18 26 10 8 12 21 16 6 19 9 19 16 20 16 21 17 25 28 12 14 23
28 14 15 12 15 5 12 21 3 22 7 22 28 14 23 14 26 10 18 21 3 26 10 18 10
12 14 15 5 18 26 18 11 18 6 16 21 3 25 7 25 21 17 11 22 16 27 13 15 4
6 19 9 20 2 24 10 8 11 22 11 8 12 5 12 8 10 28 14 23 0 28 24 9 14
9 24 10 2 24 10 26 10 26 18 21 3 26 1 29 0 8 0 14 28 18 21 16 6 16
13 2 13 2 10 12 14 12 5 20 2 24 18 24 28 12 5 18 21 11 27 18 11 25 17
19 18 11 2 24 18 6 19 6 18 10 8 0 29 1 26 14 0 8 0 29 1 16 20 16
27 21 11 22 16 19 18 27 18 24 3 25 3 24 28 10 1 22 11 22 3 24 3 24 2
10 24 28 25 17 25 16 6 19 6 18 6 18 26 3 9 20 16 25 28 12 9 20 16 19
2 10 26 10 12 14 13 1 16 27 13 27 11 17 11 22 11 2 10 28 22 21 11 27 18
3 17 11 21 22 16 19 16 25 28 25 28 24 18 11 22 21 25 16 6 18 23 8 0 29
21 22 16 6 16 25 11 17 3 25 28 10 8 18 8 11 25 28 25 28 24 9 12 28 12
6 16 27 13 2 1 26 13 14 0 28 18 28 14 13 2 20 2 24 28 10 12 15 4 29
7 25 7 22 3 22 1 22 21 11 8 10 28 12 8 11 8 18 24 3 9 12 14 0 14
1 2 24 2 10 24 2 13 14 13 1 10 1 28 25 21 22 16 20 16 1 2 11 18 27
12 14 0 29 4 29 0 8 12 14 12 15 5 17 25 28 25 17 5 17 11 25 17 11 8
16 25 11 2 10 28 24 28 24 9 12 15 12 9 24 9 20 16 27 16 22 15 13 2 1
17 11 27 18 21 16 6 18 19 18 21 12 9 14 9 12 28 12 9 14 28 12 8 11 18
11 17 11 8 23 18 27 11 27 11 21 27 18 28 25 11 17 3 17 11 2 10 2 1 26
25 17 25 16 6 19 9 19 16 1 28 10 8 10 12 21 17 11 22 15 4 29 1 10 2
26 1 16 22 7 25 21 27 16 20 5 17 25 16 22 7 25 16 1 10 8 23 18 19 6
8 12 5 18 23 18 6 19 18 19 16 20 5 18 27 18 10 8 10 28 22 28 24 18 10
23 14 28 25 28 0 8 11 2 11 2 10 24 2 10 12 5 12 5 20 16 21 27 18 19
14 15 13 15 14 15 14 26 13 2 13 15 14 15 4 15 12 14 26 10 26 13 1 10 1
24 18 24 18 27 21 25 17 5 17 25 17 25 28 25 21 17 25 21 11 27 21 18 23 0
19 9 24 28 18 11 22 3 25 7 22 7 22 21 17 25 17 25 16 27 11 18 11 18 6
18 19 9 12 10 8 23 0 29 0 14 26 14 26 1 28 25 7 25 21 27 13 14 9 14
22 11 22 1 2 10 12 15 12 9 20 2 20 2 1 10 2 13 1 29 1 22 16 22 16
13 26 10 26 18 27 21 27 16 22 28 22 1 29 4 29 4 29 4 15 12 14 13 27 18
27 21 11 17 21 17 3 25 11 17 3 24 18 24 2 11 25 21 18 10 12 10 24 18 8
2 11 18 8 11 18 10 1 29 4 15 14 13 15 5 18 11 25 3 24 28 1 29 1 29
4 15 13 27 13 26 14 0 29 0 8 12 10 18 28 25 28 22 1 13 27 16 21 18 23
5 20 16 19 16 27 16 20 2 24 3 26 18 6 19 9 24 18 6 18 26 3 17 21 25
21 17 11 25 3 21 12 14 26 14 26 13 15 14 15 5 20 5 20 5 15 14 12 10 26
15 5 17 11 27 21 25 7 25 11 21 11 18 5 18 23 0 29 1 22 1 10 26 18 10
20 5 15 13 15 4 15 4 29 1 13 27 21 16 25 17 5 12 28 12 15 12 10 28 14
3 22 16 20 2 24 18 6 18 19 6 19 16 6 18 26 10 26 10 24 9 12 5 18 28
29 4 29 0 29 0 28 1 26 14 23 18 10 24 3 9 19 9 19 18 23 8 10 12 9
28 10 18 5 15 12 15 4 29 1 28 22 11 25 17 3 22 21 3 21 25 16 1 26 13
7 22 1 29 0 14 9 19 9 20 16 25 16 22 11 17 21 18 21 3 9 19 9 24 28
9 19 16 20 16 6 19 6 16 1 10 1 10 26 1 2 11 2 1 13 1 22 28 18 10
10 24 9 12 28 12 28 10 12 5 20 9 12 15 13 26 13 1 13 14 0 29 0 28 25
5 17 3 9 24 2 1 13 26 13 26 1 26 1 13 27 13 14 13 26 13 15 13 27 13
20 16 1 28 12 14 0 14 28 0 29 1 29 0 28 0 29 4 15 4 29 4 15 22 11
10 18 10 18 24 2 13 14 26 13 27 11 25 7 22 21 3 24 18 24 18 8 18 23 8
19 6 18 8 23 8 0 8 18 28 24 28 0 29 4 15 5 15 22 16 19 6 19 9 19
11 25 16 1 29 1 10 28 24 28 10 1 2 13 15 22 11 2 20 16 20 9 24 10 28
17 21 12 28 22 3 17 11 27 13 1 16 1 13 27 21 11 2 10 1 16 21 17 5 18
13 27 16 1 29 0 8 23 0 29 1 13 15 13 14 28 25 11 21 3 21 17 11 21 27
24 18 23 18 5 12 9 20 5 15 14 15 22 21 18 11 18 11 18 19 18 23 0 14 23
3 21 3 21 11 21 16 27 21 27 11 22 11 21 18 21 3 21 17 21 17 25 11 17 21
29 4 29 1 26 1 22 21 18 26 3 9 12 9 12 14 28 18 5 12 15 5 17 3 22
12 21 11 25 21 11 8 12 5 18 26 1 2 1 10 24 28 10 28 18 5 18 28 14 23
28 18 6 18 6 16 22 7 25 7 25 3 24 10 2 11 17 21 17 11 21 17 11 2 11
25 17 21 18 26 13 27 13 15 22 28 18 28 12 15 5 17 21 16 21 3 22 28 0 28
26 10 12 14 23 18 19 9 19 6 19 18 28 24 10 26 14 28 0 29 0 23 18 19 16
6 19 9 24 9 20 5 18 27 16 6 18 19 6 16 21 27 11 8 12 28 22 28 14 9
9 3 25 16 21 22 11 22 28 14 0 23 14 26 13 14 26 1 16 20 9 12 8 18 21
21 25 3 9 14 23 8 18 27 13 1 2 11 21 27 11 8 23 0 23 14 13 2 20 2
2 13 15 4 29 0 14 0 14 0 29 0 14 9 14 9 24 28 18 10 18 28 10 1 26
28 24 18 5 15 22 11 22 11 21 18 11 18 24 10 12 14 9 3 25 16 1 22 28 12
16 22 16 21 16 1 29 4 15 12 10 24 10 1 10 24 18 21 16 27 11 8 18 5 18
23 18 26 18 23 18 24 28 25 7 25 28 12 21 17 25 21 16 6 16 19 6 19 18 6
8 0 29 4 15 12 14 12 9 20 5 20 5 17 21 17 25 7 22 21 11 21 25 7 25
27 11 8 0 8 0 14 13 15 22 1 10 28 14 15 4 15 4 15 14 9 3 21 12 5
7 22 3 22 11 2 10 24 2 10 28 0 8 0 8 23 8 18 24 2 13 1 28 24 3
1 26 14 28 25 21 3 24 9 14 0 23 18 26 14 15 14 28 10 26 18 6 19 16 27
4 29 0 28 12 9 12 9 3 9 12 28 24 3 25 21 25 16 21 25 16 21 17 21 25
18 10 12 8 12 14 13 14 9 3 25 11 18 6 16 27 18 28 0 29 4 15 14 13 1
14 13 26 14 13 27 11 18 27 21 25 17 3 24 3 17 11 21 27 13 14 12 8 10 2
15 13 1 29 4 29 0 14 28 25 16 21 12 5 15 4 15 13 14 9 19 6 18 11 8
22 28 0 28 25 17 21 3 22 1 28 14 26 3 26 1 10 26 3 21 12 10 18 21 18
3 22 3 26 3 22 3 26 13 14 26 18 10 12 21 11 22 28 22 1 10 26 14 0 28
11 18 26 18 24 3 26 1 13 14 15 14 13 14 26 1 10 24 28 12 21 27 13 1 16
21 27 21 11 22 16 20 16 25 21 27 13 26 10 18 10 12 8 0 28 14 26 13 14 26
25 28 12 10 28 14 9 20 16 6 16 6 16 20 9 19 18 5 17 5 15 14 23 14 26
10 12 21 25 11 22 1 28 10 28 12 8 23 0 23 8 0 28 25 17 25 3 22 15 12
6 19 6 16 20 16 6 18 27 13 1 22 11 2 24 18 10 26 1 29 0 8 0 8 18
5 15 12 21 3 25 11 27 11 27 16 22 7 22 15 13 1 10 8 23 14 9 20 5 18
26 18 8 18 26 3 17 3 9 3 22 7 25 16 19 9 14 9 24 9 20 5 20 9 24
22 7 22 1 28 24 10 18 26 13 1 13 1 28 0 28 24 3 21 22 11 17 21 17 11
18 6 19 6 18 21 17 21 25 3 9 12 15 5 15 14 12 14 23 0 28 10 1 2 10
19 16 20 9 19 6 18 23 8 12 9 14 15 12 15 13 26 1 16 21 27 11 2 11 25
9 24 9 14 13 27 21 22 16 25 11 2 1 26 13 15 13 2 1 26 10 8 0 8 11
16 21 12 21 16 27 13 14 15 13 2 11 22 21 11 25 17 5 18 26 18 5 17 5 17
1 22 3 17 11 8 10 8 18 27 21 12 5 17 3 25 11 2 10 18 11 25 28 24 2
28 12 21 11 2 11 18 19 6 19 18 6 19 6 18 19 6 19 18 10 24 2 1 13 14
27 13 15 22 16 1 16 1 29 1 10 28 1 28 18 10 26 18 5 17 11 22 7 22 28
15 22 16 19 9 20 16 22 16 6 19 6 16 27 11 17 21 17 11 25 7 25 28 12 9
17 5 18 10 2 1 29 4 29 0 14 0 28 0 29 1 2 1 2 13 27 21 17 5 12
24 3 24 28 24 10 1 10 18 19 16 21 18 26 18 10 26 13 14 12 5 12 15 5 20
7 25 3 17 11 22 15 14 28 1 10 8 12 21 22 21 12 15 4 15 13 14 15 14 26
2 1 26 1 28 25 11 21 11 18 8 10 18 19 9 19 6 18 10 18 23 8 11 21 25
20 2 13 14 12 10 28 14 13 27 18 10 18 27 21 18 21 18 10 18 23 18 11 25 3
8 0 29 1 28 24 28 10 12 8 0 23 8 18 8 0 8 0 28 25 3 22 28 25 21
29 0 8 18 28 0 29 4 15 13 27 16 1 26 1 16 6 16 20 5 18 10 2 13 27
4 29 0 29 0 14 9 20 9 19 9 3 17 11 18 10 28 24 2 20 9 3 21 22 1
23 0 14 12 5 20 2 20 2 13 14 28 10 24 10 28 24 28 18 5 20 2 20 5 12
13 1 26 14 12 28 25 28 22 1 22 28 18 26 14 9 14 0 23 18 21 25 21 12 14
12 5 15 5 17 25 28 14 0 29 0 14 23 0 29 1 22 7 22 21 22 1 29 1 10
14 28 10 2 1 10 2 11 22 7 22 1 2 10 24 18 10 18 19 6 18 19 18 10 8
27 16 22 15 4 29 0 29 0 29 0 23 18 27 21 11 2 24 10 28 25 7 22 15 14
28 14 28 1 2 20 9 19 9 14 15 4 29 0 8 10 8 10 26 3 25 3 17 5 20
11 25 28 14 15 12 28 12 9 20 5 12 28 14 23 8 12 21 18 19 16 25 21 17 21
27 21 25 7 25 11 22 11 17 21 25 7 22 15 4 29 4 15 4 29 1 29 1 26 13
24 10 26 13 2 10 26 3 21 18 21 18 5 15 22 15 14 9 14 0 28 14 13 15 12
12 15 12 9 12 8 11 2 20 16 6 19 16 25 16 20 5 15 22 7 25 21 22 11 27
9 12 14 12 14 0 29 4 15 4 29 4 15 5 12 28 12 15 5 18 19 16 19 16 19
6 19 9 12 9 12 21 3 9 14 0 8 23 8 12 10 8 12 21 25 17 21 18 8 23
15 4 29 4 29 1 10 1 26 10 24 28 0 14 15 4 15 13 15 12 9 14 15 12 15
26 18 27 11 2 1 28 24 18 26 18 8 23 0 14 23 0 8 0 23 14 9 3 22 16
3 21 3 9 24 9 14 15 14 23 14 26 14 9 20 16 27 11 8 10 1 13 27 18 10
23 18 27 11 27 18 26 18 24 28 1 16 22 28 12 9 19 9 19 16 22 16 25 3 25
21 17 3 21 11 8 11 25 21 18 6 16 21 12 28 18 23 14 9 19 18 21 27 16 22
17 3 17 3 24 28 0 8 10 12 9 12 14 28 14 28 18 6 18 11 25 11 18 19 9
10 1 10 2 13 26 1 29 0 28 1 16 1 2 1 29 1 26 13 26 18 5 18 27 18
25 21 3 22 28 10 8 11 18 23 0 28 22 11 18 10 12 15 12 10 28 12 14 23 8
22 21 17 3 25 11 21 25 28 12 21 16 19 18 11 22 21 11 25 21 25 3 9 20 16
13 1 22 11 17 3 25 16 19 16 1 16 27 16 1 2 1 2 24 18 19 16 20 9 3
10 2 10 12 8 23 8 0 14 26 13 14 9 19 6 16 27 13 15 22 7 22 28 0 28
8 12 5 12 5 20 9 24 28 18 5 12 14 28 22 15 5 17 21 27 18 11 27 13 15
18 21 27 11 8 11 17 11 2 20 9 12 8 23 14 12 10 2 11 8 0 29 1 10 1
14 26 1 13 1 22 28 24 9 14 23 14 15 12 8 10 1 26 14 0 23 0 8 18 26
20 2 11 18 8 11 22 15 14 9 24 3 9 12 8 11 18 19 9 12 8 10 12 21 25
2 11 25 28 12 15 22 1 22 11 17 21 22 7 22 7 22 21 16 6 19 9 24 18 23
1 26 14 23 8 10 26 18 24 28 12 14 15 4 29 4 15 22 21 18 8 18 10 1 28
19 9 3 25 21 11 25 7 22 11 18 8 0 23 18 26 10 18 5 18 6 18 10 12 9
16 6 16 20 2 10 8 23 18 11 25 11 22 15 22 28 1 22 28 10 8 12 9 24 28
7 25 21 3 9 20 5 12 21 22 3 25 28 25 3 22 11 22 7 22 3 22 16 1 2
29 1 26 1 16 20 9 24 28 12 9 14 26 18 21 16 1 2 20 16 6 16 1 16 6
5 17 3 24 28 14 28 10 26 14 23 8 12 28 22 11 22 15 12 9 20 16 25 3 24
4 15 4 15 14 0 28 12 5 17 11 25 11 27 11 8 10 12 5 12 8 12 9 3 25
10 24 9 12 9 3 9 19 9 20 5 12 14 0 8 23 0 23 18 24 2 13 1 29 4
12 5 20 2 10 26 18 6 18 19 16 6 19 9 14 15 5 20 9 20 5 15 5 12 8
17 3 24 10 26 13 26 10 12 21 18 19 9 20 16 20 9 20 9 14 9 24 2 20 9
1 10 24 2 24 2 1 16 25 17 5 18 19 16 25 7 22 16 27 16 21 22 16 21 16
7 25 3 24 2 24 3 26 3 22 7 22 11 22 15 4 29 1 10 2 11 2 1 16 6
3 9 12 15 4 29 4 15 14 9 12 21 16 1 28 1 16 20 5 15 5 18 10 2 24
26 13 14 9 3 9 19 6 16 25 16 27 13 15 12 15 13 26 1 26 18 21 27 21 11
24 18 24 28 10 2 13 15 22 11 8 18 23 18 28 22 11 27 21 27 21 3 22 16 20
15 5 18 21 11 2 13 14 12 8 23 14 13 27 11 2 10 2 11 22 28 1 13 2 10
18 28 1 10 18 23 8 10 8 23 14 9 12 14 0 28 10 8 12 5 15 5 17 25 3
23 18 10 26 10 2 1 22 11 18 26 14 0 23 8 23 14 23 18 27 13 26 3 21 3
8 23 18 21 17 21 27 18 10 24 3 21 22 11 18 28 0 14 9 12 28 24 28 18 26
19 16 6 18 27 21 25 16 22 11 22 28 10 12 5 17 21 18 10 8 0 14 13 2 20
22 15 5 17 5 12 10 2 10 1 26 18 28 10 1 28 18 19 9 14 13 15 14 26 1
2 11 21 16 27 21 22 28 12 9 20 9 14 15 22 1 22 21 11 25 21 22 11 25 3
4 29 4 15 4 15 13 1 16 20 2 1 22 28 10 26 13 2 1 29 0 23 8 0 28
13 2 24 10 8 23 14 28 10 24 2 20 9 24 2 24 18 10 12 15 4 15 12 15 13
28 0 23 0 28 14 13 14 15 13 15 13 14 13 27 21 16 27 21 25 17 21 3 21 22
27 11 27 16 19 6 18 11 21 11 21 11 17 11 27 13 2 10 1 16 1 10 12 5 15
20 2 13 26 14 13 27 21 16 25 28 22 28 0 14 23 14 13 27 13 27 16 6 16 20
29 4 29 4 29 1 10 1 2 1 16 6 19 18 11 8 11 17 21 18 8 10 28 18 21
5 15 5 17 5 12 8 11 2 13 2 10 24 3 26 10 12 15 12 5 15 22 7 22 11
14 12 28 22 1 29 4 15 22 16 20 9 14 26 10 24 9 12 28 18 24 3 22 15 12
6 19 6 19 6 18 19 9 19 16 25 16 19 6 16 25 11 17 21 11 8 0 14 28 12
11 18 6 18 10 24 28 0 23 18 19 9 20 16 6 18 11 18 23 18 5 17 25 11 22
9 19 16 20 16 1 13 2 20 5 12 21 11 17 5 20 9 19 6 16 22 15 12 14 9
16 6 16 20 2 20 2 20 16 21 18 6 16 21 22 7 25 21 3 25 17 3 22 15 4
4 29 0 28 10 12 5 15 22 1 2 11 17 5 12 28 1 10 26 13 15 4 29 4 15
25 28 24 28 1 26 18 10 12 5 20 16 6 16 20 5 15 13 14 9 14 12 15 22 3
21 18 19 16 19 9 12 21 22 28 10 26 14 9 14 15 5 12 14 28 22 3 9 24 3
