2 1 26 3 17 21 12 9 19 16 19 9 14 15 4 29 0 28 25 11 8 12 21 12 15 5 12 15 22 15 22 16 21 11 8 10 8 18 6 19 6 19 6 16 27 13 27 21 27 16
12 10 8 10 12 15 5 15 22 16 6 19 9 14 28 25 21 22 1 29 0 14 23 0 28 12 15 14 13 26 3 22 7 22 21 27 11 25 7 22 11 8 10 18 21 11 27 16 1 29
11 8 0 29 4 15 22 3 22 1 2 13 1 22 1 29 1 28 18 10 12 9 19 9 24 3 24 2 24 28 0 14 13 26 13 2 11 21 27 11 21 22 1 16 1 16 25 7 25 11
28 0 28 0 14 23 14 26 13 1 29 4 15 12 8 0 8 11 18 8 23 18 8 18 26 3 22 11 21 22 21 22 1 2 1 10 12 28 24 2 11 2 11 27 13 2 24 28 25 16
17 11 17 11 25 28 14 0 29 1 28 0 23 0 14 0 8 11 17 11 27 18 8 18 24 9 3 17 25 21 17 25 11 25 21 11 2 20 5 18 23 18 6 18 8 18 11 22 3 21
5 20 5 12 8 18 19 18 23 18 26 1 2 24 3 17 25 17 3 21 27 16 22 15 4 29 1 10 26 13 1 26 18 28 18 11 22 28 14 9 3 25 3 26 10 1 28 22 16 22
13 2 10 12 21 27 11 27 21 11 17 21 16 22 15 12 14 9 24 28 0 23 18 8 18 11 22 3 25 16 19 18 28 25 21 12 28 0 8 12 9 24 2 20 5 20 9 24 2 13
24 18 26 10 18 23 0 8 23 14 26 3 21 17 21 12 15 5 18 8 23 18 28 12 21 17 5 17 21 12 10 28 22 16 27 21 17 5 15 14 9 3 9 24 9 19 6 19 18 27
21 25 7 22 28 24 2 13 14 23 18 6 19 18 19 9 20 9 12 14 9 20 9 19 9 20 9 12 9 20 2 13 1 10 12 21 27 21 12 15 5 12 14 12 5 18 24 9 12 10
29 1 29 0 8 11 18 19 9 20 2 20 9 24 9 3 25 16 21 22 1 22 7 25 11 18 24 3 21 27 11 17 5 18 26 14 0 29 4 15 12 8 12 9 24 28 14 12 5 18
3 24 18 21 16 21 22 15 14 15 22 3 17 21 17 5 18 10 18 5 12 10 12 15 13 27 13 1 13 26 1 16 20 9 12 10 18 21 22 28 1 10 28 10 18 26 10 26 10 28
20 5 15 22 3 25 3 17 25 21 16 20 2 11 25 16 27 18 24 28 22 1 16 20 9 20 9 19 18 5 20 5 15 14 0 28 0 14 23 14 23 0 29 1 29 4 29 0 29 1
18 21 17 5 12 21 3 25 17 21 18 28 0 8 12 21 16 19 6 18 26 18 24 3 25 16 6 19 9 20 2 13 1 13 27 13 15 12 5 20 5 12 21 11 8 10 12 8 23 8
1 13 14 0 14 9 24 9 14 12 8 18 19 18 10 12 15 13 2 11 22 28 25 28 1 10 2 24 10 24 3 21 16 1 16 27 16 19 16 25 16 6 16 19 6 18 8 23 8 0
9 12 28 1 16 20 2 13 2 13 2 11 25 28 25 21 25 11 17 25 11 8 12 14 15 13 26 3 24 2 24 2 20 5 20 5 17 5 15 12 28 25 11 18 28 24 3 9 12 9
22 16 20 5 12 10 24 10 8 11 17 25 17 21 17 5 15 4 29 0 8 0 14 13 2 13 14 23 0 28 10 28 10 2 20 9 20 16 21 17 25 28 12 9 3 24 28 10 1 22
27 13 27 18 11 17 11 2 10 1 22 15 4 15 4 29 0 8 11 21 12 10 24 10 8 10 24 9 19 6 18 23 18 11 17 21 17 3 21 17 25 21 18 11 18 10 12 9 19 16
15 5 18 10 2 11 2 20 9 14 9 24 28 14 13 27 13 15 13 15 13 2 1 13 15 22 7 22 7 25 16 1 2 1 29 4 29 4 29 1 22 3 25 11 21 25 17 21 11 8
25 17 5 18 5 18 23 8 18 26 14 0 29 0 14 23 8 23 8 23 14 15 5 20 5 12 14 28 14 23 8 11 25 21 17 25 17 5 18 11 17 21 3 26 1 10 28 1 2 1
5 18 6 18 8 23 8 12 8 18 19 9 19 18 10 26 13 1 16 6 19 18 24 18 21 18 28 0 8 0 8 10 1 10 8 0 8 0 29 0 28 14 23 18 23 14 26 18 8 23
23 18 8 0 8 18 5 12 9 12 14 9 14 28 22 11 27 13 27 21 17 25 11 2 11 17 5 20 5 18 26 10 18 28 12 8 12 8 0 8 10 26 13 1 2 10 2 1 26 13
26 3 25 16 25 16 22 21 11 8 10 26 18 27 11 21 16 22 21 25 3 17 3 17 21 17 5 15 4 29 0 8 11 18 10 26 10 28 10 12 14 28 22 28 25 3 22 3 26 1
4 15 12 21 18 10 18 8 18 11 21 16 19 9 3 21 27 16 19 16 21 16 20 5 18 28 25 28 18 27 13 14 23 14 28 12 15 13 26 10 1 22 28 10 2 24 2 11 18 8
14 26 3 9 3 9 3 22 11 22 21 16 27 16 6 18 26 18 8 0 8 12 10 2 24 3 25 11 21 17 25 3 26 1 29 1 28 14 26 10 26 3 21 11 18 21 18 8 0 28
8 10 28 10 28 24 2 10 18 10 8 12 14 12 14 26 3 24 9 3 9 20 5 18 23 0 8 18 23 8 0 14 9 14 28 18 11 27 11 21 25 28 14 15 5 15 13 14 0 14
16 1 28 0 14 28 18 23 8 12 28 24 2 13 2 11 21 25 3 22 11 2 13 1 22 7 22 21 27 16 6 16 27 13 26 3 22 21 17 3 26 14 12 21 27 11 2 13 15 12
10 24 2 20 2 10 2 20 9 12 14 15 13 15 12 8 0 14 23 18 19 6 18 28 25 16 22 28 18 10 28 1 26 18 24 3 17 11 21 3 24 28 14 23 18 21 22 28 12 9
19 9 3 17 3 9 14 13 2 24 3 26 3 21 12 14 0 29 4 15 22 16 27 13 27 21 3 24 2 10 8 18 11 18 23 0 28 12 9 14 12 15 13 2 20 5 12 5 17 21
7 22 28 14 13 27 16 27 11 27 11 21 27 11 8 10 2 24 28 10 24 10 12 14 13 1 10 26 10 2 24 28 1 2 10 8 18 5 17 11 2 1 29 4 29 1 13 27 21 3
6 16 6 16 27 21 16 21 11 27 13 14 9 3 24 10 18 26 14 26 14 12 8 12 9 24 10 1 16 21 12 28 14 13 15 14 26 10 24 9 3 21 27 16 20 5 17 11 21 22
