2 1 26 3 17
12 28 10 8 12
11 22 7 22 16
28 14 9 24 9
17 3 22 3 9
5 18 5 12 8
13 26 3 17 11
24 28 14 9 20
21 17 21 17 5
29 1 13 27 11
3 24 2 1 29
20 5 20 16 20
18 27 13 2 11
1 13 27 21 18
9 3 25 7 25
22 28 25 21 22
27 11 27 11 18
15 12 8 12 10
25 11 22 16 19
0 29 0 29 0
23 18 24 2 20
26 18 8 0 29
4 15 5 17 21
14 9 20 9 3
8 12 8 0 29
16 20 2 20 2
10 26 14 0 28
19 6 19 16 1
7 25 16 25 11
6 16 20 5 18
3 9 14 23 14
22 16 21 22 1
24 28 0 29 0
26 14 15 12 5
27 18 26 1 16
12 15 14 26 13
1 2 13 27 13
7 25 3 9 3
23 14 13 2 24
6 18 8 18 26
21 16 25 7 25
13 27 21 22 21
9 3 9 3 26
28 12 28 24 2
16 22 1 22 28
11 17 5 12 21
10 12 8 11 17
2 24 18 26 13
8 11 2 20 16
25 28 22 1 22
29 0 14 0 8
17 11 17 11 27
19 18 8 18 24
14 23 0 14 26
4 15 14 23 18
20 16 6 16 19
5 17 25 16 27
20 2 11 17 25
15 12 15 4 29
18 26 3 9 24
1 26 18 24 9
18 27 16 21 11
25 16 21 11 25
12 28 1 26 18
13 27 16 21 18
8 12 14 9 3
7 25 17 25 7
20 2 13 26 1
15 12 15 5 15
27 13 27 21 16
17 11 27 21 11
3 17 21 16 22
10 18 24 3 25
23 0 29 0 23
22 28 10 26 1
14 26 1 28 18
24 10 26 18 24
11 25 7 25 28
4 15 13 26 14
16 19 9 24 10
9 14 13 14 23
28 14 15 13 1
29 0 14 15 22
21 12 14 15 13
6 16 22 7 25
10 8 23 18 28
5 15 14 15 5
19 16 25 21 16
26 13 15 12 28
2 24 18 10 8
26 3 24 28 10
27 18 23 0 28
6 18 19 18 6
21 27 18 19 9
19 16 25 7 25
20 2 20 9 19
28 10 24 3 25
16 27 11 2 20
8 18 24 10 8
4 29 0 8 11
23 8 0 28 25
11 21 16 20 16
7 25 3 9 14
9 12 15 14 12
29 4 15 14 23
3 26 18 11 25
13 27 18 11 25
5 12 14 12 14
22 16 20 2 20
2 20 2 10 8
1 28 0 8 18
14 13 14 9 19
18 24 18 19 16
25 7 22 21 27
15 14 26 18 27
12 14 0 14 12
12 14 23 14 26
24 9 12 28 12
17 25 21 3 9
10 12 10 24 10
27 18 6 16 27
18 27 16 21 25
9 19 18 11 17
29 4 29 1 16
29 0 14 15 5
14 13 2 1 26
8 12 21 25 21
13 15 12 21 3
7 22 11 21 27
12 15 13 26 1
3 24 3 17 25
6 16 25 3 17
1 26 10 24 2
26 14 26 13 26
23 18 8 18 23
16 25 17 11 18
4 15 13 1 26
28 24 28 18 28
17 25 3 22 21
10 12 9 24 3
20 2 24 3 9
11 21 27 11 8
2 24 3 24 2
21 25 3 24 3
22 7 25 16 21
15 4 29 4 15
19 18 26 18 11
24 2 10 12 8
25 21 16 19 16
5 20 5 20 2
25 17 3 22 7
1 2 1 10 2
8 23 18 26 1
16 22 11 2 24
7 25 7 25 28
17 25 21 18 21
24 10 2 10 8
15 14 26 3 25
10 12 8 10 28
29 0 14 13 1
27 18 10 26 3
12 14 26 3 24
13 27 18 19 9
26 14 15 4 29
25 17 11 27 21
3 17 25 3 25
20 2 20 5 20
28 25 7 22 11
9 14 28 25 11
14 13 27 18 10
4 15 5 15 12
23 8 23 14 13
21 18 21 12 15
22 7 22 21 25
6 18 10 12 8
2 11 2 1 2
18 8 18 23 8
11 18 11 22 1
19 18 28 10 28
5 15 4 15 4
11 18 24 2 24
15 13 14 12 15
13 1 13 1 22
18 11 8 18 10
25 7 22 1 22
23 14 12 10 24
7 25 21 12 10
12 15 12 28 0
22 28 24 10 18
3 17 21 17 3
27 16 21 27 16
2 11 18 10 12
19 9 19 16 19
24 10 12 8 11
9 24 9 14 28
8 0 29 4 29
17 21 27 13 27
4 15 13 15 13
16 27 13 1 13
5 18 28 10 12
10 8 12 21 3
14 0 8 12 10
6 18 24 28 18
1 28 25 3 25
29 1 22 28 1
21 25 21 11 17
20 16 1 28 24
26 3 24 18 24
20 2 20 2 10
28 18 8 23 8
8 0 28 10 18
5 20 5 18 11
17 5 18 5 12
28 1 29 0 29
13 14 12 21 11
14 28 10 18 10
24 10 2 20 9
21 16 27 18 10
1 28 22 3 25
12 10 2 20 16
18 24 18 21 18
25 28 0 8 0
9 3 17 3 26
29 4 15 5 12
20 2 1 2 13
19 18 5 17 21
7 25 21 17 25
4 15 22 28 10
16 1 2 20 2
6 16 19 9 14
23 0 23 18 21
22 11 27 13 27
26 14 15 14 15
4 15 12 9 12
11 17 21 17 11
2 24 3 25 16
27 21 18 6 16
10 26 13 1 2
3 26 10 1 26
15 13 2 24 10
20 5 17 21 25
1 2 10 2 10
8 12 14 12 9
12 8 11 8 0
24 9 12 10 26
13 14 28 10 12
11 21 25 17 11
17 25 11 25 3
29 1 29 0 23
2 13 14 13 26
23 8 18 5 20
3 22 7 22 3
25 11 17 11 17
14 15 22 15 5
15 5 15 13 27
28 25 28 18 27
5 15 12 15 14
6 18 21 27 16
27 18 24 9 3
17 11 27 21 3
18 27 11 21 16
7 22 21 16 6
4 15 4 15 13
26 3 21 22 11
19 18 11 8 12
22 21 27 13 1
10 1 29 0 29
9 3 26 3 25
16 22 15 12 14
21 16 21 17 21
18 21 11 25 7
20 16 19 18 26
17 11 18 19 16
5 15 5 18 11
13 2 11 25 7
29 4 29 0 8
11 17 21 25 3
15 4 29 0 8
28 12 8 11 27
7 25 11 27 11
22 15 13 27 13
6 18 8 23 18
24 9 3 17 3
8 12 5 15 22
12 15 13 26 18
2 13 15 4 29
19 9 14 15 13
4 15 13 2 1
21 22 3 24 2
26 18 24 2 24
14 15 14 9 3
3 22 11 18 21
9 19 16 6 16
16 1 13 15 4
27 11 25 16 22
1 26 1 29 4
25 7 25 21 12
10 18 11 25 16
2 11 8 0 14
23 14 28 18 6
10 8 10 24 9
1 2 20 9 14
27 18 21 22 28
11 18 27 16 19
14 9 12 5 12
2 11 18 8 23
4 15 12 14 12
20 9 20 2 11
21 25 7 25 11
15 14 26 14 12
8 18 21 27 16
29 1 13 26 10
5 15 13 27 18
23 8 10 24 3
26 10 26 3 24
22 7 22 1 22
7 25 3 25 16
3 25 17 11 21
17 21 12 15 12
18 10 24 9 3
6 16 6 19 18
25 16 22 28 12
19 16 20 2 1
24 10 18 27 21
13 2 13 2 11
9 12 9 20 2
12 15 12 5 12
24 18 27 16 22
16 20 2 24 18
28 0 8 0 8
8 11 25 17 5
9 3 22 7 22
5 18 26 1 16
28 25 21 11 27
29 1 16 25 17
19 18 19 16 21
24 2 11 21 16
15 14 13 27 16
4 29 1 26 10
1 26 13 1 26
3 24 3 25 16
12 9 12 21 18
10 1 29 1 22
11 8 23 14 9
14 26 10 8 23
26 14 0 28 22
23 0 28 1 29
27 21 25 16 25
13 27 21 16 6
21 25 17 11 17
22 15 4 15 13
6 19 16 1 2
16 22 15 12 28
18 11 8 12 10
17 21 27 18 26
25 16 25 28 22
22 3 26 13 27
7 22 11 22 11
20 5 17 11 21
2 13 14 12 14
10 1 22 7 25
19 16 20 9 20
7 22 1 29 0
4 15 14 26 1
3 25 7 22 21
22 21 11 18 27
6 18 8 12 21
28 22 1 28 1
23 18 21 17 11
26 10 2 20 9
27 11 2 13 26
2 10 26 10 26
9 12 9 24 18
24 28 12 5 15
15 5 17 25 16
8 18 28 0 14
1 16 1 10 1
16 21 16 20 16
25 16 22 7 25
21 12 9 12 14
29 4 29 4 29
14 13 1 29 4
5 18 21 22 7
17 21 18 26 14
23 18 5 18 8
11 8 11 8 11
18 19 18 24 2
13 27 18 8 12
12 9 20 16 19
20 16 1 16 1
17 5 15 12 21
28 14 0 23 18
5 18 28 14 0
22 3 22 1 13
6 16 27 11 25
14 26 1 22 1
16 1 29 0 14
9 12 10 1 22
24 28 14 13 15
20 5 20 16 25
13 14 13 1 13
23 14 23 18 24
12 9 12 15 22
8 18 5 15 5
10 8 11 18 5
1 28 24 18 24
18 11 27 18 24
3 26 3 9 12
26 14 28 14 12
25 3 26 3 22
21 22 28 24 18
7 22 21 25 17
27 11 27 13 1
29 4 15 4 29
0 29 4 15 12
11 27 11 21 27
4 15 14 15 13
19 9 19 9 12
2 13 26 13 2
15 5 18 28 18
24 9 14 0 14
1 26 14 13 1
3 9 20 5 17
8 23 8 23 8
17 5 20 9 24
4 15 14 26 3
29 0 8 18 5
19 16 1 26 3
25 7 25 28 18
10 8 23 8 23
6 19 9 3 25
28 22 15 22 16
2 13 2 10 8
13 15 5 15 12
7 22 1 13 27
23 0 29 0 28
21 22 15 14 26
22 28 22 7 22
20 16 21 25 11
14 12 14 12 9
27 13 26 14 15
20 16 25 3 22
16 27 21 27 21
11 22 11 8 0
12 8 0 8 0
15 22 11 2 11
9 14 0 8 18
26 3 21 16 1
18 8 0 8 23
5 17 11 8 23
20 2 24 28 0
8 11 21 12 15
5 18 6 19 9
17 3 22 15 13
25 3 9 24 28
16 20 2 1 22
14 23 18 19 16
19 18 24 3 24
27 11 18 19 9
28 18 26 10 2
18 5 18 6 19
1 28 14 13 14
26 3 22 11 17
2 20 9 3 26
22 15 22 15 12
15 12 9 3 25
3 21 27 13 26
11 21 17 21 25
10 8 12 14 15
9 14 26 14 9
12 28 24 9 19
29 4 29 0 8
24 9 20 5 17
21 25 16 21 25
13 1 2 1 28
28 0 28 24 18
4 15 22 11 2
23 18 24 28 1
7 25 16 27 18
6 18 11 18 27
21 11 17 11 22
8 0 28 24 18
17 25 11 17 3
14 13 14 26 1
26 18 24 2 10
16 19 18 28 14
12 10 2 11 25
13 2 24 10 1
28 14 26 1 26
10 2 1 13 14
18 26 18 8 10
23 14 12 15 5
27 13 14 0 29
15 5 17 3 9
22 1 28 14 23
3 21 18 8 18
20 16 22 3 24
6 19 18 23 8
19 9 19 9 24
29 4 15 5 17
1 26 10 26 14
7 25 11 17 3
11 8 11 2 13
4 15 5 15 4
5 12 21 18 11
24 28 10 2 11
14 9 19 16 6
2 24 3 25 21
9 19 6 19 16
25 11 2 1 22
11 27 11 8 0
9 14 12 10 28
17 21 27 16 1
22 11 21 16 22
4 29 0 23 0
16 6 16 1 13
1 10 8 0 28
26 14 15 22 11
15 13 14 26 1
10 28 10 28 22
14 15 12 21 12
20 16 6 18 19
24 3 9 24 9
3 24 2 10 2
12 8 11 18 23
25 16 19 6 19
6 18 8 11 21
29 4 29 0 23
27 16 27 16 21
5 12 21 17 25
13 15 22 1 2
7 25 3 26 10
2 11 18 6 18
21 3 25 3 9
8 11 25 17 25
28 12 28 14 26
29 4 29 4 15
18 5 12 21 25
23 14 28 12 21
19 16 6 18 11
25 3 17 3 17
2 11 17 5 20
4 15 12 9 14
6 19 16 19 18
29 1 16 20 2
23 18 28 18 27
9 19 18 6 18
12 28 0 28 22
14 28 10 18 5
19 6 18 28 0
17 25 21 3 21
5 12 9 3 25
26 3 25 3 21
11 21 16 1 13
1 22 16 1 26
3 24 18 11 17
18 26 13 26 10
22 3 24 9 19
4 29 0 28 14
10 2 13 15 14
13 14 23 8 23
28 1 16 25 16
8 23 0 23 8
15 13 1 10 1
7 25 17 11 17
20 5 12 21 16
21 17 11 2 11
27 16 19 18 23
24 10 26 3 22
16 20 2 20 5
5 12 5 20 9
15 12 21 3 24
27 18 8 18 5
18 10 12 21 16
4 15 12 5 15
8 10 12 10 18
23 14 13 27 16
13 27 18 10 28
2 24 10 24 28
26 13 14 13 26
28 24 10 26 14
14 13 14 13 15
19 9 14 0 29
7 25 11 27 18
6 18 6 19 16
29 1 2 11 18
20 9 20 9 19
17 11 8 18 23
1 28 0 8 0
4 29 4 29 0
21 12 28 10 24
3 25 21 3 22
25 17 25 21 25
10 24 18 11 25
9 24 18 27 16
11 2 1 26 14
12 9 20 9 19
24 2 24 3 9
16 27 18 28 18
22 1 26 1 26
23 0 14 15 4
2 13 15 4 15
28 12 21 11 25
25 21 12 5 17
12 28 22 16 21
3 22 7 22 1
4 29 0 23 14
19 6 18 23 8
20 16 1 13 2
18 26 3 24 18
1 10 18 21 22
26 18 21 25 7
15 22 11 8 18
29 1 16 21 3
7 22 16 6 18
24 3 22 1 29
25 7 22 21 3
21 18 5 18 21
9 14 13 26 3
5 18 19 18 24
13 15 13 14 28
8 10 28 14 12
14 26 3 17 25
6 16 25 16 22
22 3 25 3 17
17 5 15 22 1
11 25 17 3 25
27 21 25 21 27
10 26 14 9 12
16 1 22 11 17
20 2 1 13 14
3 9 3 25 28
15 4 29 4 15
28 12 5 18 27
25 16 25 21 18
11 18 24 10 1
5 20 9 14 9
10 12 9 3 22
12 14 12 5 15
12 8 18 27 13
21 22 21 22 3
14 23 14 23 18
22 11 22 16 21
9 19 16 19 6
24 28 12 5 12
17 3 22 11 18
6 19 18 24 3
23 8 12 9 20
26 13 27 18 8
7 22 21 17 21
1 13 1 26 3
27 16 22 11 2
8 11 27 11 27
13 2 20 9 14
16 19 16 21 11
4 29 1 2 20
19 6 19 16 1
29 4 15 14 9
18 26 18 10 28
2 11 17 5 12
19 6 16 22 11
3 25 17 21 3
27 11 2 24 3
18 19 6 19 9
9 19 9 12 28
25 17 11 8 12
17 3 26 14 26
13 2 1 29 4
21 17 11 8 23
7 22 28 14 28
10 24 10 2 24
24 18 21 11 17
22 15 14 12 8
8 23 14 9 12
28 10 8 23 0
12 8 18 6 16
14 13 26 13 2
14 26 14 9 19
1 22 7 25 7
11 25 11 8 0
6 19 16 25 28
5 15 4 15 22
15 5 18 19 9
29 4 29 1 13
4 15 4 15 13
16 6 19 9 14
23 14 0 23 14
2 24 18 27 13
20 5 15 5 18
26 13 15 13 26
16 1 29 4 15
5 20 9 12 9
28 1 22 3 25
21 11 17 11 21
19 18 10 12 10
9 24 2 20 2
10 24 18 26 18
24 10 1 26 3
25 7 22 7 22
12 15 12 15 22
26 14 26 18 27
14 23 0 29 1
18 23 18 11 8
27 11 17 3 22
11 22 21 18 28
8 18 19 16 6
4 15 14 26 10
29 0 23 14 26
1 2 10 8 12
2 20 16 20 16
3 9 14 28 10
26 14 0 29 4
6 16 1 2 20
23 14 9 24 9
15 13 14 12 5
17 25 21 27 13
22 3 24 18 10
20 9 12 21 3
13 15 13 14 0
7 25 28 25 21
2 1 29 1 26
16 1 22 28 10
11 17 3 17 21
6 19 6 16 27
13 26 1 28 18
3 9 3 9 3
12 9 14 0 29
29 4 29 0 28
19 9 12 8 18
23 14 12 9 19
26 13 26 1 13
15 22 28 25 3
28 0 23 8 12
21 3 21 11 22
7 25 21 25 7
4 15 14 13 14
1 26 13 2 10
5 20 2 10 26
14 26 10 24 28
22 16 21 25 11
10 2 1 13 2
9 20 9 14 9
20 2 10 26 18
17 11 22 11 2
24 2 13 1 26
11 17 25 28 24
8 23 0 14 0
27 13 2 13 14
25 28 24 9 24
18 26 10 12 8
13 14 0 14 28
18 19 9 19 9
22 11 2 24 2
23 8 18 24 9
16 25 17 25 3
26 13 26 14 13
5 12 28 10 18
3 25 17 5 20
20 9 3 21 11
14 28 18 24 9
15 22 7 22 1
11 22 11 22 16
25 17 5 17 5
18 8 10 1 16
1 2 10 18 23
29 0 14 12 28
21 27 11 22 3
12 14 13 15 22
24 28 14 9 14
19 6 18 8 10
10 24 18 26 18
27 16 25 7 22
6 19 9 14 0
7 22 28 14 13
4 29 4 29 0
28 10 24 2 11
2 24 10 18 6
8 11 22 21 16
9 19 18 11 17
17 3 17 21 12
