0 1
2 3
4 5
6 7
8 9
7 10
11 12
13 14
15 7
16 8
17 18
19 7
20 21
22 21
7 23
24 25
26 7
8 27
21 28
29 21
30 31
31 32
33 7
34 35
7 36
37 21
21 38
39 8
40 41
42 43
21 44
45 21
46 47
35 48
42 49
8 50
51 52
53 7
54 55
56 21
57 58
58 59
60 58
61 54
62 63
64 65
66 64
64 67
68 59
69 70
71 64
58 72
73 74
13 75
54 76
77 76
78 76
76 79
76 16
80 44
73 81
73 44
82 83
84 82
77 85
85 78
85 79
85 86
87 24
46 88
89 90
89 91
92 93
94 95
96 97
97 5
98 99
100 89
101 89
102 89
103 89
89 104
89 105
106 92
107 108
108 109
110 111
112 113
114 115
116 45
117 116
118 119
119 95
119 120
92 121
29 121
122 123
124 125
126 124
127 128
129 130
81 131
132 131
131 86
131 133
131 134
135 136
137 138
139 140
54 140
140 141
128 92
142 143
144 143
145 143
146 147
146 148
149 150
151 152
104 153
154 32
52 155
155 156
157 35
158 159
160 161
151 162
151 163
164 165
166 167
159 24
9 168
169 168
170 171
172 168
173 174
173 13
175 24
176 16
170 5
90 177
178 79
179 180
181 182
183 184
115 185
49 177
177 186
177 187
188 189
190 189
90 189
191 192
189 37
189 39
193 189
104 189
194 195
194 196
163 189
194 197
194 198
194 33
199 194
200 201
202 203
204 205
194 206
194 193
9 207
45 208
200 209
52 210
45 210
26 207
211 212
213 214
152 215
216 215
215 217
218 22
212 219
219 220
221 136
222 223
218 224
66 225
100 218
218 163
222 226
28 227
228 92
46 228
9 227
229 230
79 231
77 231
232 233
234 235
234 52
234 236
237 238
239 240
53 241
35 242
241 10
15 241
33 241
24 243
244 9
244 5
244 245
244 246
244 247
244 248
244 249
244 104
244 250
244 184
244 22
251 244
244 74
244 252
253 244
244 132
37 244
254 244
255 244
256 244
257 258
244 259
166 244
260 244
244 186
261 262
57 261
261 263
264 261
265 249
266 24
267 24
268 269
261 270
24 271
272 132
272 273
265 274
255 265
275 276
220 277
277 278
46 279
280 281
282 275
283 275
71 284
285 184
285 9
35 286
287 288
289 290
291 15
285 152
285 150
292 293
291 294
291 295
291 39
291 296
297 52
24 298
299 300
104 301
301 273
15 301
9 301
301 184
22 301
57 301
16 301
250 301
301 150
252 301
28 301
301 302
301 141
301 37
39 301
303 301
172 301
301 44
301 270
304 92
10 305
301 306
259 301
100 301
90 307
308 309
309 26
310 127
311 307
229 312
295 307
307 127
313 196
314 315
316 317
318 316
319 316
9 320
321 322
9 313
323 86
324 325
326 327
320 26
77 323
323 78
323 92
79 323
328 329
24 328
328 133
328 330
331 332
333 331
334 328
335 336
104 336
337 336
336 9
336 66
186 336
336 295
336 338
90 339
340 341
342 343
344 345
339 346
339 347
339 348
339 60
339 0
339 15
339 59
5 339
349 339
339 134
339 350
105 339
237 339
136 339
351 339
264 339
339 352
339 353
354 339
355 339
169 339
356 339
339 104
357 339
358 339
339 250
263 339
325 339
339 359
360 339
339 57
339 361
362 339
339 363
364 339
365 339
366 339
367 339
24 339
339 368
369 339
370 339
371 339
29 339
372 339
165 339
373 339
339 28
374 339
375 376
377 264
377 15
377 0
377 378
379 63
376 380
152 376
360 377
377 263
381 377
377 250
377 356
377 104
169 377
377 44
382 377
83 377
84 377
377 67
377 37
295 377
377 256
28 377
199 377
9 383
377 259
377 384
334 377
377 163
385 377
377 386
387 377
377 186
274 388
388 389
24 388
46 390
59 391
383 259
383 186
383 255
28 383
5 383
188 392
0 393
392 206
392 394
392 66
132 392
392 252
392 296
392 360
395 392
396 397
353 396
5 396
396 90
46 398
399 400
401 136
402 403
404 405
46 406
92 406
396 45
407 396
396 408
396 37
396 409
410 396
411 412
411 188
5 411
411 413
46 414
415 416
417 92
363 418
418 340
90 418
411 419
420 411
411 274
411 421
411 193
389 411
411 118
411 24
411 422
423 424
46 425
426 37
95 426
249 427
428 429
430 28
411 431
432 411
411 433
434 435
436 223
437 102
438 9
224 439
439 90
322 440
441 442
443 444
445 434
446 447
446 448
449 450
451 39
250 451
451 273
452 163
453 37
453 362
454 455
456 455
455 457
455 458
92 459
460 259
460 100
461 460
460 141
144 460
462 460
9 460
463 245
463 90
92 464
407 465
466 24
467 92
46 459
253 463
250 463
463 104
10 463
358 463
463 346
9 463
463 37
295 463
150 463
251 463
463 296
463 28
463 100
463 163
224 463
463 344
468 463
463 270
302 463
469 470
470 471
81 470
470 30
470 32
470 472
399 463
473 37
46 474
250 475
10 475
46 476
477 152
13 478
46 479
480 481
482 187
483 39
483 91
250 484
358 484
46 485
486 487
488 118
46 489
490 481
484 491
133 131
247 244
246 244
241 10
245 244
244 5
264 261
244 250
248 244
244 9
104 244
9 285
281 280
273 272
278 277
275 276
15 301
291 15
292 293
250 301
311 307
305 10
301 273
9 301
301 104
115 185
307 90
158 159
114 115
328 133
320 9
316 319
196 313
9 313
9 336
330 328
331 333
332 331
60 339
337 336
104 336
340 341
349 339
15 339
339 354
339 264
339 59
339 5
352 339
339 353
339 358
357 339
0 339
134 339
250 339
237 339
350 339
355 339
339 104
339 348
339 356
136 339
347 339
339 90
339 169
9 492
346 339
339 359
351 339
339 105
493 340
494 495
171 496
497 496
498 90
9 499
500 250
501 502
501 503
60 504
504 136
505 504
506 330
504 348
273 504
507 508
509 13
510 5
511 512
13 511
325 339
513 104
513 9
324 325
13 514
515 250
516 136
486 516
517 516
9 518
518 5
518 90
316 318
519 504
9 520
250 521
522 9
522 104
523 13
522 5
524 522
525 13
526 9
527 526
410 528
529 90
530 247
530 531
104 532
104 533
9 533
136 534
534 535
9 536
276 537
538 10
539 540
5 541
134 537
537 422
410 537
537 429
542 537
543 537
169 537
537 359
346 537
537 544
545 537
537 60
546 537
353 537
537 237
537 450
537 547
548 537
537 549
537 550
551 537
246 537
537 552
553 537
554 537
356 537
537 555
90 537
556 537
537 263
537 557
325 537
537 355
558 263
263 339
261 263
559 537
560 0
561 558
562 264
292 563
564 187
5 565
13 566
567 0
568 569
570 351
564 5
497 564
196 571
570 353
570 325
572 570
570 169
570 264
276 570
318 573
91 574
575 9
576 570
577 5
577 578
579 580
581 582
250 583
573 250
573 9
583 395
5 584
104 585
60 585
586 585
587 5
588 589
590 591
592 505
592 593
594 585
377 104
250 377
377 381
376 318
595 378
246 585
596 120
597 596
596 598
599 9
5 596
392 188
0 393
391 59
9 383
5 383
377 356
377 169
377 0
377 264
263 377
377 378
377 15
405 404
396 397
396 90
392 395
396 410
396 353
136 401
5 396
5 411
413 411
412 411
90 418
17 18
418 340
411 422
411 188
16 301
16 76
429 428
9 438
439 90
424 423
176 16
600 57
57 339
57 58
261 57
16 8
504 601
8 27
339 361
301 57
460 9
462 460
455 458
222 223
443 444
436 223
449 450
250 451
273 451
511 223
478 13
250 463
9 463
463 10
463 245
358 463
463 90
463 346
104 463
484 358
484 318
484 250
250 475
187 482
91 483
10 475
486 487
602 250
602 57
9 602
602 60
602 505
5 603
377 360
360 339
537 360
500 360
392 360
26 309
26 320
26 7
604 605
318 602
339 365
365 537
340 606
570 607
429 608
450 609
429 609
610 16
611 16
612 559
613 614
207 26
615 616
5 617
618 619
620 90
620 104
196 620
619 351
5 621
91 622
623 624
625 623
621 273
318 623
623 10
623 355
623 60
9 623
104 626
9 626
626 136
623 505
486 627
57 627
136 628
57 629
458 630
363 631
363 339
418 363
195 623
632 9
5 633
103 89
194 195
364 339
537 362
362 453
608 362
339 362
457 455
537 634
457 537
630 457
634 635
262 261
636 522
368 339
537 637
507 637
328 24
87 24
24 411
638 639
456 537
456 630
455 456
298 24
640 24
641 24
388 24
642 24
643 24
591 24
24 271
266 24
644 24
24 537
24 620
24 339
175 24
645 24
24 646
647 24
24 159
243 24
24 494
24 25
24 506
24 648
649 60
24 267
650 24
651 24
24 466
24 652
630 24
367 537
653 654
470 472
199 194
377 199
361 655
562 656
0 657
367 657
339 367
366 339
264 658
12 659
660 572
124 126
187 661
662 663
664 665
663 91
661 263
660 276
325 660
660 456
196 660
660 60
660 552
660 359
666 250
273 666
505 660
660 457
9 666
667 362
667 546
667 250
104 666
60 666
318 666
668 120
24 669
5 670
671 24
671 133
671 5
672 350
673 188
16 674
675 24
669 676
371 339
537 371
0 677
678 679
679 624
60 679
361 680
13 681
682 24
683 450
684 136
685 90
686 596
378 687
596 688
689 690
13 691
590 692
693 429
693 0
694 26
695 696
263 697
698 699
582 700
410 701
263 694
702 24
703 701
704 705
705 263
706 24
707 708
709 710
711 712
712 273
90 713
712 136
15 712
712 5
712 9
26 714
250 715
715 318
716 190
9 717
13 718
719 502
717 325
720 450
429 720
169 721
90 722
0 723
724 725
726 703
24 727
728 5
597 728
355 729
729 9
722 724
730 24
273 731
12 732
733 5
12 734
735 5
736 120
12 737
738 732
739 737
740 737
360 741
90 736
736 397
736 263
736 422
742 325
743 744
741 5
24 745
450 746
742 524
105 742
590 742
742 264
747 742
273 748
9 748
749 330
24 749
133 749
497 750
9 750
156 751
752 695
751 190
5 753
444 754
711 754
755 191
5 755
755 24
756 5
427 249
757 5
244 249
758 105
249 537
269 759
268 269
627 249
249 513
249 760
249 265
537 370
370 566
761 269
530 762
339 370
95 660
570 95
370 763
764 95
95 765
504 95
426 95
94 95
95 596
95 712
95 715
537 369
369 339
119 95
95 585
766 95
767 369
768 769
731 770
770 620
771 770
22 301
772 22
23 7
773 774
22 244
218 22
22 492
22 515
22 570
22 670
679 22
21 22
22 775
22 776
494 22
596 373
579 22
373 339
541 373
339 165
657 373
129 130
165 164
183 184
184 667
301 184
660 777
778 720
21 20
244 184
184 285
660 779
20 523
779 537
780 585
635 781
300 299
182 181
182 782
200 201
537 372
780 783
784 785
339 372
127 742
328 329
127 310
307 127
537 127
127 128
596 127
660 118
127 496
411 118
118 633
570 86
786 86
488 118
118 537
118 119
323 86
660 86
131 86
85 86
742 86
619 86
86 787
788 537
788 518
789 790
791 723
791 573
33 623
33 194
33 7
33 537
792 214
579 214
33 241
33 499
214 213
626 793
794 214
795 214
796 214
579 253
253 533
63 679
379 63
63 62
244 253
463 253
72 58
748 797
798 799
198 194
194 197
32 800
32 154
470 32
801 32
31 32
537 32
800 30
802 367
801 30
30 31
275 283
537 30
802 580
30 470
803 804
373 802
339 29
29 21
29 705
29 805
806 13
121 29
509 29
537 29
339 374
29 807
808 374
29 513
694 374
809 767
374 620
374 810
204 661
28 301
504 28
383 28
28 377
28 585
28 562
811 28
783 28
496 28
28 339
204 205
204 623
28 712
296 812
28 430
463 28
227 28
21 28
602 28
28 729
677 28
463 296
813 814
301 252
123 122
296 392
537 296
814 533
815 296
291 296
816 296
296 817
818 339
818 736
41 40
620 252
504 252
751 252
819 252
252 339
392 252
537 252
244 252
411 389
389 820
389 388
620 821
822 785
396 409
409 518
620 822
409 537
79 742
79 85
786 79
79 178
79 231
620 389
566 389
389 679
573 389
79 323
79 766
79 823
537 79
736 824
76 79
494 825
826 371
234 235
528 827
342 707
562 824
244 74
342 537
342 343
137 138
335 537
335 336
339 335
537 74
73 74
74 339
74 570
251 751
251 679
251 620
251 665
251 742
537 828
829 830
650 74
251 463
828 513
251 815
251 758
831 150
150 301
150 655
504 150
149 150
463 150
251 832
251 339
251 244
150 285
150 833
160 161
160 537
326 327
460 144
144 620
144 143
666 150
537 834
620 834
160 713
336 338
282 275
193 194
835 836
193 189
193 411
106 92
837 838
839 92
759 92
840 92
92 841
842 92
92 843
128 92
92 844
845 92
92 829
417 92
786 92
92 761
464 92
92 304
846 92
847 92
92 467
92 835
92 848
849 92
406 92
92 339
734 92
92 850
459 92
92 323
93 92
228 92
92 851
852 92
853 92
92 813
854 92
855 92
742 92
92 856
857 92
794 92
573 39
509 39
451 39
39 301
291 39
484 39
92 121
666 39
483 39
39 189
39 496
858 39
8 39
39 602
256 736
256 513
377 256
256 526
679 256
504 39
256 731
859 255
255 860
861 255
256 244
255 383
256 570
255 265
641 255
255 244
255 513
579 255
255 862
336 295
504 295
295 805
719 255
295 537
255 751
291 295
679 863
339 864
295 307
295 463
484 295
295 377
295 339
837 865
865 866
537 867
868 869
867 623
38 21
37 339
537 37
37 377
865 599
244 254
870 871
872 339
37 800
453 37
244 37
37 579
694 37
37 504
37 620
473 37
873 37
37 509
786 37
463 37
874 37
426 37
37 189
537 875
37 705
301 37
21 37
670 37
37 396
301 141
537 141
875 339
141 560
585 141
140 141
717 141
876 141
339 141
533 141
277 220
220 219
877 141
679 141
692 141
460 141
878 253
832 220
64 67
377 67
408 736
879 269
255 878
245 878
879 92
396 407
407 742
396 408
117 116
587 117
407 620
434 435
660 880
465 407
881 882
537 880
301 302
463 302
883 537
761 883
883 766
302 623
270 339
270 504
302 723
504 302
463 270
884 812
270 261
270 620
301 270
421 742
421 411
530 885
716 885
600 886
96 510
97 96
887 888
36 7
712 96
274 513
274 537
265 274
388 274
411 274
274 679
157 35
48 35
274 889
890 274
667 274
504 274
891 35
759 35
892 35
537 35
35 286
893 894
813 35
35 895
242 35
35 34
614 35
736 896
897 894
896 667
646 896
339 898
78 323
899 900
78 76
85 78
415 416
901 339
902 294
294 537
294 291
46 849
46 47
46 88
46 459
46 892
46 903
46 425
46 479
46 761
46 485
46 228
46 904
46 905
46 855
46 906
46 476
46 414
46 907
46 844
46 879
46 851
46 908
46 398
46 909
46 390
46 910
46 911
46 406
46 912
46 850
46 913
46 279
46 914
46 841
46 614
46 915
46 916
46 917
918 919
46 920
46 474
46 489
132 244
484 919
694 132
515 132
537 132
570 132
805 132
339 132
132 272
921 596
132 670
132 392
131 132
132 742
922 339
537 923
924 923
923 339
84 596
315 314
733 925
926 925
315 805
84 585
377 83
84 82
377 84
751 927
211 212
585 83
596 83
82 83
219 212
77 323
928 77
537 77
77 786
77 716
77 76
504 69
69 70
231 77
929 69
77 85
69 496
930 484
500 930
173 174
511 174
682 930
530 382
614 931
468 537
468 932
468 339
468 463
490 481
481 480
377 382
933 934
480 935
461 484
484 930
919 484
295 484
484 39
484 318
602 9
936 937
5 603
938 893
893 894
484 50
602 28
57 602
318 602
250 602
602 505
60 602
939 940
941 651
24 651
606 340
29 807
79 823
602 50
602 39
942 943
944 943
913 46
939 945
939 946
142 614
290 614
614 931
46 614
35 614
614 613
296 815
92 852
819 152
819 252
16 611
46 912
612 559
163 815
251 815
644 24
46 904
853 92
947 948
610 16
949 334
648 24
950 951
899 900
609 952
609 45
609 450
429 609
650 953
650 74
24 650
196 620
620 90
362 608
429 608
891 35
804 803
24 643
252 620
620 374
770 620
620 24
620 104
389 620
620 821
822 620
620 270
407 620
620 37
834 620
620 144
251 620
351 619
618 619
620 100
620 432
954 620
5 617
619 385
955 619
86 619
92 794
214 794
260 873
37 873
615 616
9 623
92 854
621 273
5 621
622 91
10 623
505 623
623 355
623 60
623 204
623 33
623 195
625 623
623 318
624 623
623 419
45 623
623 302
867 623
623 239
53 623
148 623
623 260
334 623
628 136
956 787
627 486
57 627
86 787
249 627
855 92
46 855
57 629
389 820
957 322
626 9
767 369
767 809
104 626
626 136
626 958
626 306
959 626
793 626
35 895
374 808
926 925
960 54
632 9
118 633
633 5
932 468
54 961
630 24
630 456
630 457
458 630
150 655
655 361
649 394
649 60
653 654
785 822
784 785
657 0
385 846
846 92
659 12
658 264
962 152
49 657
963 657
657 373
367 657
664 665
662 663
663 91
964 965
92 786
786 79
86 786
251 665
187 661
46 916
966 54
77 786
786 37
660 196
552 660
661 204
661 263
359 660
660 505
276 660
660 60
95 660
660 456
660 457
660 325
660 572
118 660
660 779
777 660
967 660
968 660
969 660
880 660
660 86
273 666
666 60
666 9
260 660
666 150
666 318
250 666
104 666
666 81
666 239
39 666
667 546
668 120
970 971
100 666
667 274
184 667
667 362
250 667
667 896
671 24
133 671
5 671
667 259
670 22
670 5
672 350
22 775
46 905
81 670
670 132
37 670
857 92
419 669
24 669
669 676
972 905
677 44
677 28
677 0
675 306
675 24
92 840
46 909
845 92
166 674
674 16
294 902
816 296
725 724
673 973
673 188
681 13
930 682
682 24
296 817
361 680
480 935
448 683
450 683
681 54
22 679
624 679
679 678
679 60
251 679
679 389
63 679
141 679
863 679
679 256
679 469
679 974
274 679
90 685
690 689
255 861
378 687
399 684
684 975
684 44
136 684
849 92
684 976
46 849
693 0
374 810
692 141
590 692
13 691
977 385
77 928
429 693
860 255
263 697
696 695
691 978
374 694
694 26
263 694
698 699
979 694
694 132
37 694
969 702
702 24
39 858
46 903
582 700
410 701
703 701
706 24
705 704
708 707
29 705
37 705
263 705
710 709
342 707
90 713
100 705
163 705
705 967
713 160
968 705
712 136
712 711
15 712
5 712
9 712
813 92
814 813
813 35
712 95
712 28
831 150
214 792
712 273
714 26
163 712
96 712
22 772
715 250
95 715
13 718
251 832
220 832
832 980
502 719
255 719
715 318
717 325
717 9
717 152
717 399
717 334
190 716
885 716
805 29
717 141
716 77
805 132
169 721
764 95
805 334
805 45
805 315
805 295
868 869
723 302
723 791
723 0
724 722
759 269
722 90
811 981
811 28
759 35
759 92
720 778
450 720
429 720
982 81
399 811
892 35
862 255
703 726
728 5
597 728
887 888
727 24
924 923
983 720
9 729
731 256
731 770
273 731
24 730
984 985
46 892
733 186
733 925
733 5
46 908
986 987
729 163
209 729
729 28
355 729
737 739
12 732
732 738
735 322
735 5
734 92
12 734
66 988
120 736
736 90
770 771
737 989
12 737
737 740
408 736
736 256
736 824
818 736
263 736
422 736
736 397
990 736
991 736
992 736
736 993
736 994
954 736
896 736
746 448
746 450
46 911
745 24
995 322
360 741
741 5
736 2
260 736
264 742
590 742
742 105
747 742
742 524
877 141
743 744
742 407
742 92
251 742
79 742
86 742
742 127
742 325
996 742
260 742
992 742
742 81
742 102
742 45
742 132
421 742
133 749
330 749
399 742
742 163
742 997
992 749
24 749
251 751
751 252
156 751
751 190
797 748
748 273
748 9
216 998
751 102
420 751
927 751
751 255
46 851
92 851
695 752
812 884
812 296
765 95
755 24
191 755
5 755
839 92
750 497
750 9
753 5
756 5
800 37
30 800
800 32
754 166
754 444
754 711
251 758
105 758
255 859
890 274
5 757
756 186
13 806
373 802
367 802
580 802
46 841
841 92
255 878
878 253
878 245
826 371
92 847
999 1000
580 1001
1002 777
274 889
46 879
879 92
879 269
788 1003
1003 410
174 1004
1004 13
334 1005
0 1
252 339
251 339
339 74
339 335
339 818
141 339
339 875
339 37
872 339
864 339
295 339
92 339
468 339
922 339
923 339
339 132
339 901
339 898
339 270
339 955
339 50
339 1006
1007 339
339 375
339 403
1008 339
339 1009
339 956
339 1010
339 1011
339 946
303 339
339 344
996 339
260 339
339 1012
172 339
339 1013
148 339
339 259
339 399
339 975
1014 339
339 56
163 339
339 209
445 339
385 339
339 945
494 825
494 22
494 24
495 494
492 22
492 9
528 827
528 410
339 306
172 496
496 44
69 496
496 39
496 28
496 127
497 496
496 171
1015 494
340 493
102 1016
306 496
501 503
502 501
790 789
491 500
930 500
360 500
500 250
504 60
348 504
781 635
634 635
90 498
499 33
499 9
322 1017
504 150
252 504
28 504
504 95
601 504
504 519
504 505
504 273
504 136
504 308
71 504
69 504
274 504
270 504
302 504
504 37
504 295
39 504
507 637
507 508
504 975
1018 504
1019 504
322 1020
798 799
507 334
1021 507
506 24
506 330
1022 101
1022 102
96 510
510 5
1023 239
13 509
843 92
511 226
54 511
511 174
223 511
511 13
512 511
9 513
881 882
938 509
37 509
39 509
509 29
828 513
513 29
513 249
104 513
260 513
513 102
274 513
255 513
256 513
641 255
24 641
486 516
172 1024
163 513
22 515
250 515
897 894
516 517
516 136
518 9
518 90
514 13
865 837
837 838
866 865
515 132
795 214
919 918
1025 461
521 250
409 518
788 518
518 5
13 523
646 1026
646 152
646 322
896 646
646 24
22 776
520 9
9 522
182 782
842 92
523 20
522 5
524 522
256 526
527 526
9 526
69 929
522 1027
522 636
522 104
530 247
13 525
796 214
526 152
526 969
526 1028
92 829
829 830
104 532
530 1029
382 530
530 885
762 530
531 530
163 534
535 534
136 534
363 631
1030 1014
90 529
533 253
533 104
533 9
100 536
536 9
385 1031
1032 1033
10 538
533 100
533 141
814 533
540 539
290 1034
24 647
1035 239
600 886
57 600
537 555
549 537
90 537
541 373
5 541
547 537
552 537
537 550
537 346
537 545
537 134
429 537
237 537
276 537
537 551
60 537
537 450
537 246
537 544
556 537
553 537
537 542
557 537
537 543
537 554
537 355
537 169
548 537
537 325
537 422
537 359
537 356
546 537
537 353
410 537
537 360
537 559
537 263
365 537
362 537
537 637
456 537
634 537
457 537
537 367
537 371
249 537
537 370
537 369
24 537
779 537
537 372
127 537
537 118
32 537
33 537
788 537
537 30
537 29
537 79
342 537
537 252
296 537
409 537
335 537
537 74
537 828
834 537
537 295
537 867
537 37
160 537
883 537
537 274
537 875
141 537
880 537
537 923
35 537
537 77
132 537
294 537
979 537
537 420
537 956
468 537
537 1028
537 1019
1036 537
537 1008
537 1037
537 1038
537 955
992 537
969 537
537 81
537 66
537 65
996 537
260 537
172 537
1013 537
946 537
940 537
537 303
399 537
537 454
1039 537
385 537
945 537
1040 871
871 870
46 910
950 537
263 558
561 558
645 24
46 850
92 850
562 264
46 761
883 761
761 92
761 269
952 558
292 563
562 824
28 562
656 562
46 920
469 1041
638 639
150 833
1042 1041
1043 179
308 1043
766 883
79 766
766 95
141 560
560 0
92 856
141 876
934 933
385 766
956 766
370 566
566 13
46 844
92 844
24 640
567 0
566 54
566 389
54 1044
66 1044
152 569
569 568
768 769
1045 1046
46 914
5 565
564 5
187 564
652 24
642 45
24 642
576 570
570 276
774 773
196 571
497 564
570 353
169 570
570 351
264 570
22 570
570 95
570 607
570 325
572 570
256 570
570 74
86 570
142 1047
570 385
570 50
308 570
570 132
577 420
577 578
5 577
946 577
577 940
577 65
172 577
579 214
22 579
579 580
577 206
945 577
9 575
579 37
255 579
579 253
1048 783
783 28
780 783
575 100
574 91
783 163
1049 53
30 801
32 801
306 1050
604 605
92 835
835 836
9 573
573 250
318 573
791 573
573 39
573 389
583 395
573 100
583 250
46 917
370 763
581 582
584 5
587 5
117 587
54 1051
593 592
592 505
46 907
46 906
591 24
591 590
249 760
588 589
46 915
585 594
585 586
60 585
585 246
585 95
104 585
780 585
28 585
141 585
585 84
387 585
83 585
585 1006
9 599
585 172
599 865
596 120
92 848
597 596
5 596
596 686
688 596
598 596
95 596
596 373
596 127
921 596
596 83
596 84
596 50
874 37
596 54
378 595
318 376
2 3
273 451
516 136
76 16
707 708
96 97
176 16
141 140
307 295
290 289
930 500
339 1011
104 336
504 295
504 1018
504 60
534 535
814 533
558 561
579 214
66 1044
46 459
141 460
90 418
486 627
90 713
362 667
5 712
805 45
983 720
797 748
255 751
252 751
300 299
22 772
824 736
193 189
46 907
284 71
1032 1033
60 58
9 8
7 6
7 15
5 4
68 59
59 58
91 89
5 97
13 14
11 12
13 75
120 119
111 110
89 105
90 89
99 98
136 135
89 104
131 134
7 10
7 19
169 168
145 143
155 156
104 153
177 187
173 13
168 9
170 171
170 5
90 189
190 189
177 90
192 191
104 189
215 217
9 207
188 189
196 194
202 203
15 241
237 238
136 221
227 9
1034 290
290 289
339 1011
1010 339
783 1048
614 290
956 787
956 537
956 339
956 766
45 210
45 208
64 71
284 71
504 71
1045 1046
21 45
45 642
45 742
45 396
308 504
308 570
623 45
45 116
609 45
308 309
805 45
461 1025
308 1043
460 461
484 461
1033 1032
411 420
420 577
751 420
537 420
537 979
979 694
44 73
1015 494
44 684
44 301
21 44
677 44
80 44
377 44
1028 526
537 1028
496 44
788 1003
410 1003
13 1004
174 1004
1001 580
620 954
1002 777
953 650
1009 339
954 736
871 1040
1038 537
102 742
102 437
102 751
936 937
102 89
102 1016
513 102
978 691
102 1022
403 402
403 339
1022 101
1037 537
537 1008
1008 339
89 101
419 669
411 419
623 419
339 375
375 376
287 288
756 186
383 186
244 186
336 186
186 177
673 973
484 491
491 500
832 980
312 229
733 186
230 229
905 972
142 614
142 1047
186 377
142 143
66 225
1042 1041
737 989
736 994
239 240
1036 537
239 1035
1023 239
623 239
1019 537
1019 504
666 239
81 742
215 216
216 998
43 42
66 537
336 66
988 66
66 1044
66 64
392 66
646 322
339 1007
947 948
124 125
442 441
131 81
982 81
73 81
670 81
81 666
537 81
470 81
941 651
377 387
387 585
735 322
322 995
322 1017
321 322
957 322
322 440
322 1020
339 1006
987 986
736 993
233 232
585 1006
952 558
952 609
504 1018
657 963
992 749
537 992
742 992
992 736
660 969
7 53
969 702
537 969
53 623
241 53
53 1049
969 526
152 819
152 477
215 152
285 152
646 152
152 569
152 962
152 717
52 210
52 155
52 51
376 152
152 151
526 152
52 297
257 258
736 991
52 234
646 1026
974 679
433 411
339 955
8 50
50 339
1000 999
50 570
602 50
596 50
484 50
339 148
971 970
411 431
955 537
620 432
377 386
619 955
411 432
968 705
537 1013
623 148
522 1027
148 146
339 1013
705 967
660 968
496 172
967 660
537 172
172 585
172 168
172 339
943 944
990 736
172 301
577 172
172 1024
1012 339
260 537
260 513
244 260
260 660
260 742
339 260
470 471
996 339
996 742
623 260
260 736
260 873
996 537
166 674
754 166
112 113
984 985
943 942
746 448
448 446
683 448
244 166
108 109
166 167
108 107
537 65
65 64
577 65
742 997
345 344
344 463
344 339
224 218
339 303
1021 507
303 537
301 303
657 49
49 177
316 317
463 224
224 439
939 940
938 893
49 42
530 1029
983 720
509 938
577 946
946 537
339 946
940 537
946 939
577 940
385 1031
385 377
939 945
945 577
537 945
339 945
385 619
385 537
385 570
339 385
385 846
385 977
385 766
218 163
742 163
729 209
445 434
209 200
234 236
339 445
339 209
163 712
163 452
783 163
463 163
163 729
163 513
151 163
189 163
163 705
377 163
1041 469
469 679
815 163
163 534
339 163
469 470
100 89
100 463
56 21
339 56
811 981
100 573
100 218
666 100
100 536
620 100
705 100
446 447
100 533
100 460
100 575
301 100
1051 54
1044 54
537 1039
146 147
681 54
76 54
55 54
960 54
566 54
54 61
54 961
54 966
511 54
140 54
596 54
684 975
394 392
1014 339
626 959
1030 1014
649 394
537 454
455 454
975 339
975 504
0 1
399 684
399 742
2 3
2 736
399 339
400 399
463 399
399 811
717 399
334 507
334 949
537 399
377 334
334 805
392 206
623 334
334 328
717 334
334 1005
384 377
950 537
951 950
206 577
222 226
206 194
511 226
259 244
460 259
376 380
339 259
259 383
301 259
626 958
965 964
667 259
151 162
259 377
140 139
306 626
306 339
496 306
306 301
1050 306
306 675
179 1043
976 684
180 179
37 504
302 504
504 270
308 504
69 504
71 504
507 508
504 1019
504 1018
975 504
637 507
507 1021
506 330
334 507
798 799
322 1020
506 24
239 1023
511 13
511 512
5 510
1022 102
510 96
101 1022
509 29
13 509
92 843
226 511
174 511
223 511
511 54
513 29
249 513
513 104
509 39
882 881
509 938
509 37
513 9
172 1024
513 163
513 260
513 828
274 513
513 255
513 256
102 513
250 515
894 897
516 517
24 641
516 486
641 255
136 516
518 90
13 514
865 837
515 22
866 865
132 515
837 838
919 918
1025 461
521 250
9 518
788 518
5 518
409 518
646 322
896 646
24 646
646 152
9 520
214 795
22 776
522 5
522 524
522 9
1026 646
842 92
523 20
523 13
782 182
526 256
527 526
9 526
522 104
1027 522
522 636
929 69
530 762
530 531
247 530
526 1028
214 796
152 526
969 526
13 525
92 829
830 829
532 104
1029 530
382 530
530 885
9 536
534 163
534 535
90 529
631 363
1030 1014
534 136
533 100
141 533
533 814
536 100
104 533
533 9
533 253
647 24
239 1035
600 886
10 538
1031 385
1032 1033
57 600
90 537
373 541
290 1034
540 539
541 5
537 545
547 537
537 549
537 555
552 537
60 537
550 537
537 551
537 237
537 276
346 537
537 544
537 556
429 537
537 542
537 134
537 553
554 537
355 537
537 246
537 548
537 450
169 537
537 422
537 359
356 537
543 537
537 353
537 557
546 537
537 365
360 537
325 537
263 537
537 410
537 559
537 24
537 456
457 537
537 362
634 537
537 637
779 537
537 369
537 367
537 249
537 371
537 370
32 537
537 33
537 372
537 118
127 537
788 537
537 79
409 537
537 30
537 296
29 537
537 252
537 828
537 342
335 537
74 537
537 37
537 867
295 537
834 537
160 537
35 537
274 537
537 883
880 537
537 141
875 537
468 537
537 77
923 537
537 132
537 294
1038 537
537 1028
979 537
537 420
956 537
66 537
1019 537
1036 537
1008 537
1037 537
537 1013
955 537
537 992
969 537
81 537
537 940
303 537
537 65
996 537
537 260
172 537
454 537
1039 537
385 537
537 945
946 537
870 871
46 910
537 950
537 399
561 558
645 24
46 850
850 92
1040 871
883 761
761 92
269 761
952 558
263 558
824 562
28 562
562 656
264 562
46 761
833 150
292 563
46 920
469 1041
1041 1042
639 638
141 560
560 0
1043 179
308 1043
934 933
766 385
766 956
766 883
766 79
95 766
46 844
92 844
640 24
92 856
876 141
54 566
389 566
370 566
13 566
1044 66
152 569
569 568
0 567
54 1044
1045 1046
46 914
5 565
24 642
642 45
768 769
187 564
5 564
497 564
652 24
576 570
570 276
571 196
774 773
351 570
570 572
570 353
169 570
264 570
570 607
95 570
22 570
570 86
325 570
570 132
74 570
256 570
577 5
570 385
50 570
570 308
142 1047
420 577
577 172
577 65
577 578
577 206
945 577
946 577
940 577
579 253
214 579
579 22
580 579
780 783
575 100
9 575
37 579
255 579
1049 53
163 783
783 1048
783 28
605 604
1050 306
574 91
835 92
836 835
30 801
32 801
791 573
573 318
573 250
573 9
100 573
39 573
573 389
763 370
583 250
395 583
5 587
584 5
581 582
46 917
592 593
54 1051
117 587
24 591
590 591
46 907
505 592
46 915
589 588
760 249
46 906
585 594
60 585
586 585
585 780
95 585
585 104
246 585
83 585
84 585
141 585
585 28
172 585
585 1006
387 585
848 92
865 599
599 9
5 596
597 596
120 596
596 95
596 688
596 686
598 596
921 596
596 127
596 373
596 54
50 596
83 596
596 84
318 376
378 595
37 874
376 380
376 152
376 375
0 377
378 377
63 379
169 377
264 377
377 15
377 250
377 356
104 377
199 377
377 360
377 263
377 381
37 377
377 295
256 377
377 28
83 377
377 84
377 67
387 377
377 186
44 377
382 377
385 377
377 386
163 377
377 259
377 384
377 334
255 383
28 383
5 383
9 383
391 59
259 383
383 186
274 388
388 389
24 388
46 390
0 393
188 392
252 392
296 392
392 360
395 392
392 206
394 392
392 66
132 392
400 399
401 136
402 403
396 5
90 396
46 398
353 396
410 396
397 396
396 408
396 37
396 409
46 406
92 406
396 45
407 396
340 418
90 418
404 405
415 416
92 417
363 418
413 411
46 414
422 411
412 411
188 411
5 411
411 389
118 411
411 24
411 274
411 421
411 193
411 433
419 411
411 420
430 28
431 411
411 432
95 426
249 427
428 429
423 424
46 425
37 426
439 224
439 90
440 322
102 437
438 9
434 445
434 435
436 223
451 273
442 441
444 443
451 39
451 250
458 455
447 446
448 446
449 450
456 455
455 457
455 454
453 362
453 37
163 452
462 460
9 460
144 460
259 460
459 92
460 100
461 460
46 459
141 460
467 92
24 466
407 465
463 358
9 463
245 463
463 90
464 92
346 463
251 463
463 296
463 253
250 463
104 463
10 463
463 28
150 463
463 295
463 37
463 302
270 463
463 224
468 463
463 344
30 470
32 470
470 472
163 463
470 81
399 463
100 463
470 471
469 470
46 479
13 478
152 477
46 476
475 10
475 250
46 474
37 473
483 91
483 39
187 482
480 481
486 487
488 118
250 484
358 484
46 485
46 489
490 481
893 894
50 484
484 491
461 484
930 484
484 919
295 484
39 484
484 318
505 602
60 602
9 602
936 937
603 5
893 938
29 807
823 79
602 50
602 39
602 28
57 602
602 318
602 250
939 945
946 939
940 939
651 941
651 24
606 340
931 614
46 614
614 35
613 614
942 943
944 943
913 46
251 815
815 296
852 92
152 819
819 252
142 614
290 614
949 334
16 611
46 912
612 559
815 163
609 429
648 24
24 644
46 904
92 853
947 948
16 610
650 24
950 951
899 900
609 952
609 45
450 609
35 891
803 804
24 643
650 953
74 650
620 24
620 104
620 196
90 620
608 362
429 608
389 620
821 620
620 822
252 620
620 374
770 620
620 407
37 620
620 834
144 620
251 620
619 618
620 100
432 620
620 954
270 620
617 5
619 385
619 955
619 86
615 616
619 351
622 91
794 92
5 621
873 37
260 873
794 214
623 9
92 854
273 621
623 505
623 318
623 624
623 10
623 355
623 60
623 33
623 204
623 867
623 302
623 45
623 625
623 195
623 239
53 623
623 148
419 623
260 623
956 787
486 627
787 86
628 136
623 334
627 57
249 627
855 92
46 855
820 389
57 629
136 626
9 626
767 809
322 957
767 369
626 959
626 306
626 793
626 958
104 626
932 468
633 5
35 895
925 926
808 374
54 960
632 9
633 118
24 630
630 456
457 630
458 630
649 60
54 961
150 655
361 655
649 394
822 785
785 784
846 92
659 12
658 264
653 654
367 657
657 0
846 385
965 964
152 962
657 49
657 963
373 657
251 665
665 664
663 662
663 91
786 77
786 37
92 786
786 79
786 86
661 204
661 263
661 187
46 916
54 966
276 660
60 660
660 196
660 552
660 457
325 660
572 660
660 359
505 660
660 777
95 660
456 660
660 968
969 660
880 660
660 86
660 118
779 660
9 666
260 660
660 967
666 318
250 666
104 666
666 273
666 60
666 81
666 239
666 39
150 666
970 971
100 666
250 667
667 546
120 668
259 667
667 896
274 667
184 667
362 667
350 672
22 775
671 24
671 133
671 5
81 670
670 132
670 37
670 22
5 670
669 419
669 24
669 676
905 972
46 905
677 28
0 677
857 92
675 306
675 24
92 840
46 909
677 44
674 166
16 674
294 902
816 296
188 673
973 673
845 92
682 24
296 817
361 680
725 724
683 448
683 450
54 681
681 13
930 682
679 624
679 678
679 60
480 935
679 389
679 63
679 22
679 863
256 679
251 679
679 469
974 679
679 274
141 679
136 684
685 90
689 690
255 861
378 687
684 976
399 684
684 975
684 44
692 141
692 590
46 849
849 92
77 928
429 693
0 693
810 374
695 696
691 978
691 13
385 977
694 263
698 699
860 255
263 697
132 694
694 37
694 374
26 694
39 858
46 903
979 694
410 701
702 969
702 24
701 703
342 707
707 708
706 24
582 700
704 705
263 705
710 709
705 967
968 705
37 705
29 705
713 90
705 100
705 163
92 813
813 814
160 713
15 712
5 712
9 712
35 813
95 712
712 273
136 712
711 712
712 163
96 712
712 28
792 214
772 22
26 714
715 95
715 318
715 250
831 150
980 832
220 832
251 832
718 13
717 9
719 255
719 502
717 399
152 717
141 717
325 717
717 334
716 885
190 716
805 132
805 295
805 29
716 77
764 95
805 334
805 45
315 805
724 722
90 722
169 721
723 0
723 791
302 723
759 35
759 92
868 869
269 759
28 811
399 811
811 981
982 81
720 450
720 429
720 778
983 720
923 924
24 727
728 597
728 5
703 726
887 888
892 35
862 255
46 892
984 985
730 24
731 273
729 9
256 731
731 770
209 729
729 28
355 729
729 163
986 987
733 186
925 733
733 5
46 908
988 66
734 12
5 735
92 734
322 735
738 732
732 12
737 12
737 740
739 737
771 770
737 989
120 736
736 397
736 90
736 422
954 736
896 736
408 736
256 736
824 736
736 818
736 263
736 260
736 990
736 991
992 736
736 993
994 736
448 746
450 746
46 911
745 24
322 995
741 360
5 741
736 2
86 742
127 742
325 742
742 264
590 742
742 105
742 747
524 742
141 877
743 744
742 992
81 742
742 102
742 45
742 132
742 421
407 742
92 742
251 742
79 742
992 749
24 749
133 749
330 749
399 742
742 163
742 997
996 742
260 742
255 751
251 751
751 252
156 751
190 751
748 797
748 273
748 9
92 851
752 695
884 812
46 851
296 812
95 765
216 998
751 102
751 420
751 927
754 444
754 711
755 24
191 755
5 755
839 92
497 750
9 750
753 5
758 105
859 255
274 890
757 5
756 186
756 5
800 37
30 800
800 32
166 754
46 841
92 841
251 758
847 92
1000 999
806 13
802 373
367 802
802 580
253 878
878 255
269 879
879 92
46 879
878 245
371 826
889 274
777 1002
1001 580
334 1005
1004 13
174 1004
410 1003
788 1003
9 8
7 6
4 5
10 7
7 15
13 14
11 12
8 16
7 19
17 18
21 22
23 7
27 8
26 7
25 24
21 29
31 30
20 21
33 7
31 32
40 41
21 28
39 8
38 21
21 37
21 45
46 47
36 7
34 35
35 48
8 50
52 51
21 44
43 42
53 7
58 60
54 61
42 49
56 21
55 54
64 71
64 67
68 59
58 59
72 58
57 58
70 69
76 78
76 79
64 66
62 63
64 65
76 16
77 76
80 44
81 73
76 54
74 73
13 75
73 44
82 84
46 88
77 85
83 82
79 85
85 86
24 87
78 85
91 89
92 93
97 5
97 96
94 95
89 100
89 101
102 89
89 90
89 104
105 89
103 89
106 92
108 107
98 99
111 110
113 112
109 108
118 119
95 119
119 120
116 117
115 114
116 45
126 124
131 133
131 134
124 125
121 29
123 122
121 92
140 54
140 141
92 128
86 131
129 130
81 131
131 132
127 128
146 147
146 148
140 139
135 136
137 138
149 150
155 156
157 35
145 143
144 143
142 143
151 162
151 163
52 155
104 153
32 154
151 152
168 9
164 165
161 160
159 24
159 158
166 167
170 5
170 171
176 16
169 168
172 168
79 178
180 179
24 175
173 174
173 13
182 181
115 185
49 177
177 90
187 177
186 177
189 104
188 189
184 183
90 189
191 192
190 189
194 199
194 195
194 196
193 189
37 189
189 39
189 163
194 193
194 33
194 198
197 194
45 208
200 209
200 201
202 203
204 205
194 206
215 216
217 215
9 207
45 210
207 26
52 210
219 220
221 136
152 215
214 213
212 211
218 100
163 218
212 219
218 22
218 224
28 227
227 9
225 66
223 222
226 222
231 77
231 79
92 228
46 228
230 229
52 234
234 235
236 234
240 239
237 238
232 233
35 242
53 241
241 15
10 241
241 33
5 244
24 243
244 245
9 244
249 244
244 250
244 247
248 244
246 244
104 244
74 244
244 252
22 244
244 184
244 253
244 255
251 244
244 256
166 244
260 244
254 244
244 132
37 244
244 186
261 57
261 263
244 259
258 257
264 261
266 24
267 24
261 262
270 261
268 269
271 24
132 272
265 249
274 265
255 265
273 272
276 275
46 279
278 277
277 220
289 290
280 281
283 275
282 275
284 71
285 150
285 184
287 288
286 35
9 285
291 295
291 39
285 152
15 291
296 291
52 297
298 24
291 294
292 293
299 300
104 301
9 301
301 15
273 301
57 301
250 301
16 301
301 150
252 301
22 301
301 184
28 301
37 301
301 39
141 301
301 302
301 270
259 301
301 100
44 301
172 301
301 303
309 26
310 127
301 306
10 305
304 92
307 311
308 309
307 90
318 316
316 319
127 307
307 295
312 229
9 313
316 317
315 314
313 196
326 327
321 322
9 320
26 320
78 323
92 323
325 324
323 86
79 323
329 328
328 24
323 77
328 330
328 133
331 332
334 328
333 331
336 335
336 9
337 336
336 104
336 66
338 336
336 295
336 186
339 90
344 345
343 342
341 340
346 339
348 339
339 347
349 339
339 0
60 339
15 339
339 5
59 339
350 339
105 339
134 339
339 352
237 339
339 169
264 339
351 339
339 136
339 358
355 339
339 354
339 353
339 359
250 339
357 339
339 104
339 356
57 339
339 325
263 339
339 361
364 339
360 339
339 365
367 339
339 24
363 339
362 339
339 368
369 339
339 366
371 339
370 339
339 29
339 373
339 165
372 339
339 818
339 374
339 28
339 252
335 339
339 74
864 339
295 339
339 92
251 339
141 339
339 872
339 37
875 339
339 923
132 339
339 270
898 339
901 339
339 1011
922 339
468 339
339 1009
1010 339
339 956
1007 339
339 1008
339 403
375 339
339 148
1006 339
339 50
955 339
339 260
339 1013
172 339
339 1012
339 946
996 339
344 339
303 339
339 945
339 385
163 339
445 339
339 209
399 339
339 56
1014 339
339 975
410 528
339 259
306 339
22 492
827 528
492 9
22 494
495 494
24 494
497 496
825 494
494 1015
171 496
496 69
127 496
496 28
496 39
1016 102
44 496
172 496
496 306
360 500
493 340
250 500
502 501
930 500
500 491
789 790
499 9
501 503
322 1017
635 634
499 33
498 90
60 504
781 635
504 348
504 519
504 136
273 504
504 505
504 28
504 252
504 601
504 95
295 504
504 150
39 504
274 504
