0 1
0 2
1 2
0 3
1 3
2 3
0 4
1 4
2 4
3 4
0 5
1 5
2 5
3 5
4 5
0 6
2 6
1 6
3 6
4 6
1 7
0 7
2 7
3 7
4 7
3 8
2 8
0 8
4 8
1 8
1 9
0 9
2 9
3 9
4 9
1 10
0 10
3 10
4 10
2 10
4 11
2 11
0 11
1 11
3 11
1 12
0 12
4 12
3 12
2 12
1 13
0 13
3 13
4 13
2 13
1 14
4 14
2 14
0 14
3 14
0 15
1 15
4 15
3 15
2 15
4 16
2 16
1 16
0 16
3 16
3 17
2 17
1 17
4 17
0 17
1 18
0 18
2 18
4 18
3 18
3 19
0 19
1 19
4 19
2 19
1 20
0 20
2 20
4 20
3 20
3 21
4 21
0 21
1 21
2 21
4 22
3 22
0 22
2 22
1 22
1 23
3 23
0 23
4 23
2 23
2 24
0 24
1 24
4 24
3 24
1 25
3 25
0 25
2 25
4 25
2 26
0 26
4 26
1 26
3 26
2 27
3 27
0 27
1 27
4 27
1 28
2 28
0 28
3 28
4 28
2 29
0 29
3 29
1 29
4 29
2 30
0 30
3 30
1 30
4 30
3 31
2 31
0 31
4 31
1 31
3 32
1 32
0 32
2 32
4 32
2 33
3 33
1 33
0 33
4 33
3 34
2 34
0 34
1 34
4 34
0 35
4 35
2 35
1 35
3 35
3 36
1 36
4 36
0 36
2 36
1 37
4 37
3 37
0 37
2 37
2 38
0 38
1 38
4 38
3 38
2 39
3 39
4 39
0 39
1 39
0 40
2 40
4 40
3 40
1 40
1 41
2 41
0 41
3 41
4 41
3 42
2 42
4 42
0 42
1 42
2 43
3 43
0 43
4 43
1 43
2 44
0 44
1 44
4 44
3 44
1 45
3 45
4 45
2 45
0 45
2 46
3 46
4 46
1 46
0 46
0 47
2 47
1 47
4 47
3 47
0 48
1 48
4 48
3 48
2 48
0 49
3 49
4 49
1 49
2 49
4 50
2 50
1 50
3 50
0 50
3 51
2 51
1 51
4 51
0 51
3 52
1 52
2 52
4 52
0 52
3 53
2 53
0 53
1 53
4 53
0 54
4 54
1 54
2 54
3 54
4 55
1 55
3 55
0 55
2 55
4 56
1 56
0 56
3 56
2 56
1 57
4 57
3 57
0 57
2 57
2 58
4 58
3 58
0 58
1 58
1 59
4 59
2 59
0 59
3 59
4 60
3 60
2 60
0 60
1 60
4 61
2 61
0 61
3 61
1 61
4 62
0 62
2 62
1 62
3 62
1 63
4 63
2 63
0 63
3 63
4 64
1 64
3 64
0 64
2 64
0 65
4 65
1 65
3 65
2 65
2 66
3 66
0 66
1 66
4 66
1 67
0 67
4 67
3 67
2 67
4 68
3 68
2 68
1 68
0 68
4 69
1 69
3 69
0 69
2 69
1 70
2 70
0 70
3 70
4 70
2 71
1 71
4 71
0 71
3 71
2 72
1 72
0 72
3 72
4 72
4 73
3 73
1 73
2 73
0 73
1 74
4 74
0 74
3 74
2 74
0 75
3 75
1 75
4 75
2 75
3 76
0 76
1 76
4 76
2 76
2 77
1 77
4 77
0 77
3 77
1 78
2 78
0 78
4 78
3 78
0 79
2 79
1 79
4 79
3 79
1 80
4 80
3 80
0 80
2 80
1 81
2 81
3 81
0 81
4 81
1 82
4 82
2 82
0 82
3 82
1 83
3 83
4 83
2 83
0 83
1 84
0 84
2 84
3 84
4 84
0 85
1 85
4 85
2 85
3 85
2 86
3 86
0 86
4 86
1 86
1 87
4 87
0 87
3 87
2 87
4 88
3 88
2 88
1 88
0 88
3 89
2 89
0 89
1 89
4 89
4 90
2 90
1 90
0 90
3 90
3 91
2 91
4 91
1 91
0 91
0 92
2 92
3 92
1 92
4 92
1 93
3 93
4 93
2 93
0 93
1 94
3 94
4 94
0 94
2 94
2 95
4 95
0 95
1 95
3 95
2 96
4 96
0 96
1 96
3 96
2 97
3 97
4 97
0 97
1 97
2 98
0 98
1 98
3 98
4 98
1 99
2 99
0 99
4 99
3 99
