537.000000 5.662977 -7.181091
339.000000 -4.278710 -9.832070
46.000000 21.272909 41.431480
92.000000 10.036242 36.336052
24.000000 1.412203 -45.469765
9.000000 -0.961440 -18.876842
5.000000 18.558775 -23.368565
377.000000 -13.016927 4.204137
244.000000 -1.104266 8.713576
742.000000 13.965046 2.056365
301.000000 -8.337198 -13.116192
37.000000 -3.917562 6.300213
504.000000 -12.514734 -12.508120
463.000000 -0.140708 -11.625257
623.000000 -3.919611 -21.759027
660.000000 -1.119325 -0.524979
620.000000 11.371061 -8.576552
13.000000 -35.477936 1.435624
90.000000 20.040918 -8.496921
736.000000 14.187478 -5.716001
570.000000 3.354412 0.930163
28.000000 -3.565356 -16.798292
411.000000 9.813736 5.255692
104.000000 3.883100 8.581372
250.000000 -8.757008 -20.614695
35.000000 16.928774 32.857620
163.000000 -5.842146 -1.462456
54.000000 -35.064648 -3.192418
596.000000 -10.468511 17.187840
22.000000 -7.837238 3.866142
39.000000 -8.099360 -17.542383
585.000000 -11.365115 10.922266
679.000000 -11.998820 -29.573595
141.000000 -28.214920 -10.462684
255.000000 0.183397 13.962318
95.000000 -7.049784 14.577060
152.000000 12.735595 -34.500664
100.000000 -0.415859 -16.819462
132.000000 -6.591257 1.966647
136.000000 -20.585043 -30.654232
251.000000 16.460157 4.137054
513.000000 -2.813674 3.384288
60.000000 -5.850879 -17.224819
666.000000 -6.220933 -18.487383
45.000000 29.302959 -5.583673
0.000000 -23.394386 -10.887751
79.000000 10.904744 16.804287
396.000000 17.862629 -4.106660
712.000000 18.078487 -27.203159
322.000000 18.126411 -41.875610
263.000000 10.807723 -15.114369
274.000000 -24.484661 -3.229635
484.000000 -10.769901 -22.707024
295.000000 0.401199 -10.026239
7.000000 -4.207395 -26.392385
150.000000 -24.406185 -19.967211
392.000000 -13.431116 -3.948483
29.000000 -27.940678 6.746343
577.000000 -11.754935 -1.249250
252.000000 -9.496934 -11.709823
273.000000 5.859725 -18.944887
385.000000 6.362354 23.238865
602.000000 -6.423823 -17.475874
86.000000 9.801311 14.330406
21.000000 -30.054230 2.660618
496.000000 14.964556 -21.696215
260.000000 -1.893895 5.883482
57.000000 -26.328409 -27.805609
296.000000 5.941457 -12.601681
334.000000 36.341698 -13.943900
89.000000 19.949472 3.054527
751.000000 19.785192 9.357192
194.000000 0.620229 -24.442083
399.000000 8.468574 -2.876020
12.000000 6.761517 43.546013
336.000000 -18.397631 -2.410664
318.000000 -10.176379 -19.236240
256.000000 -0.539877 6.662699
77.000000 12.687920 15.675390
705.000000 -4.019389 0.296004
172.000000 -9.889784 -4.576637
44.000000 -20.223606 -11.545403
189.000000 8.299620 7.379895
81.000000 8.683973 -5.642278
614.000000 22.581366 33.686226
214.000000 6.510558 31.181770
249.000000 -22.800631 -0.648028
460.000000 -20.536194 4.116320
511.000000 -37.782028 -1.620477
626.000000 -19.381187 -35.875660
16.000000 -24.067526 13.992077
66.000000 -17.190992 0.350540
102.000000 20.128666 5.025105
389.000000 -27.256731 -3.480417
450.000000 -2.850276 -34.391270
127.000000 24.690956 18.039747
15.000000 -6.596728 -25.980478
186.000000 19.581480 -20.384695
325.000000 0.416113 -3.239486
264.000000 11.608990 -1.817354
10.000000 -6.010516 -24.033077
259.000000 -19.460680 -15.183536
667.000000 -20.618803 -16.963577
737.000000 6.906028 44.420891
573.000000 -10.224689 -17.134087
32.000000 29.309164 -32.345562
530.000000 18.086063 15.567436
470.000000 28.122187 -33.182251
52.000000 24.304554 8.581104
429.000000 -6.113130 -32.811733
26.000000 2.991198 -17.251484
579.000000 -3.046656 10.912676
522.000000 25.162945 -24.561289
526.000000 6.808977 -35.585781
360.000000 14.435555 -25.495979
717.000000 0.564028 -3.882992
74.000000 -3.689995 -41.457928
306.000000 -5.684968 -46.083458
169.000000 -8.029968 -4.113439
694.000000 7.593900 -9.301847
118.000000 7.571451 3.394907
33.000000 -1.889966 -23.235205
533.000000 -1.752016 11.837612
50.000000 -6.557201 -15.315885
383.000000 18.305067 -20.161640
805.000000 -17.269245 19.889437
270.000000 -9.525473 -12.373051
91.000000 27.991756 -14.329747
646.000000 14.334619 -41.342770
494.000000 -2.983257 -52.318714
340.000000 5.530944 -28.313694
328.000000 7.326555 -47.116203
410.000000 21.787710 -2.506611
115.000000 30.178598 51.353867
292.000000 31.555916 52.312592
229.000000 26.661530 54.389984
509.000000 -29.986486 7.065861
331.000000 22.533056 50.412872
108.000000 27.901075 52.488262
124.000000 29.507092 54.146145
943.000000 28.309429 54.905800
695.000000 21.173965 51.242725
182.000000 25.766245 48.294861
582.000000 26.888041 47.347153
871.000000 25.909607 52.873428
30.000000 29.277578 -32.182518
374.000000 27.963816 0.027278
657.000000 -22.527317 -8.081907
786.000000 10.966118 15.229213
239.000000 -13.149470 -39.079155
76.000000 12.190097 17.575703
505.000000 -15.415122 -17.719534
323.000000 11.440848 15.606740
373.000000 -6.641348 9.139097
291.000000 3.374778 -13.508693
261.000000 8.770770 -16.662485
253.000000 -1.216514 11.240987
131.000000 6.753167 -0.250727
518.000000 19.435640 -4.197263
684.000000 -16.593218 -13.530823
196.000000 1.479373 -21.787811
729.000000 -3.701346 -14.203378
184.000000 -22.105341 -17.644897
362.000000 -20.018097 -17.622892
619.000000 4.012120 4.836858
670.000000 -6.565105 2.573985
8.000000 -7.385446 -15.288660
302.000000 -11.045213 -14.369331
766.000000 6.505353 19.890413
269.000000 15.647548 37.518429
480.000000 34.154663 26.454861
481.000000 34.188190 26.411203
720.000000 -4.957082 -33.735970
166.000000 -20.791077 13.847902
761.000000 14.748971 37.449299
609.000000 -1.982071 -32.667763
507.000000 37.360249 -11.599075
59.000000 -30.815922 -28.411615
566.000000 -31.160809 -2.845033
370.000000 -30.258854 -3.146729
290.000000 23.246738 35.245430
234.000000 25.027159 9.249786
58.000000 -29.642910 -28.237370
64.000000 -15.188353 0.324824
749.000000 7.191047 -45.818134
420.000000 9.667056 1.181459
376.000000 10.305742 -30.855755
133.000000 7.817451 -45.488911
187.000000 16.066730 -17.090302
308.000000 -12.261136 -8.822766
220.000000 35.207005 0.703810
188.000000 9.058950 7.824922
946.000000 -10.548181 -1.168350
353.000000 -0.124638 -7.524717
630.000000 9.145618 -22.759018
120.000000 -7.661285 18.240623
945.000000 -10.706717 -1.188011
865.000000 -18.351574 -23.084864
367.000000 -6.649483 8.910767
969.000000 5.825554 -36.862022
177.000000 17.558855 -17.041227
84.000000 -12.203479 12.548308
285.000000 -22.829687 -18.236017
468.000000 2.409518 -10.443701
457.000000 8.865878 -21.918427
85.000000 11.613873 15.946024
956.000000 8.448933 13.763069
355.000000 -3.669295 -14.125726
455.000000 9.540300 -22.280584
456.000000 8.938866 -21.891899
407.000000 16.687780 -0.690202
105.000000 16.957407 3.537876
53.000000 -4.194634 -24.994640
307.000000 25.613565 16.689217
276.000000 -0.026019 0.857267
83.000000 -12.161495 12.487782
992.000000 13.048177 0.288279
562.000000 13.152549 -2.677975
69.000000 -15.375395 -10.463858
218.000000 22.810249 -7.129596
783.000000 -11.739135 7.859330
142.000000 23.040691 31.289246
500.000000 -10.169718 -23.937283
241.000000 -4.885403 -25.008860
223.000000 -39.003288 -2.156520
448.000000 -2.132291 -36.021927
832.000000 34.075615 0.825050
759.000000 14.135728 36.509121
215.000000 14.948971 -35.265076
143.000000 23.200596 30.071764
174.000000 -37.467541 0.789353
418.000000 5.682500 -26.786140
616.000000 -22.774632 67.951530
615.000000 -22.800205 67.934517
653.000000 -18.470325 65.765999
654.000000 -18.469124 65.755592
202.000000 -18.376127 67.283150
203.000000 -18.359150 67.289101
1033.000000 -20.567242 66.768341
1032.000000 -20.547131 66.761375
947.000000 -20.134453 67.793976
948.000000 -20.101562 67.768196
299.000000 -21.162996 69.132637
300.000000 -21.147320 69.188995
405.000000 -21.542038 67.913628
404.000000 -21.598797 67.945763
442.000000 -19.097397 68.586235
441.000000 -19.081879 68.572037
342.000000 32.314198 -20.983114
986.000000 -25.452169 60.199535
987.000000 -25.429773 60.164883
1000.000000 -23.847193 62.036850
999.000000 -23.836435 62.102634
129.000000 -32.050323 48.894863
130.000000 -32.036964 48.870239
423.000000 -23.578093 60.720009
424.000000 -23.590008 60.745541
774.000000 -22.209291 60.005470
773.000000 -22.207245 60.008179
112.000000 -26.266783 65.740952
113.000000 -26.265284 65.730103
804.000000 -29.339474 45.024555
803.000000 -29.369270 45.077148
798.000000 -29.143688 50.403965
799.000000 -29.157827 50.381718
900.000000 -32.704502 52.457291
899.000000 -32.704559 52.450367
110.000000 -22.771023 61.948986
111.000000 -22.796141 61.966824
589.000000 -31.180126 45.445232
588.000000 -31.193056 45.461269
868.000000 -26.188467 67.197433
869.000000 -26.196041 67.246681
790.000000 -25.657202 64.439690
789.000000 -25.655296 64.458107
605.000000 -22.130625 63.620819
604.000000 -22.133335 63.616589
416.000000 -30.129259 44.042957
415.000000 -30.124189 44.064632
689.000000 -27.499842 64.899544
690.000000 -27.512733 64.889900
281.000000 -24.679291 66.091454
280.000000 -24.663866 66.088524
638.000000 -31.208923 44.448578
639.000000 -31.276993 44.443882
937.000000 -31.260401 49.566280
936.000000 -31.295528 49.611015
1045.000000 -32.343533 51.038288
1046.000000 -32.331612 51.039436
123.000000 -28.241861 51.314991
122.000000 -28.238541 51.324604
985.000000 -33.627274 50.701923
984.000000 -33.634087 50.718571
540.000000 -25.182693 61.917286
539.000000 -25.191130 61.910751
971.000000 -30.824310 53.516193
970.000000 -30.835735 53.482502
964.000000 -28.117767 62.015594
965.000000 -28.127415 61.996574
232.000000 -26.590281 62.312466
233.000000 -26.565203 62.297684
326.000000 -22.500561 64.969330
327.000000 -22.502703 64.969643
934.000000 -34.008038 52.248768
933.000000 -34.038151 52.264736
709.000000 -24.827555 63.489899
710.000000 -24.834724 63.512905
287.000000 -20.933178 61.941479
288.000000 -20.933784 61.935017
699.000000 -23.755981 64.513512
698.000000 -23.753250 64.522575
882.000000 -26.599461 59.994007
881.000000 -26.584627 59.987865
887.000000 -27.744278 63.688843
888.000000 -27.739594 63.700874
17.000000 -30.189941 45.480808
18.000000 -30.206350 45.471767
98.000000 -33.392708 53.318005
99.000000 -33.400951 53.303314
769.000000 -33.201199 49.690289
768.000000 -33.208767 49.693806
40.000000 -29.699335 53.813148
41.000000 -29.715244 53.803658
257.000000 -30.204708 51.435879
258.000000 -30.212198 51.399132
744.000000 -29.985743 52.761021
743.000000 -30.004004 52.731991
138.000000 -28.292110 52.686195
137.000000 -28.306345 52.660812
879.000000 13.798276 37.571373
813.000000 13.039567 32.134735
486.000000 -23.945002 -29.566055
754.000000 -19.501760 13.735588
732.000000 5.785824 44.069340
316.000000 -12.603169 -19.669886
516.000000 -23.016745 -30.129841
378.000000 -16.264242 7.796793
275.000000 0.393310 2.803792
755.000000 4.806564 -51.441448
361.000000 -26.760756 -18.430939
144.000000 23.221142 28.901514
363.000000 5.664519 -26.230320
63.000000 -31.739954 -20.277420
140.000000 -33.599419 -6.956365
669.000000 1.929058 -42.163002
627.000000 -25.193058 -28.601946
650.000000 -3.139215 -42.340218
558.000000 -0.699168 -31.554018
733.000000 21.101250 -20.171423
469.000000 -12.419984 -32.183777
330.000000 6.832331 -46.549366
160.000000 21.704872 -10.846160
212.000000 36.545128 0.879300
800.000000 29.671297 -31.523876
49.000000 19.241018 -15.818782
294.000000 3.174707 -12.947470
580.000000 -4.732189 10.473452
716.000000 17.555927 12.859336
204.000000 14.066339 -16.184904
590.000000 -29.354509 -12.272492
388.000000 -25.603178 -3.416214
419.000000 1.985549 -41.416496
671.000000 8.023411 -45.119034
96.000000 18.579554 -26.635818
71.000000 -15.148595 -0.897958
237.000000 -4.016076 -6.531393
148.000000 -14.402920 -25.681906
209.000000 -17.432512 -7.212561
661.000000 14.637727 -16.425257
369.000000 -1.938667 -6.450010
770.000000 10.533720 -11.652500
802.000000 -6.057512 9.542400
788.000000 20.341354 -3.469571
344.000000 -1.948884 -12.277947
151.000000 13.580673 -32.697872
896.000000 13.612134 -41.009094
303.000000 -7.990930 -12.518181
939.000000 -10.247541 -0.520028
534.000000 0.213515 -14.330865
815.000000 5.936825 -11.739121
78.000000 12.165545 16.921339
748.000000 4.752066 -20.222712
731.000000 10.357176 -11.952306
940.000000 -10.736256 -0.809584
883.000000 6.499716 19.870317
955.000000 3.501394 3.573588
930.000000 -10.554358 -24.086025
497.000000 14.720839 -20.572941
358.000000 -5.748098 -13.500747
356.000000 -0.727287 -9.128946
335.000000 0.592045 -8.978375
265.000000 -23.500620 -1.948192
246.000000 -9.992474 10.688063
461.000000 -21.827639 4.505753
422.000000 12.468784 -5.233904
359.000000 -1.645583 -2.042852
190.000000 18.167444 11.478753
564.000000 15.471437 -19.840464
65.000000 -13.232078 -0.277859
219.000000 36.028419 0.928726
451.000000 -7.861915 -18.570702
351.000000 3.409746 3.361913
224.000000 22.368059 -7.332645
371.000000 0.190733 -5.920323
277.000000 35.605003 0.292183
409.000000 18.993317 -4.154305
878.000000 -0.393992 11.659647
193.000000 8.784012 6.566359
723.000000 -10.972713 -15.746458
346.000000 -0.263825 -11.015310
73.000000 -19.451162 -11.609477
811.000000 8.816710 -2.004991
119.000000 -7.146126 17.131214
975.000000 -15.627954 -13.285333
245.000000 -0.504919 10.929884
996.000000 6.453459 -4.763475
168.000000 -8.736711 -4.300241
677.000000 -21.570160 -11.279173
515.000000 -7.152409 2.296950
837.000000 -18.885611 -23.462494
206.000000 -12.814709 -3.231811
134.000000 -2.024886 -9.850391
923.000000 -4.764173 -4.320162
715.000000 -9.948355 -19.542046
894.000000 -31.798275 8.172165
293.000000 31.468601 52.357315
114.000000 30.121634 51.391396
181.000000 25.813940 48.341766
446.000000 -1.841057 -36.522316
700.000000 26.900192 47.383747
734.000000 7.550094 41.414616
905.000000 17.374437 46.279148
333.000000 22.529394 50.484898
752.000000 21.133987 51.302181
107.000000 27.769176 52.553566
944.000000 28.240841 54.887810
230.000000 26.486105 54.442551
125.000000 29.381262 54.111107
179.000000 -13.067657 -7.796703
312.000000 26.547720 54.391533
216.000000 15.555014 -35.341400
1040.000000 25.855185 52.917912
870.000000 25.887003 52.922493
126.000000 29.373857 54.095764
707.000000 32.606575 -21.358097
691.000000 -36.048023 3.542481
942.000000 28.208603 54.805492
185.000000 30.146893 51.367275
563.000000 31.490772 52.342091
109.000000 27.760736 52.566742
332.000000 22.537430 50.507740
696.000000 21.120857 51.311886
893.000000 -31.412317 7.928790
581.000000 26.921917 47.380070
663.000000 28.731379 -13.855740
782.000000 25.830935 48.360523
829.000000 6.899485 38.641815
835.000000 6.030870 36.333515
501.000000 0.573822 17.582691
228.000000 11.269316 39.376560
222.000000 -39.309032 -1.611419
849.000000 12.179463 39.069679
226.000000 -38.759960 -1.752634
850.000000 11.997757 39.573067
724.000000 17.956083 -10.936429
703.000000 23.585693 -2.308702
844.000000 13.072044 39.328751
794.000000 7.311816 32.557056
444.000000 -18.998375 14.201672
851.000000 12.332146 38.380184
406.000000 11.528097 38.823204
785.000000 13.638270 -10.638948
683.000000 -2.444201 -35.423611
155.000000 22.475460 9.082290
191.000000 5.066828 -51.884987
841.000000 12.455713 39.927044
528.000000 22.252998 -1.718362
855.000000 12.715346 38.846096
173.000000 -37.604591 1.774220
459.000000 11.755317 38.030968
434.000000 -34.721916 -14.936402
892.000000 18.482988 34.277905
746.000000 -2.479933 -35.324242
159.000000 1.639144 -50.307667
1043.000000 -12.780692 -8.148760
1004.000000 -37.031708 1.297796
938.000000 -30.705229 7.483151
701.000000 22.960136 -2.342875
935.000000 33.974693 26.492054
569.000000 12.431119 -35.757980
635.000000 29.674648 5.023385
1041.000000 -12.592501 -32.680996
651.000000 -1.328097 -48.520458
210.000000 24.836002 7.530438
502.000000 0.570301 17.157499
919.000000 -12.531094 -23.011698
665.000000 15.064622 7.295209
146.000000 -14.880702 -26.096109
490.000000 34.041283 26.374317
599.000000 -17.672333 -22.711185
681.000000 -35.835941 -0.749605
722.000000 18.247652 -10.606836
846.000000 6.480030 24.134539
600.000000 -26.225222 -26.243124
735.000000 18.812920 -40.890701
592.000000 -15.739250 -17.933844
885.000000 17.758490 13.865486
674.000000 -21.970247 13.922512
925.000000 21.761633 -19.836103
952.000000 -1.237881 -32.012516
822.000000 13.329399 -10.300772
156.000000 21.331285 9.230781
523.000000 -32.658978 2.599717
673.000000 9.423055 8.865822
591.000000 -1.501534 -45.845890
642.000000 29.412529 -5.165774
42.000000 19.595592 -15.615360
559.000000 5.439136 -2.572005
31.000000 29.937378 -32.282101
711.000000 -19.509260 13.291348
403.000000 -9.242839 -7.440917
350.000000 -9.137845 -9.408807
641.000000 3.498520 -44.584248
445.000000 -34.409515 -14.839349
637.000000 37.016251 -11.282927
675.000000 -4.892535 -46.293747
812.000000 6.770646 -13.794312
693.000000 -23.818529 -12.059013
506.000000 5.603585 -46.729259
655.000000 -26.268314 -18.784567
801.000000 29.946312 -32.649712
165.000000 -6.755815 -6.556612
950.000000 3.201280 -2.839431
713.000000 21.285217 -10.322194
315.000000 -17.576336 20.534885
2.000000 15.680635 -6.934234
200.000000 -17.908710 -7.001635
719.000000 0.569579 16.237839
741.000000 14.651978 -25.450603
634.000000 29.454390 5.013817
128.000000 24.434235 18.590631
510.000000 18.877285 -25.690285
814.000000 12.997215 32.006618
1014.000000 -13.614921 -15.375031
121.000000 -27.546270 6.940127
597.000000 -11.364121 18.210590
819.000000 12.082426 -34.005184
309.000000 2.941854 -16.484594
692.000000 -29.071976 -11.742790
1003.000000 21.177090 -2.891511
728.000000 21.499125 -22.737049
1044.000000 -33.767544 -4.145799
320.000000 2.450254 -17.751877
1028.000000 6.553637 -35.780479
101.000000 20.291618 3.627721
767.000000 -2.289284 -4.854462
20.000000 -31.866585 2.672753
394.000000 -14.503675 -4.797346
439.000000 21.982899 -7.529184
231.000000 12.052163 16.292393
777.000000 1.116328 -0.827876
682.000000 -0.272726 -43.954327
1022.000000 20.411592 4.249995
247.000000 17.515173 16.218285
421.000000 12.280591 3.448486
608.000000 -6.947467 -32.367626
756.000000 19.604021 -21.218254
483.000000 27.346516 -14.664222
372.000000 -1.550487 -8.551106
750.000000 14.410379 -20.461338
408.000000 16.414066 -4.650855
432.000000 10.246462 4.249937
397.000000 16.327938 -4.691471
207.000000 2.423262 -17.782894
56.000000 -29.491119 2.480998
524.000000 25.672968 -24.240606
382.000000 17.167002 15.933934
82.000000 -12.184509 12.909568
97.000000 18.877155 -26.019609
702.000000 5.554203 -37.355091
1006.000000 -10.809600 10.577935
458.000000 9.532408 -22.852373
587.000000 29.057581 -7.950331
834.000000 10.229406 -8.266471
824.000000 13.855112 -3.559772
649.000000 -14.566386 -4.875674
552.000000 -1.001762 -1.521877
560.000000 -24.998169 -10.712114
67.000000 -14.884581 0.774139
170.000000 16.276184 -22.617743
967.000000 -2.901566 0.046483
195.000000 -0.028106 -24.241898
116.000000 29.201630 -6.916199
171.000000 15.712076 -22.308622
779.000000 -1.148597 -1.250389
117.000000 29.141626 -7.466305
968.000000 -2.924665 0.045015
954.000000 13.205503 -7.142041
624.000000 -11.067882 -28.844090
272.000000 6.078127 -18.670385
199.000000 0.560121 -25.298384
536.000000 -0.463622 -17.447208
758.000000 16.725899 3.799492
818.000000 13.292234 -5.609455
583.000000 -7.526352 -20.835329
575.000000 -0.448566 -17.382994
1013.000000 -1.419524 -8.213820
365.000000 -2.331982 -8.821735
492.000000 -8.840140 3.392951
780.000000 -11.771065 9.047077
572.000000 -0.518021 -0.093645
454.000000 9.396384 -21.277742
875.000000 -2.638986 -8.392436
880.000000 -1.144617 -1.451728
791.000000 -10.695696 -16.309061
541.000000 20.829905 -24.617321
867.000000 -3.387605 -20.571022
1008.000000 -1.629338 -7.856378
873.000000 -2.367540 6.059416
621.000000 17.483152 -24.158600
375.000000 10.139921 -30.527035
348.000000 -11.191021 -12.116946
313.000000 1.156738 -21.336765
633.000000 7.561246 2.827629
979.000000 7.470713 -9.168078
787.000000 8.931788 13.954472
475.000000 -7.077369 -23.043356
828.000000 -2.666825 3.277614
227.000000 -3.288587 -17.155909
387.000000 -12.349165 11.363104
546.000000 -20.156561 -16.509113
453.000000 -19.972334 -17.946415
1019.000000 -11.877780 -11.115812
499.000000 -1.678165 -22.709867
395.000000 -7.220871 -20.751471
491.000000 -10.567047 -23.549133
426.000000 -6.531946 13.788226
738.000000 5.579266 44.279392
739.000000 6.317680 44.989513
740.000000 6.599077 45.001236
211.000000 36.709282 0.836329
989.000000 7.005960 44.786110
11.000000 6.395294 43.584625
659.000000 6.028274 43.412956
278.000000 35.863998 0.129162
838.000000 -18.993967 -23.517433
235.000000 24.898020 9.786119
1034.000000 23.335102 35.448475
289.000000 23.332582 35.437000
897.000000 -31.887182 8.216954
236.000000 25.047119 9.700093
447.000000 -1.772235 -36.609108
341.000000 5.714610 -28.621946
866.000000 -18.769299 -23.214643
972.000000 17.295403 46.322159
493.000000 5.337184 -28.629921
606.000000 5.468781 -28.749601
978.000000 -36.378693 3.851758
479.000000 22.102377 42.785938
180.000000 -13.120178 -7.741429
708.000000 32.691231 -21.465193
662.000000 28.970081 -13.885468
88.000000 19.797548 43.793686
485.000000 20.817194 42.930332
297.000000 24.057190 8.976969
915.000000 19.222809 42.329487
836.000000 5.775851 36.298939
51.000000 24.189232 8.933022
414.000000 20.789698 45.097477
914.000000 19.719690 41.313339
998.000000 15.696435 -35.377888
913.000000 20.267338 44.398487
503.000000 0.593044 17.736380
830.000000 6.638838 38.763565
911.000000 18.192778 43.880611
906.000000 19.050644 44.654591
390.000000 18.810263 43.053940
440.000000 18.487312 -42.267452
904.000000 19.499319 43.193714
398.000000 17.949730 42.947872
784.000000 13.747408 -10.770821
613.000000 22.610235 33.627796
909.000000 22.087658 41.899105
920.000000 20.354855 43.373440
725.000000 17.900511 -11.003357
443.000000 -18.899092 14.274614
75.000000 -35.358364 2.049607
726.000000 23.699989 -2.340805
917.000000 22.220074 43.741814
792.000000 6.341328 30.451540
1017.000000 18.569159 -43.025032
916.000000 18.341867 42.037121
895.000000 17.739998 32.054340
795.000000 5.927869 30.591007
476.000000 21.594505 44.560902
47.000000 20.467157 40.948223
145.000000 23.201019 30.188444
435.000000 -34.858025 -14.980168
425.000000 21.376453 43.523380
1020.000000 18.803267 -42.456463
489.000000 19.999886 42.667786
1047.000000 23.025082 31.387205
242.000000 17.863747 33.231323
827.000000 22.378523 -1.449648
907.000000 18.958155 41.419853
912.000000 20.858305 43.987240
213.000000 6.005479 30.941135
980.000000 34.092598 0.821716
436.000000 -39.473980 -2.095522
474.000000 20.704082 42.031162
910.000000 19.943539 42.037239
718.000000 -36.265770 2.449961
167.000000 -20.713549 13.881935
478.000000 -35.643219 2.448817
525.000000 -36.162273 1.224848
512.000000 -38.166252 -1.390160
840.000000 9.561827 36.951328
781.000000 29.787546 5.029532
48.000000 17.196505 32.234566
995.000000 18.102261 -42.956974
158.000000 1.600905 -50.534462
854.000000 9.837756 35.097610
847.000000 9.259319 36.461826
14.000000 -36.138542 1.743950
891.000000 18.320442 32.465149
903.000000 21.321650 42.511776
217.000000 15.174296 -35.459351
192.000000 5.165255 -52.059998
857.000000 9.354538 35.744099
839.000000 8.714552 38.160431
321.000000 17.755394 -42.308987
449.000000 -2.813640 -34.420513
856.000000 7.986485 35.612564
796.000000 6.539005 30.649126
1042.000000 -12.647282 -32.821583
568.000000 12.328816 -35.966446
268.000000 15.903674 37.609539
286.000000 18.187286 32.936844
93.000000 10.579498 36.866844
931.000000 22.597687 33.754791
464.000000 8.937461 35.114048
848.000000 10.424417 35.693905
908.000000 19.740606 45.053066
918.000000 -12.593767 -23.014206
983.000000 -5.165797 -33.957066
343.000000 32.350452 -21.029203
941.000000 -1.562756 -48.622803
514.000000 -36.667683 2.074154
842.000000 9.067080 37.424908
595.000000 -16.269743 7.800082
157.000000 17.395918 33.322716
147.000000 -15.003717 -26.210159
279.000000 18.983040 43.914471
845.000000 8.606389 35.959301
304.000000 9.458604 38.393806
329.000000 7.366886 -47.230583
517.000000 -22.990747 -30.178755
778.000000 -4.979518 -34.034733
664.000000 15.055813 7.307330
843.000000 9.744108 37.734833
283.000000 0.410663 2.875802
806.000000 -37.003937 2.533376
467.000000 8.525244 36.669350
61.000000 -35.698994 -4.195286
957.000000 17.649349 -42.732826
680.000000 -26.856153 -18.367283
852.000000 7.871260 36.673042
34.000000 17.505537 32.621468
417.000000 11.043467 36.169163
886.000000 -26.215372 -26.097466
853.000000 10.308771 37.430466
487.000000 -23.946312 -29.587450
612.000000 5.453028 -2.545094
62.000000 -31.745113 -20.278023
561.000000 -0.635195 -31.510738
319.000000 -12.664486 -19.685883
531.000000 18.565397 15.288424
593.000000 -15.871949 -18.029163
266.000000 2.593896 -46.190037
68.000000 -31.016850 -28.445040
825.000000 -3.170154 -52.628426
154.000000 29.693596 -32.946873
628.000000 -20.275282 -30.863525
574.000000 28.238985 -14.096966
508.000000 37.710072 -11.708570
25.000000 2.593922 -48.237465
243.000000 0.743164 -47.102493
1026.000000 14.399911 -41.386078
962.000000 12.876634 -34.672848
267.000000 1.985431 -47.660645
631.000000 5.660354 -26.122108
317.000000 -12.660532 -19.686216
106.000000 8.214745 37.445484
466.000000 3.223470 -47.623917
282.000000 0.412053 2.865124
973.000000 9.459050 8.972722
808.000000 27.981413 0.038205
87.000000 1.939715 -48.413368
271.000000 0.772137 -45.827473
762.000000 18.707924 15.367974
647.000000 2.137602 -46.822830
314.000000 -17.650934 20.688717
472.000000 28.130402 -33.543434
730.000000 0.575309 -48.188667
1051.000000 -35.734867 -3.020801
161.000000 21.801079 -10.936396
672.000000 -9.186137 -9.404589
966.000000 -35.269592 -4.061864
884.000000 6.852158 -13.912550
951.000000 3.198396 -2.819323
760.000000 -22.798672 -0.540397
652.000000 2.703133 -47.245125
139.000000 -33.617512 -6.958500
495.000000 -2.908009 -52.758785
727.000000 0.227733 -47.561401
676.000000 1.923532 -42.322571
622.000000 28.496563 -14.462742
402.000000 -9.261501 -7.424882
901.000000 -6.840454 -10.503209
55.000000 -36.059395 -3.673714
763.000000 -30.179749 -3.174368
926.000000 21.894831 -19.774296
462.000000 -20.575340 4.134622
687.000000 -16.271902 7.815456
43.000000 19.711807 -15.549252
961.000000 -35.602406 -3.458414
1015.000000 -2.806292 -52.711060
428.000000 -6.008801 -32.843311
1021.000000 37.698643 -11.664390
648.000000 1.642081 -46.293270
1030.000000 -13.626981 -15.383142
706.000000 1.090806 -46.592770
471.000000 28.051268 -33.473392
379.000000 -31.744928 -20.275133
412.000000 10.326497 5.185095
298.000000 1.244125 -47.676373
520.000000 -0.439744 -18.967043
337.000000 -18.455715 -2.410384
643.000000 -0.084292 -46.863754
201.000000 -18.034489 -6.947330
431.000000 10.291019 5.601130
898.000000 -5.100630 -11.350679
644.000000 3.168974 -46.628483
953.000000 -3.046017 -42.493404
902.000000 3.110238 -12.825798
36.000000 -3.774778 -26.792976
1039.000000 5.043884 -7.876281
1007.000000 -4.527914 -10.805579
745.000000 1.244586 -48.447586
72.000000 -29.652815 -28.242083
551.000000 4.405761 -7.598852
354.000000 -5.754375 -9.285954
1001.000000 -4.816568 10.457109
368.000000 -6.274193 -10.961320
598.000000 -10.849509 16.918688
164.000000 -6.769873 -6.494341
221.000000 -20.840149 -31.129864
391.000000 -30.964951 -28.435984
427.000000 -22.763529 -0.502153
960.000000 -34.970886 -3.649250
380.000000 10.330274 -30.933601
640.000000 2.114815 -45.727127
753.000000 18.941418 -24.240040
3.000000 15.825556 -7.148722
349.000000 -5.812340 -10.027235
135.000000 -20.312920 -31.222794
772.000000 -8.027946 4.314792
175.000000 0.291191 -46.263107
809.000000 -2.292079 -4.827491
550.000000 3.669545 -6.675756
601.000000 -12.835773 -12.259263
178.000000 10.560799 17.354137
861.000000 0.775040 13.989401
238.000000 -4.042341 -6.468852
1025.000000 -21.929087 4.537929
413.000000 10.712124 5.643312
793.000000 -19.405220 -36.187473
357.000000 -7.075860 -9.615093
1012.000000 -4.658723 -8.660239
864.000000 -5.305856 -8.451127
863.000000 -12.064005 -29.752234
554.000000 3.918800 -6.084012
714.000000 3.227730 -17.220602
23.000000 -4.381614 -26.972223
797.000000 4.715024 -20.301407
685.000000 19.675491 -8.882765
401.000000 -20.622749 -31.387428
544.000000 4.179286 -8.246104
1029.000000 18.696604 15.705457
310.000000 24.707083 18.056105
645.000000 1.561849 -47.120380
205.000000 13.943521 -16.133402
810.000000 27.981337 0.039086
625.000000 -3.872416 -21.678085
225.000000 -17.136354 0.440521
997.000000 14.030149 2.007511
284.000000 -15.151580 -0.964162
240.000000 -13.218457 -39.232132
860.000000 0.759111 14.624359
433.000000 10.619050 5.181979
1037.000000 4.073201 -7.037186
958.000000 -19.352821 -36.151424
1011.000000 -4.039080 -10.347273
149.000000 -24.723310 -20.079111
668.000000 -7.644663 18.395512
1024.000000 -9.951254 -4.562135
1005.000000 36.420418 -13.851714
721.000000 -7.929841 -4.053947
1002.000000 1.194312 -0.837052
553.000000 4.859570 -7.008123
386.000000 -13.279109 4.192060
959.000000 -19.593430 -36.123131
345.000000 -2.000091 -12.326504
197.000000 1.019010 -24.542477
556.000000 3.547124 -7.506860
6.000000 -4.322652 -27.184898
816.000000 6.165055 -12.968184
820.000000 -27.292707 -3.484375
482.000000 15.979951 -17.081600
991.000000 14.625938 -5.393317
1035.000000 -13.281336 -39.210915
988.000000 -17.239058 0.432062
578.000000 -11.940437 -1.343457
527.000000 6.940954 -35.470329
678.000000 -11.820141 -29.789295
208.000000 29.279797 -5.766878
617.000000 18.847155 -23.720724
584.000000 19.447268 -24.280230
1016.000000 20.236208 5.135243
833.000000 -24.815710 -19.752728
498.000000 19.949762 -8.806668
400.000000 8.455701 -2.871181
862.000000 0.641327 14.187680
636.000000 25.237566 -24.683674
1038.000000 4.611581 -6.313379
545.000000 2.501841 -6.405663
586.000000 -11.753222 10.704700
977.000000 6.292580 23.465397
262.000000 8.769897 -16.672747
557.000000 3.998533 -5.366055
364.000000 -5.682305 -10.707930
555.000000 2.906320 -5.278737
963.000000 -22.548977 -8.104021
477.000000 12.842483 -34.588413
548.000000 3.385932 -8.175331
529.000000 19.779512 -8.866191
993.000000 14.815804 -6.050881
658.000000 11.628396 -1.826100
603.000000 19.730848 -23.461748
162.000000 13.637776 -32.598251
757.000000 19.680555 -23.917437
1009.000000 -6.271784 -9.654346
771.000000 10.563163 -11.608842
80.000000 -20.301903 -11.546981
1027.000000 25.211136 -24.719885
1.000000 -23.903366 -10.808723
1036.000000 5.392533 -6.242358
565.000000 19.514027 -23.057014
547.000000 4.731474 -5.581479
567.000000 -23.838737 -10.951386
549.000000 3.213079 -5.942691
922.000000 -4.048626 -9.206682
176.000000 -24.371756 14.111734
927.000000 19.874619 9.377420
543.000000 2.765505 -7.511209
1023.000000 -13.442140 -39.235821
535.000000 0.233743 -14.320970
352.000000 -5.136919 -10.387900
254.000000 -0.974570 8.839966
384.000000 -13.483055 4.301588
38.000000 -30.154778 2.664886
183.000000 -22.054003 -17.470060
831.000000 -24.791985 -19.910816
928.000000 13.020449 15.583304
764.000000 -6.809679 14.946563
688.000000 -10.665769 17.615385
807.000000 -27.870733 6.754044
611.000000 -24.434471 14.098514
103.000000 20.012754 3.012819
858.000000 -8.169213 -17.544685
19.000000 -3.848281 -27.124363
629.000000 -26.366238 -27.740450
921.000000 -11.210720 17.091953
932.000000 2.505121 -10.462172
594.000000 -11.647713 10.509188
393.000000 -23.754202 -10.577575
697.000000 10.831303 -15.146199
488.000000 7.540830 3.427180
4.000000 19.017107 -23.058697
347.000000 -5.073316 -9.754734
859.000000 0.299831 14.467260
976.000000 -16.709414 -13.535093
1018.000000 -12.842160 -12.173981
877.000000 -28.325342 -10.514935
775.000000 -8.125329 4.183632
632.000000 -0.417807 -19.119286
381.000000 -13.517677 4.057926
610.000000 -23.976875 14.064934
576.000000 3.260583 0.913745
437.000000 20.267061 5.047983
366.000000 -6.066254 -8.542593
872.000000 -6.771148 -8.813388
338.000000 -18.462952 -2.430534
438.000000 -0.658413 -19.072367
823.000000 10.545562 17.345209
311.000000 25.667974 16.620794
542.000000 3.024612 -6.814761
465.000000 16.688147 -0.673657
305.000000 -6.197329 -24.078489
974.000000 -11.902516 -29.992910
821.000000 11.473773 -8.611265
776.000000 -7.882693 4.336798
994.000000 15.038549 -5.756748
747.000000 13.978479 2.026012
607.000000 3.219093 0.884184
949.000000 36.431309 -13.829538
430.000000 -3.579483 -16.775806
1031.000000 6.287765 23.468521
817.000000 6.106814 -12.867213
1049.000000 -3.929976 -24.933044
874.000000 -3.915098 6.411194
473.000000 -3.891442 6.368527
1010.000000 -5.022905 -9.245503
618.000000 3.991474 4.818502
198.000000 1.061249 -24.539850
765.000000 -6.798310 15.112486
1048.000000 -11.743505 7.916634
704.000000 -4.068355 0.317698
876.000000 -28.348993 -10.530241
324.000000 0.428644 -3.117192
929.000000 -15.421793 -10.434545
153.000000 3.928101 8.681805
248.000000 -0.953410 8.914120
1050.000000 -5.686393 -46.102276
519.000000 -12.589029 -12.064863
686.000000 -11.019493 17.340969
532.000000 3.935453 8.683266
571.000000 1.524402 -21.792799
889.000000 -24.089291 -3.582545
94.000000 -6.733358 14.898438
981.000000 8.891624 -1.806981
70.000000 -15.435289 -10.420259
656.000000 13.191623 -2.652530
890.000000 -24.204868 -3.499376
924.000000 -4.796663 -4.288072
452.000000 -5.851811 -1.472043
27.000000 -7.566647 -15.231023
538.000000 -6.131512 -24.202803
521.000000 -8.686864 -20.863125
826.000000 0.232885 -5.882711
990.000000 14.957192 -5.406373
982.000000 8.697059 -5.656166
