537.000000 -3.177745 -14.346485
339.000000 -5.705994 -6.568068
46.000000 -44.952545 -18.973846
92.000000 -29.924337 -28.723928
24.000000 39.918011 7.914423
9.000000 12.470271 3.235932
5.000000 28.748919 6.390253
377.000000 -2.737968 5.340529
244.000000 14.982957 -1.633939
742.000000 12.515378 -9.061341
301.000000 12.557607 -0.162384
37.000000 8.260606 -6.493751
504.000000 7.708004 7.030611
463.000000 8.341504 -2.844556
623.000000 17.651949 16.057461
660.000000 2.231309 -15.043364
620.000000 16.738348 -9.996166
13.000000 -23.000397 6.287924
90.000000 -1.850565 -27.012629
736.000000 2.068061 -25.153366
570.000000 1.563784 -3.186219
28.000000 -0.898505 2.182542
411.000000 38.080956 15.380514
104.000000 11.943480 0.544114
250.000000 9.637217 8.547655
35.000000 -32.510635 -32.319496
163.000000 9.821308 -1.828417
54.000000 -19.435974 6.436920
596.000000 -2.956334 9.983457
22.000000 16.119177 -0.916320
39.000000 8.097425 8.879877
585.000000 -0.707705 5.178568
679.000000 19.681513 1.920329
141.000000 11.175695 -4.506866
255.000000 23.113298 -4.284685
95.000000 0.680584 6.684996
152.000000 31.319107 -8.012744
100.000000 12.838610 1.591624
132.000000 8.133589 -8.415874
136.000000 4.710998 0.885505
251.000000 16.296476 -7.273241
513.000000 15.728563 -4.921342
60.000000 9.480228 6.696941
666.000000 9.634923 7.838923
45.000000 29.566547 12.576027
0.000000 -7.223905 8.291806
79.000000 -20.514370 -20.245886
396.000000 -0.481256 -25.388687
712.000000 11.762232 4.437044
322.000000 35.793743 -0.424079
263.000000 0.934668 -6.856891
274.000000 20.321255 -2.374801
484.000000 9.606750 10.390310
295.000000 -5.441092 -1.577601
7.000000 19.184015 18.716518
150.000000 6.958866 12.740965
392.000000 11.576586 15.583135
29.000000 -12.149139 -2.696424
577.000000 -7.559748 -17.641024
252.000000 14.620698 -5.339036
273.000000 12.219373 5.308965
385.000000 -16.584015 -19.543236
602.000000 10.215757 8.312789
86.000000 -18.689247 -19.766279
21.000000 -6.672058 3.237194
496.000000 -2.682999 1.852617
260.000000 6.979877 -7.576544
57.000000 11.996387 -15.265705
296.000000 10.730947 -24.741819
334.000000 23.245369 16.587217
89.000000 22.948105 -9.851316
751.000000 21.637299 -6.259074
194.000000 19.471794 15.548784
399.000000 -8.624004 -5.766635
12.000000 -42.403408 -26.802116
336.000000 -11.065680 3.255514
318.000000 10.618404 8.924653
256.000000 12.788523 -3.000688
77.000000 -21.076855 -19.740126
705.000000 4.111057 -6.950023
172.000000 -3.503895 -0.502214
44.000000 -5.494421 4.749285
189.000000 14.883415 -5.570550
81.000000 9.772264 -10.760324
614.000000 -41.196880 -17.840748
214.000000 -25.082842 -28.866533
249.000000 19.101553 -4.589530
460.000000 15.944209 4.634214
511.000000 -23.972507 8.389971
626.000000 7.716670 1.942549
16.000000 3.063361 19.900223
66.000000 -14.874667 3.744587
102.000000 22.647341 -8.803617
389.000000 20.869438 -1.301757
450.000000 -13.541499 16.200752
127.000000 -13.881970 -22.822521
15.000000 5.317258 7.784681
186.000000 25.194052 7.789727
325.000000 1.887661 -12.159137
264.000000 0.485452 -3.631634
10.000000 17.886625 17.426056
259.000000 12.949391 -0.525951
667.000000 14.326113 -4.818361
737.000000 -42.714329 -25.769499
573.000000 9.400793 8.186194
32.000000 18.223782 -20.398016
530.000000 25.555891 -15.602300
470.000000 19.240593 -20.085480
52.000000 -33.484119 -0.662039
429.000000 -12.559257 15.261548
26.000000 17.285484 11.090525
579.000000 16.731321 -2.359332
522.000000 25.088850 2.916131
526.000000 29.668196 -8.560565
360.000000 -6.131177 -0.573854
717.000000 6.377512 -3.760516
74.000000 8.642738 -9.804682
306.000000 9.313179 1.248763
169.000000 -2.654188 -1.882857
694.000000 1.416948 -7.670820
118.000000 4.855152 -20.235413
33.000000 18.050787 16.064589
533.000000 11.555671 -1.703998
50.000000 1.558760 6.074498
383.000000 24.387968 7.477490
805.000000 -1.368776 -9.082335
270.000000 7.746077 -3.185004
91.000000 28.764807 -2.737460
646.000000 32.005714 -5.622131
494.000000 33.752365 9.639348
340.000000 -27.490486 -7.740712
328.000000 37.020245 8.544814
410.000000 -2.247413 -24.554029
115.000000 -49.091465 -0.890532
292.000000 -48.026306 -0.301954
229.000000 -52.545330 1.931650
509.000000 -18.923170 2.413223
331.000000 -51.402721 -0.186839
108.000000 -49.120174 0.568203
124.000000 -50.633595 2.464525
943.000000 -51.279224 1.887598
695.000000 -50.916954 -0.685901
182.000000 -48.564548 3.456858
582.000000 -49.868916 4.174509
871.000000 -51.949677 3.335216
30.000000 18.185373 -20.316238
374.000000 3.279737 -9.840633
657.000000 -7.261773 11.055760
786.000000 -19.751272 -20.430565
239.000000 16.000101 18.356056
76.000000 -22.498812 -19.566725
505.000000 11.572406 8.821810
323.000000 -20.844030 -21.018438
373.000000 -5.433819 11.032293
291.000000 -5.617811 -1.479765
261.000000 0.713238 -5.033827
253.000000 15.989223 -2.251351
131.000000 8.445683 -10.507922
518.000000 -1.030659 -26.307213
684.000000 2.493929 0.515095
196.000000 6.153171 -15.904154
729.000000 7.343034 -2.156062
184.000000 15.036484 2.324737
362.000000 -4.784101 -12.286284
619.000000 -17.355505 -18.490286
670.000000 10.419040 -5.988490
8.000000 6.667386 10.009272
302.000000 5.384829 7.813164
766.000000 -17.442482 -19.719044
269.000000 -32.839260 -29.011217
480.000000 -43.868744 -4.162317
481.000000 -43.864826 -4.166345
720.000000 -14.043187 17.119244
166.000000 3.266524 21.233494
761.000000 -30.809137 -29.305775
609.000000 -12.527316 15.974255
507.000000 24.498411 18.706844
59.000000 11.223008 -17.038086
566.000000 -18.916527 4.719827
370.000000 -18.178156 1.628351
290.000000 -41.025818 -19.062391
234.000000 -34.807796 -1.054873
58.000000 11.801393 -16.084064
64.000000 -13.746958 3.821223
749.000000 37.752186 7.524469
420.000000 14.984893 -11.023811
376.000000 31.575956 -9.185155
133.000000 37.236794 7.334525
187.000000 25.914515 11.191687
308.000000 3.541589 6.111499
220.000000 -36.772255 0.887380
188.000000 38.304001 16.465271
946.000000 -6.965585 -16.196423
353.000000 -3.714062 -10.791590
630.000000 2.760381 -17.675730
120.000000 6.598818 -22.776146
945.000000 -6.941162 -16.242899
865.000000 28.981482 18.726913
367.000000 -8.308761 0.755206
969.000000 5.044225 -18.152590
177.000000 26.249157 10.482636
84.000000 -1.855232 8.144011
285.000000 14.721706 3.046553
468.000000 -6.288183 -9.576074
457.000000 1.894245 -17.101000
85.000000 -21.181820 -20.376534
956.000000 -15.683850 -18.998415
355.000000 0.909634 -8.190855
455.000000 2.315403 -17.880112
456.000000 1.876016 -17.116083
407.000000 1.945205 -23.358873
105.000000 14.621093 -8.275671
53.000000 18.367762 18.449749
307.000000 -3.358739 -26.395082
276.000000 3.092355 -14.644957
83.000000 -1.820177 8.060194
992.000000 1.042614 -22.956413
562.000000 -0.077479 -2.615146
69.000000 2.731913 10.159242
218.000000 11.014951 -1.660948
783.000000 0.542647 2.969593
142.000000 -40.360363 -18.024952
500.000000 9.974715 11.600167
241.000000 18.208052 17.462660
223.000000 -25.469604 9.400849
448.000000 -15.546308 16.841045
832.000000 19.093777 -9.548285
759.000000 -31.669811 -30.108671
215.000000 33.720577 -8.962905
143.000000 -37.929718 -17.304062
174.000000 -24.859812 7.991018
418.000000 -2.748525 -28.958403
616.000000 -4.682010 61.157204
615.000000 -4.664870 61.113010
653.000000 -0.554313 60.678864
654.000000 -0.553329 60.677032
202.000000 -4.591827 64.351433
203.000000 -4.617742 64.399765
1033.000000 -4.499934 62.621513
1032.000000 -4.460645 62.653488
947.000000 -5.782656 63.697086
948.000000 -5.763933 63.722588
299.000000 -5.810871 62.857727
300.000000 -5.771532 62.828674
405.000000 -5.693548 61.990643
404.000000 -5.708280 62.040302
442.000000 -4.907944 63.491638
441.000000 -4.889706 63.511360
342.000000 -18.054138 -11.394104
986.000000 -1.191406 55.888432
987.000000 -1.238580 55.905712
1000.000000 -2.753480 58.060253
999.000000 -2.803863 58.125820
129.000000 -10.111656 54.486599
130.000000 -10.219343 54.430168
423.000000 -1.470420 57.934563
424.000000 -1.512109 57.927052
774.000000 -0.365982 57.757435
773.000000 -0.365703 57.728153
112.000000 -4.981208 55.485786
113.000000 -4.932534 55.385883
804.000000 -17.244513 52.182587
803.000000 -17.165293 52.180584
798.000000 -11.656844 55.289547
799.000000 -11.697344 55.178192
900.000000 -14.036367 54.092918
899.000000 -14.123269 54.111912
110.000000 -3.490169 57.864742
111.000000 -3.420979 57.828407
589.000000 -16.064407 52.350666
588.000000 -16.058081 52.355083
868.000000 -3.157487 54.606182
869.000000 -3.109443 54.551655
790.000000 -4.755696 56.860516
789.000000 -4.783649 56.855038
605.000000 -4.197187 58.540081
604.000000 -4.179662 58.527138
416.000000 -17.315760 52.983807
415.000000 -17.327742 52.961281
689.000000 -0.863316 54.160381
690.000000 -0.845322 54.178410
281.000000 -5.081892 57.877438
280.000000 -5.080606 57.903465
638.000000 -17.024508 53.985596
639.000000 -16.957933 54.040817
937.000000 -9.990809 53.458294
936.000000 -9.937193 53.459839
1045.000000 -13.162527 52.879047
1046.000000 -13.267759 52.962162
123.000000 -12.503841 55.409489
122.000000 -12.415184 55.524956
985.000000 -11.161987 53.603596
984.000000 -11.058839 53.712368
540.000000 -1.729855 56.925529
539.000000 -1.720839 56.918308
971.000000 -14.863736 55.252289
970.000000 -14.898353 55.175785
964.000000 -0.137633 55.026909
965.000000 -0.136052 55.028118
232.000000 0.068715 56.430096
233.000000 0.055371 56.463993
326.000000 -2.804492 59.190998
327.000000 -2.798533 59.208549
934.000000 -12.368633 53.239334
933.000000 -12.202241 53.130165
709.000000 -4.107946 59.497288
710.000000 -4.134984 59.532288
287.000000 -3.068618 56.258358
288.000000 -3.054323 56.257339
699.000000 -1.469896 59.012482
698.000000 -1.470522 59.009224
882.000000 -3.818066 55.216774
881.000000 -3.795185 55.231766
887.000000 -1.767957 54.747791
888.000000 -1.794400 54.744370
17.000000 -16.509615 52.978859
18.000000 -16.492134 53.041214
98.000000 -12.954137 53.796070
99.000000 -13.002345 53.829182
769.000000 -11.881714 54.082027
768.000000 -11.788126 54.017738
40.000000 -14.957501 56.129658
41.000000 -15.014463 56.034592
257.000000 -13.307551 56.461613
258.000000 -13.353897 56.429123
744.000000 -14.148546 55.655048
743.000000 -14.208981 55.538536
138.000000 -13.260701 55.112949
137.000000 -13.295254 55.080162
879.000000 -33.131588 -28.118906
813.000000 -30.851435 -30.892166
486.000000 15.284022 -15.737201
754.000000 2.840905 22.120377
732.000000 -42.017876 -26.234028
316.000000 12.895853 22.836098
516.000000 15.070983 -15.933486
378.000000 -0.577090 13.409373
275.000000 16.888874 24.173676
755.000000 30.857662 5.513696
361.000000 -8.545411 -2.523932
144.000000 16.984020 4.582959
363.000000 -2.723156 -29.297045
63.000000 10.798958 21.607742
140.000000 -18.082142 6.904705
669.000000 40.262215 13.212470
627.000000 14.310575 -16.281441
650.000000 40.670609 6.623111
558.000000 -11.210742 17.081686
733.000000 28.036751 8.032732
469.000000 20.405046 -19.353392
330.000000 37.640377 8.554585
160.000000 -3.990030 -22.182091
212.000000 -37.612419 1.159615
800.000000 17.566681 -20.028189
49.000000 -7.947042 11.637623
294.000000 -1.350831 -11.603734
580.000000 -5.757984 12.837310
716.000000 -21.424253 -18.203331
204.000000 24.487791 13.641051
590.000000 11.650563 -8.187680
388.000000 20.885288 -1.884277
419.000000 39.805946 13.947073
671.000000 36.304173 6.927867
96.000000 26.792683 6.514111
71.000000 -13.016228 3.600907
237.000000 -6.341831 -13.086997
148.000000 -0.799681 -10.216965
209.000000 -10.512845 -6.334826
661.000000 24.838419 13.086579
369.000000 -7.897000 -11.592968
770.000000 28.296732 -8.855590
802.000000 -5.982044 11.787379
788.000000 -1.038244 -25.032898
344.000000 -9.976751 -5.533214
151.000000 28.670952 -7.376159
896.000000 31.078169 -6.224680
303.000000 -3.717851 -5.485489
939.000000 -7.655944 -16.641220
534.000000 5.738072 0.231210
815.000000 16.141138 -7.030040
78.000000 -22.266001 -20.537397
748.000000 13.583933 5.549037
731.000000 28.662325 -9.309754
940.000000 -7.342517 -16.842676
883.000000 -17.067034 -20.939728
955.000000 -15.003510 -18.562798
930.000000 10.258143 11.839981
497.000000 24.924648 5.457678
358.000000 6.888343 5.493656
356.000000 -3.178895 -2.446658
335.000000 -5.140227 -2.704435
265.000000 20.132448 -4.446404
246.000000 9.210431 -6.126770
461.000000 12.918225 10.969819
422.000000 3.407955 -21.611456
359.000000 -0.449064 -13.917214
190.000000 20.574419 -5.727770
564.000000 26.622540 8.702718
65.000000 -7.242592 -17.566170
219.000000 -37.289421 1.095948
451.000000 8.996167 8.965392
351.000000 -16.185368 -18.592104
224.000000 9.678379 -2.932683
371.000000 -6.737774 -11.044141
277.000000 -37.065796 0.915810
409.000000 -0.824205 -25.209604
878.000000 17.239176 -2.711117
193.000000 37.476227 15.923300
723.000000 -5.083571 6.326927
346.000000 -3.762088 -6.780987
73.000000 9.455522 -9.700105
811.000000 0.151283 0.320573
119.000000 6.490618 -22.281693
975.000000 -4.996574 -4.250248
245.000000 15.504539 -2.343235
996.000000 -4.431039 -9.783707
168.000000 -2.539003 -0.112860
677.000000 -5.626141 5.637432
515.000000 13.171902 -1.079029
837.000000 28.960987 18.741182
206.000000 11.996401 15.880595
134.000000 7.864927 -10.570528
923.000000 -7.282895 -10.698905
715.000000 11.088094 8.684640
894.000000 -25.321110 3.804307
293.000000 -48.097195 -0.264439
114.000000 -49.208344 -0.807955
181.000000 -48.611412 3.431839
446.000000 -16.330589 16.944704
700.000000 -49.944511 4.077302
734.000000 -28.021563 -25.765444
905.000000 -48.501217 -18.610231
333.000000 -51.368938 -0.074063
752.000000 -50.854301 -0.533439
107.000000 -49.189835 0.558118
944.000000 -51.381115 2.025944
230.000000 -52.509163 1.736084
125.000000 -50.727062 2.591755
179.000000 4.264955 4.730773
312.000000 -52.507229 1.707350
216.000000 34.172054 -9.204404
1040.000000 -51.935757 3.344308
870.000000 -51.915035 3.321659
126.000000 -50.822899 2.642154
707.000000 -18.503353 -11.233362
691.000000 -24.363077 6.154784
942.000000 -51.389145 2.040932
185.000000 -49.163017 -0.855233
563.000000 -48.090439 -0.312757
109.000000 -49.198711 0.529898
332.000000 -51.198017 0.127776
696.000000 -50.708958 -0.294447
893.000000 -24.885468 4.215232
581.000000 -49.946564 4.095307
663.000000 29.285982 -2.256421
782.000000 -48.655651 3.417692
829.000000 -30.832087 -24.509741
835.000000 -31.912855 -24.577560
501.000000 -6.515230 23.290102
228.000000 -33.182617 -26.502649
222.000000 -25.410980 9.751850
849.000000 -32.937637 -26.977476
226.000000 -24.908024 9.518887
850.000000 -32.467209 -27.455076
724.000000 -5.355298 -28.090134
703.000000 -7.226433 -26.236279
844.000000 -33.433582 -27.218302
794.000000 -26.863720 -28.386225
444.000000 2.618549 22.883858
851.000000 -32.119717 -26.943840
406.000000 -32.395065 -26.634741
785.000000 18.972168 -12.504550
683.000000 -14.631472 16.474771
155.000000 -32.925198 -0.554182
191.000000 32.598270 3.204084
841.000000 -32.754829 -27.362526
528.000000 -6.407054 -24.916586
855.000000 -33.499264 -26.789831
173.000000 -24.212526 7.684216
459.000000 -32.732891 -26.360243
434.000000 -12.972137 -14.120848
892.000000 -32.974712 -31.314075
746.000000 -14.566977 16.422308
159.000000 42.352150 8.623209
1043.000000 4.047813 5.245749
1004.000000 -24.669731 7.334048
938.000000 -19.565424 2.530684
701.000000 -6.784669 -25.706499
935.000000 -43.868866 -4.165269
569.000000 32.921898 -7.275325
635.000000 -12.030639 -16.586754
1041.000000 21.337191 -19.396788
651.000000 42.794968 9.454188
210.000000 30.379833 13.001581
502.000000 -6.482345 23.288858
919.000000 11.397948 11.921960
665.000000 18.745838 -7.466246
146.000000 12.204255 -21.573427
490.000000 -43.872517 -4.160522
599.000000 23.040007 5.542821
681.000000 -21.470577 6.612733
722.000000 -3.938582 -27.491585
846.000000 -17.327265 -21.712872
600.000000 13.162635 -15.361278
735.000000 31.282570 3.471898
592.000000 15.224635 23.186022
885.000000 25.219082 -15.140616
674.000000 2.899406 21.059490
925.000000 30.388130 8.963858
952.000000 -12.042150 16.591816
822.000000 17.698206 -11.283042
156.000000 22.640259 -5.688286
523.000000 -22.195244 5.438907
673.000000 41.380741 16.173752
591.000000 37.346348 5.796073
642.000000 37.207096 10.441761
42.000000 -8.612268 12.231391
559.000000 -1.043653 -17.591183
31.000000 18.596197 -20.849005
711.000000 3.808584 20.826054
403.000000 -12.849053 -9.032312
350.000000 -12.792467 -9.240823
641.000000 24.102169 -3.402271
445.000000 -10.004661 -11.451435
637.000000 5.169461 -12.738883
675.000000 39.612724 5.501386
812.000000 12.337723 -24.623392
693.000000 -11.593613 14.213511
506.000000 38.302605 8.351817
655.000000 6.101540 12.997778
801.000000 18.742804 -20.774914
165.000000 -10.665120 -10.275898
950.000000 -4.114664 -17.478889
713.000000 -3.580080 -23.151663
315.000000 31.340008 14.565217
2.000000 3.292254 -27.025696
200.000000 -14.182740 -5.474211
719.000000 24.821539 -4.572594
741.000000 -10.291882 3.024464
634.000000 -9.093387 -15.306891
128.000000 -16.722437 -22.417828
510.000000 27.449228 6.643737
814.000000 -17.555758 -24.245794
1014.000000 -11.002924 -8.596956
121.000000 -17.479267 -22.897715
597.000000 27.910683 3.610837
819.000000 29.821571 -8.178553
309.000000 16.929506 10.983161
692.000000 11.225873 -5.972242
1003.000000 -1.947201 -24.643093
728.000000 28.008842 4.652629
1044.000000 -19.104534 5.375548
320.000000 16.825773 9.971315
1028.000000 5.142785 -18.102182
101.000000 23.467314 -9.335432
767.000000 -12.653578 -11.716700
20.000000 -20.665245 4.143533
394.000000 10.604377 15.370886
439.000000 -1.817180 -28.309452
231.000000 -21.657337 -20.409933
777.000000 1.594795 -18.693356
682.000000 41.839943 11.260909
1022.000000 23.486113 -9.021713
247.000000 17.860182 -0.071592
421.000000 15.102391 -10.849975
608.000000 -12.425761 14.773159
756.000000 27.118969 7.636863
483.000000 9.112434 3.020039
372.000000 -5.271377 -11.253923
750.000000 23.758429 5.418287
408.000000 0.878163 -25.486965
432.000000 37.202042 15.647306
397.000000 1.166103 -25.579464
207.000000 16.831232 9.962054
56.000000 -6.827782 2.753297
524.000000 13.677179 -9.064388
382.000000 17.963470 0.116194
82.000000 -1.892665 8.619465
97.000000 27.492523 6.860750
702.000000 39.030666 11.294000
1006.000000 -2.356338 -1.091011
458.000000 2.714081 -18.048601
587.000000 28.045134 9.306225
834.000000 5.951458 -9.585868
824.000000 3.399951 -25.104490
649.000000 10.353128 15.345304
552.000000 0.591860 -15.142060
560.000000 -5.870828 5.843247
67.000000 -12.872397 4.120823
170.000000 26.916578 5.076304
967.000000 1.918727 -14.102386
195.000000 19.027227 16.102617
116.000000 28.775932 11.596143
171.000000 25.882347 5.039603
779.000000 0.984226 -15.167521
117.000000 28.441277 10.930071
968.000000 1.877699 -14.206583
954.000000 3.073794 -22.443960
624.000000 19.827000 2.891485
272.000000 11.370576 6.227341
199.000000 17.911959 15.295271
536.000000 12.867723 2.460610
758.000000 16.035213 -7.733342
818.000000 0.329001 -23.360519
583.000000 10.527694 14.432835
575.000000 12.748997 2.554755
1013.000000 -5.469415 -11.193769
365.000000 -5.222222 -10.403373
492.000000 15.297378 0.098787
780.000000 0.354298 3.628702
572.000000 2.861861 -13.472710
454.000000 1.290701 -16.927820
875.000000 -5.662026 -10.292093
880.000000 0.804334 -15.071607
791.000000 4.982576 8.527439
541.000000 27.392340 4.349473
867.000000 -0.463192 -12.189183
1008.000000 -5.514670 -11.208529
873.000000 7.627665 -7.104390
621.000000 26.578873 6.123839
375.000000 5.962101 -3.726149
348.000000 -3.822797 -4.443675
313.000000 15.788755 13.866615
633.000000 29.932905 5.171052
979.000000 1.397471 -8.065859
787.000000 -17.809774 -19.036564
475.000000 16.931372 16.906094
828.000000 13.817578 -6.525400
227.000000 11.674639 3.867775
387.000000 -1.890744 5.578364
546.000000 6.073792 -9.282015
453.000000 -4.291270 -8.485798
1019.000000 -3.462193 -4.479862
499.000000 16.563631 15.161922
395.000000 10.870010 14.803784
491.000000 10.250332 11.718590
426.000000 0.813539 5.024322
738.000000 -41.942379 -26.206915
739.000000 -43.059147 -26.060513
740.000000 -43.058643 -26.082323
211.000000 -37.608231 1.164731
989.000000 -42.774101 -25.780830
11.000000 -42.302155 -26.629169
659.000000 -42.366558 -26.652773
278.000000 -37.147976 0.860882
838.000000 28.950602 18.749775
235.000000 -34.877975 -1.082172
1034.000000 -41.159290 -19.482473
289.000000 -41.161793 -19.515026
897.000000 -25.411434 3.736136
236.000000 -34.874950 -1.071797
447.000000 -16.394361 16.955885
341.000000 -27.509096 -7.727813
866.000000 28.965380 18.737398
972.000000 -49.116272 -18.177996
493.000000 -27.508905 -7.728933
606.000000 -27.504538 -7.732549
978.000000 -24.956053 6.559274
479.000000 -46.959843 -18.218870
180.000000 4.317141 4.622078
708.000000 -18.787127 -11.139801
662.000000 29.536882 -2.053066
88.000000 -45.379837 -18.293577
485.000000 -44.596989 -18.420280
297.000000 -33.663849 -0.698232
915.000000 -47.493217 -17.768820
836.000000 -31.997742 -24.038204
51.000000 -33.738792 -0.716668
414.000000 -47.564438 -17.108412
914.000000 -45.312359 -17.272980
998.000000 34.349312 -9.278910
913.000000 -46.324272 -16.175411
503.000000 -6.526558 23.289597
830.000000 -31.234781 -23.894045
911.000000 -46.341888 -17.023865
906.000000 -45.868717 -16.432627
390.000000 -46.863518 -17.108345
440.000000 36.496735 -0.761163
904.000000 -46.476528 -18.674129
398.000000 -47.001457 -16.483057
784.000000 19.058916 -12.591666
613.000000 -41.104900 -18.174810
909.000000 -44.758102 -16.804850
920.000000 -46.899643 -19.159134
725.000000 -5.496226 -28.091028
443.000000 2.567175 23.074869
75.000000 -23.659462 6.119757
726.000000 -7.388366 -26.376251
917.000000 -47.318325 -18.596930
792.000000 -24.651211 -29.063053
1017.000000 36.593056 -0.518677
916.000000 -46.295731 -19.429090
895.000000 -33.139709 -32.492779
795.000000 -24.685455 -29.018253
476.000000 -45.802162 -17.101961
47.000000 -44.720230 -17.908766
145.000000 -37.963409 -17.315001
435.000000 -13.006372 -14.170651
425.000000 -46.815952 -17.658258
1020.000000 36.184532 -0.257951
489.000000 -45.446064 -17.833376
1047.000000 -40.334263 -18.353809
242.000000 -32.557926 -32.692249
827.000000 -6.449699 -24.831570
907.000000 -44.602699 -17.368984
912.000000 -45.550232 -19.382540
213.000000 -24.698647 -29.023260
980.000000 19.173208 -9.598007
436.000000 -25.127567 9.849680
474.000000 -46.061016 -18.464432
910.000000 -45.964710 -17.686611
718.000000 -23.470982 7.191089
167.000000 2.902396 21.814150
478.000000 -23.307554 7.203193
525.000000 -23.348820 6.682276
512.000000 -24.692308 8.750346
840.000000 -30.843466 -28.022270
781.000000 -12.062903 -16.592697
48.000000 -32.634357 -33.210175
995.000000 36.359589 -0.272950
158.000000 43.263649 8.553084
854.000000 -30.235579 -27.833857
847.000000 -30.616117 -27.139824
14.000000 -23.859468 6.255363
891.000000 -32.408245 -32.901127
903.000000 -45.695869 -18.825586
217.000000 33.979591 -9.120564
192.000000 32.731441 3.137777
857.000000 -28.590839 -27.551907
839.000000 -29.353174 -28.690550
321.000000 36.034695 -0.756837
449.000000 -13.817500 16.317312
856.000000 -28.920324 -26.850431
796.000000 -24.697369 -29.007191
1042.000000 21.486292 -19.396906
568.000000 33.057796 -7.189466
268.000000 -33.630211 -29.043356
286.000000 -33.293182 -32.733536
93.000000 -29.607779 -27.065346
931.000000 -41.133865 -18.096960
464.000000 -29.810379 -28.098539
848.000000 -28.905939 -28.283089
908.000000 -46.347439 -17.908140
918.000000 11.652584 12.012554
983.000000 -14.553418 17.517639
343.000000 -18.253744 -11.323677
941.000000 43.557350 9.501726
514.000000 -24.199038 6.769707
842.000000 -30.178589 -26.832436
595.000000 -0.545994 13.474959
157.000000 -33.259380 -33.025986
147.000000 12.217903 -21.595379
279.000000 -45.270798 -16.395494
845.000000 -30.649994 -27.489864
304.000000 -29.097910 -27.384022
329.000000 36.918446 8.790112
517.000000 15.475142 -15.665258
778.000000 -14.477557 17.554487
664.000000 18.786774 -7.449458
843.000000 -29.791847 -26.306696
283.000000 16.939085 24.187439
806.000000 -23.990030 6.975952
467.000000 -29.267056 -27.960077
61.000000 -19.774231 7.084636
957.000000 36.207832 -0.872171
680.000000 -8.578692 -2.497154
852.000000 -29.301725 -26.389204
34.000000 -32.970448 -33.282871
417.000000 -30.387049 -28.413746
886.000000 13.472163 -15.283156
853.000000 -30.488844 -26.441023
487.000000 15.540580 -15.653852
612.000000 -1.027021 -17.703613
62.000000 10.837347 21.659918
561.000000 -11.143321 17.168501
319.000000 12.774759 22.845240
531.000000 25.671724 -15.788389
593.000000 15.294551 23.249781
266.000000 39.750278 10.486108
68.000000 11.092816 -17.386641
825.000000 33.763062 9.653864
154.000000 18.808632 -20.800665
628.000000 5.053872 0.714223
574.000000 28.912670 -2.595451
508.000000 24.573524 18.894707
25.000000 39.503189 8.254374
243.000000 40.718910 10.436795
1026.000000 32.119762 -5.511316
962.000000 31.522020 -7.879505
267.000000 40.252636 10.299739
631.000000 -2.760097 -29.420996
317.000000 12.767653 22.847780
106.000000 -29.794168 -27.395578
466.000000 39.175167 9.969090
282.000000 16.930897 24.180294
973.000000 41.425186 16.182247
808.000000 3.270971 -9.914064
87.000000 41.207382 9.251154
271.000000 40.120155 9.683228
762.000000 25.683043 -15.823946
647.000000 40.805096 9.012160
314.000000 31.372448 14.604338
472.000000 19.864288 -20.072941
730.000000 40.132576 8.963736
1051.000000 -20.208273 6.949847
161.000000 -4.035141 -22.100863
672.000000 -13.516497 -9.569016
966.000000 -19.814297 7.165361
884.000000 12.488626 -24.597252
951.000000 -4.271851 -18.122852
760.000000 19.049397 -4.640453
652.000000 39.110748 9.466248
139.000000 -18.129091 6.934953
495.000000 33.780388 9.649511
727.000000 41.317516 9.898937
676.000000 40.392857 13.247080
622.000000 28.902166 -2.615214
402.000000 -13.741006 -9.399224
901.000000 -7.363008 -5.590475
55.000000 -20.131119 6.544227
763.000000 -18.178404 1.602259
926.000000 30.433323 8.989796
462.000000 15.985341 4.817691
687.000000 -0.552186 13.457678
43.000000 -8.759817 12.364908
961.000000 -19.973108 6.412092
1015.000000 33.770561 9.649284
428.000000 -12.849594 15.614243
1021.000000 24.563383 18.868507
648.000000 39.497047 8.663596
1030.000000 -11.135782 -8.780939
706.000000 39.150967 9.046423
471.000000 19.778431 -20.153828
379.000000 10.845089 21.669743
412.000000 38.611748 15.396591
298.000000 40.793819 9.834698
520.000000 12.883453 3.681150
337.000000 -11.120842 3.279498
643.000000 39.644161 9.889063
201.000000 -14.233249 -5.458919
431.000000 38.683487 15.319030
898.000000 -6.403131 -7.470482
644.000000 40.213562 8.437016
953.000000 40.867340 6.548966
902.000000 -1.384016 -11.442293
36.000000 19.897327 19.428802
1039.000000 -4.119133 -14.825798
1007.000000 -6.181786 -5.763348
745.000000 40.640362 8.301414
72.000000 11.803055 -16.383974
551.000000 -2.634312 -13.913840
354.000000 -7.592633 -7.398716
1001.000000 -5.756067 12.895871
368.000000 -6.915838 -6.745454
598.000000 -2.415728 10.150912
164.000000 -11.563965 -10.779141
221.000000 4.801801 0.450997
391.000000 11.099393 -17.381659
427.000000 19.058256 -4.632523
960.000000 -19.521671 6.797975
380.000000 31.635220 -9.125237
640.000000 40.500710 9.420080
753.000000 28.713848 5.934962
3.000000 3.534991 -27.282927
349.000000 -7.981326 -6.616605
135.000000 4.986177 0.488863
772.000000 16.454941 -0.496231
175.000000 41.105042 8.584110
809.000000 -12.774876 -11.827085
550.000000 -2.770792 -14.353093
601.000000 7.666806 7.275525
178.000000 -21.313564 -20.800516
861.000000 23.623941 -4.420443
238.000000 -6.583865 -14.093051
1025.000000 12.973518 11.009987
413.000000 38.778484 15.166756
793.000000 7.383658 2.122918
357.000000 -8.238370 -7.198783
1012.000000 -5.829497 -7.247967
864.000000 -6.923344 -7.970193
863.000000 19.703119 1.815476
554.000000 -3.870727 -15.092054
714.000000 17.465008 11.230453
23.000000 19.828581 19.777229
797.000000 13.873116 5.682537
685.000000 -2.188117 -27.210899
401.000000 5.142428 0.776591
544.000000 -2.172193 -13.759296
1029.000000 25.695515 -15.842880
310.000000 -13.938439 -22.825357
645.000000 39.759262 9.192496
205.000000 24.558582 13.570457
810.000000 3.269258 -9.934021
625.000000 18.156590 16.488564
225.000000 -14.996243 3.854242
997.000000 12.569226 -9.063836
284.000000 -13.111850 3.837981
240.000000 15.837924 18.793024
860.000000 23.729937 -4.225489
433.000000 38.813969 15.352013
1037.000000 -3.091227 -15.695175
958.000000 7.445812 2.090008
1011.000000 -7.561290 -7.924852
149.000000 6.854617 13.311317
668.000000 6.647391 -22.943213
1024.000000 -3.823764 -0.395265
1005.000000 23.317955 16.664776
721.000000 -2.462494 -1.935540
1002.000000 1.591655 -18.848070
553.000000 -2.525607 -15.414080
386.000000 -2.802285 5.693329
959.000000 7.452428 2.118157
345.000000 -10.384425 -5.409721
197.000000 19.899237 15.298748
556.000000 -3.632758 -14.131826
6.000000 19.512560 19.727793
816.000000 10.938021 -24.758480
820.000000 20.865910 -1.293144
482.000000 25.783815 11.429438
991.000000 2.399063 -25.732208
1035.000000 15.810346 18.808088
988.000000 -14.996511 3.833221
578.000000 -8.006767 -17.855309
527.000000 29.640028 -8.629822
678.000000 19.735455 1.827901
208.000000 29.536034 12.518668
617.000000 28.463860 6.595025
584.000000 28.163588 5.645473
1016.000000 22.983410 -8.820651
833.000000 6.888246 13.450877
498.000000 -2.007880 -27.375584
400.000000 -9.482264 -6.182297
862.000000 23.679550 -4.450191
636.000000 25.355968 2.833588
1038.000000 -4.303899 -14.358776
545.000000 -1.980104 -15.084599
586.000000 -0.418841 5.635016
977.000000 -17.027641 -18.945950
262.000000 0.709210 -5.052690
557.000000 -3.931900 -15.737003
364.000000 -6.130019 -7.944681
555.000000 -3.974147 -13.820374
963.000000 -7.493093 11.234818
477.000000 31.468489 -7.834306
548.000000 -1.870518 -14.277250
529.000000 -2.080407 -27.224857
993.000000 2.176179 -26.018377
658.000000 0.384530 -3.896128
603.000000 28.687670 5.630774
162.000000 28.550589 -7.250265
757.000000 27.898348 5.841698
1009.000000 -6.219260 -6.396355
771.000000 28.063833 -8.649799
80.000000 -5.701202 4.857881
1027.000000 25.465509 2.920489
1.000000 -7.417347 8.697273
1036.000000 -2.314313 -14.798087
565.000000 27.809387 5.980554
547.000000 -3.335889 -14.885269
567.000000 -7.480939 8.885954
549.000000 -3.001504 -15.097362
922.000000 -7.085848 -7.551880
176.000000 2.757302 20.064333
927.000000 21.817598 -6.382807
543.000000 -3.452113 -13.525940
1023.000000 15.824830 18.853113
535.000000 5.673289 0.102200
352.000000 -6.939146 -6.299168
254.000000 15.124506 -1.588737
384.000000 -2.854709 5.793200
38.000000 -6.634337 3.505740
183.000000 15.129687 2.432950
831.000000 6.913018 13.310519
928.000000 -21.715172 -19.945421
764.000000 0.347098 7.202277
688.000000 -2.608949 9.993512
807.000000 -12.297636 -2.669269
611.000000 2.737499 20.172857
103.000000 23.324375 -9.825768
858.000000 8.148784 9.207121
19.000000 19.612867 19.393278
629.000000 12.131743 -15.500985
921.000000 -2.492293 10.383448
932.000000 -8.729963 -11.395124
594.000000 -0.413393 5.344341
393.000000 -7.507116 8.952098
697.000000 0.836922 -6.615427
488.000000 4.821786 -20.257792
4.000000 28.199394 6.313917
347.000000 -6.497278 -7.008054
859.000000 24.001984 -4.569931
976.000000 2.461388 0.507609
1018.000000 7.450964 7.122504
877.000000 11.427616 -4.555660
775.000000 16.472572 -0.465248
632.000000 13.007397 3.715801
381.000000 -2.956784 5.818694
610.000000 2.816067 20.126478
576.000000 1.836253 -2.947295
437.000000 22.995819 -8.753291
366.000000 -6.834610 -5.836618
872.000000 -7.680424 -6.227177
338.000000 -11.101450 3.291630
438.000000 12.686296 3.566326
823.000000 -21.415117 -21.073385
311.000000 -3.737193 -26.381826
542.000000 -2.961699 -13.295369
465.000000 2.082269 -23.752815
305.000000 18.782749 18.083553
974.000000 19.740116 1.742625
821.000000 17.014927 -10.340800
776.000000 16.568024 -0.391863
994.000000 2.275015 -25.691990
747.000000 12.555313 -9.081108
607.000000 1.874374 -2.832774
949.000000 23.308622 16.675671
430.000000 -0.886791 2.134195
1031.000000 -16.940437 -18.730703
817.000000 10.964246 -24.760675
1049.000000 18.542572 19.320623
874.000000 8.242969 -6.385457
473.000000 8.276598 -6.394016
1010.000000 -7.431247 -6.743652
618.000000 -17.570530 -17.805298
198.000000 19.966888 15.206651
765.000000 0.229500 7.236783
1048.000000 0.739159 3.094443
704.000000 3.594036 -7.222503
876.000000 11.395744 -4.553641
324.000000 2.479723 -12.450697
929.000000 2.715546 10.215496
153.000000 11.892234 0.774873
248.000000 15.276369 -1.711323
1050.000000 9.223718 1.270497
519.000000 7.493904 7.218491
686.000000 -2.784438 10.325462
532.000000 11.832909 0.982563
571.000000 6.138925 -15.928522
889.000000 20.383272 -2.583590
94.000000 0.362670 7.132617
981.000000 0.197079 0.177589
70.000000 2.718827 10.215253
656.000000 -0.104358 -2.384742
890.000000 20.464651 -2.474252
924.000000 -9.874318 -10.853396
452.000000 9.843101 -1.755671
27.000000 6.551006 10.137465
538.000000 18.589809 18.170656
521.000000 9.880996 9.108727
826.000000 -8.600823 -11.777150
990.000000 2.461644 -26.068359
982.000000 10.097924 -11.197946
