537.000000 5.650604 -2.398782
339.000000 2.961585 -8.792034
46.000000 -38.920422 22.783882
92.000000 -33.321259 14.692616
24.000000 38.947990 3.235099
9.000000 3.235337 -29.420298
5.000000 32.818066 -15.165356
377.000000 -10.744764 -14.602567
244.000000 -4.819592 -20.749340
742.000000 14.450395 -5.153390
301.000000 4.799688 -13.202179
37.000000 -3.544320 -4.343158
504.000000 -0.152641 -15.300060
463.000000 -0.623041 -11.893766
623.000000 16.160679 -23.092291
660.000000 -1.206899 0.115284
620.000000 18.072149 5.327100
13.000000 -33.917564 -10.700864
90.000000 19.600025 -2.730940
736.000000 20.941706 2.289310
570.000000 -2.516921 2.459945
28.000000 5.186910 -27.307077
411.000000 26.633129 2.249193
104.000000 -1.498697 -23.592371
250.000000 4.217700 -23.767445
35.000000 -31.724072 25.976133
163.000000 8.951447 -31.604002
54.000000 -29.505491 -7.660347
596.000000 -3.388851 20.507872
22.000000 1.528193 -25.931065
39.000000 2.669780 -22.480587
585.000000 -9.368762 -17.923975
679.000000 8.850688 19.160051
141.000000 -15.068021 1.394013
255.000000 22.131079 -23.246895
95.000000 -7.421972 -4.155875
152.000000 10.467280 -39.498638
100.000000 0.540378 -29.640305
132.000000 6.194942 -20.962099
136.000000 14.300479 -33.530228
251.000000 11.497060 -10.176528
513.000000 13.343466 -13.645443
60.000000 0.571817 -17.404907
666.000000 3.321735 -21.617975
45.000000 32.372536 10.115959
0.000000 -12.835176 3.878006
79.000000 -14.563123 13.205215
396.000000 17.701698 0.498905
712.000000 6.190552 -30.011675
322.000000 46.679569 -7.024237
263.000000 12.148844 4.342819
274.000000 11.902520 13.797563
484.000000 -1.949822 -10.754843
295.000000 1.042890 -6.137825
7.000000 14.639364 -27.456903
150.000000 2.791448 -39.359318
392.000000 11.913024 -18.376637
29.000000 -20.380047 -1.130831
577.000000 10.958840 0.737696
252.000000 5.813234 -11.485033
273.000000 5.993370 -22.845013
385.000000 -6.026442 8.345366
602.000000 2.151566 -20.569799
86.000000 -13.207776 11.307000
21.000000 -18.910519 -5.124229
496.000000 25.837008 -18.508369
260.000000 -0.783149 -4.590884
57.000000 8.886341 -13.915909
296.000000 13.408779 -8.743706
334.000000 28.807184 -30.569483
89.000000 -10.625976 -39.192432
751.000000 12.121884 -3.330008
194.000000 14.817910 -20.407368
399.000000 -3.881949 -14.948736
12.000000 -26.812847 17.877064
336.000000 -11.592811 -5.804714
318.000000 2.119685 -18.833315
256.000000 13.181648 -15.180329
77.000000 -16.094717 12.712484
705.000000 -4.614695 -0.402798
172.000000 -5.245432 -7.522800
44.000000 5.711157 -15.410744
189.000000 26.011246 -2.807315
81.000000 0.872833 -3.350249
614.000000 -34.931263 28.921644
214.000000 -30.889828 9.305142
249.000000 16.893225 -14.023772
460.000000 -13.868035 23.573059
511.000000 -33.821968 -7.933803
626.000000 17.981155 -37.905731
16.000000 -14.914433 -29.191252
66.000000 -13.747490 -7.848018
102.000000 -8.846014 -40.813568
389.000000 12.288771 16.210196
450.000000 22.836296 22.244757
127.000000 -23.321650 8.960333
15.000000 11.375171 -23.839928
186.000000 35.273643 -16.498169
325.000000 -1.248905 -2.064326
264.000000 7.548551 -9.522859
10.000000 11.534452 -26.721424
259.000000 6.171905 -13.306415
667.000000 14.728169 8.679881
737.000000 -25.759556 17.677952
573.000000 0.661340 -20.235634
32.000000 6.916949 27.205870
530.000000 -15.937619 -13.258102
470.000000 6.391991 25.130480
52.000000 31.129236 13.492643
429.000000 19.942245 19.988720
26.000000 -4.912891 -32.418995
579.000000 -6.787046 -23.940500
522.000000 24.936491 -36.725079
526.000000 20.690739 -32.008728
360.000000 7.099148 -4.756617
717.000000 7.063415 -34.606483
74.000000 8.061711 -6.624975
306.000000 34.002041 -0.181858
169.000000 -3.421620 -7.066948
694.000000 10.258095 4.659177
118.000000 29.780975 -9.343253
33.000000 13.577423 -24.545645
533.000000 -4.762451 -25.067619
50.000000 0.152388 -7.207680
383.000000 5.056036 -28.731941
805.000000 -0.109736 9.105314
270.000000 3.782140 -12.384722
91.000000 -14.970993 -38.257225
646.000000 45.087452 -3.342727
494.000000 39.686615 -2.999428
340.000000 20.985020 -8.930147
328.000000 44.530537 5.455583
410.000000 7.424431 8.541121
115.000000 -55.378765 21.615997
292.000000 -54.419498 22.947233
229.000000 -53.442196 19.320669
509.000000 -23.378326 -1.298953
331.000000 -49.673340 15.128742
108.000000 -55.252098 18.852076
124.000000 -52.158424 21.998489
943.000000 -53.167080 21.013269
695.000000 -50.774658 15.103199
182.000000 -48.048069 18.380941
582.000000 -46.793617 17.416910
871.000000 -51.523560 19.510302
30.000000 6.952675 27.497286
374.000000 11.409686 7.310298
657.000000 -1.856564 14.364934
786.000000 -14.264301 11.386458
239.000000 4.666774 -46.897812
76.000000 -16.082062 11.338563
505.000000 -1.312101 -17.658972
323.000000 -14.664095 11.788752
373.000000 -3.566327 14.478041
291.000000 11.881353 -6.883192
261.000000 8.252682 -11.537581
253.000000 -5.117541 -24.149855
131.000000 2.143455 -4.029039
518.000000 15.759003 0.107159
684.000000 2.615280 -14.990861
196.000000 4.253060 -32.970463
729.000000 7.990495 -29.094042
184.000000 4.561739 -37.414070
362.000000 13.999625 9.357388
619.000000 -3.355095 6.645285
670.000000 5.663458 -20.539860
8.000000 -11.735023 -28.331427
302.000000 -0.287038 -12.934705
766.000000 -9.107305 8.833545
269.000000 -32.920517 20.945694
480.000000 -43.220776 30.726948
481.000000 -43.247574 30.758526
720.000000 20.684462 21.785755
166.000000 -17.749298 -28.974468
761.000000 -32.479786 19.976595
609.000000 22.305054 19.663013
507.000000 31.688112 -29.295515
59.000000 -7.076354 -11.159345
566.000000 -25.595819 -7.687119
370.000000 -24.216135 -7.692604
290.000000 -35.229424 30.368965
234.000000 31.698151 14.742983
58.000000 -6.715022 -12.304933
64.000000 -11.466666 -10.245966
749.000000 44.370358 3.942314
420.000000 11.385266 -1.838608
376.000000 7.461011 -17.924828
133.000000 45.052952 3.745108
187.000000 25.032789 -14.548472
308.000000 -7.229691 -32.596886
220.000000 41.126972 -24.534376
188.000000 27.057148 -2.073951
946.000000 11.361748 -0.332010
353.000000 4.190846 -3.888103
630.000000 18.206783 13.139020
120.000000 20.939589 8.446980
945.000000 11.411856 -0.477043
865.000000 -0.124220 -33.976986
367.000000 -3.464561 14.188052
969.000000 21.938231 -31.047153
177.000000 26.027786 -13.730972
84.000000 -11.508847 -17.100786
285.000000 3.870044 -38.426357
468.000000 -0.784375 -9.088520
457.000000 17.162060 12.566947
85.000000 -14.924134 12.173268
956.000000 -10.002154 10.162595
355.000000 6.060483 -7.280999
455.000000 17.599018 13.387253
456.000000 17.174141 12.594822
407.000000 15.834881 -2.489373
105.000000 10.962219 -11.050021
53.000000 14.676098 -25.925051
307.000000 -21.189739 7.068994
276.000000 -0.758144 1.674683
83.000000 -11.526365 -17.141474
992.000000 8.832238 -4.797501
562.000000 17.945112 -5.113732
69.000000 -4.143500 -46.245533
218.000000 -1.462388 -27.959635
783.000000 -9.893648 -21.049183
142.000000 -18.278181 26.045834
500.000000 33.234840 -4.752691
241.000000 13.535272 -25.793625
223.000000 -34.995880 -7.017408
448.000000 24.079967 23.800362
832.000000 39.828609 -24.901392
759.000000 -33.687492 20.737608
215.000000 11.701428 -42.131962
143.000000 -17.137684 25.640394
174.000000 -34.681488 -9.160386
418.000000 19.342785 -8.585230
616.000000 -23.013262 63.969372
615.000000 -22.986952 63.957439
653.000000 -27.524849 61.672096
654.000000 -27.530634 61.665417
202.000000 -26.114351 61.407131
203.000000 -26.118168 61.408611
1033.000000 -25.063105 62.820080
1032.000000 -25.091389 62.804127
947.000000 -25.844114 64.229797
948.000000 -25.868252 64.197205
299.000000 -24.461933 63.848965
300.000000 -24.420288 63.841114
405.000000 -24.668940 64.874329
404.000000 -24.671850 64.870659
442.000000 -26.567453 62.935837
441.000000 -26.573465 62.912235
342.000000 -8.812847 0.368188
986.000000 -17.259895 58.720783
987.000000 -17.261806 58.787041
1000.000000 -18.676271 60.011215
999.000000 -18.687624 60.052589
129.000000 -5.251341 60.842804
130.000000 -5.244738 60.827213
423.000000 -20.276896 58.548317
424.000000 -20.255589 58.583694
774.000000 -20.134699 57.140293
773.000000 -20.131891 57.125500
112.000000 -23.031935 58.342209
113.000000 -23.059805 58.293617
804.000000 1.551691 53.159561
803.000000 1.614768 53.296299
798.000000 -6.914557 57.483685
799.000000 -6.915788 57.473545
900.000000 -3.113157 57.779613
899.000000 -3.097424 57.730629
110.000000 -19.564320 59.716595
111.000000 -19.567801 59.625572
589.000000 0.653640 54.113899
588.000000 0.736062 54.119980
868.000000 -24.084520 57.799320
869.000000 -24.090330 57.750237
790.000000 -21.924711 60.661243
789.000000 -21.951258 60.653301
605.000000 -19.075684 61.704201
604.000000 -19.047520 61.706764
416.000000 0.428862 52.217834
415.000000 0.555269 52.225456
689.000000 -21.935686 57.008022
690.000000 -21.904055 56.984043
281.000000 -23.582411 59.504219
280.000000 -23.586008 59.501320
638.000000 -0.459748 53.307709
639.000000 -0.466887 53.470894
937.000000 -5.850638 59.711506
936.000000 -5.844051 59.721317
1045.000000 -4.406767 58.633621
1046.000000 -4.404118 58.604092
123.000000 -7.008831 56.343735
122.000000 -6.995153 56.366837
985.000000 -4.335567 59.953152
984.000000 -4.329646 59.979050
540.000000 -18.959015 58.018707
539.000000 -18.954309 57.989525
971.000000 -4.782824 56.049782
970.000000 -4.798316 56.034473
964.000000 -17.324251 57.245476
965.000000 -17.297617 57.272682
232.000000 -18.940420 56.463696
233.000000 -18.950306 56.467278
326.000000 -20.373331 62.123508
327.000000 -20.386295 62.109394
934.000000 -2.194761 58.652687
933.000000 -2.235644 58.720818
709.000000 -21.501406 59.490932
710.000000 -21.538279 59.492847
287.000000 -20.461113 55.544044
288.000000 -20.449705 55.538631
699.000000 -20.462976 60.687016
698.000000 -20.485796 60.697433
882.000000 -16.636555 59.962986
881.000000 -16.628588 59.959480
887.000000 -23.006147 56.281502
888.000000 -23.025671 56.309162
17.000000 0.503874 53.167107
18.000000 0.478075 53.170876
98.000000 -3.236367 58.853283
99.000000 -3.229450 58.840897
769.000000 -3.521259 60.572968
768.000000 -3.527786 60.589149
40.000000 -3.826346 55.604191
41.000000 -3.821886 55.597527
257.000000 -6.153650 55.019253
258.000000 -6.153354 55.012005
744.000000 -4.822045 54.946239
743.000000 -4.812320 54.919033
138.000000 -5.668109 57.179321
137.000000 -5.681700 57.159054
879.000000 -34.251904 19.706804
813.000000 -35.859566 8.438197
486.000000 18.683352 -16.883680
754.000000 -19.512850 -28.713024
732.000000 -26.268845 19.042847
316.000000 3.963768 -18.324080
516.000000 19.016548 -17.765337
378.000000 -15.796506 -18.064346
275.000000 -6.295997 3.684058
755.000000 38.570370 -9.600694
361.000000 -0.465774 -41.212017
144.000000 -16.154644 25.099287
363.000000 18.784060 -8.790566
63.000000 11.363191 21.329443
140.000000 -27.368383 -9.944313
669.000000 33.052979 4.020816
627.000000 17.510344 -15.626073
650.000000 35.922680 6.798636
558.000000 23.176018 18.064384
733.000000 36.273926 -16.351717
469.000000 6.608139 22.555714
330.000000 44.001656 4.778925
160.000000 14.676478 2.734497
212.000000 42.218578 -23.367958
800.000000 7.538495 27.508163
49.000000 -0.119645 15.168585
294.000000 11.249446 -6.058101
580.000000 -5.652101 14.485187
716.000000 -17.783882 -10.455208
204.000000 22.615955 -13.596962
590.000000 39.710457 10.442845
388.000000 12.181479 14.820813
419.000000 32.477917 3.979414
671.000000 45.088993 3.165028
96.000000 32.616467 -18.366066
71.000000 -10.599570 -9.547315
237.000000 4.346075 2.205434
148.000000 -13.867867 -22.817698
209.000000 8.141112 -28.834196
661.000000 23.941177 -14.010912
369.000000 6.094954 2.834348
770.000000 25.531900 -7.657408
802.000000 -4.539741 14.442466
788.000000 7.854017 6.963286
344.000000 -2.674797 -12.654412
151.000000 9.949829 -37.492588
896.000000 15.917978 8.359636
303.000000 5.159651 -12.321796
939.000000 12.105701 -0.163695
534.000000 12.435807 -33.243488
815.000000 12.733792 -9.475826
78.000000 -15.555693 11.764498
748.000000 7.246816 -24.587574
731.000000 25.292513 -8.306086
940.000000 11.509560 0.040981
883.000000 -9.291169 8.388639
955.000000 -3.114802 5.685646
930.000000 33.734257 -4.339573
497.000000 25.501408 -17.461735
358.000000 -1.121425 -11.048703
356.000000 5.782798 -4.858718
335.000000 2.826538 -5.653872
265.000000 15.845917 -13.590991
246.000000 -7.324907 -18.353043
461.000000 -12.155268 22.471161
422.000000 23.427315 2.046259
359.000000 0.292449 -1.278316
190.000000 -17.918512 -10.079459
564.000000 25.602852 -16.553146
65.000000 9.854303 0.578375
219.000000 41.852444 -23.820454
451.000000 4.075554 -22.659046
351.000000 -3.199851 5.627527
224.000000 -2.026962 -27.967680
371.000000 2.800152 -1.097126
277.000000 41.688393 -24.768305
409.000000 15.989946 0.164980
878.000000 -5.145479 -23.592743
193.000000 25.877354 -2.939352
723.000000 -0.743722 -20.304052
346.000000 0.033005 -10.432781
73.000000 8.112102 -7.018016
811.000000 -4.879284 -15.685237
119.000000 21.189905 9.114483
975.000000 2.080372 -14.158587
245.000000 -5.023583 -23.664494
996.000000 5.881720 -5.904974
168.000000 -4.296224 -7.338388
677.000000 5.127782 -15.829549
515.000000 3.193757 -24.673462
837.000000 -0.559620 -34.594063
206.000000 13.623177 -18.852982
134.000000 2.674893 -4.268864
923.000000 2.060910 1.805250
715.000000 1.992832 -18.745190
894.000000 -25.423309 -0.622644
293.000000 -54.428123 22.809368
114.000000 -55.366714 21.474520
181.000000 -48.054832 18.372721
446.000000 24.541563 24.393467
700.000000 -46.777782 17.399992
734.000000 -28.130356 17.291555
905.000000 -41.576195 18.656656
333.000000 -49.711468 15.306844
752.000000 -50.784161 15.366615
107.000000 -55.197334 18.681614
944.000000 -53.079792 20.831749
230.000000 -53.384972 19.077179
125.000000 -52.016346 21.757263
179.000000 -8.845821 -32.824116
312.000000 -53.383003 19.110914
216.000000 12.070312 -42.615799
1040.000000 -51.537693 19.395603
870.000000 -51.557133 19.393101
126.000000 -52.032635 21.782618
707.000000 -9.203050 0.690710
691.000000 -36.285633 -12.111405
942.000000 -53.076805 20.826220
185.000000 -55.372471 21.489805
563.000000 -54.450462 22.862083
109.000000 -55.193855 18.652151
332.000000 -49.741940 15.448868
696.000000 -50.791588 15.429496
893.000000 -24.902239 -0.808276
581.000000 -46.806206 17.416389
663.000000 -15.701108 -38.770195
782.000000 -48.077114 18.398117
829.000000 -38.111454 14.814178
835.000000 -36.391762 12.511558
501.000000 24.061605 -26.366835
228.000000 -35.482872 17.508677
222.000000 -34.744595 -6.554566
849.000000 -36.298466 18.174162
226.000000 -34.431957 -6.975514
850.000000 -36.269405 17.635376
724.000000 22.303604 -4.112769
703.000000 6.126518 9.881057
844.000000 -35.566219 18.133869
794.000000 -31.285236 10.216527
444.000000 -20.323397 -29.243303
851.000000 -34.817474 18.318748
406.000000 -34.943836 17.622715
785.000000 25.414757 8.519874
683.000000 23.672110 23.291927
155.000000 29.816917 13.544233
191.000000 39.089554 -9.305991
841.000000 -35.436886 18.670238
528.000000 7.931602 9.499335
855.000000 -36.234890 18.941698
173.000000 -35.139420 -9.871881
459.000000 -35.944630 16.931581
434.000000 -22.091957 -15.586463
892.000000 -35.101143 24.811310
746.000000 23.644737 23.252939
159.000000 42.569118 0.403881
1043.000000 -8.364367 -32.757561
1004.000000 -34.499172 -9.883121
938.000000 -24.185612 -1.045792
701.000000 6.573016 9.484885
935.000000 -43.001839 30.787470
569.000000 9.504652 -40.729408
635.000000 4.667727 13.756793
1041.000000 6.296650 22.211279
651.000000 40.198795 6.356200
210.000000 31.649792 12.167952
502.000000 23.849920 -25.972578
919.000000 -3.892074 -10.314457
665.000000 10.018875 -8.675022
146.000000 -14.420645 -22.949991
490.000000 -43.034206 30.882856
599.000000 0.218851 -33.423145
681.000000 -32.004692 -8.916681
722.000000 21.997278 -3.953064
846.000000 -6.375943 8.780996
600.000000 9.797625 -14.794669
735.000000 45.996998 -7.582277
592.000000 -2.155998 -17.729122
885.000000 -17.386341 -11.310072
674.000000 -16.396591 -29.105080
925.000000 37.463005 -16.427950
952.000000 22.765577 18.895847
822.000000 25.103342 8.409153
156.000000 29.224781 13.424330
523.000000 -32.696987 -12.982700
673.000000 27.859713 -1.756484
591.000000 39.737415 9.853347
642.000000 33.219501 9.285997
42.000000 0.365516 15.484271
559.000000 2.983695 7.571975
31.000000 6.746483 27.944765
711.000000 -19.440083 -28.376232
403.000000 2.704506 4.891715
350.000000 -19.420443 -21.211840
641.000000 36.637424 3.768898
445.000000 -21.753531 -15.535291
637.000000 31.720966 -28.761692
675.000000 34.719234 0.250019
812.000000 15.239390 -9.328041
693.000000 19.063341 20.166065
506.000000 43.036510 4.443386
655.000000 0.025709 -40.959320
801.000000 6.469009 28.089237
165.000000 -24.418089 -21.134743
950.000000 8.217839 2.784670
713.000000 14.926467 2.541773
315.000000 0.349344 10.265768
2.000000 21.683290 4.498474
200.000000 -7.239407 -27.774302
719.000000 23.525270 -25.343397
741.000000 30.453108 -14.183619
634.000000 4.688046 13.478048
128.000000 -23.768881 9.253569
510.000000 32.653797 -17.649437
814.000000 -35.878895 8.352393
1014.000000 -12.405140 -2.108296
121.000000 -20.586008 -0.586845
597.000000 -2.136494 21.011768
819.000000 11.268748 -39.179787
309.000000 -6.013236 -32.527176
692.000000 39.692768 10.792847
1003.000000 7.670755 7.442825
728.000000 31.867332 -12.932722
1044.000000 -28.300682 -6.881724
320.000000 -4.101187 -32.089455
1028.000000 20.995117 -31.575396
101.000000 -9.958334 -39.892414
767.000000 5.874710 4.604208
20.000000 -32.383129 -13.208565
394.000000 10.975012 -18.372366
439.000000 -2.301442 -27.978792
231.000000 -15.588888 13.205798
777.000000 -0.136007 4.378440
682.000000 34.337517 -3.828707
1022.000000 -9.516100 -40.312531
247.000000 -15.467203 -13.938171
421.000000 25.995583 1.711201
608.000000 19.702082 19.273027
756.000000 35.029049 -16.261114
483.000000 -14.440004 -37.552574
372.000000 4.098408 -5.003249
750.000000 25.309467 -17.541302
408.000000 18.756021 1.177058
432.000000 25.876738 3.378269
397.000000 18.986431 1.359906
207.000000 -4.115130 -32.108227
56.000000 -18.280367 -5.139433
524.000000 24.546902 -36.517014
382.000000 -14.875843 -13.498080
82.000000 -11.952164 -17.374825
97.000000 32.647324 -17.889854
702.000000 22.304758 -30.813049
1006.000000 -8.604036 -17.634602
458.000000 18.168385 13.574184
587.000000 34.469681 -11.871765
834.000000 17.094488 5.354979
824.000000 20.516136 0.172818
649.000000 10.776431 -18.363495
552.000000 0.256223 -0.365841
560.000000 -13.815772 2.985592
67.000000 -11.604073 -10.769832
170.000000 29.236832 -18.627790
967.000000 -3.779447 -0.238684
195.000000 15.215557 -21.248367
116.000000 34.729023 -11.014051
171.000000 29.103346 -18.700275
779.000000 -0.140210 -0.241931
117.000000 34.630634 -11.385930
968.000000 -3.742969 -0.229717
954.000000 18.798105 4.841471
624.000000 8.910866 18.179098
272.000000 6.249341 -22.204605
199.000000 14.090877 -20.657263
536.000000 1.072236 -29.851793
758.000000 11.106267 -10.926028
818.000000 21.523165 1.542373
583.000000 9.178349 -21.592920
575.000000 1.175963 -29.787041
1013.000000 3.927792 -5.384868
365.000000 4.426283 -5.873677
492.000000 1.924982 -27.471350
780.000000 -9.849489 -20.264021
572.000000 -1.821564 1.528538
454.000000 16.766108 13.313175
875.000000 4.404606 -5.949965
880.000000 -0.034314 -0.271166
791.000000 -0.482955 -20.328651
541.000000 34.144455 -14.195682
867.000000 8.734879 -3.012664
1008.000000 4.973693 -4.994790
873.000000 -1.593983 -4.672059
621.000000 30.514612 -16.241968
375.000000 7.431475 -17.666794
348.000000 1.695601 -12.760093
313.000000 3.959037 -32.476143
633.000000 30.074736 -9.891520
979.000000 10.081432 4.574825
787.000000 -10.192852 10.342522
475.000000 10.736943 -26.429291
828.000000 13.203039 -13.400032
227.000000 4.688046 -28.136496
387.000000 -10.160580 -16.539061
546.000000 14.443951 8.540796
453.000000 -3.627360 -3.062223
1019.000000 1.318678 -12.886316
499.000000 13.307568 -24.328987
395.000000 9.256120 -21.528793
491.000000 33.061470 -4.830513
426.000000 -6.502291 -4.094716
738.000000 -25.811302 19.227873
739.000000 -25.080128 17.698425
740.000000 -24.925787 18.305082
211.000000 42.302128 -23.262333
989.000000 -25.250265 18.170527
11.000000 -26.508854 18.481697
659.000000 -26.286758 18.327024
278.000000 41.890068 -24.841475
838.000000 -0.675794 -34.801796
235.000000 31.865515 15.220064
1034.000000 -35.317715 30.810486
289.000000 -35.318993 30.815647
897.000000 -25.583824 -0.561179
236.000000 31.861708 15.255445
447.000000 24.625645 24.509584
341.000000 21.404879 -8.860413
866.000000 -0.351108 -34.465004
972.000000 -41.564163 18.614349
493.000000 21.477476 -8.899198
606.000000 21.413422 -9.182436
978.000000 -36.577023 -12.214488
479.000000 -40.446785 21.213392
180.000000 -9.011374 -32.846848
708.000000 -9.355742 0.820747
662.000000 -15.964272 -38.943295
88.000000 -42.192528 23.273727
485.000000 -41.481609 25.212927
297.000000 31.036949 13.972011
915.000000 -40.628727 22.763924
836.000000 -36.464001 12.444027
51.000000 31.168539 13.997544
414.000000 -41.547878 21.012714
914.000000 -42.523521 22.494371
998.000000 12.168777 -42.733570
913.000000 -41.553009 24.345377
503.000000 24.149408 -26.516628
830.000000 -38.190311 14.804785
911.000000 -41.284420 21.898453
906.000000 -40.355503 22.110914
390.000000 -41.763916 22.290651
440.000000 47.587429 -7.070804
904.000000 -40.269466 23.426424
398.000000 -41.301731 22.771893
784.000000 25.608976 8.582672
613.000000 -34.969067 29.052546
909.000000 -42.994492 23.100203
920.000000 -43.202866 22.050455
725.000000 22.455683 -4.192718
443.000000 -20.490757 -29.333771
75.000000 -34.563404 -11.877874
726.000000 5.964425 10.022184
917.000000 -42.450043 21.532530
792.000000 -30.841337 8.479547
1017.000000 48.079121 -6.456560
916.000000 -39.304234 23.784933
895.000000 -32.411983 25.735916
795.000000 -30.383684 8.394502
476.000000 -44.018394 23.263212
47.000000 -39.511311 21.727673
145.000000 -17.210184 25.758190
435.000000 -22.301788 -15.616866
425.000000 -41.496906 23.364563
1020.000000 47.201717 -6.582489
489.000000 -39.733467 22.878633
1047.000000 -18.399185 26.093843
242.000000 -31.072683 25.801559
827.000000 8.057342 9.658493
907.000000 -40.528580 25.238811
912.000000 -39.889896 24.414371
213.000000 -30.366652 8.878194
980.000000 39.816757 -24.908525
436.000000 -35.320442 -6.448345
474.000000 -40.678799 24.376265
910.000000 -40.946552 23.803560
718.000000 -34.997139 -10.893274
167.000000 -17.782972 -28.987421
478.000000 -34.149101 -11.424269
525.000000 -35.540451 -11.222606
512.000000 -34.069363 -7.612892
840.000000 -33.278282 15.262710
781.000000 4.655643 13.927372
48.000000 -31.492126 25.156923
995.000000 47.726505 -6.111324
158.000000 42.655720 0.342600
854.000000 -33.668514 13.413273
847.000000 -34.636089 15.721257
14.000000 -34.506310 -10.922749
891.000000 -31.227377 26.413250
903.000000 -42.263855 24.033670
217.000000 11.777225 -42.347206
192.000000 39.275429 -9.200930
857.000000 -35.101624 14.917896
839.000000 -31.322823 15.717440
321.000000 47.941570 -6.921651
449.000000 22.854691 22.261864
856.000000 -32.217304 13.755493
796.000000 -30.876226 8.634301
1042.000000 6.169814 22.062672
568.000000 9.334713 -40.883270
268.000000 -32.785744 21.288858
286.000000 -31.805788 26.651527
93.000000 -32.700886 16.792963
931.000000 -34.951435 29.012209
464.000000 -33.372810 16.267872
848.000000 -34.272552 14.844450
908.000000 -43.025154 24.239285
918.000000 -3.910335 -10.310263
983.000000 20.477171 22.181536
343.000000 -8.789076 0.344348
941.000000 40.224133 6.465824
514.000000 -35.011555 -11.706401
842.000000 -32.598202 14.661722
595.000000 -15.819015 -18.077536
157.000000 -32.344414 26.286110
147.000000 -14.634829 -22.998726
279.000000 -42.369865 24.990551
845.000000 -34.535885 13.970836
304.000000 -32.017212 15.136605
329.000000 44.563976 5.610602
517.000000 19.054491 -17.764313
778.000000 20.390680 22.259439
664.000000 10.008825 -8.657743
843.000000 -31.660328 14.396250
283.000000 -6.342447 3.705995
806.000000 -35.683434 -10.615884
467.000000 -31.958750 16.370544
61.000000 -29.904045 -8.321834
957.000000 47.178806 -6.075722
680.000000 -0.608892 -41.287300
852.000000 -33.923683 15.727363
34.000000 -32.030930 25.466553
417.000000 -33.575302 14.178096
886.000000 9.907099 -14.892416
853.000000 -32.920212 13.609224
487.000000 18.847279 -16.784273
612.000000 2.977637 7.581104
62.000000 11.431486 21.374847
561.000000 23.236235 17.965273
319.000000 4.127710 -18.266062
531.000000 -16.581301 -13.189783
593.000000 -2.366235 -17.751959
266.000000 38.358250 1.070746
68.000000 -7.174785 -10.856598
825.000000 39.707771 -3.268054
154.000000 6.145544 27.436089
628.000000 14.549955 -33.343437
574.000000 -15.218903 -38.458733
508.000000 31.753878 -29.766575
25.000000 40.283970 2.127052
243.000000 38.852997 3.994298
1026.000000 45.100903 -3.342122
962.000000 10.316931 -39.708069
267.000000 40.662437 3.856075
631.000000 18.590147 -8.860571
317.000000 4.129370 -18.278471
106.000000 -32.733692 15.724624
466.000000 38.074963 1.709469
282.000000 -6.352028 3.709481
973.000000 28.067934 -1.683822
808.000000 11.410774 7.369077
87.000000 39.600224 2.931045
271.000000 38.414440 4.393824
762.000000 -16.522821 -12.838597
647.000000 39.825706 3.474930
314.000000 0.382541 10.351372
472.000000 6.283554 25.220413
730.000000 39.386574 0.930037
1051.000000 -30.301573 -8.251784
161.000000 14.545527 2.836532
672.000000 -19.427780 -21.212856
966.000000 -29.461636 -8.128881
884.000000 15.354526 -9.379008
951.000000 8.225661 2.804898
760.000000 17.046549 -13.937539
652.000000 38.428291 2.796268
139.000000 -27.330515 -9.994608
495.000000 40.042976 -3.194393
727.000000 39.579979 4.177808
676.000000 33.290504 4.053202
622.000000 -15.098497 -38.873188
402.000000 2.702704 4.892968
901.000000 2.565374 -10.779441
55.000000 -30.526192 -7.637407
763.000000 -24.061874 -7.687483
926.000000 37.630341 -16.431667
462.000000 -13.953564 23.633198
687.000000 -15.804371 -18.071838
43.000000 0.556062 15.610911
961.000000 -30.265514 -7.374020
1015.000000 39.936920 -3.337152
428.000000 19.987654 20.145643
1021.000000 31.796854 -29.692226
648.000000 38.829327 2.362190
1030.000000 -12.408194 -2.105568
706.000000 37.717384 2.248395
471.000000 6.292189 25.066504
379.000000 11.451738 21.391863
412.000000 27.125885 2.093035
298.000000 40.538445 3.056189
520.000000 2.928560 -29.848124
337.000000 -11.530747 -5.700457
643.000000 40.911968 2.429564
201.000000 -7.260411 -27.773621
431.000000 27.502922 2.548035
898.000000 4.150933 -9.781310
644.000000 39.667236 1.687644
953.000000 35.897667 6.833979
902.000000 11.135446 -5.919444
36.000000 14.646498 -28.028286
1039.000000 6.220752 -1.061229
1007.000000 2.154235 -9.311444
745.000000 40.439884 1.305695
72.000000 -6.697645 -12.454058
551.000000 6.211112 -0.252435
354.000000 1.848329 -8.230969
1001.000000 -5.800439 14.500296
368.000000 2.036469 -10.164507
598.000000 -3.583004 21.291969
164.000000 -24.421026 -21.135956
221.000000 14.437043 -33.926270
391.000000 -7.169983 -10.864016
427.000000 17.105986 -13.905659
960.000000 -29.801790 -7.246524
380.000000 7.537788 -18.100496
640.000000 39.492756 2.430876
753.000000 32.229801 -15.919607
3.000000 21.759575 4.629526
349.000000 2.470063 -8.666977
135.000000 14.861655 -33.619381
772.000000 0.970237 -26.083443
175.000000 38.004032 3.253665
809.000000 5.870932 4.636081
550.000000 6.259202 -1.649233
601.000000 -0.314454 -14.852663
178.000000 -14.432857 14.034168
861.000000 22.294024 -22.754198
238.000000 4.320188 2.233384
1025.000000 -12.102725 22.442352
413.000000 27.239372 2.725380
793.000000 18.160549 -38.120174
357.000000 4.226644 -7.725463
1012.000000 4.861297 -9.154895
864.000000 1.572094 -9.170116
863.000000 8.859208 19.387928
554.000000 7.193100 -1.241403
714.000000 -4.952639 -32.696934
23.000000 15.489254 -27.865879
797.000000 7.340008 -24.652412
685.000000 19.833893 -2.814278
401.000000 14.763181 -34.141098
544.000000 8.078302 -1.628804
1029.000000 -16.774998 -13.008428
310.000000 -23.209320 8.898795
645.000000 38.984325 1.611648
205.000000 22.459995 -13.545323
810.000000 11.403076 7.382267
625.000000 16.238525 -23.051872
225.000000 -13.833760 -7.825327
997.000000 14.599779 -5.103657
284.000000 -10.501669 -9.457039
240.000000 4.609201 -47.209702
860.000000 22.684649 -23.406988
433.000000 27.535755 2.198560
1037.000000 6.738330 -0.665834
958.000000 18.056376 -38.189930
1011.000000 4.372656 -8.601404
149.000000 2.550791 -39.827408
668.000000 20.866011 8.278070
1024.000000 -5.531208 -7.584073
1005.000000 28.837353 -30.587938
721.000000 -3.202676 -7.022341
1002.000000 -0.131593 4.405824
553.000000 6.635622 -1.967026
386.000000 -11.247399 -14.413732
959.000000 18.187933 -38.442680
345.000000 -2.723693 -12.675511
197.000000 15.219643 -20.157471
556.000000 5.535182 -1.403868
6.000000 15.082379 -27.963333
816.000000 13.871690 -8.641223
820.000000 12.321647 16.324337
482.000000 25.058554 -14.693875
991.000000 20.715132 2.880185
1035.000000 4.687095 -47.196514
988.000000 -13.835588 -7.811555
578.000000 11.199183 1.074927
527.000000 20.523537 -32.234135
678.000000 8.517869 19.205135
208.000000 32.344048 10.146984
617.000000 32.955009 -14.707289
584.000000 33.213455 -15.422881
1016.000000 -8.768255 -40.904953
833.000000 2.371324 -39.621899
498.000000 19.892277 -3.048418
400.000000 -3.897710 -14.925122
862.000000 22.350555 -23.282717
636.000000 25.068832 -36.831017
1038.000000 5.513536 -0.077258
545.000000 4.937319 -2.051683
586.000000 -9.584193 -18.313189
977.000000 -5.705239 8.520577
262.000000 8.257795 -11.527204
557.000000 7.198100 -2.614874
364.000000 2.741598 -9.648987
555.000000 4.864625 -1.012103
963.000000 -1.775640 14.345012
477.000000 10.444798 -39.725590
548.000000 7.319243 0.233276
529.000000 19.717003 -3.054693
993.000000 20.435282 2.571794
658.000000 7.560137 -9.525236
603.000000 31.923843 -15.326572
162.000000 9.903209 -37.305370
757.000000 32.552120 -15.763778
1009.000000 3.205419 -9.825936
771.000000 25.610306 -7.460070
80.000000 5.838873 -15.354322
1027.000000 25.123960 -36.827957
1.000000 -12.899989 4.176142
1036.000000 7.488841 -1.889212
565.000000 33.112251 -16.019154
547.000000 6.201086 -2.770062
567.000000 -12.655174 4.363285
549.000000 6.480090 0.446916
922.000000 3.231283 -7.566094
176.000000 -14.438208 -29.399162
927.000000 12.154803 -3.371660
543.000000 7.507864 -0.446547
1023.000000 4.485993 -47.343487
535.000000 12.284061 -33.219730
352.000000 3.049901 -8.085877
254.000000 -4.992805 -20.654573
384.000000 -11.321882 -14.546988
38.000000 -19.060780 -5.143695
183.000000 4.643978 -37.302742
831.000000 2.305139 -39.589500
928.000000 -16.530136 13.067639
764.000000 -7.779207 -4.045436
688.000000 -3.384804 20.990202
807.000000 -20.287371 -1.219492
611.000000 -14.302464 -29.569765
103.000000 -10.701139 -39.133724
858.000000 2.265479 -22.650671
19.000000 15.203391 -28.246000
629.000000 8.968544 -13.996844
921.000000 -3.988243 20.666653
932.000000 -0.979804 -8.804557
594.000000 -9.543619 -18.107538
393.000000 -12.441216 4.158295
697.000000 12.207243 4.351915
488.000000 29.743896 -9.270219
4.000000 32.218712 -14.885756
347.000000 3.635574 -9.162168
859.000000 22.785112 -22.898598
976.000000 2.697942 -15.099231
1018.000000 -0.301393 -15.116959
877.000000 -15.118688 1.405881
775.000000 1.188671 -26.069746
632.000000 2.893503 -30.037222
381.000000 -10.621311 -14.357083
610.000000 -14.633664 -29.422594
576.000000 -2.798041 2.749315
437.000000 -8.891253 -40.956074
366.000000 3.639111 -8.661715
872.000000 2.218319 -7.594613
338.000000 -11.567048 -5.740089
438.000000 2.789256 -29.610723
823.000000 -14.564739 14.063417
311.000000 -21.155943 7.036641
542.000000 7.986275 -0.730133
465.000000 15.820900 -2.508303
305.000000 11.695900 -27.182184
974.000000 8.579211 19.575171
821.000000 18.015697 5.429238
776.000000 1.061178 -25.831264
994.000000 20.138021 2.480691
747.000000 14.590603 -5.092297
607.000000 -2.850464 2.784584
949.000000 28.826042 -30.593914
430.000000 5.274301 -27.151804
1031.000000 -5.691954 8.535176
817.000000 13.747478 -8.656886
1049.000000 14.975986 -25.850485
874.000000 -3.900707 -4.105911
473.000000 -3.833319 -4.130983
1010.000000 3.496881 -10.435286
618.000000 -3.345854 6.923954
198.000000 15.195511 -20.123480
765.000000 -8.103166 -4.051024
1048.000000 -9.908463 -21.175644
704.000000 -4.875372 -0.421259
876.000000 -15.273094 1.463130
324.000000 -1.334400 -2.124580
929.000000 -4.144711 -46.252026
153.000000 -1.636921 -23.545309
248.000000 -4.991539 -20.724571
1050.000000 34.075706 -0.132075
519.000000 0.100394 -14.962195
686.000000 -3.857607 20.996168
532.000000 -1.679794 -23.521379
571.000000 4.355196 -33.165089
889.000000 11.632876 13.375770
94.000000 -7.734690 -4.107782
981.000000 -5.048252 -15.809754
70.000000 -4.145336 -46.255219
656.000000 17.926329 -5.171822
890.000000 11.510047 13.192435
924.000000 2.052826 1.827860
452.000000 8.975951 -31.657965
27.000000 -11.707445 -28.314014
538.000000 11.668972 -27.126448
521.000000 4.456296 -23.961895
826.000000 2.774091 -1.041870
990.000000 20.334639 1.981731
982.000000 0.824609 -3.322318
