537.000000 -2.424284 -6.807626
339.000000 -8.503113 -8.503736
46.000000 45.800293 8.274370
92.000000 35.072712 6.605522
24.000000 4.925687 -38.364689
9.000000 -26.722261 -8.838039
5.000000 -33.700294 3.010220
377.000000 -21.439545 2.430960
244.000000 10.259109 -6.565333
742.000000 -13.405327 -0.538744
301.000000 -12.178814 -7.456974
37.000000 -0.128836 1.256434
504.000000 -17.021276 -13.757486
463.000000 -13.311756 -15.420058
623.000000 -24.879227 -18.350353
660.000000 2.343937 -12.796084
620.000000 -11.608871 4.031023
13.000000 -11.825780 33.163033
90.000000 -9.301905 14.616925
736.000000 -12.200028 10.319972
570.000000 5.002439 -13.764800
28.000000 -25.434065 -5.087627
411.000000 -25.976955 8.438207
104.000000 -16.242105 -5.948410
250.000000 -22.648804 -10.510742
35.000000 31.847008 14.805807
163.000000 -15.646075 -8.913157
54.000000 -14.505654 29.602823
596.000000 -19.895538 10.081230
22.000000 -3.741001 6.103240
39.000000 -20.806702 -9.374750
585.000000 -18.660568 3.540217
679.000000 4.270244 21.052668
141.000000 4.692284 16.211201
255.000000 14.107537 -7.303781
95.000000 -20.677973 14.316514
152.000000 14.327718 -26.275940
100.000000 -25.707243 -10.582697
132.000000 -5.203402 2.986177
136.000000 -21.482651 -29.729479
251.000000 -10.721078 -18.723120
513.000000 0.817223 -2.806897
60.000000 -20.976936 -12.458868
666.000000 -22.286562 -11.461551
45.000000 2.678164 3.829709
0.000000 -22.977835 -1.790724
79.000000 23.661396 -2.592739
396.000000 -8.875658 11.254946
712.000000 -30.616285 0.723872
322.000000 15.690917 -35.044159
263.000000 -9.155182 -2.488888
274.000000 1.119809 19.027042
484.000000 -0.355053 -29.915956
295.000000 -9.187943 -5.867527
7.000000 -28.596262 -23.883087
150.000000 -6.945581 -22.181581
392.000000 -30.850092 12.217563
29.000000 3.006642 7.327000
577.000000 -4.351709 -2.163085
252.000000 -12.782382 -8.421546
273.000000 -22.954805 -8.340093
385.000000 9.170985 -11.848089
602.000000 -21.141088 -12.092266
86.000000 21.395597 -2.745045
21.000000 -0.148977 6.825523
496.000000 -33.356182 -2.660961
260.000000 -0.691816 -0.920371
57.000000 -14.733930 -29.590078
296.000000 -13.547384 -20.888088
334.000000 -1.300959 -23.210777
89.000000 -17.452986 -3.559045
751.000000 21.740488 -11.993190
194.000000 -28.859833 -16.579987
399.000000 -16.392019 -18.226404
12.000000 41.451279 16.008223
336.000000 -35.004726 15.850846
318.000000 -22.982599 -12.068952
256.000000 -8.032496 5.907612
77.000000 24.580582 -1.688215
705.000000 5.442846 -3.104774
172.000000 -4.614350 -16.141428
44.000000 -25.813467 -2.515473
189.000000 -24.007172 7.338922
81.000000 -3.043262 1.756145
614.000000 30.077539 19.367346
214.000000 30.678265 4.728635
249.000000 9.048312 -3.599784
460.000000 15.216296 2.037379
511.000000 -14.416390 33.026836
626.000000 -21.142271 -34.825905
16.000000 19.917078 4.715777
66.000000 -31.557091 16.605795
102.000000 -16.011305 -2.404291
389.000000 0.246428 21.369640
450.000000 9.720211 4.428267
127.000000 12.800263 12.958572
15.000000 -26.960192 -21.632160
186.000000 -36.093182 1.748231
325.000000 -0.320278 -13.826336
264.000000 -12.055587 -2.594487
10.000000 -29.212097 -22.299784
259.000000 -12.874987 -5.730913
667.000000 3.339135 -0.687749
737.000000 42.397491 16.317026
573.000000 -23.505653 -11.807085
32.000000 11.593233 21.912996
530.000000 18.629293 -15.270135
470.000000 10.277893 22.059351
52.000000 25.232628 -12.330728
429.000000 8.659069 2.106389
26.000000 -7.400102 -28.091515
579.000000 13.025502 -4.883678
522.000000 -30.047569 -3.366837
526.000000 9.724129 -25.008087
360.000000 -32.053368 6.268605
717.000000 -1.010043 -14.633589
74.000000 4.996243 -6.830341
306.000000 -19.494173 -36.092693
169.000000 -2.807186 -16.729710
694.000000 -8.036259 -0.427496
118.000000 -28.713326 6.298031
33.000000 -27.625416 -20.567617
533.000000 28.186728 10.416698
50.000000 -19.432858 -11.245085
383.000000 -13.343521 -5.454897
805.000000 2.352561 5.309477
270.000000 -13.116543 -8.101335
91.000000 -19.513020 -6.428330
646.000000 14.108051 -32.450050
494.000000 8.771550 -44.263546
340.000000 -13.955515 18.980579
328.000000 1.019335 -41.035519
410.000000 -4.255824 11.742381
115.000000 56.776459 -1.001078
292.000000 56.922153 0.722078
229.000000 53.595516 -0.283528
509.000000 3.298188 9.137378
331.000000 51.628845 -3.598843
108.000000 54.571712 -1.635470
124.000000 52.860176 1.725694
943.000000 54.321522 1.560464
695.000000 50.636063 -3.323371
182.000000 46.798473 1.455249
582.000000 48.277065 1.138028
871.000000 51.639805 -0.063726
30.000000 11.506858 21.771242
374.000000 -9.384510 0.839533
657.000000 -6.768947 21.171051
786.000000 22.611448 -2.269454
239.000000 -34.313156 -19.194534
76.000000 23.758375 -0.651989
505.000000 -22.141439 -21.774487
323.000000 23.072227 -1.852613
373.000000 -5.985381 20.357441
291.000000 -16.839884 -22.013432
261.000000 -10.864845 -3.817605
253.000000 12.681460 -5.772132
131.000000 -4.368085 1.288607
518.000000 -6.962439 11.584023
684.000000 -20.696098 -27.328150
196.000000 -28.438370 -14.028557
729.000000 -14.375615 -10.487279
184.000000 11.593182 -20.505663
362.000000 2.412555 0.140616
619.000000 7.982049 -12.786987
670.000000 -4.755859 3.032121
8.000000 -19.059092 -10.465444
302.000000 -14.651967 -15.062386
766.000000 19.266361 -3.466506
269.000000 36.131538 13.306849
480.000000 14.063791 -43.661991
481.000000 14.053971 -43.652588
720.000000 9.909559 2.992232
166.000000 18.087440 5.906490
761.000000 36.265827 12.323586
609.000000 7.740794 3.712771
507.000000 -0.737491 -21.276138
59.000000 -12.671143 -27.171713
566.000000 -12.309858 28.948019
370.000000 -11.661060 27.636517
290.000000 31.304541 20.484291
234.000000 26.318172 -12.553092
58.000000 -13.296734 -27.998756
64.000000 -29.364347 18.050364
749.000000 1.553967 -40.010319
420.000000 -3.510034 -2.940780
376.000000 14.983873 -23.691130
133.000000 0.485821 -40.023514
187.000000 -37.406639 -3.838591
308.000000 -6.901637 -29.674114
220.000000 -7.673980 -40.126125
188.000000 -27.778772 11.350185
946.000000 -5.134062 -2.861087
353.000000 -6.455837 -5.256519
630.000000 4.849933 -22.301418
120.000000 -18.850660 12.016003
945.000000 -5.004184 -2.815576
865.000000 -30.631731 -9.155430
367.000000 -5.809917 20.298340
969.000000 8.612924 -24.933657
177.000000 -38.399967 -2.448625
84.000000 -19.728577 5.768003
285.000000 11.699120 -21.348625
468.000000 -11.917734 -15.552235
457.000000 4.671112 -21.281399
85.000000 23.482273 -1.780460
956.000000 19.671335 -3.350603
355.000000 -14.786880 -11.063105
455.000000 4.449167 -22.038546
456.000000 4.623790 -21.314386
407.000000 -12.878401 2.475002
105.000000 -10.451097 -17.826002
53.000000 -27.994814 -22.827675
307.000000 10.837591 13.177982
276.000000 3.212683 -14.482330
83.000000 -19.690361 5.766670
992.000000 -4.808345 -4.999291
562.000000 -15.243966 9.150378
69.000000 -19.985121 -15.442745
218.000000 -5.933146 7.935605
783.000000 -18.524441 0.980943
142.000000 27.910261 19.000868
500.000000 0.291658 -30.687695
241.000000 -27.979046 -22.126593
223.000000 -15.704853 33.497459
448.000000 11.083419 5.686993
832.000000 -8.715609 -38.924744
759.000000 34.991882 13.012982
215.000000 16.259064 -26.867144
143.000000 26.734934 18.777662
174.000000 -13.689593 34.411522
418.000000 -12.829850 17.528654
616.000000 3.978538 64.860023
615.000000 4.002600 64.843239
653.000000 -1.154801 61.966217
654.000000 -1.157535 61.962486
202.000000 -0.172687 63.234051
203.000000 -0.195102 63.213024
1033.000000 1.185806 62.543617
1032.000000 1.171048 62.537811
947.000000 1.860815 63.597912
948.000000 1.828320 63.572289
299.000000 2.621268 65.459457
300.000000 2.612728 65.504326
405.000000 3.000270 64.431259
404.000000 2.993278 64.388588
442.000000 1.056782 64.510185
441.000000 1.033296 64.485580
342.000000 2.753626 -4.874820
986.000000 1.911475 58.066132
987.000000 1.903193 58.013584
1000.000000 5.733764 58.285995
999.000000 5.792956 58.265663
129.000000 15.911636 51.641392
130.000000 15.922142 51.634766
423.000000 4.519699 57.962711
424.000000 4.541000 57.984016
774.000000 3.640964 57.164188
773.000000 3.625406 57.147373
112.000000 6.822238 61.719814
113.000000 6.821908 61.752552
804.000000 18.290876 46.778271
803.000000 18.259579 46.800510
798.000000 13.763287 51.675060
799.000000 13.768802 51.661106
900.000000 14.366784 54.440029
899.000000 14.359798 54.427490
110.000000 5.624185 57.396507
111.000000 5.584913 57.369061
589.000000 17.260263 46.659420
588.000000 17.263483 46.682194
868.000000 5.791373 62.090862
869.000000 5.804840 62.055161
790.000000 5.270301 59.874229
789.000000 5.277174 59.902088
605.000000 7.714044 58.587395
604.000000 7.714736 58.579296
416.000000 17.261930 45.377163
415.000000 17.267532 45.388271
689.000000 4.286631 61.139877
690.000000 4.277273 61.139969
281.000000 8.104833 60.466526
280.000000 8.105039 60.457935
638.000000 16.426901 45.899006
639.000000 16.395596 45.927959
937.000000 16.976171 51.490791
936.000000 16.961229 51.510010
1045.000000 15.240536 52.942699
1046.000000 15.239452 52.928699
123.000000 14.378386 50.504013
122.000000 14.378721 50.512730
985.000000 16.729813 53.414982
984.000000 16.723362 53.432224
540.000000 4.322928 56.337597
539.000000 4.305035 56.320511
971.000000 12.540368 50.485092
970.000000 12.543294 50.475491
964.000000 2.014930 59.504234
965.000000 1.994168 59.487705
232.000000 3.238618 58.752132
233.000000 3.235084 58.707981
326.000000 7.264159 57.533520
327.000000 7.277742 57.530369
934.000000 15.638330 54.840420
933.000000 15.624362 54.876717
709.000000 6.531497 59.684658
710.000000 6.536165 59.711281
287.000000 2.948308 55.246944
288.000000 2.945206 55.248615
699.000000 6.096584 55.957527
698.000000 6.105658 55.964039
882.000000 0.811102 57.194675
881.000000 0.814599 57.190002
887.000000 3.362068 60.473320
888.000000 3.376172 60.486492
17.000000 18.188757 45.700027
18.000000 18.180201 45.682236
98.000000 15.153881 54.043663
99.000000 15.157448 54.017807
769.000000 17.823179 53.541782
768.000000 17.809462 53.544067
40.000000 11.670540 51.286140
41.000000 11.680320 51.266216
257.000000 12.910109 49.023331
258.000000 12.920661 49.002857
744.000000 11.733485 49.902328
743.000000 11.756210 49.897057
138.000000 12.884011 52.716217
137.000000 12.893579 52.709160
879.000000 36.863426 11.855295
813.000000 29.724213 10.930931
486.000000 -17.667492 -30.550964
754.000000 -22.576643 19.867517
732.000000 41.390392 17.093542
316.000000 -34.228157 -13.736484
516.000000 -18.655313 -30.503387
378.000000 -24.070930 2.802394
275.000000 3.938730 -17.356081
755.000000 5.012391 -42.227612
361.000000 -6.009740 -20.275127
144.000000 25.613693 18.370880
363.000000 -12.836130 17.173588
63.000000 4.441993 23.729116
140.000000 -7.950803 26.973249
669.000000 2.828357 -36.112007
627.000000 -15.964367 -30.119127
650.000000 9.933239 -40.171635
558.000000 6.392223 4.043448
733.000000 -36.727203 2.431322
469.000000 8.129869 22.144403
330.000000 1.567485 -40.637024
160.000000 -6.512811 15.521622
212.000000 -7.147004 -41.254436
800.000000 12.182932 21.429808
49.000000 -39.859406 -1.839666
294.000000 -17.148262 -22.486584
580.000000 -4.031319 19.725435
716.000000 19.866131 -13.552602
204.000000 -37.969994 -6.631182
590.000000 7.049212 -32.485897
388.000000 0.815337 19.891171
419.000000 1.687734 -35.444221
671.000000 0.305651 -39.581924
96.000000 -31.423952 1.262841
71.000000 -29.086779 18.837709
237.000000 -5.143288 -11.024797
148.000000 -22.959719 -18.920191
209.000000 -13.692978 -10.693710
661.000000 -37.857094 -5.945261
369.000000 -5.483158 -9.342774
770.000000 -9.895605 6.016890
802.000000 -5.244380 20.206480
788.000000 -5.891963 11.564778
344.000000 -12.038956 -14.184204
151.000000 12.967823 -26.632935
896.000000 13.924271 -31.605139
303.000000 -11.534805 -7.785816
939.000000 -5.687500 -2.524520
534.000000 -22.847927 -30.172304
815.000000 -13.063225 -20.110079
78.000000 23.655067 -1.202531
748.000000 -24.638456 -7.945782
731.000000 -9.523667 6.054955
940.000000 -5.260696 -2.524489
883.000000 18.722458 -3.525696
955.000000 6.836613 -12.208513
930.000000 0.678470 -31.135807
497.000000 -34.410480 -3.726829
358.000000 -13.223402 -16.358377
356.000000 -8.443495 -6.379307
335.000000 -7.213567 -6.446319
265.000000 10.227691 -3.487296
246.000000 -1.390750 -3.246739
461.000000 15.335275 0.920842
422.000000 -12.847138 8.894958
359.000000 0.655302 -12.087635
190.000000 20.714808 -12.728004
564.000000 -35.899277 -3.381902
65.000000 -3.724009 -1.726172
219.000000 -7.417112 -40.857071
451.000000 -22.405725 -8.876386
351.000000 7.106548 -12.626876
224.000000 -6.185984 8.271587
371.000000 -4.162086 -8.837377
277.000000 -7.149217 -40.258720
409.000000 -7.225166 11.454322
878.000000 13.071539 -6.550495
193.000000 -24.507797 7.572264
723.000000 -22.519114 -3.740107
346.000000 -12.436694 -15.348756
73.000000 5.015263 -6.699053
811.000000 -17.453926 -18.328089
119.000000 -20.224905 13.116899
975.000000 -16.536121 -15.006727
245.000000 12.364435 -6.224774
996.000000 -5.287132 -5.982718
168.000000 -3.589791 -16.632059
677.000000 -24.829638 -2.503651
515.000000 -5.169753 3.601273
837.000000 -31.231771 -9.240777
206.000000 -30.323933 11.742248
134.000000 -4.440600 0.939908
923.000000 -2.652071 -10.169270
715.000000 -23.581482 -10.897014
894.000000 4.593925 10.927862
293.000000 56.904541 0.712392
114.000000 56.753796 -1.030986
181.000000 46.817822 1.446062
446.000000 11.502853 6.128026
700.000000 48.279663 1.135448
734.000000 40.409359 14.712908
905.000000 50.263344 12.422748
333.000000 51.647472 -3.523329
752.000000 50.642742 -3.273961
107.000000 54.540585 -1.676567
944.000000 54.318249 1.562953
230.000000 53.555973 -0.397580
125.000000 52.847828 1.726655
179.000000 -6.829297 -31.265476
312.000000 53.556927 -0.377031
216.000000 16.914591 -27.016485
1040.000000 51.627102 -0.106986
870.000000 51.636948 -0.098214
126.000000 52.842274 1.722952
707.000000 3.033877 -4.599630
691.000000 -11.335429 35.443016
942.000000 54.309635 1.546122
185.000000 56.773994 -1.008763
563.000000 56.905945 0.710254
109.000000 54.551582 -1.688485
332.000000 51.689030 -3.494306
696.000000 50.659271 -3.252334
893.000000 4.286753 10.563543
581.000000 48.305683 1.126689
663.000000 -19.529203 -5.722349
782.000000 46.823650 1.443110
829.000000 36.473438 5.076394
835.000000 38.481491 5.902192
501.000000 17.264681 -8.339584
228.000000 38.486786 9.106762
222.000000 -15.617195 34.305916
849.000000 38.706089 10.521493
226.000000 -15.227227 33.898830
850.000000 39.003197 9.923083
724.000000 -9.416449 17.193861
703.000000 -2.552481 12.631820
844.000000 37.613297 10.253009
794.000000 31.457584 5.261638
444.000000 -22.313450 20.433674
851.000000 38.107422 10.500349
406.000000 37.975052 9.265514
785.000000 -13.390162 5.636540
683.000000 10.524607 5.118776
155.000000 24.354156 -12.207747
191.000000 4.765154 -43.113777
841.000000 38.927567 9.440514
528.000000 -3.526219 11.570192
855.000000 38.363861 9.911930
173.000000 -13.013895 34.879616
459.000000 37.656456 9.773795
434.000000 11.731065 -15.526923
892.000000 33.078922 15.294380
746.000000 10.437929 5.060686
159.000000 7.203886 -40.756180
1043.000000 -6.854426 -30.805218
1004.000000 -13.077560 34.093296
938.000000 3.679178 9.781511
701.000000 -3.128523 12.287037
935.000000 14.055707 -43.645287
569.000000 14.803457 -27.539652
635.000000 7.797924 -17.563482
1041.000000 7.662017 22.233622
651.000000 9.460967 -37.783974
210.000000 3.317881 3.352377
502.000000 16.896353 -8.259522
919.000000 -0.859903 -29.051699
665.000000 -10.208383 -20.203676
146.000000 -22.376514 -19.037577
490.000000 14.050145 -43.650612
599.000000 -29.451738 -9.015439
681.000000 -13.145932 32.236355
722.000000 -9.459636 16.534601
846.000000 10.116659 -11.545715
600.000000 -14.289412 -30.437710
735.000000 -31.711544 3.482216
592.000000 -22.264620 -22.506157
885.000000 19.221869 -14.532775
674.000000 19.005028 5.424695
925.000000 -37.649815 2.650359
952.000000 6.891865 3.954437
822.000000 -12.977606 5.225236
156.000000 23.163429 -12.072546
523.000000 -10.069674 32.874699
673.000000 -27.274668 11.937956
591.000000 7.003078 -33.253399
642.000000 5.051180 -35.201096
42.000000 -40.526268 -1.652366
559.000000 2.340822 -7.926456
31.000000 11.937646 22.233814
711.000000 -22.776108 19.474472
403.000000 -6.559123 -12.965583
350.000000 -8.076953 -13.636218
641.000000 8.700772 -35.754440
445.000000 11.313630 -15.447894
637.000000 -0.721951 -20.520241
675.000000 3.393077 -38.210068
812.000000 -13.489556 -22.458309
693.000000 -21.749693 -1.573125
506.000000 2.967835 -39.984333
655.000000 -6.182384 -20.829334
801.000000 11.704123 22.504333
165.000000 -10.346909 -12.290210
950.000000 0.164731 -9.466021
713.000000 -7.502757 15.331822
315.000000 7.120817 -8.139569
2.000000 -13.065957 12.159129
200.000000 -12.865969 -11.131012
719.000000 15.746475 -7.996055
741.000000 -32.407345 5.476768
634.000000 7.619501 -17.312393
128.000000 13.633483 12.962681
510.000000 -32.238670 1.741517
814.000000 29.322290 10.789220
1014.000000 -8.022936 -16.033604
121.000000 3.476958 7.359617
597.000000 -21.269941 9.695956
819.000000 14.090066 -25.527096
309.000000 -7.088543 -29.085655
692.000000 7.075135 -32.015594
1003.000000 -4.843508 11.664877
728.000000 -33.667004 4.789733
1044.000000 -15.884246 28.712906
320.000000 -7.717799 -27.607098
1028.000000 9.212793 -24.847927
101.000000 -17.149422 -2.959644
767.000000 -3.813413 -12.828865
20.000000 -9.481933 32.527546
394.000000 -31.110594 13.049014
439.000000 -8.710381 13.798368
231.000000 24.523939 -2.146972
777.000000 1.473880 -15.665807
682.000000 1.356146 -31.960478
1022.000000 -16.721987 -2.519127
247.000000 17.945663 -14.485985
421.000000 -26.205975 7.085394
608.000000 8.145870 1.565687
756.000000 -35.413227 2.221435
483.000000 -19.887859 -7.357601
372.000000 -5.805611 -7.167838
750.000000 -34.114925 -4.127760
408.000000 -10.668454 11.131616
432.000000 -25.152649 9.143416
397.000000 -10.806006 11.144565
207.000000 -7.729784 -27.572081
56.000000 -0.230885 6.408911
524.000000 -29.389959 -3.250110
382.000000 17.863939 -14.519462
82.000000 -19.745762 6.206619
97.000000 -32.059135 1.614757
702.000000 6.968802 -35.543465
1006.000000 -17.671961 3.362597
458.000000 4.667099 -22.501255
587.000000 -36.108181 6.420795
834.000000 -11.071210 3.592765
824.000000 -14.385228 9.860486
649.000000 -31.133686 13.215375
552.000000 1.420380 -11.997478
560.000000 -23.369514 -0.980831
67.000000 -29.185383 17.727924
170.000000 -33.748569 -0.848489
967.000000 3.287387 -10.940267
195.000000 -28.297804 -17.106840
116.000000 -36.454002 7.061570
171.000000 -33.680809 -1.549047
779.000000 1.570982 -12.392550
117.000000 -36.355400 6.844859
968.000000 3.280774 -10.945116
954.000000 -11.583716 8.860433
624.000000 -25.268215 -17.363447
272.000000 -6.225908 3.074626
199.000000 -28.447409 -16.128908
536.000000 -26.343605 -9.997615
758.000000 -10.598401 -18.391161
818.000000 -12.414139 9.986562
583.000000 -32.213928 11.298910
575.000000 -26.249397 -10.116832
1013.000000 -5.193336 -7.505692
365.000000 -6.302141 -7.465986
492.000000 -4.569269 6.234738
780.000000 -18.518120 1.855038
572.000000 2.959447 -13.560863
454.000000 4.127727 -20.952427
875.000000 -6.281011 -7.750957
880.000000 1.564590 -12.293459
791.000000 -22.501228 -4.072591
541.000000 -34.829910 4.233280
867.000000 -24.162258 -17.689997
1008.000000 -5.416997 -7.709253
873.000000 -0.463705 -0.163314
621.000000 -33.594364 1.117898
375.000000 14.821815 -23.155081
348.000000 -16.077459 -13.655252
313.000000 -28.215757 -13.325664
633.000000 -29.577967 5.659450
979.000000 -7.856116 -0.532150
787.000000 20.638950 -3.046570
475.000000 -29.701126 -21.549028
828.000000 0.642647 -3.062544
227.000000 -25.948351 -6.127665
387.000000 -19.936501 3.590028
546.000000 3.125841 -0.759476
453.000000 1.576994 0.577631
1019.000000 -16.713028 -12.972412
499.000000 -27.554487 -20.161276
395.000000 -32.022324 11.505806
491.000000 0.099749 -30.439302
426.000000 -20.329370 15.069693
738.000000 41.476849 17.350874
739.000000 42.679131 16.912531
740.000000 42.636284 16.466568
211.000000 -7.103862 -41.343098
989.000000 42.457809 17.034586
11.000000 41.499172 16.523350
659.000000 41.193085 16.524187
278.000000 -6.999335 -40.304722
838.000000 -31.339203 -9.256433
235.000000 26.559008 -12.773479
1034.000000 31.452045 20.610435
289.000000 31.434879 20.601614
897.000000 4.630198 10.972548
236.000000 26.527657 -12.894246
447.000000 11.544806 6.170059
341.000000 -14.127614 19.311062
866.000000 -30.998745 -9.190894
972.000000 50.288258 12.459076
493.000000 -14.226402 19.155048
606.000000 -13.942008 19.220875
978.000000 -11.749467 35.850883
479.000000 49.176090 10.289404
180.000000 -6.825818 -31.352005
708.000000 3.122774 -4.494696
662.000000 -19.559462 -5.552014
88.000000 45.505756 9.138835
485.000000 46.338276 8.995340
297.000000 25.493198 -12.246337
915.000000 48.855972 8.213881
836.000000 38.625065 5.826636
51.000000 25.457405 -12.499224
414.000000 47.853016 8.419568
914.000000 49.402283 9.077519
998.000000 17.021999 -26.989275
913.000000 48.543930 11.058567
503.000000 17.317215 -8.344878
830.000000 36.596848 4.855628
911.000000 48.126316 10.458457
906.000000 47.131798 10.210400
390.000000 47.237766 8.966089
440.000000 15.506375 -35.518505
904.000000 46.793987 9.545128
398.000000 48.173405 7.644531
784.000000 -13.476897 5.724429
613.000000 30.015066 19.380327
909.000000 47.336025 7.728343
920.000000 47.947369 9.108728
725.000000 -9.406135 17.276915
443.000000 -22.269716 20.528790
75.000000 -11.406219 33.702366
726.000000 -2.449880 12.707777
917.000000 47.662182 11.453192
792.000000 30.092989 4.681188
1017.000000 16.313274 -35.947163
916.000000 46.561150 7.814211
895.000000 31.208202 14.852094
795.000000 29.987597 4.447955
476.000000 46.152832 9.784859
47.000000 47.392551 10.749130
145.000000 26.806215 18.816355
435.000000 11.871517 -15.555092
425.000000 48.824055 9.699783
1020.000000 15.511766 -35.877708
489.000000 48.131264 9.866147
1047.000000 27.964350 19.016275
242.000000 32.007339 15.472466
827.000000 -3.285338 11.480186
907.000000 45.411854 10.041492
912.000000 48.565659 8.929332
213.000000 30.239269 4.188401
980.000000 -8.685825 -38.962502
436.000000 -15.973962 33.906639
474.000000 45.933041 10.911071
910.000000 46.918793 8.501534
718.000000 -12.030361 33.776810
167.000000 18.018923 5.944807
478.000000 -12.170471 34.305874
525.000000 -12.436480 33.627327
512.000000 -14.748818 33.474144
840.000000 35.727318 9.450977
781.000000 7.864862 -17.659954
48.000000 31.415632 15.879627
995.000000 15.898508 -36.077686
158.000000 7.343253 -41.196877
854.000000 34.149635 7.780369
847.000000 35.347801 8.879370
14.000000 -11.268141 34.241882
891.000000 31.916611 15.929679
903.000000 47.519634 9.665588
217.000000 16.520985 -26.762501
192.000000 4.731358 -43.255375
857.000000 34.043404 8.460033
839.000000 36.964619 7.652621
321.000000 16.383785 -35.492775
449.000000 9.752479 4.467221
856.000000 35.399788 8.033422
796.000000 30.420765 4.276255
1042.000000 7.550734 22.264849
568.000000 14.817028 -27.817177
268.000000 36.234978 13.504773
286.000000 31.784630 15.191241
93.000000 36.277908 9.004700
931.000000 29.988710 19.332184
464.000000 34.923866 9.600841
848.000000 34.446461 9.079672
908.000000 46.761311 11.385866
918.000000 -0.936774 -28.932102
983.000000 10.261699 2.867065
343.000000 2.831213 -4.814921
941.000000 9.702699 -37.719448
514.000000 -11.619294 34.543373
842.000000 36.648918 8.303927
595.000000 -24.171240 2.807318
157.000000 31.059206 15.702541
147.000000 -22.236637 -19.067762
279.000000 46.492176 10.405844
845.000000 35.904213 8.393539
304.000000 36.112556 7.748619
329.000000 1.014855 -41.185062
517.000000 -18.517191 -30.557848
778.000000 10.315407 2.933560
664.000000 -10.184462 -20.262802
843.000000 35.511326 7.295447
283.000000 3.951388 -17.417723
806.000000 -12.244163 34.759388
467.000000 34.937973 7.611269
61.000000 -14.122066 30.405478
957.000000 16.170101 -35.254444
680.000000 -5.972187 -20.196451
852.000000 36.484623 7.136469
34.000000 30.997181 15.241709
417.000000 34.385517 7.066261
886.000000 -14.187757 -30.613329
853.000000 35.904507 6.723079
487.000000 -17.686514 -30.582006
612.000000 2.380035 -7.946651
62.000000 4.436947 23.838516
561.000000 6.313497 4.061942
319.000000 -34.240337 -13.735870
531.000000 18.699707 -15.688191
593.000000 -22.297138 -22.642973
266.000000 6.724528 -36.910587
68.000000 -12.519382 -26.974474
825.000000 8.793347 -44.667637
154.000000 11.441384 22.626925
628.000000 -21.466087 -30.232189
574.000000 -19.562796 -6.222588
508.000000 -0.625719 -21.448032
25.000000 5.603487 -37.808830
243.000000 7.376882 -39.129681
1026.000000 14.103408 -32.452698
962.000000 14.549083 -26.540661
267.000000 6.729520 -39.485691
631.000000 -12.865023 17.155939
317.000000 -34.241547 -13.734770
106.000000 34.836113 8.413228
466.000000 7.406058 -37.254459
282.000000 3.951915 -17.418606
973.000000 -27.192963 12.040864
808.000000 -9.395972 0.852101
87.000000 5.002077 -37.640175
271.000000 5.624962 -38.509373
762.000000 19.055546 -15.628487
647.000000 6.068859 -36.856369
314.000000 7.130506 -8.159094
472.000000 9.904003 22.274855
730.000000 6.959394 -38.218662
1051.000000 -14.516609 30.644892
161.000000 -6.445238 15.533158
672.000000 -8.045657 -13.673954
966.000000 -14.851953 30.011629
884.000000 -13.472049 -22.597771
951.000000 0.179337 -9.510542
760.000000 8.982294 -3.563339
652.000000 6.259151 -38.240597
139.000000 -7.935833 26.969429
495.000000 8.663181 -44.610199
727.000000 7.718345 -38.545650
676.000000 2.979329 -36.179619
622.000000 -19.299686 -6.155929
402.000000 -6.496281 -13.058846
901.000000 -8.772479 -11.262936
55.000000 -14.863002 30.364769
763.000000 -11.658651 27.628843
926.000000 -37.798225 2.682476
462.000000 15.233289 2.007264
687.000000 -24.138868 2.814112
43.000000 -40.665672 -1.614946
961.000000 -13.888800 30.199089
1015.000000 8.848351 -44.589764
428.000000 8.754752 2.048987
1021.000000 -0.621941 -21.403980
648.000000 6.765712 -37.586826
1030.000000 -8.020234 -16.054228
706.000000 5.479145 -39.568146
471.000000 10.019753 22.297266
379.000000 4.438573 23.851322
412.000000 -26.236412 8.691189
298.000000 5.130889 -39.033588
520.000000 -27.100121 -8.694875
337.000000 -35.063812 15.885087
643.000000 6.126055 -38.837593
201.000000 -12.786383 -11.178188
431.000000 -26.634565 8.447180
898.000000 -9.875545 -10.388663
644.000000 5.481350 -37.082939
953.000000 9.976093 -40.193977
902.000000 -17.224794 -22.589720
36.000000 -28.258133 -24.389048
1039.000000 -1.917703 -6.178485
1007.000000 -9.557419 -8.795548
745.000000 6.117466 -39.538277
72.000000 -13.369348 -28.107351
551.000000 -0.693617 -7.415666
354.000000 -9.075963 -9.513480
1001.000000 -3.979446 19.706533
368.000000 -9.867903 -9.587775
598.000000 -20.287359 10.082211
164.000000 -10.410349 -12.370847
221.000000 -21.248095 -30.286058
391.000000 -12.530170 -26.989777
427.000000 8.941594 -3.571469
960.000000 -14.142848 29.749136
380.000000 15.069534 -23.814796
640.000000 7.601836 -37.871735
753.000000 -32.948742 2.741842
3.000000 -13.262185 12.404247
349.000000 -9.348418 -10.183214
135.000000 -21.076462 -29.815632
772.000000 -3.516737 6.437456
175.000000 6.813592 -38.776875
809.000000 -3.807493 -12.838821
550.000000 -1.200398 -4.920084
601.000000 -17.523563 -14.009278
178.000000 24.187428 -3.012640
861.000000 14.284839 -7.991158
238.000000 -5.077769 -11.139727
1025.000000 15.356107 0.759109
413.000000 -26.596176 8.835603
793.000000 -21.414091 -34.923222
357.000000 -9.239956 -10.897144
1012.000000 -8.142375 -9.287789
864.000000 -7.230823 -9.984985
863.000000 4.442230 21.235880
554.000000 -1.240309 -6.012734
714.000000 -7.224532 -28.110113
23.000000 -28.401182 -24.697924
797.000000 -24.655651 -7.883554
685.000000 -9.397077 14.900393
401.000000 -20.988972 -29.984383
544.000000 -2.128089 -7.364586
1029.000000 18.951727 -15.795287
310.000000 12.684994 12.964879
645.000000 6.173668 -37.679642
205.000000 -37.992393 -6.713065
810.000000 -9.396894 0.860466
625.000000 -24.902502 -18.311777
225.000000 -31.512985 16.640902
997.000000 -13.463301 -0.429901
284.000000 -29.046194 18.982239
240.000000 -34.433247 -19.358667
860.000000 14.588621 -7.431610
433.000000 -26.502111 8.328087
1037.000000 -0.071917 -6.085033
958.000000 -21.320286 -34.912342
1011.000000 -8.021523 -10.237407
149.000000 -6.692523 -22.375767
668.000000 -18.742031 12.060390
1024.000000 -4.663460 -16.131723
1005.000000 -1.292967 -23.247467
721.000000 -2.768300 -16.772173
1002.000000 1.457669 -15.720371
553.000000 -1.923885 -5.757899
386.000000 -21.659117 2.576552
959.000000 -21.478558 -34.797707
345.000000 -11.961345 -13.937956
197.000000 -29.196993 -16.648624
556.000000 -1.099977 -6.855175
6.000000 -28.976067 -24.388161
816.000000 -13.646589 -21.239113
820.000000 0.248167 21.388845
482.000000 -37.359486 -3.834926
991.000000 -12.319579 10.919177
1035.000000 -34.452065 -19.363775
988.000000 -31.611773 16.586399
578.000000 -4.882246 -1.705772
527.000000 9.925092 -25.066813
678.000000 4.469456 21.355988
208.000000 2.653259 3.816856
617.000000 -33.476707 3.393171
584.000000 -33.314846 2.439605
1016.000000 -16.140337 -2.324289
833.000000 -6.708322 -22.462257
498.000000 -9.460649 14.952513
400.000000 -16.473400 -18.257795
862.000000 14.128755 -7.833050
636.000000 -30.189484 -3.397114
1038.000000 -0.359254 -5.392854
545.000000 -0.965480 -5.554569
586.000000 -18.688942 3.974045
977.000000 9.371803 -11.888947
262.000000 -10.854901 -3.833341
557.000000 -1.808145 -5.047043
364.000000 -8.926908 -8.817693
555.000000 -0.180835 -6.827864
963.000000 -6.842709 21.235794
477.000000 14.499367 -26.530216
548.000000 -2.811629 -5.751236
529.000000 -9.674754 14.868925
993.000000 -12.666941 11.150338
658.000000 -12.071652 -2.575859
603.000000 -33.071323 3.243931
162.000000 12.869286 -26.687874
757.000000 -34.055210 2.617232
1009.000000 -8.431293 -9.672791
771.000000 -9.946083 6.037717
80.000000 -25.890415 -2.488765
1027.000000 -30.242657 -3.365627
1.000000 -22.769699 -2.007086
1036.000000 -2.839799 -6.422102
565.000000 -34.107212 3.183548
547.000000 -2.426748 -5.185850
567.000000 -22.628017 -2.120837
549.000000 -0.729304 -6.366870
922.000000 -7.749140 -8.747228
176.000000 20.206276 4.865749
927.000000 21.828970 -11.999561
543.000000 -1.647240 -6.754108
1023.000000 -34.473759 -19.362158
535.000000 -23.002541 -30.185976
352.000000 -8.743698 -10.142715
254.000000 10.392083 -6.630716
384.000000 -21.639753 2.779253
38.000000 -0.169080 6.864367
183.000000 11.588434 -20.326735
831.000000 -6.713123 -22.415924
928.000000 25.000843 -1.633032
764.000000 -20.970259 14.200113
688.000000 -19.938902 9.592921
807.000000 3.033031 7.341190
611.000000 20.265221 4.698334
103.000000 -17.559372 -3.533070
858.000000 -20.743574 -9.265281
19.000000 -28.860765 -24.672480
629.000000 -14.648849 -29.691193
921.000000 -20.441133 9.785342
932.000000 -11.492523 -15.726816
594.000000 -18.607691 3.872966
393.000000 -22.898199 -1.995498
697.000000 -9.160455 -2.487243
488.000000 -28.723789 6.300424
4.000000 -33.724106 2.291822
347.000000 -7.517571 -9.527582
859.000000 14.628625 -7.777617
976.000000 -20.691694 -27.277897
1018.000000 -17.623356 -13.847041
877.000000 4.702551 16.267065
775.000000 -3.519158 6.290791
632.000000 -27.202332 -8.487262
381.000000 -21.708406 2.641358
610.000000 20.166241 4.909656
576.000000 4.979774 -13.844133
437.000000 -16.147858 -2.267973
366.000000 -7.403811 -10.649785
872.000000 -7.975814 -11.364081
338.000000 -35.081345 15.880836
438.000000 -27.004128 -8.453499
823.000000 24.136608 -2.958716
311.000000 10.813210 13.182813
542.000000 -1.489978 -7.594313
465.000000 -12.916070 2.421768
305.000000 -29.652727 -22.632858
974.000000 4.470410 21.384768
821.000000 -11.703908 4.109794
776.000000 -3.418769 6.264485
994.000000 -12.041831 11.112087
747.000000 -13.457108 -0.406374
607.000000 4.930763 -13.854950
949.000000 -1.283930 -23.214951
430.000000 -25.426397 -5.033167
1031.000000 9.370029 -11.893284
817.000000 -13.638721 -21.287138
1049.000000 -27.731665 -23.219801
874.000000 -0.025584 1.285858
473.000000 -0.076368 1.290105
1010.000000 -8.329432 -10.705711
618.000000 8.078507 -13.040216
198.000000 -29.253086 -16.583300
765.000000 -21.116274 14.122510
1048.000000 -18.514977 0.952730
704.000000 5.473746 -3.119581
876.000000 4.702497 16.266949
324.000000 -0.310714 -13.853902
929.000000 -20.028162 -15.494851
153.000000 -16.184057 -5.973489
248.000000 10.356176 -6.601751
1050.000000 -19.495977 -36.127705
519.000000 -17.382465 -13.830200
686.000000 -20.237852 9.444404
532.000000 -16.199261 -5.966129
571.000000 -28.465532 -14.076347
889.000000 1.184839 18.759909
94.000000 -21.023697 14.075840
981.000000 -17.640636 -18.364946
70.000000 -20.042692 -15.494650
656.000000 -15.260521 9.157984
890.000000 1.183151 18.751308
924.000000 -2.577790 -10.292648
452.000000 -15.646230 -8.925282
27.000000 -18.903519 -10.346965
538.000000 -29.564541 -22.685566
521.000000 -22.701893 -10.383876
826.000000 -3.999530 -8.944765
990.000000 -12.185110 11.432927
982.000000 -3.042904 1.791251
